1 0.5359375 0.12083333333333333 0.01875 0.029166666666666667
1 0.5890625 0.25729166666666664 0.01875 0.027083333333333334
1 0.5828125 0.22916666666666666 0.01875 0.025
1 0.57265625 0.190625 0.0171875 0.027083333333333334
1 0.56484375 0.16145833333333334 0.0140625 0.01875
1 0.56015625 0.14166666666666666 0.0140625 0.016666666666666666
1 0.60625 0.24583333333333332 0.021875 0.03333333333333333
1 0.5984375 0.21354166666666666 0.015625 0.027083333333333334
1 0.5921875 0.18645833333333334 0.01875 0.027083333333333334
1 0.58359375 0.16354166666666667 0.0171875 0.022916666666666665
3 0.578125 0.12708333333333333 0.01875 0.0375
1 0.56953125 0.103125 0.0171875 0.027083333333333334
1 0.3859375 0.075 0.03125 0.020833333333333332
1 0.3859375 0.06770833333333333 0.03125 0.022916666666666665
1 0.61015625 0.13854166666666667 0.0140625 0.01875
1 0.61875 0.08333333333333333 0.0125 0.016666666666666666
1 0.58125 0.057291666666666664 0.0125 0.014583333333333334
1 0.59765625 0.05416666666666667 0.0140625 0.016666666666666666
1 0.565625 0.010416666666666666 0.0125 0.020833333333333332
5 0.653125 0.121875 0.009375 0.014583333333333334
1 0.66953125 0.11666666666666667 0.0140625 0.020833333333333332
1 0.65625 0.08541666666666667 0.0125 0.016666666666666666
5 0.76171875 0.29375 0.0140625 0.016666666666666666
5 0.78828125 0.28020833333333334 0.0109375 0.01875
5 0.81171875 0.2520833333333333 0.0109375 0.0125
5 0.85234375 0.21770833333333334 0.0109375 0.014583333333333334
5 0.8578125 0.20416666666666666 0.009375 0.0125
5 0.9078125 0.153125 0.009375 0.014583333333333334
1 0.82734375 0.26458333333333334 0.0296875 0.029166666666666667
1 0.85078125 0.24270833333333333 0.0265625 0.027083333333333334
1 0.8734375 0.21979166666666666 0.025 0.027083333333333334
1 0.8984375 0.19479166666666667 0.021875 0.022916666666666665
1 0.915625 0.17083333333333334 0.021875 0.025
3 0.94765625 0.13854166666666667 0.0390625 0.04791666666666667
1 0.965625 0.11041666666666666 0.021875 0.025
1 0.978125 0.096875 0.0125 0.014583333333333334
1 0.99296875 0.07604166666666666 0.0140625 0.014583333333333334
1 0.99453125 0.10729166666666666 0.0109375 0.01875
1 0.98125 0.13125 0.01875 0.025
1 0.96328125 0.15625 0.0203125 0.025
1 0.9390625 0.18020833333333333 0.025 0.022916666666666665
1 0.915625 0.21041666666666667 0.025 0.029166666666666667
1 0.89375 0.23125 0.021875 0.029166666666666667
1 0.8671875 0.259375 0.025 0.027083333333333334
1 0.8421875 0.28020833333333334 0.03125 0.035416666666666666
1 0.8484375 0.30520833333333336 0.03125 0.035416666666666666
3 0.88515625 0.26979166666666665 0.0390625 0.04375
1 0.91484375 0.24479166666666666 0.0265625 0.027083333333333334
3 0.946875 0.19583333333333333 0.046875 0.05416666666666667
1 0.978125 0.16875 0.015625 0.020833333333333332
1 0.9921875 0.15104166666666666 0.015625 0.027083333333333334
1 0.88125 0.309375 0.028125 0.03125
1 0.915625 0.2760416666666667 0.025 0.03125
1 0.9328125 0.25416666666666665 0.028125 0.029166666666666667
1 0.9546875 0.23645833333333333 0.025 0.027083333333333334
1 0.98125 0.20520833333333333 0.021875 0.027083333333333334
1 0.9890625 0.18020833333333333 0.021875 0.027083333333333334
1 0.88671875 0.3385416666666667 0.0296875 0.03125
1 0.91953125 0.30833333333333335 0.0328125 0.03333333333333333
1 0.93984375 0.28020833333333334 0.0328125 0.035416666666666666
1 0.9640625 0.25104166666666666 0.01875 0.022916666666666665
1 0.9859375 0.23229166666666667 0.021875 0.022916666666666665
1 0.9109375 0.35208333333333336 0.034375 0.0375
1 0.9375 0.3229166666666667 0.028125 0.029166666666666667
1 0.98515625 0.31354166666666666 0.0296875 0.03125
1 0.9953125 0.2520833333333333 0.009375 0.020833333333333332
1 0.9609375 0.5302083333333333 0.028125 0.03958333333333333
5 0.88046875 0.6770833333333334 0.0203125 0.025
5 0.80390625 0.478125 0.0109375 0.01875
4 0.821875 0.36354166666666665 0.009375 0.01875
5 0.62421875 0.036458333333333336 0.0078125 0.010416666666666666
5 0.4609375 0.8145833333333333 0.015625 0.025
5 0.49921875 0.8083333333333333 0.0171875 0.029166666666666667
4 0.46640625 0.7791666666666667 0.0109375 0.020833333333333332
4 0.38125 0.46145833333333336 0.00625 0.010416666666666666
4 0.42265625 0.23125 0.0078125 0.016666666666666666
4 0.41171875 0.4895833333333333 0.0078125 0.016666666666666666
4 0.4015625 0.484375 0.00625 0.014583333333333334
4 0.82734375 0.13541666666666666 0.0046875 0.0125
1 0.4421875 0.2635416666666667 0.0375 0.022916666666666665
1 0.44453125 0.24270833333333333 0.0296875 0.022916666666666665
