1 0.53671875 0.12083333333333333 0.0171875 0.029166666666666667
1 0.58984375 0.25729166666666664 0.0171875 0.027083333333333334
1 0.58359375 0.23020833333333332 0.0171875 0.027083333333333334
1 0.5734375 0.19166666666666668 0.015625 0.029166666666666667
1 0.56640625 0.16145833333333334 0.0140625 0.01875
1 0.56171875 0.14270833333333333 0.0140625 0.014583333333333334
1 0.6078125 0.246875 0.01875 0.035416666666666666
1 0.59921875 0.21354166666666666 0.0171875 0.027083333333333334
1 0.59375 0.18854166666666666 0.015625 0.027083333333333334
1 0.58515625 0.16354166666666667 0.0171875 0.022916666666666665
3 0.57890625 0.12916666666666668 0.0171875 0.0375
1 0.56953125 0.10416666666666667 0.0171875 0.025
1 0.38515625 0.07604166666666666 0.0328125 0.01875
1 0.38515625 0.06875 0.0328125 0.016666666666666666
1 0.61015625 0.1375 0.0140625 0.020833333333333332
1 0.6171875 0.08229166666666667 0.0125 0.01875
1 0.57890625 0.058333333333333334 0.0140625 0.016666666666666666
1 0.596875 0.052083333333333336 0.0125 0.016666666666666666
1 0.56484375 0.009375 0.0109375 0.01875
5 0.653125 0.12083333333333333 0.009375 0.016666666666666666
1 0.67109375 0.11875 0.0140625 0.020833333333333332
1 0.6578125 0.08645833333333333 0.0125 0.014583333333333334
5 0.7609375 0.29375 0.015625 0.016666666666666666
5 0.78828125 0.2791666666666667 0.0109375 0.016666666666666666
5 0.8125 0.253125 0.0125 0.010416666666666666
5 0.85 0.21875 0.0125 0.016666666666666666
5 0.85625 0.20416666666666666 0.009375 0.0125
5 0.90859375 0.15416666666666667 0.0109375 0.0125
1 0.82734375 0.265625 0.0265625 0.027083333333333334
1 0.85 0.24270833333333333 0.025 0.027083333333333334
1 0.87578125 0.22083333333333333 0.0234375 0.025
1 0.896875 0.19583333333333333 0.021875 0.025
1 0.91640625 0.171875 0.0234375 0.027083333333333334
3 0.9484375 0.1375 0.034375 0.04583333333333333
1 0.9640625 0.1125 0.021875 0.025
1 0.97734375 0.096875 0.0140625 0.014583333333333334
1 0.99296875 0.07708333333333334 0.0140625 0.0125
1 0.99453125 0.10833333333333334 0.0109375 0.016666666666666666
1 0.98046875 0.13125 0.0171875 0.025
1 0.9625 0.15729166666666666 0.01875 0.027083333333333334
1 0.93984375 0.18229166666666666 0.0203125 0.022916666666666665
1 0.9171875 0.21041666666666667 0.025 0.029166666666666667
1 0.89453125 0.23229166666666667 0.0203125 0.027083333333333334
1 0.86640625 0.2604166666666667 0.0234375 0.025
1 0.84296875 0.28020833333333334 0.0296875 0.035416666666666666
1 0.85 0.30520833333333336 0.028125 0.035416666666666666
3 0.88515625 0.26979166666666665 0.0328125 0.04375
1 0.91328125 0.24479166666666666 0.0265625 0.027083333333333334
3 0.94921875 0.19583333333333333 0.0390625 0.05416666666666667
1 0.9796875 0.16875 0.015625 0.020833333333333332
1 0.99296875 0.15 0.0140625 0.025
1 0.88203125 0.3104166666666667 0.0265625 0.03333333333333333
1 0.91640625 0.2760416666666667 0.0234375 0.03125
1 0.93125 0.2552083333333333 0.025 0.027083333333333334
1 0.95390625 0.23541666666666666 0.0234375 0.025
1 0.98046875 0.20520833333333333 0.0203125 0.027083333333333334
1 0.98984375 0.18020833333333333 0.0203125 0.027083333333333334
1 0.8875 0.33958333333333335 0.025 0.03333333333333333
1 0.9203125 0.3104166666666667 0.028125 0.03333333333333333
1 0.94296875 0.28020833333333334 0.0265625 0.035416666666666666
1 0.96328125 0.2520833333333333 0.0171875 0.025
1 0.98828125 0.23333333333333334 0.0234375 0.020833333333333332
1 0.91328125 0.3541666666666667 0.0296875 0.03333333333333333
1 0.93984375 0.32395833333333335 0.0234375 0.03125
1 0.9859375 0.31666666666666665 0.028125 0.029166666666666667
1 0.99609375 0.2520833333333333 0.0078125 0.016666666666666666
1 0.9640625 0.525 0.028125 0.0375
5 0.88515625 0.68125 0.0203125 0.025
5 0.80234375 0.475 0.0109375 0.025
4 0.81953125 0.36354166666666665 0.0109375 0.01875
5 0.62421875 0.036458333333333336 0.0078125 0.00625
5 0.46015625 0.8145833333333333 0.0140625 0.025
5 0.50078125 0.809375 0.0171875 0.03125
4 0.4671875 0.7791666666666667 0.0125 0.020833333333333332
4 0.38125 0.46145833333333336 0.009375 0.010416666666666666
4 0.42265625 0.23020833333333332 0.0078125 0.014583333333333334
4 0.41171875 0.48854166666666665 0.0078125 0.01875
4 0.403125 0.48333333333333334 0.00625 0.0125
4 0.82734375 0.13333333333333333 0.0078125 0.0125
1 0.44296875 0.2635416666666667 0.0359375 0.022916666666666665
1 0.44609375 0.24270833333333333 0.0265625 0.022916666666666665
