1 0.5375 0.125 0.015625 0.025
1 0.5875 0.259375 0.01875 0.027083333333333334
1 0.58203125 0.23020833333333332 0.0140625 0.022916666666666665
1 0.57109375 0.19270833333333334 0.0140625 0.027083333333333334
1 0.56640625 0.16145833333333334 0.0109375 0.01875
1 0.55859375 0.14270833333333333 0.0140625 0.014583333333333334
1 0.6078125 0.24895833333333334 0.01875 0.035416666666666666
1 0.6 0.21354166666666666 0.01875 0.027083333333333334
1 0.590625 0.18958333333333333 0.01875 0.025
1 0.58359375 0.16458333333333333 0.0171875 0.025
3 0.5765625 0.12916666666666668 0.015625 0.0375
1 0.56796875 0.10520833333333333 0.0171875 0.027083333333333334
1 0.38359375 0.07708333333333334 0.0328125 0.016666666666666666
1 0.384375 0.06875 0.03125 0.016666666666666666
1 0.60078125 0.11354166666666667 0.0140625 0.022916666666666665
1 0.61171875 0.059375 0.0109375 0.01875
1 0.5703125 0.040625 0.0125 0.01875
1 0.58984375 0.035416666666666666 0.0140625 0.016666666666666666
1 0.56171875 0.004166666666666667 0.0109375 0.008333333333333333
5 0.65625 0.11458333333333333 0.00625 0.016666666666666666
1 0.67109375 0.11875 0.0140625 0.020833333333333332
1 0.65546875 0.08645833333333333 0.0140625 0.014583333333333334
5 0.7625 0.2947916666666667 0.01875 0.01875
5 0.7875 0.2791666666666667 0.009375 0.016666666666666666
5 0.8046875 0.25625 0.0125 0.016666666666666666
5 0.83671875 0.23229166666666667 0.0109375 0.01875
5 0.85390625 0.2 0.0078125 0.008333333333333333
5 0.896875 0.1625 0.009375 0.016666666666666666
1 0.82578125 0.2677083333333333 0.0265625 0.027083333333333334
1 0.85078125 0.24479166666666666 0.0265625 0.027083333333333334
1 0.871875 0.22083333333333333 0.025 0.025
1 0.8953125 0.196875 0.021875 0.022916666666666665
1 0.915625 0.171875 0.021875 0.022916666666666665
3 0.95078125 0.13854166666666667 0.0328125 0.04375
1 0.9609375 0.11458333333333333 0.021875 0.025
1 0.97578125 0.09895833333333333 0.0109375 0.014583333333333334
1 0.9921875 0.078125 0.015625 0.014583333333333334
1 0.9953125 0.103125 0.009375 0.014583333333333334
1 0.97890625 0.13333333333333333 0.0171875 0.025
1 0.9609375 0.15833333333333333 0.01875 0.025
1 0.93671875 0.18333333333333332 0.0203125 0.020833333333333332
1 0.91484375 0.21145833333333333 0.0234375 0.027083333333333334
1 0.89296875 0.234375 0.0203125 0.027083333333333334
1 0.865625 0.2604166666666667 0.021875 0.025
1 0.83984375 0.28020833333333334 0.0296875 0.035416666666666666
1 0.84765625 0.30520833333333336 0.0296875 0.035416666666666666
3 0.884375 0.2708333333333333 0.034375 0.041666666666666664
1 0.9125 0.246875 0.025 0.027083333333333334
3 0.95 0.196875 0.040625 0.052083333333333336
1 0.9765625 0.16979166666666667 0.015625 0.01875
1 0.99296875 0.15104166666666666 0.0140625 0.027083333333333334
1 0.8796875 0.31145833333333334 0.028125 0.03125
1 0.9125 0.2760416666666667 0.025 0.03125
1 0.93125 0.253125 0.021875 0.022916666666666665
1 0.953125 0.23645833333333333 0.021875 0.022916666666666665
1 0.978125 0.20625 0.01875 0.029166666666666667
1 0.98984375 0.18125 0.0203125 0.025
1 0.88359375 0.3416666666666667 0.0265625 0.03333333333333333
1 0.9171875 0.3104166666666667 0.028125 0.03333333333333333
1 0.9390625 0.28125 0.028125 0.03333333333333333
1 0.9625 0.25416666666666665 0.01875 0.025
1 0.984375 0.234375 0.021875 0.01875
1 0.90859375 0.35520833333333335 0.0328125 0.035416666666666666
1 0.9359375 0.325 0.025 0.029166666666666667
1 0.990625 0.32083333333333336 0.01875 0.025
1 0.9921875 0.2635416666666667 0.015625 0.027083333333333334
1 0.99296875 0.4739583333333333 0.0140625 0.035416666666666666
5 0.9171875 0.71875 0.021875 0.025
5 0.7875 0.43854166666666666 0.009375 0.01875
4 0.815625 0.3572916666666667 0.009375 0.014583333333333334
5 0.61953125 0.025 0.0046875 0.008333333333333333
5 0.44765625 0.8010416666666667 0.0171875 0.022916666666666665
5 0.49375 0.803125 0.015625 0.027083333333333334
4 0.46640625 0.7760416666666666 0.0109375 0.01875
4 0.3796875 0.46145833333333336 0.009375 0.010416666666666666
4 0.42109375 0.23020833333333332 0.0078125 0.014583333333333334
4 0.41171875 0.48854166666666665 0.0078125 0.01875
4 0.40234375 0.484375 0.0078125 0.010416666666666666
4 0.82578125 0.13333333333333333 0.0109375 0.0125
1 0.44296875 0.26458333333333334 0.0359375 0.020833333333333332
1 0.4421875 0.24895833333333334 0.028125 0.01875
