1 0.53359375 0.13333333333333333 0.0171875 0.03333333333333333
1 0.6328125 0.39166666666666666 0.015625 0.016666666666666666
1 0.61953125 0.303125 0.0171875 0.01875
1 0.5765625 0.2375 0.015625 0.025
1 0.55859375 0.17083333333333334 0.0171875 0.025
1 0.5546875 0.14583333333333334 0.0125 0.016666666666666666
1 0.621875 0.29791666666666666 0.021875 0.03333333333333333
1 0.596875 0.21666666666666667 0.015625 0.025
1 0.59453125 0.20520833333333333 0.0171875 0.027083333333333334
1 0.58203125 0.16979166666666667 0.0140625 0.027083333333333334
3 0.57265625 0.134375 0.0171875 0.035416666666666666
1 0.5625 0.109375 0.015625 0.027083333333333334
1 0.37890625 0.08020833333333334 0.0296875 0.01875
1 0.3796875 0.07083333333333333 0.03125 0.016666666666666666
1 0.596875 0.11666666666666667 0.0125 0.020833333333333332
1 0.596875 0.11354166666666667 0.0125 0.01875
1 0.52734375 0.07916666666666666 0.0203125 0.0125
1 0.5171875 0.10729166666666666 0.009375 0.010416666666666666
1 0.771875 0.005208333333333333 0.0125 0.010416666666666666
5 0.65390625 0.12083333333333333 0.0078125 0.016666666666666666
1 0.6640625 0.12083333333333333 0.0125 0.020833333333333332
1 0.65078125 0.090625 0.0109375 0.014583333333333334
5 0.76015625 0.303125 0.0171875 0.01875
5 0.78359375 0.2760416666666667 0.0109375 0.01875
5 0.865625 0.228125 0.0125 0.010416666666666666
5 0.8484375 0.209375 0.009375 0.01875
5 0.8546875 0.19791666666666666 0.00625 0.008333333333333333
5 0.88671875 0.159375 0.0078125 0.014583333333333334
1 0.8203125 0.2677083333333333 0.025 0.022916666666666665
1 0.8453125 0.246875 0.025 0.027083333333333334
1 0.8671875 0.22291666666666668 0.01875 0.020833333333333332
1 0.890625 0.20104166666666667 0.021875 0.022916666666666665
1 0.90859375 0.17604166666666668 0.0234375 0.022916666666666665
3 0.9375 0.14583333333333334 0.03125 0.05
1 0.9625 0.11145833333333334 0.01875 0.022916666666666665
1 0.9734375 0.09895833333333333 0.009375 0.014583333333333334
1 0.98515625 0.084375 0.0203125 0.01875
1 0.996875 0.09895833333333333 0.00625 0.014583333333333334
1 0.97421875 0.1375 0.0171875 0.03333333333333333
1 0.95703125 0.15833333333333333 0.0203125 0.025
1 0.92890625 0.18958333333333333 0.0171875 0.016666666666666666
1 0.90859375 0.215625 0.0265625 0.03125
1 0.88671875 0.2375 0.0203125 0.025
1 0.86015625 0.25729166666666664 0.0203125 0.01875
1 0.83359375 0.28541666666666665 0.0296875 0.0375
1 0.84296875 0.30833333333333335 0.0296875 0.03333333333333333
3 0.8765625 0.275 0.034375 0.041666666666666664
1 0.9078125 0.25 0.025 0.025
3 0.9421875 0.20625 0.040625 0.041666666666666664
1 0.971875 0.17395833333333333 0.015625 0.01875
1 0.99140625 0.14895833333333333 0.0171875 0.022916666666666665
1 0.8765625 0.30833333333333335 0.025 0.029166666666666667
1 0.90859375 0.2791666666666667 0.0234375 0.025
1 0.9265625 0.25625 0.021875 0.025
1 0.94765625 0.23854166666666668 0.0171875 0.01875
1 0.9765625 0.20520833333333333 0.01875 0.027083333333333334
1 0.9765625 0.17395833333333333 0.0125 0.014583333333333334
1 0.87734375 0.34270833333333334 0.0265625 0.03125
1 0.9078125 0.31354166666666666 0.03125 0.03125
1 0.9359375 0.28125 0.021875 0.029166666666666667
1 0.95703125 0.2552083333333333 0.0203125 0.022916666666666665
1 0.97734375 0.23854166666666668 0.0171875 0.022916666666666665
1 0.90703125 0.35520833333333335 0.0265625 0.035416666666666666
1 0.93125 0.32708333333333334 0.028125 0.03333333333333333

1 0.97109375 0.309375 0.0328125 0.06875


5 0.6578125 0.18854166666666666 0.009375 0.014583333333333334
4 0.77109375 0.31145833333333334 0.0109375 0.01875
5 0.653125 0.013541666666666667 0.01875 0.010416666666666666
5 0.07578125 0.8041666666666667 0.0109375 0.0125
5 0.4734375 0.7604166666666666 0.0125 0.03333333333333333
4 0.44296875 0.7489583333333333 0.0109375 0.027083333333333334
4 0.3765625 0.4625 0.009375 0.008333333333333333
4 0.4203125 0.22604166666666667 0.009375 0.014583333333333334
4 0.41171875 0.484375 0.0078125 0.01875
4 0.41171875 0.47708333333333336 0.0046875 0.0125
4 0.7671875 0.13333333333333333 0.00625 0.0125
1 0.4390625 0.265625 0.034375 0.022916666666666665
1 0.43671875 0.24375 0.0265625 0.016666666666666666
