1 0.53359375 0.134375 0.0171875 0.035416666666666666
1 0.6359375 0.39791666666666664 0.015625 0.016666666666666666
1 0.62109375 0.30625 0.0140625 0.016666666666666666
1 0.578125 0.23958333333333334 0.015625 0.025
1 0.55703125 0.16666666666666666 0.0171875 0.025
1 0.5546875 0.14583333333333334 0.0125 0.016666666666666666
1 0.62421875 0.30104166666666665 0.0234375 0.03125
1 0.5953125 0.21145833333333333 0.015625 0.022916666666666665
1 0.5953125 0.20104166666666667 0.01875 0.027083333333333334
1 0.58359375 0.17291666666666666 0.0140625 0.025
3 0.57265625 0.134375 0.0171875 0.035416666666666666
1 0.5625 0.109375 0.015625 0.022916666666666665
1 0.378125 0.08020833333333334 0.03125 0.01875
1 0.38046875 0.06875 0.0296875 0.016666666666666666
1 0.59296875 0.109375 0.0140625 0.022916666666666665
1 0.59375 0.103125 0.0125 0.010416666666666666
1 0.52890625 0.07708333333333334 0.0203125 0.020833333333333332
1 0.51171875 0.10729166666666666 0.0171875 0.010416666666666666
1 0.771875 0.005208333333333333 0.0125 0.010416666666666666
5 0.65390625 0.11354166666666667 0.0078125 0.014583333333333334
1 0.6640625 0.12083333333333333 0.0125 0.020833333333333332
1 0.65078125 0.090625 0.0109375 0.014583333333333334
5 0.7609375 0.303125 0.015625 0.01875
5 0.78515625 0.27395833333333336 0.0109375 0.01875
5 0.865625 0.228125 0.0125 0.010416666666666666
5 0.8484375 0.209375 0.009375 0.01875
5 0.8546875 0.196875 0.00625 0.010416666666666666
5 0.8859375 0.159375 0.009375 0.014583333333333334
1 0.8203125 0.2677083333333333 0.025 0.022916666666666665
1 0.8453125 0.246875 0.025 0.027083333333333334
1 0.8671875 0.22291666666666668 0.01875 0.020833333333333332
1 0.88984375 0.20208333333333334 0.0203125 0.020833333333333332
1 0.90859375 0.17604166666666668 0.0234375 0.022916666666666665
3 0.9375 0.14583333333333334 0.03125 0.05
1 0.96328125 0.1125 0.0203125 0.020833333333333332
1 0.9734375 0.09895833333333333 0.009375 0.014583333333333334
1 0.98359375 0.084375 0.0203125 0.01875
1 0.996875 0.09895833333333333 0.00625 0.014583333333333334
1 0.975 0.1375 0.01875 0.03333333333333333
1 0.95546875 0.16041666666666668 0.0203125 0.025
1 0.92890625 0.18958333333333333 0.0171875 0.016666666666666666
1 0.90859375 0.21458333333333332 0.0265625 0.029166666666666667
1 0.88671875 0.2375 0.0203125 0.025
1 0.86015625 0.25729166666666664 0.0203125 0.01875
1 0.83359375 0.2864583333333333 0.0296875 0.035416666666666666
1 0.8421875 0.309375 0.028125 0.035416666666666666
3 0.8765625 0.275 0.034375 0.041666666666666664
1 0.9109375 0.246875 0.01875 0.022916666666666665
3 0.94296875 0.20520833333333333 0.0421875 0.04375
1 0.971875 0.175 0.015625 0.020833333333333332
1 0.99140625 0.14895833333333333 0.0171875 0.022916666666666665
1 0.8765625 0.30833333333333335 0.025 0.029166666666666667
1 0.90859375 0.2791666666666667 0.0234375 0.025
1 0.92734375 0.25416666666666665 0.0203125 0.020833333333333332
1 0.94765625 0.23854166666666668 0.0171875 0.01875
1 0.97734375 0.20520833333333333 0.0171875 0.027083333333333334
1 0.9765625 0.175 0.0125 0.016666666666666666
1 0.87734375 0.34270833333333334 0.0265625 0.03125
1 0.9078125 0.3145833333333333 0.03125 0.03333333333333333
1 0.9359375 0.28020833333333334 0.021875 0.027083333333333334
1 0.9578125 0.25625 0.01875 0.020833333333333332
1 0.97734375 0.23854166666666668 0.0171875 0.022916666666666665
1 0.90625 0.35520833333333335 0.028125 0.035416666666666666
1 0.93125 0.32708333333333334 0.028125 0.03333333333333333

1 0.97265625 0.30104166666666665 0.0359375 0.07708333333333334


5 0.70703125 0.328125 0.1078125 0.28125
4 0.77109375 0.3125 0.0109375 0.020833333333333332
5 0.65703125 0.015625 0.0234375 0.014583333333333334
5 0.06171875 0.809375 0.0109375 0.014583333333333334
5 0.46875 0.7572916666666667 0.015625 0.035416666666666666
4 0.44296875 0.7458333333333333 0.0109375 0.025
4 0.3765625 0.4625 0.009375 0.008333333333333333
4 0.4203125 0.22604166666666667 0.009375 0.014583333333333334
4 0.41171875 0.4864583333333333 0.0078125 0.01875
4 0.41171875 0.47708333333333336 0.0046875 0.0125
4 0.7671875 0.13333333333333333 0.00625 0.0125
1 0.43828125 0.265625 0.0359375 0.022916666666666665
1 0.43671875 0.24270833333333333 0.0265625 0.01875
