1 0.53359375 0.13333333333333333 0.0171875 0.03333333333333333
1 0.6375 0.41041666666666665 0.01875 0.020833333333333332
1 0.628125 0.3020833333333333 0.0125 0.025
1 0.58046875 0.24479166666666666 0.0140625 0.027083333333333334
1 0.55625 0.165625 0.015625 0.027083333333333334
1 0.5546875 0.14375 0.0125 0.0125
1 0.62421875 0.303125 0.0234375 0.03125
1 0.59609375 0.21354166666666666 0.0140625 0.027083333333333334
1 0.596875 0.19895833333333332 0.01875 0.022916666666666665
1 0.584375 0.17291666666666666 0.015625 0.025
3 0.57265625 0.13541666666666666 0.0171875 0.0375
1 0.5625 0.109375 0.015625 0.022916666666666665
1 0.378125 0.08020833333333334 0.03125 0.01875
1 0.3796875 0.06875 0.028125 0.016666666666666666
1 0.590625 0.10208333333333333 0.015625 0.025
1 0.590625 0.1 0.0125 0.020833333333333332
1 0.528125 0.07604166666666666 0.021875 0.022916666666666665
1 0.51171875 0.10729166666666666 0.0171875 0.014583333333333334
1 0.771875 0.005208333333333333 0.0125 0.010416666666666666
5 0.6546875 0.11354166666666667 0.00625 0.014583333333333334
1 0.6640625 0.121875 0.0125 0.01875
1 0.65078125 0.090625 0.0109375 0.014583333333333334
5 0.7609375 0.303125 0.015625 0.01875
5 0.78671875 0.27291666666666664 0.0109375 0.016666666666666666
5 0.865625 0.22708333333333333 0.0125 0.0125
5 0.8484375 0.209375 0.009375 0.01875
5 0.8546875 0.19791666666666666 0.00625 0.008333333333333333
5 0.8859375 0.159375 0.009375 0.014583333333333334
1 0.8203125 0.2677083333333333 0.025 0.022916666666666665
1 0.84453125 0.246875 0.0265625 0.027083333333333334
1 0.8671875 0.22291666666666668 0.01875 0.020833333333333332
1 0.890625 0.20104166666666667 0.021875 0.022916666666666665
1 0.90859375 0.17604166666666668 0.0234375 0.022916666666666665
3 0.9375 0.14583333333333334 0.03125 0.05
1 0.96015625 0.1125 0.0203125 0.020833333333333332
1 0.97265625 0.1 0.0109375 0.0125
1 0.9828125 0.084375 0.01875 0.01875
1 0.996875 0.09895833333333333 0.00625 0.014583333333333334
1 0.97421875 0.13645833333333332 0.0171875 0.03125
1 0.95625 0.15833333333333333 0.01875 0.025
1 0.92890625 0.18958333333333333 0.0171875 0.016666666666666666
1 0.90859375 0.215625 0.0265625 0.03125
1 0.8859375 0.2375 0.01875 0.025
1 0.8578125 0.2635416666666667 0.025 0.01875
1 0.83359375 0.2864583333333333 0.0296875 0.035416666666666666
1 0.8421875 0.30833333333333335 0.028125 0.03333333333333333
3 0.8765625 0.275 0.034375 0.041666666666666664
1 0.9109375 0.24583333333333332 0.01875 0.020833333333333332
3 0.94375 0.20416666666666666 0.04375 0.04583333333333333
1 0.971875 0.175 0.015625 0.020833333333333332
1 0.99140625 0.14895833333333333 0.0171875 0.022916666666666665
1 0.8765625 0.30833333333333335 0.025 0.029166666666666667
1 0.90859375 0.28020833333333334 0.0234375 0.027083333333333334
1 0.92734375 0.25416666666666665 0.0203125 0.020833333333333332
1 0.94765625 0.23854166666666668 0.0171875 0.01875
1 0.9765625 0.20520833333333333 0.01875 0.027083333333333334
1 0.9765625 0.17395833333333333 0.0125 0.014583333333333334
1 0.87734375 0.34375 0.0265625 0.03333333333333333
1 0.9078125 0.3145833333333333 0.03125 0.03333333333333333
1 0.93515625 0.28229166666666666 0.0265625 0.03125
1 0.95703125 0.25625 0.0203125 0.020833333333333332
1 0.97734375 0.23854166666666668 0.0171875 0.022916666666666665
1 0.90625 0.35520833333333335 0.028125 0.035416666666666666
1 0.93125 0.32708333333333334 0.028125 0.03333333333333333

1 0.9703125 0.31875 0.03125 0.05


5 0.709375 0.33125 0.115625 0.2875
4 0.77109375 0.31145833333333334 0.0109375 0.01875
5 0.65625 0.015625 0.021875 0.014583333333333334
5 0.0484375 0.815625 0.009375 0.014583333333333334
5 0.46875 0.7583333333333333 0.015625 0.0375
4 0.44296875 0.74375 0.0109375 0.025
4 0.3765625 0.4625 0.009375 0.008333333333333333
4 0.4203125 0.22604166666666667 0.009375 0.014583333333333334
4 0.4109375 0.4875 0.00625 0.016666666666666666
4 0.41015625 0.48020833333333335 0.0078125 0.014583333333333334
4 0.7671875 0.13333333333333333 0.00625 0.0125
1 0.4390625 0.265625 0.034375 0.022916666666666665
1 0.4375 0.24270833333333333 0.028125 0.01875
