1 0.53359375 0.13229166666666667 0.0171875 0.035416666666666666
1 0.640625 0.4125 0.01875 0.016666666666666666
1 0.62421875 0.3104166666666667 0.0203125 0.025
1 0.58203125 0.24583333333333332 0.0140625 0.029166666666666667
1 0.5546875 0.16354166666666667 0.0125 0.022916666666666665
1 0.5546875 0.14375 0.0125 0.0125
1 0.6265625 0.30625 0.025 0.03333333333333333
1 0.596875 0.21875 0.015625 0.020833333333333332
1 0.59609375 0.21354166666666666 0.0171875 0.027083333333333334
1 0.584375 0.17395833333333333 0.015625 0.027083333333333334
3 0.57265625 0.13541666666666666 0.0171875 0.0375
1 0.5625 0.109375 0.015625 0.022916666666666665
1 0.378125 0.08125 0.03125 0.020833333333333332
1 0.38046875 0.06875 0.0296875 0.016666666666666666
1 0.58984375 0.09895833333333333 0.0140625 0.022916666666666665
1 0.5890625 0.09791666666666667 0.0125 0.020833333333333332
1 0.528125 0.07291666666666667 0.021875 0.025
1 0.5109375 0.10625 0.01875 0.016666666666666666
1 0.771875 0.005208333333333333 0.0125 0.010416666666666666
5 0.653125 0.12083333333333333 0.00625 0.016666666666666666
1 0.6640625 0.121875 0.0125 0.01875
1 0.65 0.090625 0.0125 0.014583333333333334
5 0.7609375 0.303125 0.015625 0.01875
5 0.78671875 0.271875 0.0109375 0.01875
5 0.865625 0.22708333333333333 0.0125 0.0125
5 0.8484375 0.209375 0.009375 0.01875
5 0.8546875 0.19791666666666666 0.00625 0.008333333333333333
5 0.88203125 0.16354166666666667 0.0109375 0.014583333333333334
1 0.8203125 0.2677083333333333 0.025 0.022916666666666665
1 0.8453125 0.24895833333333334 0.025 0.03125
1 0.8671875 0.22291666666666668 0.01875 0.020833333333333332
1 0.88984375 0.20208333333333334 0.0203125 0.020833333333333332
1 0.90859375 0.17604166666666668 0.0234375 0.022916666666666665
3 0.9375 0.14583333333333334 0.03125 0.05
1 0.9609375 0.1125 0.021875 0.020833333333333332
1 0.97265625 0.1 0.0109375 0.0125
1 0.98203125 0.08541666666666667 0.0203125 0.016666666666666666
1 0.99609375 0.10104166666666667 0.0078125 0.01875
1 0.975 0.13645833333333332 0.015625 0.03125
1 0.95546875 0.16041666666666668 0.0203125 0.025
1 0.92890625 0.18958333333333333 0.0171875 0.016666666666666666
1 0.90859375 0.215625 0.0265625 0.03125
1 0.8859375 0.2375 0.01875 0.025
1 0.85703125 0.26458333333333334 0.0265625 0.020833333333333332
1 0.83359375 0.2864583333333333 0.0296875 0.035416666666666666
1 0.8421875 0.309375 0.028125 0.035416666666666666
3 0.8765625 0.275 0.034375 0.041666666666666664
1 0.9109375 0.246875 0.01875 0.022916666666666665
3 0.94296875 0.20520833333333333 0.0421875 0.04375
1 0.971875 0.175 0.015625 0.020833333333333332
1 0.99140625 0.14895833333333333 0.0171875 0.022916666666666665
1 0.875 0.3125 0.028125 0.029166666666666667
1 0.90859375 0.28020833333333334 0.0234375 0.027083333333333334
1 0.9265625 0.25729166666666664 0.021875 0.022916666666666665
1 0.94765625 0.23854166666666668 0.0171875 0.01875
1 0.9765625 0.20520833333333333 0.01875 0.027083333333333334
1 0.9765625 0.17395833333333333 0.0125 0.014583333333333334
1 0.87734375 0.34375 0.0265625 0.03333333333333333
1 0.9078125 0.3145833333333333 0.03125 0.03333333333333333
1 0.93515625 0.28020833333333334 0.0234375 0.027083333333333334
1 0.95703125 0.25729166666666664 0.0203125 0.022916666666666665
1 0.97734375 0.23854166666666668 0.0171875 0.022916666666666665
1 0.90625 0.35520833333333335 0.028125 0.035416666666666666
1 0.93125 0.32708333333333334 0.028125 0.03333333333333333

1 0.96796875 0.31875 0.0265625 0.05


5 0.71171875 0.3333333333333333 0.1203125 0.2916666666666667
4 0.77109375 0.31145833333333334 0.0109375 0.01875
5 0.67421875 0.011458333333333333 0.0203125 0.022916666666666665
5 0.0390625 0.8197916666666667 0.009375 0.014583333333333334
5 0.46796875 0.7572916666666667 0.0171875 0.03958333333333333
4 0.44375 0.74375 0.0125 0.020833333333333332
4 0.375 0.4625 0.009375 0.008333333333333333
4 0.4203125 0.22604166666666667 0.009375 0.014583333333333334
4 0.4109375 0.4864583333333333 0.00625 0.01875
4 0.41015625 0.4791666666666667 0.0078125 0.016666666666666666
4 0.76640625 0.13333333333333333 0.0046875 0.0125
1 0.4390625 0.265625 0.034375 0.022916666666666665
1 0.43671875 0.24270833333333333 0.0265625 0.01875
