1 0.53359375 0.13125 0.0171875 0.03333333333333333
1 0.64296875 0.415625 0.0171875 0.014583333333333334
1 0.62265625 0.31666666666666665 0.0171875 0.020833333333333332
1 0.58515625 0.24895833333333334 0.0140625 0.022916666666666665
1 0.5546875 0.16354166666666667 0.0125 0.022916666666666665
1 0.5546875 0.14375 0.0125 0.0125
1 0.6265625 0.3072916666666667 0.025 0.035416666666666666
1 0.5984375 0.21770833333333334 0.015625 0.022916666666666665
1 0.596875 0.21354166666666666 0.01875 0.027083333333333334
1 0.584375 0.175 0.015625 0.025
3 0.57265625 0.13541666666666666 0.0171875 0.0375
1 0.5625 0.11041666666666666 0.015625 0.025
1 0.37890625 0.08020833333333334 0.0328125 0.01875
1 0.38046875 0.06875 0.0296875 0.016666666666666666
1 0.58828125 0.096875 0.0171875 0.027083333333333334
1 0.5875 0.09479166666666666 0.0125 0.022916666666666665
1 0.528125 0.078125 0.021875 0.022916666666666665
1 0.51015625 0.10729166666666666 0.0171875 0.01875
1 0.771875 0.005208333333333333 0.0125 0.010416666666666666
5 0.653125 0.12083333333333333 0.00625 0.016666666666666666
1 0.6640625 0.12291666666666666 0.0125 0.020833333333333332
1 0.65 0.090625 0.0125 0.014583333333333334
5 0.7609375 0.303125 0.015625 0.01875
5 0.78828125 0.27291666666666664 0.0109375 0.016666666666666666
5 0.865625 0.22708333333333333 0.0125 0.0125
5 0.8484375 0.21041666666666667 0.009375 0.016666666666666666
5 0.85390625 0.19791666666666666 0.0078125 0.008333333333333333
5 0.88203125 0.1625 0.0109375 0.016666666666666666
1 0.8203125 0.2677083333333333 0.025 0.022916666666666665
1 0.84765625 0.24166666666666667 0.0203125 0.020833333333333332
1 0.8671875 0.22291666666666668 0.01875 0.020833333333333332
1 0.88984375 0.20208333333333334 0.0203125 0.020833333333333332
1 0.90859375 0.17604166666666668 0.0234375 0.022916666666666665
3 0.93828125 0.14583333333333334 0.0328125 0.05
1 0.95859375 0.1125 0.0203125 0.020833333333333332
1 0.97265625 0.1 0.0109375 0.0125
1 0.9828125 0.08541666666666667 0.01875 0.016666666666666666
1 0.996875 0.09895833333333333 0.00625 0.014583333333333334
1 0.97421875 0.13645833333333332 0.0171875 0.03125
1 0.95625 0.159375 0.01875 0.022916666666666665
1 0.92890625 0.18958333333333333 0.0171875 0.016666666666666666
1 0.90859375 0.215625 0.0265625 0.03125
1 0.8859375 0.2375 0.01875 0.025
1 0.85625 0.265625 0.028125 0.022916666666666665
1 0.83359375 0.2864583333333333 0.0296875 0.035416666666666666
1 0.8421875 0.309375 0.028125 0.035416666666666666
3 0.8765625 0.275 0.034375 0.041666666666666664
1 0.9109375 0.246875 0.01875 0.022916666666666665
3 0.94375 0.20520833333333333 0.04375 0.04375
1 0.97109375 0.175 0.0171875 0.020833333333333332
1 0.99140625 0.14791666666666667 0.0171875 0.025
1 0.8765625 0.30833333333333335 0.025 0.029166666666666667
1 0.90859375 0.28020833333333334 0.0234375 0.027083333333333334
1 0.92734375 0.2552083333333333 0.0203125 0.01875
1 0.94765625 0.23854166666666668 0.0171875 0.01875
1 0.9765625 0.20520833333333333 0.01875 0.027083333333333334
1 0.9765625 0.17395833333333333 0.0125 0.014583333333333334
1 0.87734375 0.34375 0.0265625 0.03333333333333333
1 0.9078125 0.3145833333333333 0.03125 0.03333333333333333
1 0.93515625 0.28020833333333334 0.0234375 0.027083333333333334
1 0.95859375 0.25416666666666665 0.0171875 0.020833333333333332
1 0.97734375 0.23854166666666668 0.0171875 0.022916666666666665
1 0.90625 0.35520833333333335 0.028125 0.035416666666666666
1 0.93125 0.32708333333333334 0.028125 0.03333333333333333

1 0.96796875 0.31875 0.0265625 0.05


5 0.7125 0.334375 0.11875 0.29375
4 0.77109375 0.31145833333333334 0.0109375 0.01875
5 0.66953125 0.013541666666666667 0.0171875 0.01875
5 0.03359375 0.8208333333333333 0.0109375 0.0125
5 0.4671875 0.7520833333333333 0.015625 0.029166666666666667
4 0.44453125 0.74375 0.0140625 0.025
4 0.37421875 0.4625 0.0078125 0.008333333333333333
4 0.4203125 0.22604166666666667 0.009375 0.014583333333333334
4 0.4109375 0.4864583333333333 0.00625 0.01875
4 0.4109375 0.4791666666666667 0.00625 0.016666666666666666
4 0.76640625 0.13333333333333333 0.0046875 0.0125
1 0.43828125 0.265625 0.0359375 0.022916666666666665
1 0.43671875 0.24270833333333333 0.0265625 0.01875
