1 0.53515625 0.12604166666666666 0.0140625 0.035416666666666666
1 0.6453125 0.428125 0.01875 0.01875
1 0.62890625 0.321875 0.0140625 0.027083333333333334
1 0.58359375 0.253125 0.0171875 0.027083333333333334
1 0.5546875 0.16354166666666667 0.0125 0.022916666666666665
1 0.5546875 0.14583333333333334 0.0125 0.016666666666666666
1 0.63046875 0.3104166666666667 0.0203125 0.03333333333333333
1 0.59765625 0.21875 0.0140625 0.020833333333333332
1 0.59765625 0.225 0.0203125 0.025
1 0.58046875 0.17395833333333333 0.0171875 0.027083333333333334
3 0.5734375 0.1375 0.01875 0.0375
1 0.5625 0.11041666666666666 0.015625 0.025
1 0.3796875 0.08020833333333334 0.03125 0.01875
1 0.38046875 0.06875 0.0296875 0.016666666666666666
1 0.58515625 0.0875 0.0140625 0.025
1 0.5859375 0.08333333333333333 0.0125 0.016666666666666666
1 0.528125 0.07708333333333334 0.021875 0.025
1 0.51171875 0.10729166666666666 0.0203125 0.01875
1 0.771875 0.005208333333333333 0.0125 0.010416666666666666
5 0.653125 0.12083333333333333 0.00625 0.016666666666666666
1 0.6640625 0.12291666666666666 0.0125 0.020833333333333332
1 0.65 0.090625 0.0125 0.014583333333333334
5 0.76171875 0.303125 0.0140625 0.01875
5 0.7890625 0.26979166666666665 0.0125 0.014583333333333334
5 0.865625 0.22708333333333333 0.0125 0.0125
5 0.8484375 0.20833333333333334 0.009375 0.016666666666666666
5 0.8546875 0.19791666666666666 0.00625 0.008333333333333333
5 0.8859375 0.159375 0.009375 0.014583333333333334
1 0.8203125 0.2677083333333333 0.025 0.022916666666666665
1 0.8453125 0.246875 0.025 0.027083333333333334
1 0.8671875 0.22291666666666668 0.01875 0.020833333333333332
1 0.88984375 0.20208333333333334 0.0203125 0.020833333333333332
1 0.90859375 0.17604166666666668 0.0234375 0.022916666666666665
3 0.9375 0.14583333333333334 0.03125 0.05
1 0.9578125 0.1125 0.021875 0.020833333333333332
1 0.97265625 0.1 0.0109375 0.0125
1 0.9828125 0.084375 0.0125 0.010416666666666666
1 0.996875 0.1 0.00625 0.016666666666666666
1 0.97421875 0.13645833333333332 0.0171875 0.03125
1 0.95703125 0.159375 0.0203125 0.022916666666666665
1 0.928125 0.18958333333333333 0.015625 0.016666666666666666
1 0.9078125 0.215625 0.028125 0.03125
1 0.8859375 0.2375 0.01875 0.025
1 0.85546875 0.265625 0.0265625 0.022916666666666665
1 0.83359375 0.2864583333333333 0.0296875 0.035416666666666666
1 0.8421875 0.309375 0.028125 0.035416666666666666
3 0.8765625 0.275 0.034375 0.041666666666666664
1 0.9078125 0.25 0.021875 0.025
3 0.94375 0.20520833333333333 0.04375 0.04375
1 0.97109375 0.175 0.0171875 0.020833333333333332
1 0.990625 0.14791666666666667 0.01875 0.025
1 0.875 0.3125 0.028125 0.029166666666666667
1 0.90859375 0.28020833333333334 0.0234375 0.027083333333333334
1 0.92734375 0.2552083333333333 0.0203125 0.01875
1 0.94765625 0.23854166666666668 0.0171875 0.01875
1 0.97578125 0.20416666666666666 0.0171875 0.025
1 0.9765625 0.17395833333333333 0.0125 0.014583333333333334
1 0.87734375 0.34479166666666666 0.0265625 0.03125
1 0.9078125 0.3145833333333333 0.03125 0.03333333333333333
1 0.934375 0.28125 0.021875 0.029166666666666667
1 0.95703125 0.25625 0.0203125 0.020833333333333332
1 0.97734375 0.23854166666666668 0.0171875 0.022916666666666665
1 0.90625 0.35625 0.028125 0.03333333333333333
1 0.9296875 0.328125 0.028125 0.03125

1 0.9671875 0.31875 0.025 0.05


5 0.71953125 0.33541666666666664 0.1234375 0.2916666666666667
4 0.77109375 0.31145833333333334 0.0109375 0.01875
5 0.65703125 0.021875 0.0234375 0.01875
5 0.01953125 0.828125 0.0109375 0.014583333333333334
5 0.46640625 0.7510416666666667 0.0171875 0.03125
4 0.44375 0.740625 0.015625 0.01875
4 0.37421875 0.4625 0.0078125 0.008333333333333333
4 0.4203125 0.22604166666666667 0.009375 0.014583333333333334
4 0.4109375 0.4875 0.00625 0.016666666666666666
4 0.4109375 0.48020833333333335 0.00625 0.014583333333333334
4 0.7671875 0.13333333333333333 0.00625 0.0125
1 0.43828125 0.265625 0.0359375 0.022916666666666665
1 0.43671875 0.24270833333333333 0.0265625 0.01875
