1 0.53359375 0.128125 0.0171875 0.03958333333333333
1 0.65078125 0.44166666666666665 0.0171875 0.016666666666666666
1 0.63125 0.325 0.0125 0.020833333333333332
1 0.60546875 0.265625 0.0203125 0.027083333333333334
1 0.55390625 0.16458333333333333 0.0140625 0.025
1 0.5546875 0.14375 0.0125 0.0125
1 0.6296875 0.315625 0.028125 0.03125
1 0.59765625 0.22291666666666668 0.0140625 0.020833333333333332
1 0.59921875 0.23541666666666666 0.0171875 0.029166666666666667
1 0.575 0.16354166666666667 0.01875 0.022916666666666665
3 0.5734375 0.13854166666666667 0.01875 0.03958333333333333
1 0.5625 0.11041666666666666 0.015625 0.025
1 0.378125 0.08020833333333334 0.03125 0.01875
1 0.38046875 0.071875 0.0328125 0.014583333333333334
1 0.58046875 0.078125 0.0140625 0.022916666666666665
1 0.58046875 0.07708333333333334 0.0140625 0.020833333333333332
1 0.52734375 0.07916666666666666 0.0234375 0.025
1 0.58125 0.071875 0.00625 0.010416666666666666
1 0.77265625 0.005208333333333333 0.0140625 0.010416666666666666
5 0.653125 0.11875 0.00625 0.020833333333333332
1 0.6640625 0.12395833333333334 0.0125 0.022916666666666665
1 0.65 0.090625 0.0125 0.014583333333333334
5 0.76171875 0.303125 0.0140625 0.01875
5 0.78984375 0.2708333333333333 0.0140625 0.016666666666666666
5 0.865625 0.22708333333333333 0.0125 0.0125
5 0.846875 0.21041666666666667 0.009375 0.016666666666666666
5 0.8546875 0.19791666666666666 0.00625 0.008333333333333333
5 0.8859375 0.159375 0.009375 0.014583333333333334
1 0.8203125 0.2677083333333333 0.025 0.022916666666666665
1 0.84453125 0.24895833333333334 0.0265625 0.027083333333333334
1 0.8671875 0.22291666666666668 0.01875 0.020833333333333332
1 0.88984375 0.20208333333333334 0.0203125 0.020833333333333332
1 0.90859375 0.17604166666666668 0.0234375 0.022916666666666665
3 0.9375 0.14583333333333334 0.03125 0.05
1 0.9578125 0.1125 0.021875 0.020833333333333332
1 0.97265625 0.1 0.0109375 0.0125
1 0.98125 0.08645833333333333 0.01875 0.014583333333333334
1 0.996875 0.09895833333333333 0.00625 0.014583333333333334
1 0.97421875 0.13645833333333332 0.0171875 0.03125
1 0.95625 0.159375 0.01875 0.022916666666666665
1 0.928125 0.190625 0.015625 0.014583333333333334
1 0.90703125 0.215625 0.0296875 0.03125
1 0.884375 0.2375 0.01875 0.025
1 0.85078125 0.26875 0.0296875 0.020833333333333332
1 0.8328125 0.2864583333333333 0.028125 0.035416666666666666
1 0.8421875 0.309375 0.028125 0.035416666666666666
3 0.8765625 0.275 0.034375 0.041666666666666664
1 0.90703125 0.25 0.0234375 0.025
3 0.94375 0.20416666666666666 0.04375 0.04583333333333333
1 0.97109375 0.175 0.0171875 0.020833333333333332
1 0.990625 0.14791666666666667 0.01875 0.025
1 0.8765625 0.309375 0.025 0.03125
1 0.90859375 0.28020833333333334 0.0234375 0.027083333333333334
1 0.92734375 0.2552083333333333 0.0203125 0.01875
1 0.94765625 0.23854166666666668 0.0171875 0.01875
1 0.97578125 0.20416666666666666 0.0171875 0.025
1 0.97734375 0.17395833333333333 0.0140625 0.014583333333333334
1 0.87890625 0.340625 0.0265625 0.027083333333333334
1 0.91328125 0.31145833333333334 0.0234375 0.03125
1 0.934375 0.28229166666666666 0.021875 0.027083333333333334
1 0.9578125 0.25625 0.01875 0.020833333333333332
1 0.97734375 0.23958333333333334 0.0171875 0.020833333333333332
1 0.90625 0.35520833333333335 0.028125 0.035416666666666666
1 0.9296875 0.328125 0.028125 0.03125

1 0.98984375 0.24895833333333334 0.0203125 0.03125


5 0.7796875 0.47291666666666665 0.015625 0.020833333333333332
4 0.7703125 0.3104166666666667 0.0125 0.016666666666666666
5 0.659375 0.019791666666666666 0.028125 0.01875
5 0.0015625 0.8375 0.003125 0.008333333333333333
5 0.46328125 0.7479166666666667 0.0203125 0.03333333333333333
4 0.4421875 0.7354166666666667 0.015625 0.016666666666666666
4 0.375 0.4625 0.009375 0.008333333333333333
4 0.4203125 0.22708333333333333 0.009375 0.0125
4 0.41015625 0.48854166666666665 0.0078125 0.014583333333333334
4 0.409375 0.48020833333333335 0.00625 0.014583333333333334
4 0.7671875 0.13333333333333333 0.00625 0.0125
1 0.43828125 0.26666666666666666 0.0359375 0.020833333333333332
1 0.434375 0.2520833333333333 0.03125 0.016666666666666666
