1 0.534375 0.128125 0.015625 0.03958333333333333
1 0.65234375 0.45625 0.0203125 0.020833333333333332
1 0.6296875 0.328125 0.015625 0.027083333333333334
1 0.60703125 0.271875 0.0171875 0.01875
1 0.55390625 0.165625 0.0140625 0.027083333333333334
1 0.55390625 0.14375 0.0109375 0.0125
1 0.63046875 0.31979166666666664 0.0296875 0.035416666666666666
1 0.596875 0.23125 0.015625 0.020833333333333332
1 0.59921875 0.23645833333333333 0.0171875 0.027083333333333334
1 0.565625 0.17291666666666666 0.015625 0.0125
3 0.5734375 0.13958333333333334 0.01875 0.0375
1 0.5640625 0.1125 0.015625 0.025
1 0.37890625 0.08125 0.0328125 0.016666666666666666
1 0.38046875 0.06875 0.0296875 0.016666666666666666
1 0.58046875 0.06770833333333333 0.0109375 0.01875
1 0.58046875 0.06770833333333333 0.0109375 0.01875
1 0.5265625 0.07916666666666666 0.025 0.025
1 0.57890625 0.06770833333333333 0.0109375 0.01875
1 0.77265625 0.00625 0.0140625 0.0125
5 0.65390625 0.121875 0.0078125 0.01875
1 0.6640625 0.12291666666666666 0.0125 0.020833333333333332
1 0.65 0.090625 0.0125 0.014583333333333334
5 0.76171875 0.303125 0.0140625 0.01875
5 0.790625 0.27395833333333336 0.009375 0.01875
5 0.865625 0.22708333333333333 0.0125 0.0125
5 0.846875 0.21041666666666667 0.009375 0.016666666666666666
5 0.8546875 0.19791666666666666 0.00625 0.008333333333333333
5 0.88515625 0.159375 0.0078125 0.014583333333333334
1 0.8203125 0.2677083333333333 0.025 0.022916666666666665
1 0.84453125 0.25 0.0265625 0.029166666666666667
1 0.8671875 0.22291666666666668 0.01875 0.020833333333333332
1 0.88984375 0.20208333333333334 0.0203125 0.020833333333333332
1 0.90859375 0.17604166666666668 0.0234375 0.022916666666666665
3 0.93828125 0.14583333333333334 0.0328125 0.05
1 0.94921875 0.12083333333333333 0.0203125 0.029166666666666667
1 0.97265625 0.10104166666666667 0.0109375 0.010416666666666666
1 0.9828125 0.08541666666666667 0.01875 0.016666666666666666
1 0.9953125 0.10104166666666667 0.009375 0.01875
1 0.97421875 0.13645833333333332 0.0171875 0.03125
1 0.95625 0.159375 0.01875 0.022916666666666665
1 0.928125 0.190625 0.015625 0.014583333333333334
1 0.90703125 0.215625 0.0296875 0.03125
1 0.88515625 0.2375 0.0171875 0.025
1 0.84765625 0.25104166666666666 0.0203125 0.01875
1 0.83203125 0.2875 0.0296875 0.0375
1 0.8421875 0.309375 0.028125 0.035416666666666666
3 0.8765625 0.275 0.034375 0.041666666666666664
1 0.9078125 0.25 0.025 0.025
3 0.94375 0.20416666666666666 0.04375 0.04583333333333333
1 0.97109375 0.175 0.0171875 0.020833333333333332
1 0.98984375 0.14791666666666667 0.0171875 0.029166666666666667
1 0.8765625 0.30833333333333335 0.025 0.029166666666666667
1 0.90859375 0.28020833333333334 0.0234375 0.027083333333333334
1 0.92734375 0.2552083333333333 0.0203125 0.01875
1 0.94765625 0.23854166666666668 0.0171875 0.01875
1 0.97578125 0.20416666666666666 0.0171875 0.025
1 0.97734375 0.175 0.0140625 0.016666666666666666
1 0.8796875 0.340625 0.025 0.027083333333333334
1 0.9125 0.31145833333333334 0.025 0.03125
1 0.93515625 0.28229166666666666 0.0234375 0.027083333333333334
1 0.95859375 0.25416666666666665 0.0171875 0.020833333333333332
1 0.97734375 0.23958333333333334 0.0171875 0.020833333333333332
1 0.90625 0.35520833333333335 0.028125 0.035416666666666666
1 0.9296875 0.328125 0.028125 0.03125

1 0.990625 0.24479166666666666 0.01875 0.027083333333333334


5 0.78359375 0.47604166666666664 0.0140625 0.01875
4 0.7703125 0.3104166666666667 0.0125 0.016666666666666666
5 0.66640625 0.023958333333333335 0.0171875 0.01875

5 0.4625 0.7447916666666666 0.01875 0.035416666666666666
4 0.4375 0.7322916666666667 0.0125 0.01875
4 0.375 0.4625 0.009375 0.008333333333333333
4 0.4203125 0.22604166666666667 0.009375 0.014583333333333334
4 0.4109375 0.48854166666666665 0.00625 0.014583333333333334
4 0.41015625 0.48020833333333335 0.0078125 0.014583333333333334
4 0.7671875 0.13333333333333333 0.00625 0.0125
1 0.4375 0.26666666666666666 0.034375 0.020833333333333332
1 0.43515625 0.2520833333333333 0.0328125 0.016666666666666666
