1 0.53359375 0.12916666666666668 0.0171875 0.041666666666666664
1 0.65703125 0.46145833333333336 0.0171875 0.014583333333333334
1 0.63359375 0.33229166666666665 0.0140625 0.022916666666666665
1 0.609375 0.27291666666666664 0.01875 0.020833333333333332
1 0.55390625 0.165625 0.0140625 0.027083333333333334
1 0.5546875 0.14375 0.0125 0.0125
1 0.63828125 0.325 0.0203125 0.03333333333333333
1 0.59765625 0.23020833333333332 0.0140625 0.01875
1 0.59921875 0.24479166666666666 0.0171875 0.027083333333333334
1 0.5578125 0.17291666666666666 0.021875 0.025
3 0.5734375 0.14166666666666666 0.01875 0.0375
1 0.5640625 0.1125 0.015625 0.025
1 0.37890625 0.08125 0.0328125 0.016666666666666666
1 0.38046875 0.071875 0.0328125 0.014583333333333334
1 0.5765625 0.065625 0.015625 0.022916666666666665
1 0.575 0.065625 0.015625 0.022916666666666665
1 0.5265625 0.08020833333333334 0.025 0.027083333333333334
1 0.57734375 0.057291666666666664 0.0140625 0.014583333333333334
1 0.77265625 0.00625 0.0140625 0.0125
5 0.65390625 0.11770833333333333 0.0078125 0.022916666666666665
1 0.6640625 0.12291666666666666 0.0125 0.020833333333333332
1 0.65 0.090625 0.0125 0.014583333333333334
5 0.76015625 0.30625 0.0171875 0.020833333333333332
5 0.790625 0.2760416666666667 0.009375 0.01875
5 0.865625 0.22708333333333333 0.0125 0.0125
5 0.846875 0.21041666666666667 0.009375 0.016666666666666666
5 0.85390625 0.19791666666666666 0.0078125 0.008333333333333333
5 0.88515625 0.159375 0.0078125 0.014583333333333334
1 0.8203125 0.2677083333333333 0.025 0.022916666666666665
1 0.8453125 0.24895833333333334 0.025 0.027083333333333334
1 0.8671875 0.22291666666666668 0.01875 0.020833333333333332
1 0.88984375 0.203125 0.0203125 0.022916666666666665
1 0.90859375 0.17708333333333334 0.0234375 0.025
3 0.9375 0.14583333333333334 0.03125 0.05
1 0.94765625 0.12083333333333333 0.0203125 0.029166666666666667
1 0.97265625 0.10104166666666667 0.0109375 0.010416666666666666
1 0.98203125 0.08645833333333333 0.0171875 0.014583333333333334
1 0.9953125 0.10104166666666667 0.009375 0.01875
1 0.97421875 0.13645833333333332 0.0171875 0.03125
1 0.95625 0.159375 0.01875 0.022916666666666665
1 0.928125 0.190625 0.015625 0.014583333333333334
1 0.90703125 0.215625 0.0296875 0.03125
1 0.8859375 0.23854166666666668 0.01875 0.022916666666666665
1 0.84296875 0.271875 0.0234375 0.01875
1 0.83203125 0.2864583333333333 0.0296875 0.035416666666666666
1 0.8421875 0.309375 0.028125 0.035416666666666666
3 0.8765625 0.275 0.034375 0.041666666666666664
1 0.9078125 0.25104166666666666 0.025 0.027083333333333334
3 0.9453125 0.20416666666666666 0.04375 0.04583333333333333
1 0.97109375 0.175 0.0171875 0.020833333333333332
1 0.9859375 0.15416666666666667 0.015625 0.020833333333333332
1 0.8765625 0.309375 0.025 0.027083333333333334
1 0.9078125 0.28020833333333334 0.025 0.027083333333333334
1 0.92734375 0.2552083333333333 0.0203125 0.01875
1 0.94765625 0.23854166666666668 0.0171875 0.01875
1 0.97578125 0.20416666666666666 0.0171875 0.025
1 0.9765625 0.17395833333333333 0.0125 0.014583333333333334
1 0.87734375 0.34479166666666666 0.0265625 0.03125
1 0.9078125 0.3145833333333333 0.03125 0.03333333333333333
1 0.93515625 0.28229166666666666 0.0234375 0.027083333333333334
1 0.9578125 0.25625 0.01875 0.020833333333333332
1 0.97734375 0.240625 0.0171875 0.022916666666666665
1 0.90625 0.35625 0.028125 0.03333333333333333
1 0.9296875 0.328125 0.028125 0.03125

1 0.98671875 0.25104166666666666 0.0265625 0.03125


5 0.78671875 0.478125 0.0140625 0.01875
4 0.7703125 0.3104166666666667 0.0125 0.016666666666666666
5 0.66640625 0.026041666666666668 0.0171875 0.01875

5 0.4625 0.7447916666666666 0.01875 0.03958333333333333
4 0.43671875 0.7291666666666666 0.0109375 0.016666666666666666
4 0.3734375 0.4625 0.009375 0.008333333333333333
4 0.4203125 0.22604166666666667 0.009375 0.014583333333333334
4 0.4109375 0.48854166666666665 0.00625 0.014583333333333334
4 0.41171875 0.47708333333333336 0.0046875 0.0125
4 0.7671875 0.13333333333333333 0.00625 0.0125
1 0.4375 0.26666666666666666 0.034375 0.020833333333333332
1 0.43515625 0.253125 0.0328125 0.01875
