1 0.5328125 0.12604166666666666 0.01875 0.035416666666666666
1 0.6609375 0.47291666666666665 0.015625 0.0125
1 0.63515625 0.33541666666666664 0.0109375 0.020833333333333332
1 0.6109375 0.275 0.01875 0.025
1 0.55390625 0.165625 0.0140625 0.027083333333333334
1 0.5546875 0.14270833333333333 0.0125 0.010416666666666666
1 0.63828125 0.32708333333333334 0.0234375 0.0375
1 0.59921875 0.23229166666666667 0.0140625 0.01875
1 0.6 0.25104166666666666 0.01875 0.027083333333333334
1 0.553125 0.17291666666666666 0.015625 0.029166666666666667
3 0.57421875 0.13541666666666666 0.0171875 0.03333333333333333
1 0.5640625 0.11458333333333333 0.015625 0.025
1 0.378125 0.08229166666666667 0.03125 0.01875
1 0.3796875 0.06875 0.028125 0.016666666666666666
1 0.57421875 0.05625 0.0140625 0.020833333333333332
1 0.57421875 0.05625 0.0140625 0.020833333333333332
1 0.52734375 0.078125 0.0234375 0.027083333333333334
1 0.57421875 0.051041666666666666 0.0140625 0.014583333333333334
1 0.77265625 0.00625 0.0140625 0.0125
5 0.65390625 0.11770833333333333 0.0078125 0.022916666666666665
1 0.6640625 0.12291666666666666 0.0125 0.020833333333333332
1 0.65 0.090625 0.0125 0.014583333333333334
5 0.76015625 0.30625 0.0171875 0.020833333333333332
5 0.790625 0.278125 0.009375 0.01875
5 0.865625 0.22708333333333333 0.0125 0.0125
5 0.846875 0.21145833333333333 0.009375 0.014583333333333334
5 0.8546875 0.19791666666666666 0.00625 0.008333333333333333
5 0.884375 0.16041666666666668 0.009375 0.0125
1 0.8203125 0.2677083333333333 0.025 0.022916666666666665
1 0.84453125 0.25 0.0265625 0.029166666666666667
1 0.8671875 0.22291666666666668 0.01875 0.020833333333333332
1 0.88984375 0.203125 0.0203125 0.022916666666666665
1 0.90859375 0.17708333333333334 0.0234375 0.025
3 0.9375 0.14583333333333334 0.03125 0.05
1 0.946875 0.12604166666666666 0.01875 0.027083333333333334
1 0.97265625 0.10104166666666667 0.0109375 0.010416666666666666
1 0.98125 0.08645833333333333 0.01875 0.014583333333333334
1 0.996875 0.1 0.00625 0.016666666666666666
1 0.97421875 0.13541666666666666 0.0171875 0.029166666666666667
1 0.95625 0.159375 0.01875 0.022916666666666665
1 0.928125 0.190625 0.015625 0.014583333333333334
1 0.90625 0.21770833333333334 0.028125 0.03125
1 0.88515625 0.23854166666666668 0.0171875 0.022916666666666665
1 0.8484375 0.2520833333333333 0.01875 0.025
1 0.8328125 0.2864583333333333 0.028125 0.035416666666666666
1 0.8421875 0.3104166666666667 0.028125 0.03333333333333333
3 0.8765625 0.275 0.034375 0.041666666666666664
1 0.91015625 0.246875 0.0203125 0.022916666666666665
3 0.94453125 0.20416666666666666 0.0453125 0.04583333333333333
1 0.97109375 0.175 0.0171875 0.020833333333333332
1 0.9890625 0.15208333333333332 0.021875 0.029166666666666667
1 0.87578125 0.3104166666666667 0.0234375 0.029166666666666667
1 0.9078125 0.28020833333333334 0.025 0.027083333333333334
1 0.9265625 0.2552083333333333 0.01875 0.01875
1 0.94765625 0.23854166666666668 0.0171875 0.01875
1 0.97578125 0.20416666666666666 0.0171875 0.025
1 0.9765625 0.17395833333333333 0.0125 0.014583333333333334
1 0.878125 0.340625 0.025 0.027083333333333334
1 0.90859375 0.31354166666666666 0.0296875 0.03125
1 0.93359375 0.2833333333333333 0.0265625 0.029166666666666667
1 0.9578125 0.25625 0.01875 0.020833333333333332
1 0.97734375 0.240625 0.0171875 0.022916666666666665
1 0.90625 0.35625 0.028125 0.03333333333333333
1 0.9296875 0.328125 0.028125 0.03125

1 0.9859375 0.25 0.028125 0.029166666666666667


5 0.7890625 0.4791666666666667 0.0125 0.020833333333333332
4 0.7703125 0.3104166666666667 0.0125 0.016666666666666666
5 0.66875 0.03333333333333333 0.021875 0.025

5 0.46015625 0.74375 0.0140625 0.041666666666666664
4 0.4375 0.7260416666666667 0.009375 0.014583333333333334
4 0.375 0.4625 0.009375 0.008333333333333333
4 0.4203125 0.22708333333333333 0.009375 0.0125
4 0.4109375 0.48854166666666665 0.00625 0.014583333333333334
4 0.41171875 0.47708333333333336 0.0046875 0.0125
4 0.76796875 0.13333333333333333 0.0078125 0.0125
1 0.4375 0.26666666666666666 0.034375 0.020833333333333332
1 0.43515625 0.253125 0.0328125 0.01875
