1 0.53203125 0.12083333333333333 0.0140625 0.025
1 0.66171875 0.48333333333333334 0.0171875 0.0125
1 0.6359375 0.3416666666666667 0.0125 0.016666666666666666
1 0.61484375 0.275 0.0140625 0.025
1 0.55390625 0.17083333333333334 0.0140625 0.03333333333333333
1 0.5546875 0.14375 0.0125 0.0125
1 0.63984375 0.33229166666666665 0.0265625 0.035416666666666666
1 0.59921875 0.23333333333333334 0.0140625 0.020833333333333332
1 0.60234375 0.25416666666666665 0.0171875 0.029166666666666667
1 0.54765625 0.175 0.0234375 0.025
3 0.575 0.13541666666666666 0.015625 0.03333333333333333
1 0.5640625 0.11458333333333333 0.015625 0.025
1 0.37890625 0.08229166666666667 0.0328125 0.01875
1 0.38046875 0.06875 0.0296875 0.016666666666666666
1 0.57109375 0.05 0.0140625 0.020833333333333332
1 0.57109375 0.05 0.0140625 0.020833333333333332
1 0.52734375 0.078125 0.0234375 0.027083333333333334
1 0.57109375 0.04791666666666667 0.0140625 0.020833333333333332
1 0.77265625 0.00625 0.0140625 0.0125
5 0.653125 0.11666666666666667 0.00625 0.020833333333333332
1 0.6640625 0.12291666666666666 0.0125 0.020833333333333332
1 0.65 0.090625 0.0125 0.014583333333333334
5 0.76015625 0.30625 0.0171875 0.020833333333333332
5 0.78984375 0.27395833333333336 0.0109375 0.022916666666666665
5 0.865625 0.22708333333333333 0.0125 0.0125
5 0.846875 0.21145833333333333 0.009375 0.014583333333333334
5 0.8546875 0.19791666666666666 0.00625 0.008333333333333333
5 0.88515625 0.159375 0.0078125 0.014583333333333334
1 0.81953125 0.2677083333333333 0.0234375 0.022916666666666665
1 0.84453125 0.25 0.0265625 0.029166666666666667
1 0.8671875 0.22291666666666668 0.01875 0.020833333333333332
1 0.88984375 0.203125 0.0203125 0.022916666666666665
1 0.90859375 0.17708333333333334 0.0234375 0.025
3 0.9375 0.14583333333333334 0.03125 0.05
1 0.95 0.11458333333333333 0.015625 0.025
1 0.97265625 0.10104166666666667 0.0109375 0.010416666666666666
1 0.98359375 0.08541666666666667 0.0171875 0.016666666666666666
1 0.996875 0.1 0.00625 0.016666666666666666
1 0.97421875 0.13645833333333332 0.0171875 0.03125
1 0.95625 0.159375 0.01875 0.022916666666666665
1 0.928125 0.19166666666666668 0.015625 0.016666666666666666
1 0.9078125 0.21354166666666666 0.025 0.027083333333333334
1 0.884375 0.2375 0.015625 0.020833333333333332
1 0.84375 0.2604166666666667 0.021875 0.025
1 0.83203125 0.2875 0.0296875 0.0375
1 0.8421875 0.3104166666666667 0.028125 0.03333333333333333
3 0.8765625 0.275 0.034375 0.041666666666666664
1 0.9078125 0.25104166666666666 0.025 0.027083333333333334
3 0.94453125 0.20625 0.0453125 0.04583333333333333
1 0.9703125 0.175 0.015625 0.020833333333333332
1 0.9890625 0.153125 0.021875 0.03125
1 0.87578125 0.309375 0.0234375 0.03125
1 0.90703125 0.28020833333333334 0.0234375 0.027083333333333334
1 0.92734375 0.25625 0.0203125 0.020833333333333332
1 0.94765625 0.23854166666666668 0.0171875 0.01875
1 0.97578125 0.20416666666666666 0.0171875 0.025
1 0.97734375 0.175 0.0140625 0.016666666666666666
1 0.878125 0.340625 0.025 0.027083333333333334
1 0.90859375 0.3145833333333333 0.0296875 0.03333333333333333
1 0.93359375 0.284375 0.0265625 0.03125
1 0.9578125 0.25625 0.01875 0.020833333333333332
1 0.97890625 0.23645833333333333 0.0171875 0.01875
1 0.90625 0.35625 0.028125 0.03333333333333333
1 0.92890625 0.328125 0.0265625 0.03125

1 0.98515625 0.25 0.0296875 0.029166666666666667


5 0.78984375 0.48125 0.0140625 0.020833333333333332
4 0.7703125 0.3104166666666667 0.0125 0.016666666666666666
5 0.67109375 0.03958333333333333 0.0203125 0.025

5 0.4609375 0.7427083333333333 0.015625 0.04375
4 0.4359375 0.725 0.0125 0.020833333333333332
4 0.3734375 0.4625 0.009375 0.008333333333333333
4 0.4203125 0.225 0.009375 0.0125
4 0.41171875 0.48854166666666665 0.0078125 0.014583333333333334
4 0.4125 0.47708333333333336 0.00625 0.0125
4 0.76796875 0.13333333333333333 0.0078125 0.0125
1 0.4375 0.26666666666666666 0.034375 0.020833333333333332
1 0.43515625 0.253125 0.0328125 0.01875
