1 0.5375 0.125 0.015625 0.025
1 0.5875 0.259375 0.01875 0.027083333333333334
1 0.5796875 0.23125 0.015625 0.025
1 0.57109375 0.19270833333333334 0.0140625 0.027083333333333334
1 0.565625 0.16145833333333334 0.0125 0.01875
1 0.55703125 0.14479166666666668 0.0140625 0.014583333333333334
1 0.6078125 0.24895833333333334 0.01875 0.035416666666666666
1 0.59921875 0.21354166666666666 0.0171875 0.027083333333333334
1 0.590625 0.18958333333333333 0.01875 0.025
1 0.58359375 0.16458333333333333 0.0171875 0.025
3 0.5765625 0.12916666666666668 0.015625 0.0375
1 0.56796875 0.10520833333333333 0.0171875 0.027083333333333334
1 0.38359375 0.078125 0.0328125 0.01875
1 0.384375 0.06875 0.03125 0.016666666666666666
1 0.59921875 0.109375 0.0140625 0.022916666666666665
1 0.60859375 0.05416666666666667 0.0140625 0.020833333333333332
1 0.5703125 0.03854166666666667 0.0125 0.022916666666666665
1 0.58671875 0.03333333333333333 0.0140625 0.016666666666666666
1 0.56015625 0.004166666666666667 0.0109375 0.008333333333333333
5 0.65625 0.11458333333333333 0.00625 0.016666666666666666
1 0.67109375 0.11875 0.0140625 0.020833333333333332
1 0.65546875 0.08645833333333333 0.0140625 0.014583333333333334
5 0.7625 0.2947916666666667 0.01875 0.01875
5 0.78828125 0.278125 0.0109375 0.01875
5 0.803125 0.25625 0.009375 0.016666666666666666
5 0.83515625 0.23333333333333334 0.0109375 0.020833333333333332
5 0.85390625 0.2 0.0078125 0.008333333333333333
5 0.8953125 0.16354166666666667 0.009375 0.014583333333333334
1 0.82578125 0.2677083333333333 0.0265625 0.027083333333333334
1 0.85078125 0.24583333333333332 0.0234375 0.029166666666666667
1 0.871875 0.22083333333333333 0.025 0.025
1 0.8953125 0.196875 0.021875 0.022916666666666665
1 0.91484375 0.17291666666666666 0.0234375 0.025
3 0.95078125 0.1375 0.0328125 0.04583333333333333
1 0.96484375 0.11145833333333334 0.0203125 0.022916666666666665
1 0.97578125 0.1 0.0109375 0.016666666666666666
1 0.9921875 0.078125 0.015625 0.014583333333333334
1 0.9953125 0.10208333333333333 0.009375 0.016666666666666666
1 0.97890625 0.13333333333333333 0.0171875 0.025
1 0.96015625 0.15833333333333333 0.0171875 0.025
1 0.93671875 0.18333333333333332 0.0203125 0.020833333333333332
1 0.9140625 0.21145833333333333 0.025 0.027083333333333334
1 0.8921875 0.234375 0.021875 0.022916666666666665
1 0.86484375 0.2604166666666667 0.0234375 0.025
1 0.83984375 0.28020833333333334 0.0296875 0.035416666666666666
1 0.84765625 0.30520833333333336 0.0296875 0.035416666666666666
3 0.884375 0.271875 0.034375 0.04375
1 0.91171875 0.246875 0.0265625 0.027083333333333334
3 0.95 0.196875 0.040625 0.052083333333333336
1 0.97578125 0.16979166666666667 0.0140625 0.01875
1 0.99296875 0.15104166666666666 0.0140625 0.027083333333333334
1 0.8796875 0.31145833333333334 0.028125 0.03125
1 0.91171875 0.278125 0.0234375 0.03125
1 0.93125 0.2520833333333333 0.021875 0.025
1 0.953125 0.23645833333333333 0.021875 0.022916666666666665
1 0.97890625 0.20625 0.0203125 0.029166666666666667
1 0.98984375 0.18125 0.0203125 0.025
1 0.884375 0.3416666666666667 0.025 0.03333333333333333
1 0.91640625 0.3104166666666667 0.0265625 0.03333333333333333
1 0.93828125 0.28125 0.0265625 0.03333333333333333
1 0.96328125 0.2520833333333333 0.0171875 0.020833333333333332
1 0.984375 0.234375 0.021875 0.01875
1 0.90859375 0.35520833333333335 0.0328125 0.035416666666666666
1 0.9359375 0.3260416666666667 0.025 0.03125
1 0.99296875 0.325 0.0140625 0.020833333333333332
1 0.990625 0.265625 0.01875 0.027083333333333334
1 0.9953125 0.46979166666666666 0.009375 0.03125
5 0.92578125 0.7260416666666667 0.0203125 0.027083333333333334
5 0.784375 0.43125 0.009375 0.016666666666666666
4 0.8109375 0.359375 0.0125 0.01875
5 0.61953125 0.022916666666666665 0.0046875 0.008333333333333333
5 0.44609375 0.796875 0.0171875 0.022916666666666665
5 0.4921875 0.8010416666666667 0.015625 0.027083333333333334
4 0.46640625 0.775 0.0109375 0.016666666666666666
4 0.3796875 0.4625 0.009375 0.008333333333333333
4 0.421875 0.23020833333333332 0.00625 0.014583333333333334
4 0.4109375 0.4895833333333333 0.00625 0.016666666666666666
4 0.40234375 0.484375 0.0078125 0.010416666666666666
4 0.82109375 0.13333333333333333 0.0078125 0.0125
1 0.44296875 0.26458333333333334 0.0359375 0.020833333333333332
1 0.440625 0.24895833333333334 0.028125 0.01875
