1 0.5328125 0.121875 0.015625 0.022916666666666665
1 0.6671875 0.5020833333333333 0.01875 0.0125
1 0.6359375 0.34479166666666666 0.015625 0.014583333333333334
1 0.6171875 0.28020833333333334 0.015625 0.027083333333333334
1 0.553125 0.17083333333333334 0.015625 0.03333333333333333
1 0.5546875 0.14270833333333333 0.0125 0.010416666666666666
1 0.64296875 0.33645833333333336 0.0296875 0.035416666666666666
1 0.60078125 0.2375 0.0140625 0.020833333333333332
1 0.60234375 0.25416666666666665 0.0171875 0.029166666666666667
1 0.54765625 0.175 0.0265625 0.029166666666666667
3 0.57578125 0.13854166666666667 0.0171875 0.03125
1 0.565625 0.115625 0.015625 0.027083333333333334
1 0.37890625 0.08229166666666667 0.0328125 0.01875
1 0.38046875 0.07083333333333333 0.0328125 0.016666666666666666
1 0.56796875 0.040625 0.0140625 0.022916666666666665
1 0.56796875 0.040625 0.0140625 0.022916666666666665
1 0.52578125 0.07916666666666666 0.0234375 0.029166666666666667
1 0.56875 0.036458333333333336 0.0125 0.01875
1 0.77265625 0.007291666666666667 0.0140625 0.014583333333333334
5 0.65234375 0.11666666666666667 0.0078125 0.020833333333333332
1 0.6640625 0.12291666666666666 0.0125 0.020833333333333332
1 0.65 0.090625 0.0125 0.014583333333333334
5 0.76015625 0.3072916666666667 0.0171875 0.01875
5 0.78828125 0.27395833333333336 0.0109375 0.022916666666666665
5 0.865625 0.22708333333333333 0.0125 0.0125
5 0.846875 0.21145833333333333 0.009375 0.014583333333333334
5 0.85390625 0.19791666666666666 0.0078125 0.008333333333333333
5 0.8859375 0.159375 0.009375 0.014583333333333334
1 0.81953125 0.2677083333333333 0.0234375 0.022916666666666665
1 0.84453125 0.25 0.0265625 0.029166666666666667
1 0.8671875 0.22395833333333334 0.01875 0.01875
1 0.88984375 0.203125 0.0203125 0.022916666666666665
1 0.90859375 0.17708333333333334 0.0234375 0.025
3 0.9375 0.14583333333333334 0.03125 0.05
1 0.9453125 0.12291666666666666 0.01875 0.03333333333333333
1 0.97265625 0.10104166666666667 0.0109375 0.010416666666666666
1 0.9828125 0.08645833333333333 0.015625 0.014583333333333334
1 0.9953125 0.10104166666666667 0.009375 0.01875
1 0.97421875 0.13541666666666666 0.0171875 0.029166666666666667
1 0.95625 0.159375 0.01875 0.022916666666666665
1 0.928125 0.19166666666666668 0.015625 0.016666666666666666
1 0.9078125 0.21354166666666666 0.025 0.027083333333333334
1 0.88515625 0.23854166666666668 0.0171875 0.022916666666666665
1 0.84296875 0.25833333333333336 0.0234375 0.025
1 0.83203125 0.2875 0.0296875 0.0375
1 0.8421875 0.3104166666666667 0.028125 0.03333333333333333
3 0.8765625 0.275 0.034375 0.041666666666666664
1 0.9078125 0.25104166666666666 0.025 0.027083333333333334
3 0.94453125 0.20520833333333333 0.0453125 0.04791666666666667
1 0.97109375 0.175 0.0171875 0.020833333333333332
1 0.9890625 0.15208333333333332 0.021875 0.029166666666666667
1 0.87578125 0.31145833333333334 0.0234375 0.03125
1 0.90703125 0.28020833333333334 0.0234375 0.027083333333333334
1 0.92734375 0.25625 0.0203125 0.020833333333333332
1 0.94765625 0.23854166666666668 0.0171875 0.01875
1 0.97578125 0.20416666666666666 0.0171875 0.025
1 0.97421875 0.17604166666666668 0.0171875 0.01875
1 0.878125 0.34375 0.028125 0.029166666666666667
1 0.909375 0.3145833333333333 0.028125 0.03333333333333333
1 0.934375 0.28229166666666666 0.021875 0.027083333333333334
1 0.9578125 0.25625 0.01875 0.020833333333333332
1 0.97734375 0.240625 0.0171875 0.022916666666666665
1 0.90625 0.35625 0.028125 0.03333333333333333
1 0.92890625 0.32708333333333334 0.0265625 0.029166666666666667

1 0.984375 0.25416666666666665 0.03125 0.020833333333333332


5 0.79296875 0.48333333333333334 0.0140625 0.020833333333333332
4 0.7703125 0.3104166666666667 0.0125 0.016666666666666666
5 0.671875 0.046875 0.021875 0.027083333333333334

5 0.45859375 0.7333333333333333 0.0171875 0.0375
4 0.43515625 0.7229166666666667 0.0109375 0.020833333333333332
4 0.3734375 0.4625 0.009375 0.008333333333333333
4 0.4203125 0.22708333333333333 0.009375 0.0125
4 0.41171875 0.48854166666666665 0.0078125 0.014583333333333334
4 0.4125 0.47708333333333336 0.00625 0.0125
4 0.76875 0.13333333333333333 0.00625 0.0125
1 0.4375 0.26666666666666666 0.034375 0.020833333333333332
1 0.43359375 0.24791666666666667 0.0296875 0.016666666666666666
