1 0.5328125 0.121875 0.015625 0.022916666666666665
1 0.67109375 0.5072916666666667 0.0140625 0.010416666666666666
1 0.63671875 0.3458333333333333 0.0171875 0.016666666666666666
1 0.6171875 0.28229166666666666 0.015625 0.027083333333333334
1 0.55390625 0.17083333333333334 0.0140625 0.03333333333333333
1 0.5546875 0.14270833333333333 0.0125 0.010416666666666666
1 0.64375 0.3385416666666667 0.03125 0.035416666666666666
1 0.6 0.24375 0.015625 0.025
1 0.603125 0.25416666666666665 0.015625 0.029166666666666667
1 0.54765625 0.17291666666666666 0.0265625 0.029166666666666667
3 0.5765625 0.13854166666666667 0.015625 0.03125
1 0.565625 0.11666666666666667 0.015625 0.025
1 0.378125 0.08229166666666667 0.03125 0.01875
1 0.38046875 0.071875 0.0328125 0.014583333333333334
1 0.5671875 0.036458333333333336 0.0125 0.022916666666666665
1 0.56640625 0.0375 0.0140625 0.025
1 0.5265625 0.078125 0.025 0.027083333333333334
1 0.5671875 0.036458333333333336 0.0125 0.022916666666666665
1 0.77265625 0.007291666666666667 0.0140625 0.014583333333333334
5 0.6515625 0.115625 0.009375 0.01875
1 0.6640625 0.12291666666666666 0.0125 0.020833333333333332
1 0.65 0.090625 0.0125 0.014583333333333334
5 0.76015625 0.3072916666666667 0.0171875 0.01875
5 0.7875 0.27395833333333336 0.009375 0.022916666666666665
5 0.865625 0.22708333333333333 0.0125 0.0125
5 0.846875 0.21145833333333333 0.009375 0.014583333333333334
5 0.85390625 0.19791666666666666 0.0078125 0.008333333333333333
5 0.8859375 0.159375 0.009375 0.014583333333333334
1 0.81953125 0.2677083333333333 0.0234375 0.022916666666666665
1 0.84453125 0.25 0.0265625 0.029166666666666667
1 0.8671875 0.22291666666666668 0.01875 0.020833333333333332
1 0.88984375 0.203125 0.0203125 0.022916666666666665
1 0.9078125 0.17708333333333334 0.021875 0.025
3 0.9375 0.14583333333333334 0.03125 0.05
1 0.9453125 0.12291666666666666 0.01875 0.03333333333333333
1 0.97265625 0.10104166666666667 0.0109375 0.010416666666666666
1 0.9828125 0.08645833333333333 0.015625 0.014583333333333334
1 0.9953125 0.10104166666666667 0.009375 0.01875
1 0.97421875 0.13541666666666666 0.0171875 0.029166666666666667
1 0.95625 0.159375 0.01875 0.022916666666666665
1 0.928125 0.19166666666666668 0.015625 0.016666666666666666
1 0.909375 0.2125 0.021875 0.029166666666666667
1 0.884375 0.2375 0.015625 0.020833333333333332
1 0.84296875 0.259375 0.0234375 0.022916666666666665
1 0.8328125 0.2875 0.028125 0.0375
1 0.8421875 0.3104166666666667 0.028125 0.03333333333333333
3 0.8765625 0.275 0.034375 0.041666666666666664
1 0.9078125 0.25104166666666666 0.025 0.027083333333333334
3 0.94375 0.21041666666666667 0.05 0.04583333333333333
1 0.9703125 0.175 0.015625 0.020833333333333332
1 0.98828125 0.15208333333333332 0.0203125 0.029166666666666667
1 0.87578125 0.31145833333333334 0.0234375 0.03125
1 0.90703125 0.28020833333333334 0.0234375 0.027083333333333334
1 0.92734375 0.25625 0.0203125 0.020833333333333332
1 0.94765625 0.23854166666666668 0.0171875 0.01875
1 0.9765625 0.20416666666666666 0.01875 0.025
1 0.97421875 0.17708333333333334 0.0171875 0.020833333333333332
1 0.87890625 0.34375 0.0265625 0.029166666666666667
1 0.91171875 0.3125 0.0234375 0.029166666666666667
1 0.934375 0.28229166666666666 0.021875 0.027083333333333334
1 0.9578125 0.25625 0.01875 0.020833333333333332
1 0.97734375 0.240625 0.0171875 0.022916666666666665
1 0.90625 0.35625 0.028125 0.03333333333333333
1 0.928125 0.328125 0.025 0.03125

1 0.984375 0.25416666666666665 0.03125 0.020833333333333332


5 0.79375 0.4864583333333333 0.015625 0.022916666666666665
4 0.7703125 0.3104166666666667 0.0125 0.016666666666666666
5 0.67734375 0.04791666666666667 0.0171875 0.029166666666666667

5 0.459375 0.7333333333333333 0.015625 0.0375
4 0.434375 0.721875 0.0125 0.022916666666666665
4 0.3734375 0.4625 0.009375 0.008333333333333333
4 0.4203125 0.225 0.009375 0.0125
4 0.41171875 0.4895833333333333 0.0078125 0.016666666666666666
4 0.4125 0.47708333333333336 0.00625 0.0125
4 0.76875 0.13333333333333333 0.00625 0.0125
1 0.4375 0.26666666666666666 0.034375 0.020833333333333332
1 0.43359375 0.24791666666666667 0.0296875 0.016666666666666666
