1 0.53359375 0.121875 0.0140625 0.022916666666666665
1 0.6734375 0.5114583333333333 0.015625 0.010416666666666666
1 0.63828125 0.3489583333333333 0.0171875 0.014583333333333334
1 0.61640625 0.28229166666666666 0.0140625 0.027083333333333334
1 0.55390625 0.17083333333333334 0.0140625 0.03333333333333333
1 0.55390625 0.14270833333333333 0.0109375 0.010416666666666666
1 0.6484375 0.3385416666666667 0.025 0.03125
1 0.60078125 0.23958333333333334 0.0140625 0.016666666666666666
1 0.603125 0.253125 0.015625 0.027083333333333334
1 0.54765625 0.17395833333333333 0.0265625 0.03125
3 0.57578125 0.13854166666666667 0.0171875 0.03125
1 0.565625 0.11770833333333333 0.015625 0.027083333333333334
1 0.37890625 0.08125 0.0328125 0.016666666666666666
1 0.3796875 0.06875 0.028125 0.016666666666666666
1 0.56640625 0.034375 0.0140625 0.022916666666666665
1 0.56640625 0.034375 0.0140625 0.022916666666666665
1 0.5265625 0.07916666666666666 0.025 0.029166666666666667
1 0.56640625 0.034375 0.0140625 0.022916666666666665
1 0.77265625 0.007291666666666667 0.0140625 0.014583333333333334
5 0.65234375 0.11458333333333333 0.0078125 0.016666666666666666
1 0.6640625 0.12291666666666666 0.0125 0.020833333333333332
1 0.65 0.090625 0.0125 0.014583333333333334
5 0.76015625 0.30833333333333335 0.0171875 0.020833333333333332
5 0.78828125 0.27395833333333336 0.0109375 0.022916666666666665
5 0.865625 0.22708333333333333 0.0125 0.0125
5 0.846875 0.21145833333333333 0.009375 0.014583333333333334
5 0.85390625 0.19791666666666666 0.0078125 0.008333333333333333
5 0.8859375 0.159375 0.009375 0.014583333333333334
1 0.81953125 0.2677083333333333 0.0234375 0.022916666666666665
1 0.84453125 0.25 0.0265625 0.029166666666666667
1 0.8671875 0.22291666666666668 0.01875 0.020833333333333332
1 0.88984375 0.203125 0.0203125 0.022916666666666665
1 0.90859375 0.17708333333333334 0.0234375 0.025
3 0.9375 0.14583333333333334 0.03125 0.05
1 0.94921875 0.11354166666666667 0.0140625 0.022916666666666665
1 0.97265625 0.10104166666666667 0.0109375 0.010416666666666666
1 0.98359375 0.08645833333333333 0.0171875 0.014583333333333334
1 0.9953125 0.10104166666666667 0.009375 0.01875
1 0.97421875 0.13645833333333332 0.0171875 0.03125
1 0.95625 0.159375 0.01875 0.022916666666666665
1 0.928125 0.19166666666666668 0.015625 0.016666666666666666
1 0.9109375 0.2125 0.021875 0.029166666666666667
1 0.884375 0.2375 0.015625 0.020833333333333332
1 0.8421875 0.2604166666666667 0.025 0.025
1 0.83203125 0.2875 0.0296875 0.0375
1 0.8421875 0.3104166666666667 0.028125 0.03333333333333333
3 0.8765625 0.275 0.034375 0.041666666666666664
1 0.9078125 0.25104166666666666 0.025 0.027083333333333334
3 0.94375 0.21041666666666667 0.05 0.04583333333333333
1 0.97109375 0.175 0.0171875 0.020833333333333332
1 0.98828125 0.153125 0.0203125 0.03125
1 0.87578125 0.3104166666666667 0.0234375 0.029166666666666667
1 0.9078125 0.28020833333333334 0.025 0.027083333333333334
1 0.92734375 0.25625 0.0203125 0.020833333333333332
1 0.94765625 0.23854166666666668 0.0171875 0.01875
1 0.9765625 0.20416666666666666 0.01875 0.025
1 0.9734375 0.17708333333333334 0.01875 0.020833333333333332
1 0.878125 0.34375 0.028125 0.029166666666666667
1 0.90859375 0.3145833333333333 0.0296875 0.03333333333333333
1 0.934375 0.28229166666666666 0.021875 0.027083333333333334
1 0.9578125 0.25625 0.01875 0.020833333333333332
1 0.97734375 0.240625 0.0171875 0.022916666666666665
1 0.90625 0.35625 0.028125 0.03333333333333333
1 0.93125 0.325 0.021875 0.025

1 0.98359375 0.25416666666666665 0.0328125 0.020833333333333332


5 0.7953125 0.4864583333333333 0.0125 0.022916666666666665
4 0.7703125 0.31145833333333334 0.0125 0.014583333333333334
5 0.67734375 0.04791666666666667 0.0171875 0.029166666666666667

5 0.45859375 0.7333333333333333 0.0171875 0.0375
4 0.434375 0.721875 0.0125 0.022916666666666665
4 0.375 0.4625 0.009375 0.008333333333333333
4 0.4203125 0.225 0.009375 0.0125
4 0.41171875 0.4875 0.0078125 0.016666666666666666
4 0.4140625 0.47604166666666664 0.00625 0.010416666666666666
4 0.76953125 0.134375 0.0046875 0.010416666666666666
1 0.4375 0.26666666666666666 0.034375 0.020833333333333332
1 0.434375 0.24791666666666667 0.028125 0.016666666666666666
