1 0.53515625 0.125 0.0140625 0.020833333333333332
1 0.678125 0.5385416666666667 0.015625 0.010416666666666666
1 0.63828125 0.35104166666666664 0.0234375 0.022916666666666665
1 0.61953125 0.28541666666666665 0.0171875 0.025
1 0.5546875 0.17083333333333334 0.015625 0.03333333333333333
1 0.5546875 0.153125 0.0125 0.014583333333333334
1 0.65078125 0.34375 0.0234375 0.029166666666666667
1 0.60234375 0.2552083333333333 0.0171875 0.03125
1 0.60390625 0.25104166666666666 0.0171875 0.03125
1 0.5484375 0.17395833333333333 0.025 0.03125
3 0.57734375 0.140625 0.0171875 0.035416666666666666
1 0.56640625 0.11875 0.0171875 0.025
1 0.37890625 0.08229166666666667 0.0328125 0.01875
1 0.38046875 0.06875 0.0296875 0.016666666666666666
1 0.56171875 0.020833333333333332 0.0140625 0.020833333333333332
1 0.56171875 0.021875 0.0140625 0.022916666666666665
1 0.525 0.07916666666666666 0.025 0.029166666666666667
1 0.56171875 0.020833333333333332 0.0140625 0.020833333333333332
1 0.77265625 0.007291666666666667 0.0140625 0.014583333333333334
5 0.65 0.11458333333333333 0.009375 0.016666666666666666
1 0.6640625 0.12291666666666666 0.0125 0.020833333333333332
1 0.65 0.090625 0.0125 0.014583333333333334
5 0.76015625 0.30833333333333335 0.0171875 0.020833333333333332
5 0.78828125 0.27395833333333336 0.0109375 0.022916666666666665
5 0.86640625 0.22708333333333333 0.0140625 0.0125
5 0.84765625 0.21145833333333333 0.0078125 0.010416666666666666
5 0.8546875 0.19791666666666666 0.00625 0.008333333333333333
5 0.88359375 0.16354166666666667 0.0109375 0.014583333333333334
1 0.8203125 0.2677083333333333 0.025 0.022916666666666665
1 0.84375 0.25 0.028125 0.029166666666666667
1 0.8671875 0.22395833333333334 0.01875 0.01875
1 0.88984375 0.203125 0.0203125 0.022916666666666665
1 0.90859375 0.17708333333333334 0.0234375 0.025
3 0.93828125 0.14583333333333334 0.0328125 0.05
1 0.9484375 0.11458333333333333 0.015625 0.020833333333333332
1 0.97265625 0.10104166666666667 0.0109375 0.010416666666666666
1 0.98359375 0.08645833333333333 0.0171875 0.014583333333333334
1 0.996875 0.1 0.00625 0.016666666666666666
1 0.97421875 0.13645833333333332 0.0171875 0.03125
1 0.95625 0.159375 0.01875 0.022916666666666665
1 0.928125 0.19166666666666668 0.015625 0.016666666666666666
1 0.9109375 0.2125 0.021875 0.029166666666666667
1 0.884375 0.2375 0.015625 0.020833333333333332
1 0.8390625 0.26458333333333334 0.01875 0.025
1 0.83359375 0.2875 0.0296875 0.0375
1 0.8421875 0.3104166666666667 0.028125 0.03333333333333333
3 0.8765625 0.275 0.034375 0.041666666666666664
1 0.9078125 0.25104166666666666 0.025 0.027083333333333334
3 0.94375 0.20729166666666668 0.04375 0.04791666666666667
1 0.9703125 0.175 0.015625 0.020833333333333332
1 0.98828125 0.153125 0.0203125 0.03125
1 0.87421875 0.31354166666666666 0.0265625 0.027083333333333334
1 0.90859375 0.28020833333333334 0.0234375 0.027083333333333334
1 0.92734375 0.25729166666666664 0.0203125 0.01875
1 0.94765625 0.23854166666666668 0.0171875 0.01875
1 0.97578125 0.20416666666666666 0.0171875 0.025
1 0.9734375 0.17708333333333334 0.021875 0.020833333333333332
1 0.878125 0.3416666666666667 0.025 0.029166666666666667
1 0.90859375 0.3145833333333333 0.0296875 0.03333333333333333
1 0.934375 0.28229166666666666 0.021875 0.027083333333333334
1 0.9578125 0.25625 0.01875 0.020833333333333332
1 0.97734375 0.24166666666666667 0.0171875 0.025
1 0.90625 0.35625 0.028125 0.03333333333333333
1 0.93203125 0.325 0.0203125 0.025

1 0.9828125 0.2552083333333333 0.034375 0.01875


5 0.7984375 0.4895833333333333 0.0125 0.020833333333333332
4 0.7703125 0.31145833333333334 0.0125 0.014583333333333334
5 0.678125 0.04895833333333333 0.015625 0.03125

5 0.4578125 0.7333333333333333 0.01875 0.0375
4 0.4328125 0.71875 0.0125 0.020833333333333332
4 0.3734375 0.4625 0.009375 0.008333333333333333
4 0.4203125 0.22604166666666667 0.009375 0.014583333333333334
4 0.41328125 0.48541666666666666 0.0078125 0.016666666666666666
4 0.4140625 0.47708333333333336 0.00625 0.0125
4 0.76796875 0.134375 0.0109375 0.014583333333333334
1 0.4375 0.2677083333333333 0.034375 0.022916666666666665
1 0.434375 0.25104166666666666 0.03125 0.01875
