1 0.5375 0.125 0.015625 0.025
1 0.5875 0.259375 0.01875 0.027083333333333334
1 0.58203125 0.23020833333333332 0.0140625 0.022916666666666665
1 0.57109375 0.19270833333333334 0.0140625 0.027083333333333334
1 0.565625 0.16145833333333334 0.0125 0.01875
1 0.55703125 0.14479166666666668 0.0140625 0.014583333333333334
1 0.6078125 0.24895833333333334 0.01875 0.035416666666666666
1 0.59921875 0.21354166666666666 0.0171875 0.027083333333333334
1 0.590625 0.18958333333333333 0.01875 0.025
1 0.58359375 0.165625 0.0171875 0.022916666666666665
3 0.5765625 0.12916666666666668 0.015625 0.0375
1 0.56796875 0.10520833333333333 0.0171875 0.027083333333333334
1 0.38359375 0.078125 0.0328125 0.01875
1 0.384375 0.06875 0.03125 0.016666666666666666
1 0.59765625 0.10729166666666666 0.0140625 0.022916666666666665
1 0.60703125 0.051041666666666666 0.0140625 0.01875
1 0.5703125 0.0375 0.0125 0.025
1 0.5859375 0.030208333333333334 0.0125 0.01875

5 0.65625 0.11458333333333333 0.00625 0.016666666666666666
1 0.6703125 0.11875 0.015625 0.020833333333333332
1 0.65546875 0.08645833333333333 0.0140625 0.014583333333333334
5 0.7625 0.2947916666666667 0.01875 0.01875
5 0.78828125 0.27708333333333335 0.0109375 0.016666666666666666
5 0.7984375 0.26458333333333334 0.0125 0.016666666666666666
5 0.83359375 0.23541666666666666 0.0109375 0.020833333333333332
5 0.853125 0.2 0.009375 0.008333333333333333
5 0.8953125 0.16354166666666667 0.009375 0.014583333333333334
1 0.825 0.2677083333333333 0.028125 0.027083333333333334
1 0.85078125 0.24583333333333332 0.0265625 0.029166666666666667
1 0.871875 0.221875 0.025 0.022916666666666665
1 0.8953125 0.19791666666666666 0.021875 0.025
1 0.91484375 0.171875 0.0203125 0.022916666666666665
3 0.94375 0.13958333333333334 0.034375 0.04583333333333333
1 0.96484375 0.11145833333333334 0.0203125 0.022916666666666665
1 0.97578125 0.1 0.0109375 0.016666666666666666
1 0.9921875 0.078125 0.015625 0.014583333333333334
1 0.99609375 0.10208333333333333 0.0078125 0.016666666666666666
1 0.97890625 0.13333333333333333 0.0171875 0.025
1 0.959375 0.15833333333333333 0.01875 0.025
1 0.9359375 0.184375 0.021875 0.01875
1 0.91484375 0.21145833333333333 0.0234375 0.027083333333333334
1 0.8921875 0.23541666666666666 0.021875 0.025
1 0.865625 0.2604166666666667 0.021875 0.025
1 0.83984375 0.28020833333333334 0.0296875 0.035416666666666666
1 0.84765625 0.30520833333333336 0.0296875 0.035416666666666666
3 0.884375 0.2708333333333333 0.034375 0.041666666666666664
1 0.91484375 0.24375 0.0203125 0.025
3 0.95078125 0.19791666666666666 0.0421875 0.05
1 0.97578125 0.16979166666666667 0.0140625 0.01875
1 0.99296875 0.15104166666666666 0.0140625 0.027083333333333334
1 0.8796875 0.31145833333333334 0.028125 0.03125
1 0.9125 0.278125 0.025 0.03125
1 0.93125 0.253125 0.021875 0.022916666666666665
1 0.953125 0.23645833333333333 0.021875 0.022916666666666665
1 0.978125 0.20729166666666668 0.01875 0.027083333333333334
1 0.98984375 0.18229166666666666 0.0203125 0.027083333333333334
1 0.88359375 0.3416666666666667 0.0265625 0.03333333333333333
1 0.91875 0.3104166666666667 0.025 0.03333333333333333
1 0.93828125 0.28125 0.0265625 0.03333333333333333
1 0.96328125 0.2520833333333333 0.0171875 0.020833333333333332
1 0.984375 0.234375 0.021875 0.01875
1 0.9078125 0.35520833333333335 0.034375 0.035416666666666666
1 0.9359375 0.325 0.025 0.029166666666666667
1 0.99375 0.3260416666666667 0.0125 0.01875
1 0.9890625 0.2708333333333333 0.015625 0.020833333333333332

5 0.92890625 0.7322916666666667 0.0203125 0.027083333333333334
5 0.7828125 0.428125 0.009375 0.01875
4 0.81015625 0.3572916666666667 0.0109375 0.01875
5 0.61875 0.022916666666666665 0.00625 0.008333333333333333
5 0.4453125 0.7958333333333333 0.015625 0.020833333333333332
5 0.4921875 0.8 0.015625 0.025
4 0.46640625 0.775 0.0109375 0.016666666666666666
4 0.3796875 0.4625 0.009375 0.008333333333333333
4 0.42109375 0.23125 0.0078125 0.016666666666666666
4 0.41171875 0.4895833333333333 0.0078125 0.016666666666666666
4 0.40234375 0.484375 0.0078125 0.010416666666666666
4 0.8203125 0.13333333333333333 0.00625 0.0125
1 0.44296875 0.26458333333333334 0.0359375 0.020833333333333332
1 0.44140625 0.24895833333333334 0.0296875 0.01875
