1 0.53515625 0.12708333333333333 0.0140625 0.020833333333333332
1 0.6859375 0.5604166666666667 0.015625 0.008333333333333333
1 0.6484375 0.3645833333333333 0.015625 0.020833333333333332
1 0.6203125 0.29270833333333335 0.01875 0.027083333333333334
1 0.55390625 0.17083333333333334 0.0140625 0.0375
1 0.5546875 0.15729166666666666 0.0125 0.01875
1 0.6546875 0.34791666666666665 0.025 0.025
1 0.6046875 0.2635416666666667 0.01875 0.03125
1 0.603125 0.26145833333333335 0.01875 0.03125
1 0.55234375 0.175 0.0171875 0.03333333333333333
3 0.5765625 0.153125 0.01875 0.03125
1 0.5671875 0.11979166666666667 0.015625 0.022916666666666665
1 0.3796875 0.08125 0.03125 0.016666666666666666
1 0.38046875 0.06875 0.0296875 0.016666666666666666
1 0.5578125 0.013541666666666667 0.015625 0.01875
1 0.5578125 0.013541666666666667 0.015625 0.022916666666666665
1 0.5234375 0.07916666666666666 0.028125 0.029166666666666667
1 0.5578125 0.0125 0.015625 0.020833333333333332
1 0.77265625 0.007291666666666667 0.0140625 0.014583333333333334
5 0.65234375 0.11354166666666667 0.0078125 0.014583333333333334
1 0.6640625 0.12291666666666666 0.0125 0.020833333333333332
1 0.65 0.090625 0.0125 0.014583333333333334
5 0.76015625 0.30833333333333335 0.0171875 0.020833333333333332
5 0.7859375 0.2760416666666667 0.009375 0.027083333333333334
5 0.86640625 0.22708333333333333 0.0140625 0.0125
5 0.846875 0.21041666666666667 0.009375 0.0125
5 0.85390625 0.19791666666666666 0.0078125 0.008333333333333333
5 0.88671875 0.159375 0.0078125 0.014583333333333334
1 0.8203125 0.26875 0.025 0.020833333333333332
1 0.84375 0.25 0.028125 0.029166666666666667
1 0.8671875 0.22395833333333334 0.01875 0.01875
1 0.88984375 0.203125 0.0203125 0.022916666666666665
1 0.9078125 0.17916666666666667 0.021875 0.025
3 0.9375 0.146875 0.03125 0.052083333333333336
1 0.9484375 0.11458333333333333 0.015625 0.020833333333333332
1 0.97265625 0.10104166666666667 0.0109375 0.010416666666666666
1 0.9828125 0.08645833333333333 0.01875 0.014583333333333334
1 0.9953125 0.10104166666666667 0.009375 0.01875
1 0.97421875 0.13645833333333332 0.0171875 0.03125
1 0.95625 0.159375 0.01875 0.022916666666666665
1 0.928125 0.19166666666666668 0.015625 0.016666666666666666
1 0.91015625 0.21458333333333332 0.0203125 0.029166666666666667
1 0.884375 0.2375 0.015625 0.020833333333333332
1 0.84765625 0.2520833333333333 0.0203125 0.025
1 0.8328125 0.2875 0.028125 0.0375
1 0.8421875 0.3104166666666667 0.028125 0.03333333333333333
3 0.8765625 0.275 0.034375 0.041666666666666664
1 0.9078125 0.25104166666666666 0.025 0.027083333333333334
3 0.94453125 0.209375 0.0515625 0.04791666666666667
1 0.9703125 0.175 0.015625 0.020833333333333332
1 0.9875 0.15625 0.01875 0.025
1 0.875 0.31145833333333334 0.025 0.03125
1 0.9078125 0.28125 0.021875 0.025
1 0.9265625 0.25729166666666664 0.021875 0.01875
1 0.946875 0.23958333333333334 0.015625 0.016666666666666666
1 0.97578125 0.20416666666666666 0.0171875 0.025
1 0.97265625 0.17708333333333334 0.0203125 0.020833333333333332
1 0.87734375 0.34375 0.0265625 0.029166666666666667
1 0.90859375 0.31666666666666665 0.0296875 0.03333333333333333
1 0.934375 0.28229166666666666 0.021875 0.027083333333333334
1 0.9578125 0.25625 0.01875 0.020833333333333332
1 0.9765625 0.24166666666666667 0.01875 0.025
1 0.90625 0.35625 0.028125 0.03333333333333333
1 0.93203125 0.325 0.0203125 0.025

1 0.97421875 0.25625 0.0328125 0.016666666666666666


5 0.8015625 0.490625 0.0125 0.022916666666666665
4 0.7703125 0.31145833333333334 0.0125 0.014583333333333334
5 0.678125 0.04895833333333333 0.015625 0.03125

5 0.4546875 0.771875 0.034375 0.11875
4 0.43125 0.7166666666666667 0.0125 0.025
4 0.37578125 0.4625 0.0109375 0.008333333333333333
4 0.4203125 0.22604166666666667 0.009375 0.014583333333333334
4 0.41328125 0.4864583333333333 0.0078125 0.01875
4 0.4140625 0.47708333333333336 0.00625 0.0125
4 0.76875 0.134375 0.00625 0.010416666666666666
1 0.4375 0.26666666666666666 0.034375 0.020833333333333332
1 0.43515625 0.2520833333333333 0.0328125 0.016666666666666666
