1 0.534375 0.13229166666666667 0.015625 0.022916666666666665
1 0.6953125 0.5958333333333333 0.0125 0.008333333333333333
1 0.65 0.36875 0.01875 0.025
1 0.6265625 0.303125 0.021875 0.027083333333333334
1 0.55390625 0.171875 0.0140625 0.035416666666666666
1 0.55546875 0.16458333333333333 0.0140625 0.020833333333333332
1 0.66171875 0.359375 0.0265625 0.027083333333333334
1 0.60546875 0.271875 0.0203125 0.022916666666666665
1 0.6046875 0.26666666666666666 0.01875 0.029166666666666667
1 0.55390625 0.175 0.0140625 0.0375
3 0.5828125 0.17708333333333334 0.01875 0.03333333333333333
1 0.56875 0.12395833333333334 0.015625 0.022916666666666665
1 0.3796875 0.08229166666666667 0.03125 0.01875
1 0.38046875 0.07291666666666667 0.0328125 0.016666666666666666
1 0.55390625 0.005208333333333333 0.0140625 0.010416666666666666
1 0.55390625 0.005208333333333333 0.0140625 0.010416666666666666
1 0.521875 0.08020833333333334 0.021875 0.027083333333333334
1 0.55390625 0.007291666666666667 0.0140625 0.014583333333333334
1 0.665625 0.007291666666666667 0.221875 0.014583333333333334
5 0.65234375 0.1125 0.0078125 0.016666666666666666
1 0.6640625 0.12291666666666666 0.0125 0.020833333333333332
1 0.65 0.09166666666666666 0.0125 0.0125
5 0.76015625 0.30833333333333335 0.0171875 0.020833333333333332
5 0.78671875 0.27708333333333335 0.0109375 0.029166666666666667
5 0.86640625 0.22708333333333333 0.0140625 0.0125
5 0.846875 0.21145833333333333 0.009375 0.010416666666666666
5 0.85390625 0.19895833333333332 0.0078125 0.00625
5 0.8875 0.159375 0.009375 0.014583333333333334
1 0.8203125 0.26875 0.025 0.020833333333333332
1 0.84375 0.25 0.028125 0.029166666666666667
1 0.8671875 0.22395833333333334 0.01875 0.01875
1 0.88984375 0.203125 0.0203125 0.022916666666666665
1 0.9078125 0.17916666666666667 0.021875 0.025
3 0.93671875 0.14791666666666667 0.0296875 0.05
1 0.9484375 0.11354166666666667 0.015625 0.022916666666666665
1 0.97265625 0.10104166666666667 0.0109375 0.010416666666666666
1 0.9828125 0.08645833333333333 0.01875 0.014583333333333334
1 0.9953125 0.10104166666666667 0.009375 0.01875
1 0.97421875 0.1375 0.0171875 0.029166666666666667
1 0.95625 0.159375 0.01875 0.022916666666666665
1 0.928125 0.19166666666666668 0.015625 0.016666666666666666
1 0.9078125 0.215625 0.028125 0.03125
1 0.884375 0.2375 0.015625 0.020833333333333332
1 0.8421875 0.25625 0.025 0.025
1 0.83359375 0.2875 0.0296875 0.0375
1 0.8421875 0.3104166666666667 0.028125 0.03333333333333333
3 0.87578125 0.275 0.0328125 0.041666666666666664
1 0.90703125 0.25104166666666666 0.0234375 0.027083333333333334
3 0.94375 0.21041666666666667 0.05 0.04583333333333333
1 0.9703125 0.175 0.015625 0.020833333333333332
1 0.98828125 0.153125 0.0203125 0.03125
1 0.87421875 0.3145833333333333 0.0265625 0.029166666666666667
1 0.9078125 0.28125 0.021875 0.025
1 0.92578125 0.25729166666666664 0.0203125 0.01875
1 0.946875 0.23958333333333334 0.01875 0.016666666666666666
1 0.97578125 0.20416666666666666 0.0171875 0.025
1 0.975 0.17604166666666668 0.015625 0.01875
1 0.878125 0.3416666666666667 0.025 0.029166666666666667
1 0.9078125 0.31666666666666665 0.03125 0.03333333333333333
1 0.934375 0.28229166666666666 0.021875 0.027083333333333334
1 0.9578125 0.25625 0.01875 0.020833333333333332
1 0.9765625 0.24166666666666667 0.01875 0.025
1 0.90625 0.35625 0.028125 0.03333333333333333
1 0.928125 0.32916666666666666 0.025 0.029166666666666667

1 0.9703125 0.25625 0.025 0.016666666666666666


5 0.80859375 0.49583333333333335 0.0140625 0.020833333333333332
4 0.7703125 0.31145833333333334 0.0125 0.014583333333333334
5 0.67734375 0.04791666666666667 0.0171875 0.029166666666666667

5 0.45390625 0.7625 0.0390625 0.12083333333333333
4 0.43046875 0.7104166666666667 0.0109375 0.025
4 0.3734375 0.4625 0.009375 0.008333333333333333
4 0.4203125 0.225 0.009375 0.0125
4 0.41328125 0.4864583333333333 0.0078125 0.01875
4 0.4140625 0.47708333333333336 0.00625 0.0125
4 0.76796875 0.134375 0.0078125 0.010416666666666666
1 0.4375 0.2677083333333333 0.034375 0.022916666666666665
1 0.434375 0.2520833333333333 0.03125 0.016666666666666666
