1 0.53515625 0.13333333333333333 0.0140625 0.025
1 0.69765625 0.6072916666666667 0.0171875 0.010416666666666666
1 0.65078125 0.37083333333333335 0.0203125 0.020833333333333332
1 0.63046875 0.30625 0.0171875 0.029166666666666667
1 0.55703125 0.16458333333333333 0.0109375 0.020833333333333332
1 0.5546875 0.16666666666666666 0.0125 0.020833333333333332
1 0.66484375 0.36041666666666666 0.0265625 0.025
1 0.60625 0.27395833333333336 0.01875 0.022916666666666665
1 0.60546875 0.2625 0.0171875 0.025
1 0.5546875 0.175 0.015625 0.0375
3 0.584375 0.17708333333333334 0.015625 0.0375
1 0.56875 0.125 0.015625 0.020833333333333332
1 0.3796875 0.08229166666666667 0.03125 0.01875
1 0.38046875 0.06875 0.0296875 0.016666666666666666
1 0.553125 0.003125 0.0125 0.00625
1 0.553125 0.004166666666666667 0.0125 0.008333333333333333
1 0.52109375 0.08020833333333334 0.0234375 0.027083333333333334
1 0.553125 0.007291666666666667 0.0125 0.014583333333333334
1 0.77265625 0.007291666666666667 0.0140625 0.014583333333333334
5 0.653125 0.11354166666666667 0.00625 0.014583333333333334
1 0.6640625 0.12291666666666666 0.0125 0.020833333333333332
1 0.65 0.09166666666666666 0.0125 0.0125
5 0.76015625 0.30833333333333335 0.0171875 0.020833333333333332
5 0.78671875 0.278125 0.0109375 0.03125
5 0.86640625 0.22708333333333333 0.0140625 0.0125
5 0.846875 0.21041666666666667 0.009375 0.0125
5 0.8546875 0.19791666666666666 0.00625 0.008333333333333333
5 0.884375 0.1625 0.009375 0.016666666666666666
1 0.8203125 0.26979166666666665 0.025 0.022916666666666665
1 0.84375 0.25 0.028125 0.029166666666666667
1 0.8671875 0.22395833333333334 0.01875 0.01875
1 0.88984375 0.203125 0.0203125 0.022916666666666665
1 0.9078125 0.17916666666666667 0.021875 0.025
3 0.9375 0.14791666666666667 0.03125 0.05
1 0.94921875 0.11354166666666667 0.0140625 0.022916666666666665
1 0.97265625 0.10104166666666667 0.0109375 0.010416666666666666
1 0.98125 0.08645833333333333 0.01875 0.014583333333333334
1 0.996875 0.1 0.00625 0.016666666666666666
1 0.97421875 0.13645833333333332 0.0171875 0.027083333333333334
1 0.95546875 0.16145833333333334 0.0203125 0.022916666666666665
1 0.928125 0.19166666666666668 0.015625 0.016666666666666666
1 0.9078125 0.215625 0.028125 0.03125
1 0.884375 0.2375 0.015625 0.020833333333333332
1 0.84140625 0.25729166666666664 0.0234375 0.022916666666666665
1 0.83203125 0.2875 0.0296875 0.0375
1 0.8421875 0.3104166666666667 0.028125 0.03333333333333333
3 0.87578125 0.275 0.0328125 0.041666666666666664
1 0.90703125 0.25104166666666666 0.0234375 0.027083333333333334
3 0.94375 0.20833333333333334 0.04375 0.04583333333333333
1 0.9703125 0.175 0.015625 0.020833333333333332
1 0.9875 0.15208333333333332 0.01875 0.029166666666666667
1 0.875 0.3125 0.025 0.029166666666666667
1 0.9078125 0.28125 0.021875 0.025
1 0.9265625 0.25729166666666664 0.021875 0.01875
1 0.94765625 0.23958333333333334 0.0171875 0.016666666666666666
1 0.9734375 0.20729166666666668 0.01875 0.027083333333333334
1 0.975 0.175 0.015625 0.016666666666666666
1 0.87890625 0.3416666666666667 0.0265625 0.029166666666666667
1 0.9078125 0.31666666666666665 0.03125 0.03333333333333333
1 0.93359375 0.284375 0.0265625 0.03125
1 0.9578125 0.25625 0.01875 0.020833333333333332
1 0.9765625 0.24166666666666667 0.01875 0.025
1 0.90625 0.35625 0.028125 0.03333333333333333
1 0.93125 0.3260416666666667 0.021875 0.027083333333333334

1 0.9703125 0.25625 0.025 0.016666666666666666


5 0.81015625 0.49583333333333335 0.0140625 0.020833333333333332
4 0.7703125 0.31145833333333334 0.0125 0.014583333333333334
5 0.67734375 0.046875 0.0171875 0.03125

5 0.45234375 0.7614583333333333 0.0421875 0.12291666666666666
4 0.43046875 0.7104166666666667 0.0109375 0.025
4 0.3734375 0.4625 0.009375 0.008333333333333333
4 0.4203125 0.225 0.009375 0.0125
4 0.41328125 0.4875 0.0078125 0.020833333333333332
4 0.4140625 0.47708333333333336 0.00625 0.0125
4 0.76796875 0.134375 0.0078125 0.010416666666666666
1 0.4375 0.2677083333333333 0.034375 0.022916666666666665
1 0.434375 0.253125 0.03125 0.01875
