1 0.53515625 0.13541666666666666 0.0140625 0.025
1 0.70546875 0.6291666666666667 0.0109375 0.008333333333333333
1 0.6640625 0.3770833333333333 0.015625 0.020833333333333332
1 0.634375 0.3072916666666667 0.01875 0.027083333333333334
1 0.55703125 0.16979166666666667 0.0109375 0.022916666666666665
1 0.55703125 0.16875 0.0140625 0.020833333333333332
1 0.66953125 0.3645833333333333 0.0265625 0.025
1 0.60546875 0.28541666666666665 0.0203125 0.020833333333333332
1 0.6078125 0.275 0.01875 0.03333333333333333
1 0.55859375 0.16770833333333332 0.0109375 0.01875
3 0.5859375 0.18958333333333333 0.01875 0.029166666666666667
1 0.56953125 0.128125 0.0140625 0.022916666666666665
1 0.3796875 0.08229166666666667 0.03125 0.01875
1 0.38046875 0.07291666666666667 0.0328125 0.016666666666666666


1 0.52109375 0.08020833333333334 0.0234375 0.027083333333333334

1 0.77109375 0.007291666666666667 0.0109375 0.014583333333333334
5 0.653125 0.11354166666666667 0.00625 0.01875
1 0.6640625 0.12291666666666666 0.0125 0.020833333333333332
1 0.65 0.09166666666666666 0.0125 0.0125
5 0.76015625 0.30833333333333335 0.0171875 0.020833333333333332
5 0.78671875 0.2791666666666667 0.0109375 0.03333333333333333
5 0.86640625 0.225 0.0140625 0.0125
5 0.84609375 0.21145833333333333 0.0078125 0.010416666666666666
5 0.8546875 0.19791666666666666 0.00625 0.008333333333333333
5 0.88671875 0.16041666666666668 0.0078125 0.016666666666666666
1 0.81953125 0.26979166666666665 0.0265625 0.022916666666666665
1 0.84375 0.25 0.028125 0.029166666666666667
1 0.8671875 0.22395833333333334 0.01875 0.01875
1 0.88984375 0.203125 0.0203125 0.022916666666666665
1 0.9078125 0.17916666666666667 0.021875 0.025
3 0.9359375 0.14791666666666667 0.03125 0.05
1 0.94921875 0.11458333333333333 0.0140625 0.020833333333333332
1 0.97265625 0.10104166666666667 0.0109375 0.010416666666666666
1 0.98125 0.08645833333333333 0.01875 0.014583333333333334
1 0.99609375 0.10104166666666667 0.0078125 0.01875
1 0.97421875 0.13645833333333332 0.0171875 0.027083333333333334
1 0.95625 0.16041666666666668 0.01875 0.020833333333333332
1 0.928125 0.19166666666666668 0.015625 0.016666666666666666
1 0.90703125 0.215625 0.0296875 0.03125
1 0.88515625 0.2375 0.0171875 0.020833333333333332
1 0.8421875 0.25833333333333336 0.025 0.025
1 0.83203125 0.2875 0.0296875 0.0375
1 0.8421875 0.3104166666666667 0.028125 0.03333333333333333
3 0.87578125 0.275 0.0328125 0.041666666666666664
1 0.9078125 0.25104166666666666 0.025 0.027083333333333334
3 0.94375 0.21041666666666667 0.05 0.04583333333333333
1 0.9703125 0.17604166666666668 0.015625 0.022916666666666665
1 0.9875 0.15520833333333334 0.01875 0.022916666666666665
1 0.875 0.3125 0.025 0.029166666666666667
1 0.9078125 0.28125 0.021875 0.025
1 0.92578125 0.25729166666666664 0.0203125 0.01875
1 0.946875 0.23958333333333334 0.01875 0.016666666666666666
1 0.975 0.20416666666666666 0.01875 0.025
1 0.975 0.17604166666666668 0.015625 0.014583333333333334
1 0.878125 0.3416666666666667 0.025 0.029166666666666667
1 0.91171875 0.3125 0.0265625 0.029166666666666667
1 0.934375 0.28229166666666666 0.021875 0.027083333333333334
1 0.9578125 0.25729166666666664 0.01875 0.022916666666666665
1 0.97890625 0.2375 0.0171875 0.020833333333333332
1 0.90625 0.35625 0.028125 0.03333333333333333
1 0.92890625 0.328125 0.0265625 0.03125

1 0.97578125 0.25416666666666665 0.0203125 0.020833333333333332


5 0.81875 0.5010416666666667 0.0125 0.022916666666666665
4 0.7703125 0.31145833333333334 0.009375 0.014583333333333334
5 0.67734375 0.046875 0.0171875 0.03125

5 0.4359375 0.7072916666666667 0.01875 0.035416666666666666
4 0.4296875 0.7072916666666667 0.0125 0.027083333333333334
4 0.3734375 0.4625 0.009375 0.008333333333333333
4 0.4203125 0.225 0.009375 0.0125
4 0.4125 0.48854166666666665 0.009375 0.01875
4 0.4140625 0.47708333333333336 0.00625 0.0125
4 0.76796875 0.134375 0.0078125 0.010416666666666666
1 0.43828125 0.2677083333333333 0.0359375 0.022916666666666665
1 0.43515625 0.253125 0.0328125 0.01875
