1 0.53515625 0.13645833333333332 0.0140625 0.022916666666666665
1 0.7078125 0.6447916666666667 0.015625 0.010416666666666666
1 0.66640625 0.378125 0.0171875 0.01875
1 0.634375 0.309375 0.01875 0.027083333333333334
1 0.5578125 0.17083333333333334 0.0125 0.020833333333333332
1 0.55625 0.17083333333333334 0.015625 0.020833333333333332
1 0.67109375 0.36666666666666664 0.0265625 0.025
1 0.60546875 0.28541666666666665 0.0203125 0.020833333333333332
1 0.6078125 0.265625 0.015625 0.027083333333333334
1 0.55859375 0.16770833333333332 0.0140625 0.01875
3 0.5875 0.19166666666666668 0.01875 0.029166666666666667
1 0.57109375 0.12916666666666668 0.0140625 0.020833333333333332
1 0.38046875 0.08125 0.0328125 0.016666666666666666
1 0.38125 0.071875 0.03125 0.014583333333333334


1 0.52578125 0.08020833333333334 0.0234375 0.027083333333333334

1 0.77109375 0.00625 0.0109375 0.0125
5 0.653125 0.1125 0.00625 0.016666666666666666
1 0.6640625 0.12395833333333334 0.0125 0.022916666666666665
1 0.65 0.09166666666666666 0.0125 0.0125
5 0.76015625 0.30833333333333335 0.0171875 0.020833333333333332
5 0.78671875 0.28020833333333334 0.0109375 0.03125
5 0.86640625 0.22708333333333333 0.0140625 0.0125
5 0.846875 0.21041666666666667 0.009375 0.0125
5 0.8546875 0.19791666666666666 0.00625 0.008333333333333333
5 0.88203125 0.16458333333333333 0.0109375 0.016666666666666666
1 0.8203125 0.26979166666666665 0.025 0.022916666666666665
1 0.84375 0.25 0.028125 0.029166666666666667
1 0.8671875 0.22395833333333334 0.01875 0.01875
1 0.88984375 0.203125 0.0203125 0.022916666666666665
1 0.9078125 0.17916666666666667 0.021875 0.025
3 0.9359375 0.14791666666666667 0.03125 0.05
1 0.94921875 0.11458333333333333 0.0140625 0.020833333333333332
1 0.97265625 0.10104166666666667 0.0109375 0.010416666666666666
1 0.98203125 0.08645833333333333 0.0171875 0.014583333333333334
1 0.996875 0.1 0.00625 0.016666666666666666
1 0.97421875 0.13645833333333332 0.0171875 0.027083333333333334
1 0.95625 0.16041666666666668 0.01875 0.020833333333333332
1 0.928125 0.19270833333333334 0.015625 0.01875
1 0.90703125 0.21666666666666667 0.0296875 0.03333333333333333
1 0.884375 0.2375 0.015625 0.020833333333333332
1 0.8390625 0.259375 0.01875 0.022916666666666665
1 0.83203125 0.28854166666666664 0.0296875 0.035416666666666666
1 0.84140625 0.3104166666666667 0.0296875 0.03333333333333333
3 0.875 0.275 0.034375 0.041666666666666664
1 0.90703125 0.25104166666666666 0.0234375 0.027083333333333334
3 0.94453125 0.20729166666666668 0.0453125 0.052083333333333336
1 0.9703125 0.175 0.015625 0.020833333333333332
1 0.9875 0.15520833333333334 0.01875 0.022916666666666665
1 0.875 0.31145833333333334 0.025 0.03125
1 0.9078125 0.28125 0.021875 0.025
1 0.92578125 0.25729166666666664 0.0203125 0.01875
1 0.94765625 0.23958333333333334 0.0171875 0.016666666666666666
1 0.975 0.20416666666666666 0.01875 0.025
1 0.975 0.175 0.015625 0.016666666666666666
1 0.87890625 0.3416666666666667 0.0265625 0.029166666666666667
1 0.91171875 0.3125 0.0265625 0.029166666666666667
1 0.934375 0.28229166666666666 0.021875 0.027083333333333334
1 0.9578125 0.25833333333333336 0.01875 0.020833333333333332
1 0.97890625 0.2375 0.0171875 0.020833333333333332
1 0.90625 0.3572916666666667 0.028125 0.035416666666666666
1 0.92890625 0.328125 0.0265625 0.03125

1 0.9703125 0.25625 0.025 0.016666666666666666


5 0.8203125 0.5020833333333333 0.0125 0.020833333333333332
4 0.7703125 0.31145833333333334 0.009375 0.014583333333333334
5 0.67578125 0.036458333333333336 0.0109375 0.014583333333333334
5 0.46484375 0.8083333333333333 0.0203125 0.020833333333333332
5 0.43515625 0.70625 0.0203125 0.0375
4 0.42890625 0.7072916666666667 0.0109375 0.03125
4 0.3734375 0.4625 0.009375 0.008333333333333333
4 0.4203125 0.225 0.009375 0.0125
4 0.4125 0.48854166666666665 0.009375 0.01875
4 0.4140625 0.47708333333333336 0.00625 0.0125
4 0.76796875 0.134375 0.0078125 0.010416666666666666
1 0.4375 0.2677083333333333 0.034375 0.022916666666666665
1 0.43515625 0.253125 0.0328125 0.01875
