1 0.53515625 0.13645833333333332 0.0140625 0.022916666666666665
1 0.71015625 0.6458333333333334 0.0109375 0.008333333333333333
1 0.66328125 0.37916666666666665 0.0171875 0.020833333333333332
1 0.6359375 0.31145833333333334 0.01875 0.027083333333333334
1 0.5578125 0.171875 0.0125 0.022916666666666665
1 0.55625 0.171875 0.015625 0.01875
1 0.67109375 0.36770833333333336 0.0265625 0.022916666666666665
1 0.60703125 0.2864583333333333 0.0171875 0.01875
1 0.6078125 0.2677083333333333 0.015625 0.027083333333333334
1 0.55859375 0.171875 0.0140625 0.022916666666666665
3 0.5875 0.19270833333333334 0.01875 0.03125
1 0.57109375 0.12916666666666668 0.0140625 0.020833333333333332
1 0.3796875 0.08229166666666667 0.03125 0.01875
1 0.38046875 0.06875 0.0296875 0.016666666666666666


1 0.5265625 0.08020833333333334 0.025 0.027083333333333334

1 0.77109375 0.00625 0.0109375 0.0125
5 0.653125 0.12083333333333333 0.00625 0.016666666666666666
1 0.6640625 0.12395833333333334 0.0125 0.022916666666666665
1 0.65 0.09166666666666666 0.0125 0.0125
5 0.76015625 0.30833333333333335 0.0171875 0.020833333333333332
5 0.78671875 0.28229166666666666 0.0109375 0.027083333333333334
5 0.86640625 0.22604166666666667 0.0140625 0.010416666666666666
5 0.846875 0.21145833333333333 0.009375 0.010416666666666666
5 0.8546875 0.19791666666666666 0.00625 0.008333333333333333
5 0.8828125 0.16458333333333333 0.0125 0.016666666666666666
1 0.8203125 0.26979166666666665 0.025 0.022916666666666665
1 0.84375 0.25 0.028125 0.029166666666666667
1 0.8671875 0.22395833333333334 0.01875 0.01875
1 0.88984375 0.203125 0.0203125 0.022916666666666665
1 0.90703125 0.17916666666666667 0.0234375 0.025
3 0.9375 0.146875 0.03125 0.052083333333333336
1 0.94921875 0.11354166666666667 0.0140625 0.022916666666666665
1 0.97265625 0.10104166666666667 0.0109375 0.010416666666666666
1 0.98125 0.08645833333333333 0.01875 0.014583333333333334
1 0.996875 0.1 0.00625 0.016666666666666666
1 0.97421875 0.13645833333333332 0.0171875 0.027083333333333334
1 0.95625 0.16041666666666668 0.01875 0.020833333333333332
1 0.92734375 0.19166666666666668 0.0171875 0.016666666666666666
1 0.90625 0.21770833333333334 0.028125 0.03125
1 0.884375 0.2375 0.015625 0.020833333333333332
1 0.8484375 0.2520833333333333 0.01875 0.025
1 0.83203125 0.2875 0.0296875 0.0375
1 0.84140625 0.3104166666666667 0.0296875 0.03333333333333333
3 0.87578125 0.2760416666666667 0.0328125 0.03958333333333333
1 0.90703125 0.2520833333333333 0.0234375 0.025
3 0.94296875 0.21041666666666667 0.0515625 0.04583333333333333
1 0.9703125 0.175 0.015625 0.020833333333333332
1 0.9875 0.15520833333333334 0.01875 0.022916666666666665
1 0.875 0.31145833333333334 0.025 0.03125
1 0.9078125 0.28229166666666666 0.021875 0.027083333333333334
1 0.92578125 0.25729166666666664 0.0203125 0.01875
1 0.946875 0.23958333333333334 0.01875 0.016666666666666666
1 0.975 0.20416666666666666 0.01875 0.025
1 0.975 0.17604166666666668 0.015625 0.014583333333333334
1 0.878125 0.3416666666666667 0.025 0.029166666666666667
1 0.9078125 0.31666666666666665 0.03125 0.03333333333333333
1 0.934375 0.28229166666666666 0.021875 0.027083333333333334
1 0.9578125 0.25833333333333336 0.01875 0.020833333333333332
1 0.97890625 0.2375 0.0171875 0.020833333333333332
1 0.90625 0.35625 0.028125 0.03333333333333333
1 0.92890625 0.328125 0.0265625 0.03125

1 0.98125 0.246875 0.021875 0.01875


5 0.82109375 0.5041666666666667 0.0140625 0.020833333333333332
4 0.76953125 0.31145833333333334 0.0109375 0.014583333333333334
5 0.67578125 0.036458333333333336 0.0109375 0.014583333333333334
5 0.5234375 0.7791666666666667 0.0375 0.025
5 0.44453125 0.75 0.0390625 0.125
4 0.42890625 0.7072916666666667 0.0109375 0.03125
4 0.3734375 0.4625 0.009375 0.008333333333333333
4 0.4203125 0.225 0.009375 0.0125
4 0.41171875 0.4895833333333333 0.0078125 0.016666666666666666
4 0.4140625 0.47708333333333336 0.00625 0.0125
4 0.76875 0.134375 0.00625 0.010416666666666666
1 0.43828125 0.2677083333333333 0.0359375 0.022916666666666665
1 0.43515625 0.253125 0.0328125 0.01875
