1 0.53515625 0.13854166666666667 0.0140625 0.022916666666666665
1 0.71171875 0.6583333333333333 0.0140625 0.008333333333333333
1 0.6640625 0.38125 0.01875 0.020833333333333332
1 0.6359375 0.3145833333333333 0.021875 0.025
1 0.5578125 0.17291666666666666 0.0125 0.020833333333333332
1 0.55625 0.17604166666666668 0.015625 0.01875
1 0.67421875 0.36875 0.0265625 0.025
1 0.60703125 0.28958333333333336 0.0171875 0.020833333333333332
1 0.60859375 0.2708333333333333 0.0171875 0.025
1 0.55859375 0.17395833333333333 0.0140625 0.022916666666666665
3 0.584375 0.17291666666666666 0.015625 0.029166666666666667
1 0.57109375 0.13333333333333333 0.0140625 0.020833333333333332
1 0.37890625 0.08229166666666667 0.0328125 0.01875
1 0.38046875 0.06875 0.0296875 0.016666666666666666


1 0.528125 0.08020833333333334 0.025 0.027083333333333334

1 0.77109375 0.007291666666666667 0.0109375 0.014583333333333334
5 0.653125 0.1125 0.00625 0.016666666666666666
1 0.6640625 0.12395833333333334 0.0125 0.022916666666666665
1 0.65 0.09166666666666666 0.0125 0.0125
5 0.759375 0.30833333333333335 0.01875 0.020833333333333332
5 0.78515625 0.28229166666666666 0.0109375 0.027083333333333334
5 0.86640625 0.225 0.0140625 0.0125
5 0.84609375 0.21041666666666667 0.0078125 0.0125
5 0.8546875 0.19791666666666666 0.00625 0.008333333333333333
5 0.8859375 0.16041666666666668 0.009375 0.016666666666666666
1 0.8203125 0.26979166666666665 0.025 0.022916666666666665
1 0.846875 0.24583333333333332 0.021875 0.020833333333333332
1 0.8671875 0.22395833333333334 0.01875 0.01875
1 0.88828125 0.203125 0.0203125 0.022916666666666665
1 0.90703125 0.17916666666666667 0.0234375 0.025
3 0.93671875 0.14791666666666667 0.0328125 0.05
1 0.94921875 0.11458333333333333 0.0140625 0.020833333333333332
1 0.97265625 0.10104166666666667 0.0109375 0.010416666666666666
1 0.98125 0.08645833333333333 0.01875 0.014583333333333334
1 0.996875 0.1 0.00625 0.016666666666666666
1 0.97421875 0.13645833333333332 0.0171875 0.027083333333333334
1 0.95625 0.159375 0.01875 0.022916666666666665
1 0.928125 0.19166666666666668 0.015625 0.016666666666666666
1 0.90546875 0.21354166666666666 0.0265625 0.027083333333333334
1 0.88515625 0.2375 0.0171875 0.020833333333333332
1 0.8375 0.25833333333333336 0.01875 0.020833333333333332
1 0.83203125 0.28854166666666664 0.0296875 0.035416666666666666
1 0.84140625 0.3104166666666667 0.0296875 0.03333333333333333
3 0.875 0.2760416666666667 0.034375 0.03958333333333333
1 0.90703125 0.2520833333333333 0.0234375 0.025
3 0.9421875 0.21041666666666667 0.05 0.04583333333333333
1 0.9703125 0.17708333333333334 0.015625 0.020833333333333332
1 0.98671875 0.15520833333333334 0.0203125 0.022916666666666665
1 0.875 0.31145833333333334 0.025 0.03125
1 0.90703125 0.28125 0.0234375 0.025
1 0.92578125 0.25729166666666664 0.0203125 0.01875
1 0.94609375 0.23958333333333334 0.0171875 0.016666666666666666
1 0.975 0.20416666666666666 0.01875 0.025
1 0.97421875 0.17708333333333334 0.0203125 0.020833333333333332
1 0.878125 0.34270833333333334 0.025 0.027083333333333334
1 0.9078125 0.3177083333333333 0.03125 0.035416666666666666
1 0.9328125 0.2875 0.025 0.03333333333333333
1 0.9578125 0.25833333333333336 0.01875 0.020833333333333332
1 0.97890625 0.2375 0.0171875 0.020833333333333332
1 0.90546875 0.35625 0.0296875 0.03333333333333333
1 0.92890625 0.32916666666666666 0.0265625 0.029166666666666667

1 0.98203125 0.24583333333333332 0.0234375 0.020833333333333332


5 0.825 0.5052083333333334 0.0125 0.022916666666666665
4 0.76953125 0.31145833333333334 0.0109375 0.014583333333333334
5 0.67578125 0.036458333333333336 0.0109375 0.014583333333333334
5 0.51171875 0.7864583333333334 0.0140625 0.022916666666666665
5 0.44375 0.7479166666666667 0.034375 0.1125
4 0.428125 0.7072916666666667 0.0125 0.035416666666666666
4 0.37421875 0.4625 0.0078125 0.008333333333333333
4 0.4203125 0.225 0.009375 0.0125
4 0.4125 0.48854166666666665 0.009375 0.01875
4 0.4140625 0.47708333333333336 0.00625 0.0125
4 0.76796875 0.134375 0.0078125 0.010416666666666666
1 0.4375 0.2677083333333333 0.034375 0.022916666666666665
1 0.434375 0.253125 0.03125 0.01875
