1 0.53671875 0.140625 0.0140625 0.022916666666666665
1 0.71875 0.675 0.009375 0.008333333333333333
1 0.67890625 0.3875 0.0140625 0.016666666666666666
1 0.64453125 0.3229166666666667 0.0140625 0.025
1 0.55859375 0.17395833333333333 0.0140625 0.01875
1 0.5546875 0.18541666666666667 0.015625 0.025
1 0.67890625 0.375 0.0234375 0.020833333333333332
1 0.61484375 0.2989583333333333 0.0171875 0.022916666666666665
1 0.61015625 0.284375 0.0171875 0.03125
1 0.55859375 0.17604166666666668 0.0140625 0.022916666666666665
3 0.5875 0.19166666666666668 0.01875 0.03333333333333333
1 0.57109375 0.13541666666666666 0.0140625 0.020833333333333332
1 0.3796875 0.08229166666666667 0.03125 0.01875
1 0.38046875 0.06875 0.0296875 0.016666666666666666


1 0.52890625 0.08125 0.0265625 0.029166666666666667

1 0.771875 0.007291666666666667 0.0125 0.014583333333333334
5 0.653125 0.11354166666666667 0.00625 0.014583333333333334
1 0.6640625 0.12395833333333334 0.0125 0.022916666666666665
1 0.65 0.09166666666666666 0.0125 0.0125
5 0.75859375 0.30833333333333335 0.0171875 0.020833333333333332
5 0.78515625 0.28229166666666666 0.0109375 0.027083333333333334
5 0.865625 0.225 0.0125 0.0125
5 0.84609375 0.21041666666666667 0.0078125 0.0125
5 0.8546875 0.19791666666666666 0.00625 0.008333333333333333
5 0.88203125 0.16666666666666666 0.0109375 0.016666666666666666
1 0.81953125 0.26979166666666665 0.0265625 0.022916666666666665
1 0.84375 0.25 0.028125 0.029166666666666667
1 0.8671875 0.22395833333333334 0.01875 0.01875
1 0.88828125 0.203125 0.0203125 0.022916666666666665
1 0.909375 0.17708333333333334 0.021875 0.025
3 0.93671875 0.14791666666666667 0.0328125 0.05
1 0.94921875 0.11458333333333333 0.0140625 0.020833333333333332
1 0.97265625 0.10208333333333333 0.0109375 0.0125
1 0.98125 0.0875 0.01875 0.0125
1 0.99609375 0.1 0.0078125 0.016666666666666666
1 0.97421875 0.13645833333333332 0.0171875 0.027083333333333334
1 0.95546875 0.1625 0.0203125 0.025
1 0.92734375 0.19270833333333334 0.0171875 0.01875
1 0.90546875 0.21666666666666667 0.0265625 0.025
1 0.884375 0.2375 0.015625 0.020833333333333332
1 0.84921875 0.2520833333333333 0.0203125 0.025
1 0.83203125 0.28854166666666664 0.0296875 0.035416666666666666
1 0.84140625 0.3104166666666667 0.0296875 0.03333333333333333
3 0.875 0.2760416666666667 0.034375 0.03958333333333333
1 0.90703125 0.2520833333333333 0.0234375 0.025
3 0.94453125 0.20729166666666668 0.0453125 0.052083333333333336
1 0.9703125 0.17708333333333334 0.015625 0.020833333333333332
1 0.98671875 0.15625 0.0203125 0.025
1 0.875 0.3104166666666667 0.025 0.03333333333333333
1 0.90703125 0.28229166666666666 0.0234375 0.027083333333333334
1 0.92578125 0.25729166666666664 0.0203125 0.01875
1 0.94609375 0.23958333333333334 0.0171875 0.016666666666666666
1 0.975 0.20416666666666666 0.01875 0.025
1 0.9734375 0.17708333333333334 0.01875 0.020833333333333332
1 0.878125 0.34270833333333334 0.025 0.027083333333333334
1 0.9109375 0.3125 0.025 0.029166666666666667
1 0.93359375 0.28229166666666666 0.0234375 0.027083333333333334
1 0.9578125 0.25833333333333336 0.01875 0.020833333333333332
1 0.97890625 0.23645833333333333 0.0171875 0.01875
1 0.90625 0.35625 0.028125 0.03333333333333333
1 0.928125 0.32916666666666666 0.025 0.029166666666666667

1 0.96953125 0.25729166666666664 0.0234375 0.01875


5 0.8296875 0.5083333333333333 0.0125 0.020833333333333332
4 0.76953125 0.3125 0.0109375 0.0125
5 0.6765625 0.035416666666666666 0.009375 0.0125
5 0.51640625 0.7916666666666666 0.0109375 0.0125
5 0.5140625 0.7916666666666666 0.01875 0.020833333333333332
4 0.428125 0.6979166666666666 0.009375 0.025
4 0.3734375 0.4625 0.009375 0.008333333333333333
4 0.4203125 0.225 0.009375 0.0125
4 0.41171875 0.4875 0.0078125 0.020833333333333332
4 0.4140625 0.47604166666666664 0.00625 0.010416666666666666
4 0.76640625 0.134375 0.0046875 0.010416666666666666
1 0.4375 0.2677083333333333 0.034375 0.022916666666666665
1 0.43515625 0.253125 0.0328125 0.01875
