1 0.53671875 0.14375 0.0140625 0.020833333333333332
1 0.72265625 0.696875 0.0140625 0.010416666666666666
1 0.68125 0.396875 0.015625 0.022916666666666665
1 0.64609375 0.328125 0.0171875 0.027083333333333334
1 0.5609375 0.17708333333333334 0.0125 0.016666666666666666
1 0.5546875 0.18958333333333333 0.0125 0.025
1 0.68203125 0.3802083333333333 0.0265625 0.022916666666666665
1 0.6171875 0.290625 0.015625 0.027083333333333334
1 0.61328125 0.28229166666666666 0.0140625 0.022916666666666665
1 0.559375 0.178125 0.0125 0.01875
3 0.58515625 0.178125 0.0140625 0.027083333333333334
1 0.571875 0.13958333333333334 0.015625 0.020833333333333332
1 0.378125 0.08125 0.03125 0.016666666666666666
1 0.3796875 0.071875 0.03125 0.014583333333333334
1 0.57421875 0.14166666666666666 0.0140625 0.016666666666666666
1 0.5734375 0.14583333333333334 0.00625 0.008333333333333333
1 0.5296875 0.08125 0.025 0.029166666666666667

1 0.77109375 0.007291666666666667 0.0109375 0.014583333333333334
5 0.65234375 0.12291666666666666 0.0078125 0.016666666666666666
1 0.66328125 0.12395833333333334 0.0140625 0.022916666666666665
1 0.65 0.09166666666666666 0.0125 0.0125
5 0.7609375 0.30520833333333336 0.015625 0.01875
5 0.784375 0.28229166666666666 0.0125 0.027083333333333334
5 0.865625 0.225 0.0125 0.0125
5 0.8453125 0.21041666666666667 0.009375 0.0125
5 0.8546875 0.19791666666666666 0.00625 0.008333333333333333
5 0.88125 0.16770833333333332 0.0125 0.01875
1 0.81953125 0.26979166666666665 0.0265625 0.022916666666666665
1 0.84375 0.25 0.028125 0.029166666666666667
1 0.8671875 0.22395833333333334 0.01875 0.01875
1 0.88828125 0.203125 0.0203125 0.022916666666666665
1 0.90703125 0.17916666666666667 0.0234375 0.025
3 0.93671875 0.14791666666666667 0.0328125 0.05
1 0.95078125 0.11458333333333333 0.0171875 0.020833333333333332
1 0.97265625 0.103125 0.0109375 0.010416666666666666
1 0.9796875 0.08854166666666667 0.01875 0.014583333333333334
1 0.996875 0.1 0.00625 0.016666666666666666
1 0.97265625 0.13645833333333332 0.0171875 0.027083333333333334
1 0.95625 0.16041666666666668 0.01875 0.020833333333333332
1 0.92734375 0.19375 0.0171875 0.016666666666666666
1 0.9015625 0.21979166666666666 0.025 0.027083333333333334
1 0.884375 0.2375 0.015625 0.020833333333333332
1 0.84140625 0.25729166666666664 0.0234375 0.022916666666666665
1 0.83203125 0.28854166666666664 0.0296875 0.035416666666666666
1 0.840625 0.3104166666666667 0.028125 0.03333333333333333
3 0.875 0.2760416666666667 0.034375 0.03958333333333333
1 0.90703125 0.2520833333333333 0.0234375 0.025
3 0.94296875 0.20729166666666668 0.0453125 0.052083333333333336
1 0.9703125 0.17708333333333334 0.015625 0.020833333333333332
1 0.98671875 0.15625 0.0203125 0.025
1 0.875 0.31145833333333334 0.025 0.03125
1 0.90625 0.28229166666666666 0.021875 0.027083333333333334
1 0.92578125 0.25729166666666664 0.0203125 0.01875
1 0.94609375 0.240625 0.0171875 0.01875
1 0.975 0.20416666666666666 0.01875 0.025
1 0.97421875 0.17708333333333334 0.0171875 0.016666666666666666
1 0.878125 0.34270833333333334 0.025 0.027083333333333334
1 0.9078125 0.31666666666666665 0.03125 0.03333333333333333
1 0.9328125 0.2875 0.025 0.03333333333333333
1 0.9578125 0.25833333333333336 0.01875 0.020833333333333332
1 0.97890625 0.23541666666666666 0.0171875 0.016666666666666666
1 0.90625 0.3572916666666667 0.028125 0.035416666666666666
1 0.92890625 0.3302083333333333 0.0265625 0.03125

1 0.975 0.2552083333333333 0.01875 0.01875


5 0.83515625 0.5125 0.0140625 0.020833333333333332
4 0.76953125 0.3125 0.0109375 0.0125
5 0.6765625 0.035416666666666666 0.009375 0.0125
5 0.553125 0.8052083333333333 0.0125 0.01875
5 0.51953125 0.8072916666666666 0.0203125 0.027083333333333334
4 0.428125 0.696875 0.009375 0.027083333333333334
4 0.3734375 0.4625 0.009375 0.008333333333333333
4 0.4203125 0.22395833333333334 0.009375 0.014583333333333334
4 0.4109375 0.48854166666666665 0.009375 0.01875
4 0.4140625 0.47604166666666664 0.00625 0.010416666666666666
4 0.76796875 0.134375 0.0078125 0.010416666666666666
1 0.4359375 0.2677083333333333 0.034375 0.022916666666666665
1 0.434375 0.246875 0.028125 0.01875
