1 0.53671875 0.12604166666666666 0.0171875 0.022916666666666665
1 0.5875 0.259375 0.01875 0.027083333333333334
1 0.5796875 0.23020833333333332 0.015625 0.022916666666666665
1 0.57109375 0.19270833333333334 0.0140625 0.027083333333333334
1 0.56484375 0.16145833333333334 0.0109375 0.01875
1 0.55703125 0.14479166666666668 0.0140625 0.014583333333333334
1 0.6078125 0.24895833333333334 0.01875 0.035416666666666666
1 0.5984375 0.21354166666666666 0.01875 0.027083333333333334
1 0.590625 0.18958333333333333 0.01875 0.025
1 0.5828125 0.165625 0.01875 0.022916666666666665
3 0.5765625 0.12916666666666668 0.015625 0.0375
1 0.56796875 0.10520833333333333 0.0171875 0.027083333333333334
1 0.38671875 0.07708333333333334 0.0328125 0.020833333333333332
1 0.384375 0.06875 0.03125 0.016666666666666666
1 0.59609375 0.10104166666666667 0.0140625 0.022916666666666665
1 0.60546875 0.04791666666666667 0.0140625 0.020833333333333332
1 0.56875 0.030208333333333334 0.0125 0.01875
1 0.5859375 0.027083333333333334 0.0125 0.016666666666666666
1 0.5859375 0.025 0.0125 0.0125
5 0.65625 0.11458333333333333 0.00625 0.016666666666666666
1 0.6703125 0.11875 0.015625 0.020833333333333332
1 0.6546875 0.08645833333333333 0.0125 0.014583333333333334
5 0.76328125 0.2947916666666667 0.0203125 0.01875
5 0.7828125 0.2833333333333333 0.0125 0.020833333333333332
5 0.79609375 0.26979166666666665 0.0109375 0.014583333333333334
5 0.83046875 0.23645833333333333 0.0109375 0.01875
5 0.8546875 0.19791666666666666 0.009375 0.008333333333333333
5 0.89375 0.16354166666666667 0.009375 0.014583333333333334
1 0.82578125 0.2677083333333333 0.0265625 0.027083333333333334
1 0.85078125 0.24583333333333332 0.0265625 0.029166666666666667
1 0.871875 0.22291666666666668 0.025 0.025
1 0.8953125 0.196875 0.021875 0.022916666666666665
1 0.9140625 0.17291666666666666 0.021875 0.025
3 0.94296875 0.13958333333333334 0.0359375 0.04583333333333333
1 0.96484375 0.1125 0.0203125 0.020833333333333332
1 0.97578125 0.1 0.0109375 0.016666666666666666
1 0.9921875 0.078125 0.015625 0.014583333333333334
1 0.99609375 0.10208333333333333 0.0078125 0.016666666666666666
1 0.97890625 0.13333333333333333 0.0171875 0.025
1 0.959375 0.15833333333333333 0.01875 0.025
1 0.93515625 0.184375 0.0203125 0.01875
1 0.91484375 0.21145833333333333 0.0234375 0.027083333333333334
1 0.8921875 0.23541666666666666 0.021875 0.025
1 0.86484375 0.26145833333333335 0.0234375 0.022916666666666665
1 0.83984375 0.28020833333333334 0.0296875 0.035416666666666666
1 0.846875 0.30520833333333336 0.028125 0.035416666666666666
3 0.884375 0.271875 0.034375 0.04375
1 0.91171875 0.246875 0.0265625 0.027083333333333334
3 0.95078125 0.19791666666666666 0.0421875 0.05
1 0.97578125 0.17083333333333334 0.0140625 0.020833333333333332
1 0.9921875 0.15104166666666666 0.015625 0.027083333333333334
1 0.87890625 0.31145833333333334 0.0265625 0.03125
1 0.91171875 0.278125 0.0234375 0.03125
1 0.93046875 0.253125 0.0203125 0.022916666666666665
1 0.95234375 0.23645833333333333 0.0234375 0.022916666666666665
1 0.97734375 0.20729166666666668 0.0203125 0.027083333333333334
1 0.98984375 0.18229166666666666 0.0203125 0.027083333333333334
1 0.88359375 0.3416666666666667 0.0265625 0.03333333333333333
1 0.91875 0.309375 0.025 0.035416666666666666
1 0.9375 0.28229166666666666 0.028125 0.03125
1 0.96328125 0.2520833333333333 0.0171875 0.025
1 0.984375 0.23333333333333334 0.021875 0.020833333333333332
1 0.90859375 0.35520833333333335 0.0328125 0.035416666666666666
1 0.9359375 0.3260416666666667 0.025 0.03125
1 0.99375 0.3260416666666667 0.0125 0.01875
1 0.9890625 0.26875 0.021875 0.025

5 0.934375 0.7427083333333333 0.01875 0.027083333333333334
5 0.77734375 0.4197916666666667 0.0109375 0.01875
4 0.80859375 0.35520833333333335 0.0109375 0.01875
5 0.61875 0.020833333333333332 0.00625 0.008333333333333333
5 0.44453125 0.79375 0.0140625 0.020833333333333332
5 0.490625 0.8 0.015625 0.029166666666666667
4 0.46640625 0.7729166666666667 0.0109375 0.016666666666666666
4 0.3796875 0.4625 0.009375 0.008333333333333333
4 0.421875 0.23125 0.00625 0.016666666666666666
4 0.41171875 0.48854166666666665 0.0078125 0.01875
4 0.40234375 0.484375 0.0078125 0.010416666666666666
4 0.8203125 0.13333333333333333 0.00625 0.0125
1 0.4421875 0.26458333333333334 0.034375 0.020833333333333332
1 0.440625 0.24895833333333334 0.028125 0.01875
