1 0.53671875 0.14895833333333333 0.0140625 0.027083333333333334
1 0.7265625 0.7208333333333333 0.0125 0.008333333333333333
1 0.68984375 0.39791666666666664 0.0109375 0.016666666666666666
1 0.65 0.33229166666666665 0.01875 0.027083333333333334
1 0.56015625 0.17916666666666667 0.0140625 0.0125
1 0.5546875 0.19375 0.015625 0.020833333333333332
1 0.6859375 0.38229166666666664 0.028125 0.022916666666666665
1 0.61796875 0.30416666666666664 0.0171875 0.020833333333333332
1 0.615625 0.2875 0.015625 0.020833333333333332
1 0.559375 0.18020833333333333 0.0125 0.014583333333333334
3 0.58515625 0.178125 0.0140625 0.022916666666666665
1 0.57265625 0.14270833333333333 0.0171875 0.022916666666666665
1 0.378125 0.08229166666666667 0.03125 0.01875
1 0.37890625 0.06875 0.0296875 0.016666666666666666
1 0.57265625 0.146875 0.0171875 0.01875
1 0.57109375 0.15 0.0078125 0.0125
1 0.5296875 0.08229166666666667 0.025 0.03125

1 0.77109375 0.007291666666666667 0.0109375 0.014583333333333334
5 0.65234375 0.12291666666666666 0.0078125 0.016666666666666666
1 0.66328125 0.12395833333333334 0.0140625 0.022916666666666665
1 0.64921875 0.09166666666666666 0.0109375 0.0125
5 0.7609375 0.30520833333333336 0.015625 0.01875
5 0.784375 0.2833333333333333 0.0125 0.025
5 0.865625 0.22604166666666667 0.0125 0.010416666666666666
5 0.8453125 0.21041666666666667 0.009375 0.0125
5 0.8546875 0.19791666666666666 0.00625 0.008333333333333333
5 0.88046875 0.16875 0.0109375 0.020833333333333332
1 0.81953125 0.26979166666666665 0.0265625 0.022916666666666665
1 0.84375 0.25 0.028125 0.029166666666666667
1 0.865625 0.228125 0.01875 0.022916666666666665
1 0.88828125 0.20416666666666666 0.0203125 0.020833333333333332
1 0.90625 0.17916666666666667 0.021875 0.025
3 0.9359375 0.15104166666666666 0.03125 0.04375
1 0.95078125 0.11458333333333333 0.0171875 0.020833333333333332
1 0.97265625 0.103125 0.0109375 0.010416666666666666
1 0.98046875 0.08854166666666667 0.0203125 0.014583333333333334
1 0.9953125 0.10208333333333333 0.009375 0.020833333333333332
1 0.971875 0.13645833333333332 0.01875 0.027083333333333334
1 0.9546875 0.16041666666666668 0.01875 0.020833333333333332
1 0.92734375 0.19375 0.0171875 0.016666666666666666
1 0.88984375 0.20729166666666668 0.0171875 0.01875
1 0.884375 0.2375 0.015625 0.020833333333333332
1 0.8390625 0.259375 0.01875 0.022916666666666665
1 0.83203125 0.28854166666666664 0.0296875 0.035416666666666666
1 0.840625 0.31145833333333334 0.028125 0.03125
3 0.875 0.2760416666666667 0.034375 0.03958333333333333
1 0.90703125 0.2520833333333333 0.0234375 0.025
3 0.94140625 0.21041666666666667 0.0515625 0.04583333333333333
1 0.9703125 0.17708333333333334 0.015625 0.020833333333333332
1 0.98671875 0.15625 0.0203125 0.025
1 0.87421875 0.3104166666666667 0.0234375 0.03333333333333333
1 0.90625 0.28229166666666666 0.021875 0.027083333333333334
1 0.92578125 0.25729166666666664 0.0203125 0.01875
1 0.94609375 0.240625 0.0171875 0.01875
1 0.975 0.20416666666666666 0.01875 0.025
1 0.97421875 0.17708333333333334 0.0171875 0.016666666666666666
1 0.87734375 0.34270833333333334 0.0265625 0.027083333333333334
1 0.9078125 0.31666666666666665 0.03125 0.03333333333333333
1 0.9328125 0.2833333333333333 0.021875 0.025
1 0.9578125 0.25833333333333336 0.01875 0.020833333333333332
1 0.97890625 0.23645833333333333 0.0171875 0.01875
1 0.90625 0.35833333333333334 0.028125 0.03333333333333333
1 0.928125 0.3302083333333333 0.025 0.03125

1 0.98046875 0.246875 0.0203125 0.01875


5 0.8421875 0.5177083333333333 0.0125 0.022916666666666665
4 0.76953125 0.3125 0.0109375 0.0125
5 0.67578125 0.035416666666666666 0.0078125 0.0125
5 0.55703125 0.8177083333333334 0.0171875 0.01875
5 0.55546875 0.8125 0.0234375 0.029166666666666667
4 0.428125 0.6854166666666667 0.009375 0.03333333333333333
4 0.3734375 0.4625 0.009375 0.008333333333333333
4 0.41953125 0.225 0.0109375 0.016666666666666666
4 0.41015625 0.4895833333333333 0.0078125 0.016666666666666666
4 0.4140625 0.47708333333333336 0.00625 0.0125
4 0.76640625 0.134375 0.0046875 0.010416666666666666
1 0.43671875 0.2677083333333333 0.0359375 0.022916666666666665
1 0.43359375 0.253125 0.0296875 0.01875
