1 0.5375 0.15104166666666666 0.015625 0.027083333333333334
1 0.73828125 0.7520833333333333 0.0109375 0.008333333333333333
1 0.69453125 0.40208333333333335 0.0109375 0.0125
1 0.653125 0.3375 0.01875 0.025
1 0.56171875 0.18958333333333333 0.0140625 0.016666666666666666
1 0.54765625 0.20208333333333334 0.0140625 0.025
1 0.696875 0.390625 0.021875 0.022916666666666665
1 0.61953125 0.31354166666666666 0.0171875 0.01875
1 0.61953125 0.29583333333333334 0.0171875 0.020833333333333332
1 0.5609375 0.18333333333333332 0.0125 0.0125
3 0.58984375 0.19791666666666666 0.0203125 0.041666666666666664
1 0.57265625 0.14895833333333333 0.0171875 0.022916666666666665
1 0.3796875 0.08333333333333333 0.03125 0.016666666666666666
1 0.38046875 0.06875 0.0296875 0.016666666666666666
1 0.57421875 0.15729166666666666 0.0203125 0.01875
1 0.5703125 0.15729166666666666 0.0125 0.014583333333333334
1 0.52734375 0.0875 0.0234375 0.041666666666666664

1 0.77109375 0.007291666666666667 0.0109375 0.014583333333333334
5 0.65234375 0.12291666666666666 0.0078125 0.016666666666666666
1 0.6640625 0.125 0.0125 0.020833333333333332
1 0.64921875 0.09270833333333334 0.0109375 0.014583333333333334
5 0.759375 0.30833333333333335 0.01875 0.020833333333333332
5 0.784375 0.2833333333333333 0.0125 0.025
5 0.86640625 0.22604166666666667 0.0140625 0.010416666666666666
5 0.8453125 0.21041666666666667 0.009375 0.0125
5 0.8546875 0.19791666666666666 0.00625 0.008333333333333333
5 0.88046875 0.16979166666666667 0.0109375 0.01875
1 0.81875 0.27395833333333336 0.028125 0.027083333333333334
1 0.84375 0.2520833333333333 0.028125 0.029166666666666667
1 0.86484375 0.23020833333333332 0.0203125 0.022916666666666665
1 0.88828125 0.20520833333333333 0.0203125 0.022916666666666665
1 0.90625 0.18125 0.021875 0.025
3 0.9359375 0.15104166666666666 0.03125 0.04375
1 0.9484375 0.11458333333333333 0.015625 0.020833333333333332
1 0.97265625 0.103125 0.0109375 0.010416666666666666
1 0.98125 0.08958333333333333 0.01875 0.016666666666666666
1 0.99609375 0.1 0.0078125 0.016666666666666666
1 0.97265625 0.13645833333333332 0.0171875 0.027083333333333334
1 0.9546875 0.16041666666666668 0.01875 0.020833333333333332
1 0.92734375 0.19375 0.0171875 0.016666666666666666
1 0.896875 0.2125 0.03125 0.025
1 0.884375 0.23854166666666668 0.015625 0.01875
1 0.8375 0.2625 0.01875 0.020833333333333332
1 0.83203125 0.28854166666666664 0.0296875 0.035416666666666666
1 0.84296875 0.3125 0.0296875 0.03333333333333333
3 0.875 0.27708333333333335 0.034375 0.0375
1 0.90703125 0.2520833333333333 0.0234375 0.025
3 0.94375 0.20833333333333334 0.046875 0.05
1 0.9703125 0.17708333333333334 0.015625 0.020833333333333332
1 0.98671875 0.15625 0.0203125 0.025
1 0.8734375 0.3125 0.025 0.029166666666666667
1 0.90625 0.28229166666666666 0.021875 0.027083333333333334
1 0.925 0.25729166666666664 0.021875 0.01875
1 0.9453125 0.240625 0.01875 0.01875
1 0.9734375 0.209375 0.01875 0.03125
1 0.97421875 0.178125 0.0203125 0.01875
1 0.87734375 0.34375 0.0265625 0.029166666666666667
1 0.9109375 0.31354166666666666 0.025 0.027083333333333334
1 0.9328125 0.28229166666666666 0.021875 0.027083333333333334
1 0.95703125 0.25833333333333336 0.0203125 0.020833333333333332
1 0.978125 0.23645833333333333 0.01875 0.01875
1 0.90625 0.35833333333333334 0.028125 0.03333333333333333
1 0.9296875 0.32708333333333334 0.021875 0.025

1 0.97578125 0.2552083333333333 0.0203125 0.01875


5 0.8515625 0.5239583333333333 0.0125 0.022916666666666665
4 0.76953125 0.31354166666666666 0.0109375 0.014583333333333334
5 0.67578125 0.035416666666666666 0.0078125 0.0125
5 0.56875 0.834375 0.015625 0.027083333333333334
5 0.5671875 0.8364583333333333 0.015625 0.03125
4 0.4296875 0.675 0.0125 0.03333333333333333
4 0.37578125 0.4625 0.0109375 0.008333333333333333
4 0.4203125 0.22395833333333334 0.009375 0.014583333333333334
4 0.40078125 0.490625 0.0109375 0.01875
4 0.4140625 0.475 0.00625 0.0125
4 0.76640625 0.13541666666666666 0.0046875 0.0125
1 0.43671875 0.26875 0.0359375 0.020833333333333332
1 0.434375 0.2520833333333333 0.03125 0.016666666666666666
