1 0.5375 0.15625 0.015625 0.025
1 0.7421875 0.78125 0.0125 0.008333333333333333
1 0.703125 0.40729166666666666 0.009375 0.010416666666666666
1 0.66171875 0.34375 0.0140625 0.025
1 0.5640625 0.19270833333333334 0.0125 0.014583333333333334
1 0.5515625 0.209375 0.015625 0.01875
1 0.69765625 0.39479166666666665 0.0265625 0.022916666666666665
1 0.63046875 0.3177083333333333 0.0109375 0.01875
1 0.62265625 0.303125 0.0203125 0.022916666666666665
1 0.5546875 0.19583333333333333 0.015625 0.016666666666666666
3 0.590625 0.20104166666666667 0.01875 0.035416666666666666
1 0.57421875 0.15208333333333332 0.0171875 0.025
1 0.37890625 0.08333333333333333 0.0328125 0.016666666666666666
1 0.3796875 0.06875 0.03125 0.016666666666666666
1 0.57578125 0.16041666666666668 0.0203125 0.020833333333333332
1 0.57265625 0.1625 0.0171875 0.016666666666666666
1 0.52578125 0.08854166666666667 0.0234375 0.03958333333333333

1 0.77109375 0.007291666666666667 0.0109375 0.014583333333333334
5 0.65234375 0.125 0.0078125 0.016666666666666666
1 0.66328125 0.125 0.0140625 0.020833333333333332
1 0.65 0.09270833333333334 0.0125 0.014583333333333334
5 0.76015625 0.30520833333333336 0.0171875 0.01875
5 0.78359375 0.284375 0.0109375 0.022916666666666665
5 0.865625 0.22604166666666667 0.0125 0.010416666666666666
5 0.8453125 0.21145833333333333 0.009375 0.010416666666666666
5 0.8546875 0.19791666666666666 0.00625 0.008333333333333333
5 0.88125 0.16770833333333332 0.0125 0.01875
1 0.81796875 0.27395833333333336 0.0296875 0.027083333333333334
1 0.8453125 0.246875 0.025 0.022916666666666665
1 0.86640625 0.22604166666666667 0.0203125 0.01875
1 0.88828125 0.20520833333333333 0.0203125 0.022916666666666665
1 0.90625 0.18125 0.021875 0.025
3 0.9359375 0.14791666666666667 0.03125 0.05
1 0.94921875 0.115625 0.0171875 0.01875
1 0.971875 0.103125 0.0125 0.010416666666666666
1 0.9828125 0.0875 0.0125 0.0125
1 0.99609375 0.1 0.0078125 0.016666666666666666
1 0.97265625 0.13645833333333332 0.0171875 0.022916666666666665
1 0.9546875 0.16041666666666668 0.01875 0.020833333333333332
1 0.92734375 0.19375 0.0171875 0.016666666666666666
1 0.89375 0.21041666666666667 0.028125 0.020833333333333332
1 0.884375 0.23854166666666668 0.015625 0.01875
1 0.84453125 0.253125 0.0234375 0.022916666666666665
1 0.83125 0.28854166666666664 0.03125 0.035416666666666666
1 0.84296875 0.3125 0.0296875 0.03333333333333333
3 0.875 0.27708333333333335 0.034375 0.0375
1 0.90703125 0.2520833333333333 0.0234375 0.025
3 0.94375 0.20833333333333334 0.046875 0.05
1 0.96953125 0.178125 0.0140625 0.01875
1 0.9875 0.15625 0.021875 0.025
1 0.8734375 0.3125 0.025 0.029166666666666667
1 0.90625 0.28229166666666666 0.021875 0.027083333333333334
1 0.92578125 0.25833333333333336 0.0203125 0.016666666666666666
1 0.94453125 0.24166666666666667 0.0171875 0.016666666666666666
1 0.97421875 0.20416666666666666 0.0171875 0.025
1 0.97421875 0.178125 0.0203125 0.01875
1 0.878125 0.34375 0.025 0.029166666666666667
1 0.90703125 0.31875 0.0296875 0.03333333333333333
1 0.9328125 0.28229166666666666 0.021875 0.027083333333333334
1 0.95703125 0.259375 0.0203125 0.01875
1 0.978125 0.2375 0.01875 0.020833333333333332
1 0.90625 0.35833333333333334 0.028125 0.03333333333333333
1 0.92890625 0.3302083333333333 0.0265625 0.03125

1 0.97890625 0.25416666666666665 0.0234375 0.020833333333333332


5 0.85703125 0.5302083333333333 0.0140625 0.022916666666666665
4 0.76953125 0.3145833333333333 0.0109375 0.0125
5 0.675 0.035416666666666666 0.00625 0.0125
5 0.575 0.853125 0.01875 0.022916666666666665
5 0.57578125 0.8541666666666666 0.0171875 0.0375
4 0.42578125 0.6770833333333334 0.0109375 0.03333333333333333
4 0.37421875 0.4625 0.0109375 0.008333333333333333
4 0.4203125 0.22395833333333334 0.009375 0.014583333333333334
4 0.3984375 0.49270833333333336 0.009375 0.022916666666666665
4 0.41484375 0.47604166666666664 0.0078125 0.010416666666666666
4 0.76328125 0.13541666666666666 0.0015625 0.004166666666666667
1 0.4375 0.26875 0.034375 0.020833333333333332
1 0.43515625 0.25416666666666665 0.0328125 0.016666666666666666
