1 0.53828125 0.15729166666666666 0.0140625 0.022916666666666665
1 0.75078125 0.7989583333333333 0.0109375 0.010416666666666666
1 0.70859375 0.409375 0.0109375 0.010416666666666666
1 0.66484375 0.3489583333333333 0.0140625 0.01875
1 0.5671875 0.20520833333333333 0.0125 0.022916666666666665
1 0.54921875 0.21666666666666667 0.0171875 0.025
1 0.71171875 0.4010416666666667 0.0203125 0.022916666666666665
1 0.63125 0.31875 0.0125 0.016666666666666666
1 0.62578125 0.3072916666666667 0.0203125 0.022916666666666665
1 0.553125 0.20833333333333334 0.015625 0.020833333333333332
3 0.59140625 0.20729166666666668 0.0203125 0.035416666666666666
1 0.575 0.15520833333333334 0.01875 0.022916666666666665
1 0.38046875 0.08333333333333333 0.0328125 0.016666666666666666
1 0.38046875 0.06979166666666667 0.0296875 0.014583333333333334
1 0.57421875 0.1625 0.0203125 0.020833333333333332
1 0.57265625 0.1625 0.0140625 0.016666666666666666
1 0.5265625 0.075 0.01875 0.025

1 0.76953125 0.007291666666666667 0.0109375 0.014583333333333334
5 0.653125 0.125 0.009375 0.016666666666666666
1 0.6640625 0.125 0.0125 0.020833333333333332
1 0.65 0.09270833333333334 0.0125 0.014583333333333334
5 0.76015625 0.30625 0.0171875 0.020833333333333332
5 0.78359375 0.2833333333333333 0.0109375 0.020833333333333332
5 0.86640625 0.22604166666666667 0.0140625 0.010416666666666666
5 0.8453125 0.21145833333333333 0.009375 0.010416666666666666
5 0.85390625 0.19895833333333332 0.0078125 0.00625
5 0.88203125 0.16979166666666667 0.0109375 0.01875
1 0.81796875 0.27395833333333336 0.0296875 0.027083333333333334
1 0.84375 0.25104166666666666 0.028125 0.027083333333333334
1 0.865625 0.22916666666666666 0.021875 0.025
1 0.88828125 0.20520833333333333 0.0203125 0.022916666666666665
1 0.90625 0.18125 0.021875 0.025
3 0.9359375 0.14791666666666667 0.03125 0.05
1 0.95078125 0.115625 0.0171875 0.01875
1 0.971875 0.103125 0.0125 0.010416666666666666
1 0.9828125 0.0875 0.0125 0.0125
1 0.99609375 0.1 0.0078125 0.016666666666666666
1 0.97265625 0.13645833333333332 0.0171875 0.027083333333333334
1 0.95546875 0.1625 0.0203125 0.020833333333333332
1 0.92734375 0.19375 0.0171875 0.016666666666666666
1 0.89375 0.2125 0.028125 0.025
1 0.88515625 0.23854166666666668 0.0171875 0.01875
1 0.83984375 0.2635416666666667 0.0203125 0.022916666666666665
1 0.83125 0.28854166666666664 0.03125 0.035416666666666666
1 0.840625 0.3125 0.028125 0.03333333333333333
3 0.87421875 0.27708333333333335 0.0359375 0.0375
1 0.90703125 0.2520833333333333 0.0234375 0.025
3 0.94296875 0.20833333333333334 0.0453125 0.05
1 0.96953125 0.178125 0.0140625 0.01875
1 0.98828125 0.15416666666666667 0.0234375 0.03333333333333333
1 0.8734375 0.3125 0.025 0.029166666666666667
1 0.90625 0.2833333333333333 0.021875 0.025
1 0.925 0.25833333333333336 0.021875 0.016666666666666666
1 0.94453125 0.240625 0.0171875 0.01875
1 0.975 0.20625 0.01875 0.025
1 0.97421875 0.17916666666666667 0.0234375 0.020833333333333332
1 0.8765625 0.34375 0.025 0.029166666666666667
1 0.90703125 0.31979166666666664 0.0296875 0.035416666666666666
1 0.93125 0.2875 0.025 0.03333333333333333
1 0.95703125 0.259375 0.0203125 0.01875
1 0.978125 0.2375 0.01875 0.020833333333333332
1 0.90625 0.36041666666666666 0.028125 0.029166666666666667
1 0.9296875 0.3302083333333333 0.028125 0.03125

1 0.9765625 0.2552083333333333 0.021875 0.01875


5 0.865625 0.534375 0.0125 0.022916666666666665
4 0.76953125 0.3145833333333333 0.0109375 0.0125
5 0.67578125 0.035416666666666666 0.0078125 0.0125
5 0.58203125 0.8677083333333333 0.0140625 0.027083333333333334
5 0.58125 0.8666666666666667 0.01875 0.0375
4 0.42265625 0.6770833333333334 0.0109375 0.025
4 0.3734375 0.4635416666666667 0.009375 0.010416666666666666
4 0.41953125 0.22395833333333334 0.0078125 0.014583333333333334
4 0.39765625 0.49270833333333336 0.0109375 0.022916666666666665
4 0.41484375 0.475 0.0078125 0.0125

1 0.4375 0.26875 0.034375 0.020833333333333332
1 0.43515625 0.2552083333333333 0.0328125 0.01875
