1 0.53671875 0.12708333333333333 0.0171875 0.025
1 0.5875 0.259375 0.01875 0.027083333333333334
1 0.58125 0.23020833333333332 0.015625 0.022916666666666665
1 0.57109375 0.19270833333333334 0.0140625 0.027083333333333334
1 0.56484375 0.16145833333333334 0.0109375 0.01875
1 0.55703125 0.14479166666666668 0.0140625 0.014583333333333334
1 0.60703125 0.24895833333333334 0.0203125 0.035416666666666666
1 0.59609375 0.21458333333333332 0.0171875 0.025
1 0.590625 0.18958333333333333 0.01875 0.025
1 0.584375 0.16354166666666667 0.015625 0.022916666666666665
3 0.5765625 0.12916666666666668 0.015625 0.0375
1 0.56796875 0.10520833333333333 0.0171875 0.027083333333333334
1 0.384375 0.078125 0.03125 0.01875
1 0.384375 0.06875 0.03125 0.016666666666666666
1 0.59609375 0.1 0.0140625 0.025
1 0.60546875 0.04583333333333333 0.0140625 0.020833333333333332
1 0.56796875 0.029166666666666667 0.0140625 0.020833333333333332
1 0.58515625 0.025 0.0140625 0.016666666666666666
1 0.571875 0.026041666666666668 0.01875 0.014583333333333334
5 0.65625 0.11458333333333333 0.00625 0.016666666666666666
1 0.6703125 0.11979166666666667 0.015625 0.022916666666666665
1 0.65390625 0.08645833333333333 0.0140625 0.014583333333333334
5 0.7625 0.29583333333333334 0.01875 0.016666666666666666
5 0.78984375 0.27708333333333335 0.0140625 0.016666666666666666
5 0.79921875 0.2635416666666667 0.0109375 0.014583333333333334
5 0.82578125 0.23854166666666668 0.0171875 0.01875
5 0.8546875 0.19791666666666666 0.009375 0.008333333333333333
5 0.89375 0.1625 0.0125 0.0125
1 0.82578125 0.2677083333333333 0.0265625 0.027083333333333334
1 0.84921875 0.24583333333333332 0.0265625 0.029166666666666667
1 0.871875 0.22291666666666668 0.025 0.025
1 0.8953125 0.196875 0.021875 0.022916666666666665
1 0.9140625 0.17291666666666666 0.021875 0.025
3 0.94296875 0.13958333333333334 0.0359375 0.04583333333333333
1 0.96484375 0.1125 0.0203125 0.020833333333333332
1 0.97734375 0.09791666666666667 0.0109375 0.0125
1 0.99140625 0.08020833333333334 0.0171875 0.014583333333333334
1 0.996875 0.10208333333333333 0.00625 0.016666666666666666
1 0.97890625 0.13333333333333333 0.0171875 0.025
1 0.959375 0.15833333333333333 0.01875 0.025
1 0.93515625 0.184375 0.0203125 0.01875
1 0.91484375 0.21145833333333333 0.0234375 0.027083333333333334
1 0.8921875 0.23541666666666666 0.021875 0.025
1 0.86484375 0.26145833333333335 0.0234375 0.022916666666666665
1 0.83984375 0.28020833333333334 0.0296875 0.035416666666666666
1 0.846875 0.30520833333333336 0.028125 0.035416666666666666
3 0.884375 0.271875 0.034375 0.04375
1 0.91484375 0.24479166666666666 0.0203125 0.022916666666666665
3 0.95078125 0.19791666666666666 0.0421875 0.05
1 0.97578125 0.17083333333333334 0.0140625 0.020833333333333332
1 0.9921875 0.15104166666666666 0.015625 0.027083333333333334
1 0.87890625 0.31145833333333334 0.0265625 0.03125
1 0.91171875 0.278125 0.0234375 0.03125
1 0.93125 0.253125 0.021875 0.022916666666666665
1 0.95234375 0.23645833333333333 0.0234375 0.022916666666666665
1 0.97734375 0.20729166666666668 0.0203125 0.027083333333333334
1 0.98984375 0.18229166666666666 0.0203125 0.027083333333333334
1 0.88359375 0.3416666666666667 0.0265625 0.03333333333333333
1 0.91875 0.3104166666666667 0.025 0.03333333333333333
1 0.9375 0.28229166666666666 0.028125 0.03125
1 0.96328125 0.2520833333333333 0.0171875 0.025
1 0.984375 0.23333333333333334 0.021875 0.020833333333333332
1 0.90859375 0.35625 0.0328125 0.03333333333333333
1 0.9359375 0.3260416666666667 0.025 0.03125
1 0.99609375 0.33125 0.0078125 0.0125
1 0.9890625 0.26875 0.021875 0.025

5 0.93671875 0.7458333333333333 0.0203125 0.029166666666666667
5 0.7765625 0.41354166666666664 0.009375 0.014583333333333334
4 0.80703125 0.35520833333333335 0.0109375 0.01875
5 0.61796875 0.020833333333333332 0.0046875 0.008333333333333333
5 0.44296875 0.79375 0.0140625 0.020833333333333332
5 0.48984375 0.7989583333333333 0.0171875 0.027083333333333334
4 0.46640625 0.771875 0.0109375 0.01875
4 0.3796875 0.4625 0.009375 0.008333333333333333
4 0.421875 0.23125 0.00625 0.016666666666666666
4 0.41171875 0.4895833333333333 0.0078125 0.016666666666666666
4 0.40234375 0.484375 0.0078125 0.010416666666666666
4 0.8171875 0.13333333333333333 0.00625 0.0125
1 0.4421875 0.265625 0.034375 0.022916666666666665
1 0.440625 0.24895833333333334 0.028125 0.01875
