1 0.53828125 0.16041666666666668 0.0140625 0.020833333333333332
1 0.75703125 0.8333333333333334 0.0140625 0.008333333333333333
1 0.71484375 0.4114583333333333 0.0109375 0.010416666666666666
1 0.66640625 0.35 0.0171875 0.020833333333333332
1 0.5671875 0.20625 0.0125 0.020833333333333332
1 0.54453125 0.22708333333333333 0.0171875 0.029166666666666667
1 0.71328125 0.40520833333333334 0.0234375 0.022916666666666665
1 0.63203125 0.3302083333333333 0.0140625 0.01875
1 0.62890625 0.3125 0.0203125 0.020833333333333332
1 0.55 0.221875 0.01875 0.022916666666666665
3 0.59140625 0.20104166666666667 0.0203125 0.027083333333333334
1 0.57578125 0.159375 0.0171875 0.022916666666666665
1 0.3796875 0.08333333333333333 0.03125 0.016666666666666666
1 0.37890625 0.06979166666666667 0.0296875 0.014583333333333334
1 0.57578125 0.16770833333333332 0.0203125 0.022916666666666665
1 0.57421875 0.16979166666666667 0.0203125 0.01875
1 0.5265625 0.07395833333333333 0.01875 0.022916666666666665

1 0.76796875 0.007291666666666667 0.0109375 0.014583333333333334
5 0.653125 0.12604166666666666 0.009375 0.014583333333333334
1 0.66328125 0.125 0.0140625 0.020833333333333332
1 0.64921875 0.09375 0.0109375 0.0125
5 0.7609375 0.30625 0.015625 0.020833333333333332
5 0.78203125 0.2833333333333333 0.0109375 0.020833333333333332
5 0.865625 0.22604166666666667 0.015625 0.010416666666666666
5 0.8453125 0.21145833333333333 0.009375 0.010416666666666666
5 0.8546875 0.19895833333333332 0.00625 0.00625
5 0.88203125 0.16875 0.0109375 0.020833333333333332
1 0.8171875 0.275 0.03125 0.029166666666666667
1 0.84375 0.25104166666666666 0.028125 0.027083333333333334
1 0.86484375 0.23125 0.0203125 0.025
1 0.88828125 0.20520833333333333 0.0203125 0.022916666666666665
1 0.90546875 0.18125 0.0234375 0.025
3 0.9359375 0.14791666666666667 0.03125 0.05
1 0.95078125 0.11458333333333333 0.0171875 0.020833333333333332
1 0.971875 0.103125 0.0125 0.010416666666666666
1 0.98125 0.08958333333333333 0.015625 0.0125
1 0.99609375 0.10104166666666667 0.0078125 0.014583333333333334
1 0.971875 0.1375 0.01875 0.025
1 0.95546875 0.16145833333333334 0.0203125 0.022916666666666665
1 0.92734375 0.19375 0.0171875 0.016666666666666666
1 0.8921875 0.21666666666666667 0.025 0.025
1 0.884375 0.23854166666666668 0.015625 0.01875
1 0.8453125 0.25416666666666665 0.025 0.020833333333333332
1 0.83125 0.28958333333333336 0.03125 0.0375
1 0.84296875 0.31354166666666666 0.0296875 0.035416666666666666
3 0.8765625 0.275 0.03125 0.03333333333333333
1 0.90703125 0.2520833333333333 0.0234375 0.025
3 0.94140625 0.209375 0.0453125 0.04791666666666667
1 0.96953125 0.178125 0.0140625 0.01875
1 0.9875 0.15416666666666667 0.025 0.03333333333333333
1 0.8734375 0.3125 0.025 0.029166666666666667
1 0.90546875 0.2833333333333333 0.0234375 0.025
1 0.92578125 0.25833333333333336 0.0203125 0.016666666666666666
1 0.94453125 0.24166666666666667 0.0171875 0.016666666666666666
1 0.97421875 0.20625 0.0171875 0.025
1 0.97421875 0.17708333333333334 0.0171875 0.016666666666666666
1 0.8765625 0.34479166666666666 0.025 0.027083333333333334
1 0.90703125 0.31979166666666664 0.0296875 0.035416666666666666
1 0.93125 0.28958333333333336 0.025 0.03333333333333333
1 0.95703125 0.2604166666666667 0.0203125 0.020833333333333332
1 0.978125 0.2375 0.01875 0.020833333333333332
1 0.90625 0.36041666666666666 0.028125 0.029166666666666667
1 0.9296875 0.328125 0.021875 0.027083333333333334

1 0.971875 0.25625 0.028125 0.016666666666666666


5 0.8734375 0.5395833333333333 0.0125 0.020833333333333332
4 0.76953125 0.3145833333333333 0.0109375 0.0125
5 0.675 0.035416666666666666 0.00625 0.0125
5 0.5875 0.8864583333333333 0.025 0.03125
5 0.5859375 0.8864583333333333 0.028125 0.04375
4 0.42109375 0.6802083333333333 0.0140625 0.027083333333333334
4 0.3734375 0.4635416666666667 0.009375 0.010416666666666666
4 0.41953125 0.221875 0.0078125 0.014583333333333334
4 0.396875 0.49375 0.009375 0.025
4 0.41484375 0.47604166666666664 0.0078125 0.010416666666666666
4 0.76328125 0.13645833333333332 0.0015625 0.00625
1 0.43671875 0.26979166666666665 0.0359375 0.022916666666666665
1 0.43515625 0.25625 0.0328125 0.016666666666666666
