1 0.53828125 0.16145833333333334 0.0140625 0.01875
1 0.75859375 0.8375 0.0140625 0.008333333333333333
1 0.71640625 0.4114583333333333 0.0109375 0.010416666666666666
1 0.66953125 0.35 0.0171875 0.020833333333333332
1 0.5671875 0.20729166666666668 0.0125 0.022916666666666665
1 0.546875 0.22916666666666666 0.021875 0.029166666666666667
1 0.71484375 0.40520833333333334 0.0234375 0.022916666666666665
1 0.63515625 0.325 0.0140625 0.016666666666666666
1 0.6296875 0.3145833333333333 0.01875 0.020833333333333332
1 0.546875 0.22604166666666667 0.01875 0.022916666666666665
3 0.59375 0.215625 0.021875 0.03125
1 0.57578125 0.16041666666666668 0.0171875 0.025
1 0.3796875 0.084375 0.03125 0.014583333333333334
1 0.3796875 0.06979166666666667 0.03125 0.014583333333333334
1 0.575 0.16770833333333332 0.021875 0.022916666666666665
1 0.5734375 0.171875 0.01875 0.01875
1 0.52578125 0.07916666666666666 0.0234375 0.029166666666666667

1 0.76796875 0.008333333333333333 0.0109375 0.016666666666666666
5 0.653125 0.12604166666666666 0.009375 0.014583333333333334
1 0.66328125 0.12604166666666666 0.0140625 0.022916666666666665
1 0.64921875 0.09375 0.0109375 0.0125
5 0.7609375 0.30625 0.015625 0.020833333333333332
5 0.78203125 0.2833333333333333 0.0109375 0.020833333333333332
5 0.865625 0.22604166666666667 0.015625 0.010416666666666666
5 0.8453125 0.21145833333333333 0.009375 0.010416666666666666
5 0.85390625 0.19895833333333332 0.0078125 0.00625
5 0.88203125 0.16979166666666667 0.0109375 0.01875
1 0.8171875 0.275 0.03125 0.029166666666666667
1 0.84375 0.25104166666666666 0.028125 0.027083333333333334
1 0.86484375 0.23125 0.0203125 0.025
1 0.88828125 0.20520833333333333 0.0203125 0.022916666666666665
1 0.90546875 0.18125 0.0234375 0.025
3 0.9359375 0.15104166666666666 0.03125 0.04375
1 0.95078125 0.115625 0.0171875 0.01875
1 0.971875 0.103125 0.0125 0.010416666666666666
1 0.98125 0.08958333333333333 0.015625 0.0125
1 0.99609375 0.10208333333333333 0.0078125 0.016666666666666666
1 0.971875 0.1375 0.01875 0.025
1 0.95546875 0.16145833333333334 0.0203125 0.022916666666666665
1 0.92734375 0.19375 0.0171875 0.016666666666666666
1 0.89375 0.21458333333333332 0.028125 0.029166666666666667
1 0.88515625 0.23854166666666668 0.0171875 0.01875
1 0.84453125 0.265625 0.0265625 0.022916666666666665
1 0.83125 0.28958333333333336 0.03125 0.0375
1 0.84296875 0.31354166666666666 0.0296875 0.035416666666666666
3 0.8765625 0.275 0.03125 0.03333333333333333
1 0.90703125 0.2520833333333333 0.0234375 0.025
3 0.94140625 0.20833333333333334 0.0453125 0.05
1 0.96953125 0.178125 0.0140625 0.01875
1 0.9875 0.15416666666666667 0.025 0.03333333333333333
1 0.8734375 0.3125 0.025 0.029166666666666667
1 0.90546875 0.2833333333333333 0.0234375 0.025
1 0.92578125 0.259375 0.0203125 0.01875
1 0.94453125 0.24166666666666667 0.0171875 0.016666666666666666
1 0.97265625 0.21041666666666667 0.0203125 0.029166666666666667
1 0.97421875 0.17708333333333334 0.0171875 0.016666666666666666
1 0.8765625 0.34479166666666666 0.025 0.027083333333333334
1 0.90703125 0.32083333333333336 0.0296875 0.0375
1 0.93125 0.290625 0.025 0.035416666666666666
1 0.95703125 0.2604166666666667 0.0203125 0.020833333333333332
1 0.97734375 0.23854166666666668 0.0171875 0.01875
1 0.90625 0.36041666666666666 0.028125 0.029166666666666667
1 0.93046875 0.33229166666666665 0.0265625 0.03125

1 0.97578125 0.25625 0.0203125 0.016666666666666666


5 0.87890625 0.5385416666666667 0.0078125 0.01875
4 0.76953125 0.3145833333333333 0.0109375 0.0125
5 0.67421875 0.034375 0.0046875 0.010416666666666666
5 0.5921875 0.8864583333333333 0.01875 0.03125
5 0.5890625 0.890625 0.028125 0.03958333333333333
4 0.42734375 0.6635416666666667 0.0109375 0.03125
4 0.3734375 0.4635416666666667 0.009375 0.010416666666666666
4 0.41953125 0.221875 0.0078125 0.014583333333333334
4 0.39765625 0.49375 0.0109375 0.025
4 0.41171875 0.48125 0.0109375 0.016666666666666666
4 0.76328125 0.1375 0.0015625 0.004166666666666667
1 0.43671875 0.26875 0.0359375 0.020833333333333332
1 0.43515625 0.25625 0.0328125 0.016666666666666666
