1 0.53984375 0.17083333333333334 0.0140625 0.020833333333333332
1 0.7703125 0.8802083333333334 0.0125 0.010416666666666666
1 0.7265625 0.4125 0.015625 0.0125
1 0.67578125 0.35625 0.0171875 0.025
1 0.56875 0.21666666666666667 0.0125 0.020833333333333332
1 0.5515625 0.23541666666666666 0.015625 0.029166666666666667
1 0.72578125 0.41041666666666665 0.0234375 0.020833333333333332
1 0.640625 0.3302083333333333 0.0125 0.01875
1 0.63359375 0.31875 0.0203125 0.020833333333333332
1 0.5515625 0.2375 0.0125 0.020833333333333332
3 0.59140625 0.20416666666666666 0.0203125 0.025
1 0.57734375 0.165625 0.0171875 0.022916666666666665
1 0.37890625 0.08333333333333333 0.0328125 0.016666666666666666
1 0.37890625 0.07083333333333333 0.0296875 0.0125
1 0.5796875 0.16354166666666667 0.015625 0.01875
1 0.57265625 0.17708333333333334 0.0171875 0.016666666666666666
1 0.525 0.07916666666666666 0.021875 0.029166666666666667

1 0.76875 0.007291666666666667 0.009375 0.014583333333333334
5 0.653125 0.12604166666666666 0.009375 0.014583333333333334
1 0.66328125 0.12604166666666666 0.0140625 0.022916666666666665
1 0.64921875 0.09375 0.0109375 0.0125
5 0.7609375 0.30625 0.015625 0.020833333333333332
5 0.78125 0.2833333333333333 0.0125 0.020833333333333332
5 0.865625 0.22708333333333333 0.015625 0.0125
5 0.8453125 0.2125 0.009375 0.0125
5 0.85390625 0.2 0.0078125 0.008333333333333333
5 0.88203125 0.17083333333333334 0.0109375 0.020833333333333332
1 0.81640625 0.275 0.0296875 0.029166666666666667
1 0.8453125 0.24895833333333334 0.025 0.022916666666666665
1 0.86484375 0.23229166666666667 0.0203125 0.027083333333333334
1 0.8875 0.20625 0.021875 0.025
1 0.9046875 0.18229166666666666 0.021875 0.027083333333333334
3 0.9359375 0.15104166666666666 0.03125 0.04375
1 0.9515625 0.11666666666666667 0.01875 0.020833333333333332
1 0.971875 0.103125 0.0125 0.010416666666666666
1 0.9828125 0.08854166666666667 0.0125 0.010416666666666666
1 0.99609375 0.10208333333333333 0.0078125 0.016666666666666666
1 0.971875 0.13854166666666667 0.01875 0.022916666666666665
1 0.9546875 0.16145833333333334 0.01875 0.022916666666666665
1 0.92421875 0.19583333333333333 0.0203125 0.016666666666666666
1 0.8890625 0.21770833333333334 0.025 0.022916666666666665
1 0.884375 0.23854166666666668 0.015625 0.01875
1 0.83984375 0.2708333333333333 0.0203125 0.016666666666666666
1 0.83046875 0.28958333333333336 0.0296875 0.0375
1 0.84296875 0.31354166666666666 0.0296875 0.035416666666666666
3 0.8765625 0.2760416666666667 0.03125 0.035416666666666666
1 0.9078125 0.253125 0.021875 0.022916666666666665
3 0.93828125 0.21145833333333333 0.0421875 0.04375
1 0.96875 0.178125 0.015625 0.01875
1 0.9875 0.15416666666666667 0.025 0.03333333333333333
1 0.871875 0.31145833333333334 0.025 0.03125
1 0.90546875 0.2833333333333333 0.0234375 0.025
1 0.925 0.259375 0.021875 0.01875
1 0.94453125 0.24270833333333333 0.0171875 0.01875
1 0.971875 0.21145833333333333 0.021875 0.03125
1 0.97265625 0.18020833333333333 0.0234375 0.01875
1 0.8765625 0.34479166666666666 0.025 0.027083333333333334
1 0.90625 0.321875 0.03125 0.03958333333333333
1 0.93046875 0.2916666666666667 0.0265625 0.0375
1 0.95703125 0.2604166666666667 0.0203125 0.020833333333333332
1 0.97734375 0.23854166666666668 0.0171875 0.01875
1 0.90625 0.36041666666666666 0.028125 0.029166666666666667
1 0.92890625 0.328125 0.0203125 0.027083333333333334

1 0.98125 0.24583333333333332 0.021875 0.020833333333333332


5 0.89375 0.5489583333333333 0.0125 0.01875
4 0.76875 0.3145833333333333 0.009375 0.0125
5 0.675 0.034375 0.00625 0.010416666666666666
5 0.60234375 0.9197916666666667 0.0234375 0.04791666666666667
5 0.5984375 0.925 0.03125 0.0625
4 0.42890625 0.7270833333333333 0.0296875 0.12083333333333333
4 0.37265625 0.4635416666666667 0.0109375 0.010416666666666666
4 0.41953125 0.221875 0.0078125 0.014583333333333334
4 0.396875 0.49375 0.009375 0.025
4 0.415625 0.475 0.009375 0.0125
4 0.76171875 0.13645833333333332 0.0046875 0.00625
1 0.43671875 0.26979166666666665 0.0359375 0.022916666666666665
1 0.43515625 0.25625 0.0328125 0.016666666666666666
