1 0.53984375 0.171875 0.0140625 0.022916666666666665
1 0.77421875 0.8958333333333334 0.0140625 0.008333333333333333
1 0.72890625 0.41458333333333336 0.0171875 0.0125
1 0.67890625 0.359375 0.0171875 0.022916666666666665
1 0.5703125 0.22916666666666666 0.0125 0.025
1 0.5515625 0.23645833333333333 0.015625 0.027083333333333334
1 0.7265625 0.4125 0.025 0.020833333333333332
1 0.64296875 0.3333333333333333 0.0109375 0.016666666666666666
1 0.6359375 0.32083333333333336 0.021875 0.020833333333333332
1 0.5515625 0.240625 0.015625 0.01875
3 0.59296875 0.20520833333333333 0.0203125 0.027083333333333334
1 0.5796875 0.16979166666666667 0.01875 0.027083333333333334
1 0.37890625 0.08541666666666667 0.0328125 0.016666666666666666
1 0.37890625 0.07083333333333333 0.0296875 0.0125
1 0.5796875 0.16458333333333333 0.015625 0.016666666666666666
1 0.57421875 0.17708333333333334 0.0203125 0.016666666666666666
1 0.52421875 0.07916666666666666 0.0234375 0.029166666666666667

1 0.76796875 0.007291666666666667 0.0109375 0.014583333333333334
5 0.653125 0.12604166666666666 0.009375 0.014583333333333334
1 0.66328125 0.12604166666666666 0.0140625 0.022916666666666665
1 0.64921875 0.09479166666666666 0.0109375 0.014583333333333334
5 0.7609375 0.30625 0.015625 0.020833333333333332
5 0.78125 0.284375 0.0125 0.01875
5 0.865625 0.22708333333333333 0.015625 0.0125
5 0.84453125 0.2125 0.0109375 0.0125
5 0.85390625 0.2 0.0078125 0.008333333333333333
5 0.88203125 0.17083333333333334 0.0109375 0.020833333333333332
1 0.81640625 0.275 0.0296875 0.029166666666666667
1 0.8453125 0.24895833333333334 0.025 0.022916666666666665
1 0.86484375 0.23333333333333334 0.0203125 0.029166666666666667
1 0.8875 0.20625 0.021875 0.025
1 0.9046875 0.18333333333333332 0.021875 0.025
3 0.93515625 0.15104166666666666 0.0328125 0.04375
1 0.953125 0.11666666666666667 0.01875 0.020833333333333332
1 0.971875 0.103125 0.0125 0.010416666666666666
1 0.9828125 0.08854166666666667 0.0125 0.010416666666666666
1 0.99609375 0.10208333333333333 0.0078125 0.016666666666666666
1 0.971875 0.13854166666666667 0.01875 0.022916666666666665
1 0.9546875 0.16145833333333334 0.01875 0.022916666666666665
1 0.9234375 0.196875 0.021875 0.01875
1 0.8890625 0.22083333333333333 0.025 0.025
1 0.88515625 0.23854166666666668 0.0171875 0.01875
1 0.84453125 0.271875 0.0265625 0.01875
1 0.83125 0.28958333333333336 0.03125 0.0375
1 0.8421875 0.31354166666666666 0.03125 0.035416666666666666
3 0.8765625 0.2760416666666667 0.03125 0.035416666666666666
1 0.9078125 0.253125 0.021875 0.022916666666666665
3 0.93828125 0.21145833333333333 0.0421875 0.04375
1 0.96875 0.178125 0.015625 0.01875
1 0.98671875 0.15416666666666667 0.0265625 0.03333333333333333
1 0.87109375 0.31145833333333334 0.0265625 0.03125
1 0.90546875 0.284375 0.0234375 0.027083333333333334
1 0.9234375 0.2625 0.025 0.020833333333333332
1 0.94453125 0.24270833333333333 0.0171875 0.01875
1 0.97109375 0.2125 0.0203125 0.029166666666666667
1 0.9734375 0.17916666666666667 0.01875 0.016666666666666666
1 0.87578125 0.34479166666666666 0.0234375 0.027083333333333334
1 0.909375 0.3145833333333333 0.025 0.029166666666666667
1 0.93046875 0.2916666666666667 0.0265625 0.0375
1 0.95703125 0.26145833333333335 0.0203125 0.01875
1 0.9765625 0.23958333333333334 0.01875 0.016666666666666666
1 0.90625 0.3614583333333333 0.028125 0.027083333333333334
1 0.92890625 0.32916666666666666 0.0203125 0.025

1 0.971875 0.25729166666666664 0.028125 0.01875


5 0.89765625 0.55 0.0109375 0.020833333333333332
4 0.76875 0.3145833333333333 0.009375 0.0125
5 0.675 0.034375 0.00625 0.010416666666666666
5 0.60859375 0.9229166666666667 0.0203125 0.0375
5 0.603125 0.9291666666666667 0.03125 0.058333333333333334
4 0.42890625 0.7270833333333333 0.0265625 0.12083333333333333
4 0.3734375 0.46458333333333335 0.009375 0.008333333333333333
4 0.41953125 0.221875 0.0078125 0.014583333333333334
4 0.3984375 0.49375 0.009375 0.025
4 0.41484375 0.47708333333333336 0.0078125 0.0125
4 0.76328125 0.13645833333333332 0.0015625 0.00625
1 0.43671875 0.26979166666666665 0.0359375 0.022916666666666665
1 0.43359375 0.25625 0.0328125 0.016666666666666666
