1 0.540625 0.17395833333333333 0.015625 0.01875
1 0.78125 0.9166666666666666 0.015625 0.008333333333333333
1 0.73671875 0.4197916666666667 0.0140625 0.010416666666666666
1 0.68203125 0.36041666666666666 0.0171875 0.020833333333333332
1 0.5703125 0.234375 0.0125 0.022916666666666665
1 0.5515625 0.23854166666666668 0.015625 0.022916666666666665
1 0.734375 0.41458333333333336 0.021875 0.020833333333333332
1 0.64609375 0.33645833333333336 0.0109375 0.01875
1 0.63828125 0.325 0.0203125 0.020833333333333332
1 0.5515625 0.240625 0.015625 0.01875
3 0.59375 0.20520833333333333 0.01875 0.022916666666666665
1 0.578125 0.17083333333333334 0.015625 0.025
1 0.37890625 0.08541666666666667 0.0328125 0.016666666666666666
1 0.37890625 0.06875 0.0296875 0.016666666666666666
1 0.58046875 0.16666666666666666 0.0140625 0.016666666666666666
1 0.5734375 0.18020833333333333 0.01875 0.014583333333333334
1 0.52109375 0.07395833333333333 0.0171875 0.022916666666666665

1 0.76875 0.007291666666666667 0.009375 0.014583333333333334
5 0.653125 0.12604166666666666 0.009375 0.014583333333333334
1 0.66328125 0.12604166666666666 0.0140625 0.022916666666666665
1 0.64921875 0.09479166666666666 0.0109375 0.014583333333333334
5 0.76015625 0.30625 0.0171875 0.020833333333333332
5 0.78125 0.28541666666666665 0.0125 0.020833333333333332
5 0.865625 0.22708333333333333 0.015625 0.0125
5 0.8453125 0.2125 0.009375 0.0125
5 0.85390625 0.2 0.0078125 0.008333333333333333
5 0.88203125 0.17083333333333334 0.0109375 0.020833333333333332
1 0.81640625 0.2760416666666667 0.0296875 0.027083333333333334
1 0.84453125 0.24895833333333334 0.0234375 0.022916666666666665
1 0.86484375 0.23333333333333334 0.0203125 0.029166666666666667
1 0.8875 0.20729166666666668 0.021875 0.022916666666666665
1 0.9046875 0.18333333333333332 0.021875 0.025
3 0.934375 0.15104166666666666 0.03125 0.04375
1 0.953125 0.11666666666666667 0.01875 0.020833333333333332
1 0.971875 0.10208333333333333 0.0125 0.0125
1 0.98203125 0.08854166666666667 0.0109375 0.010416666666666666
1 0.99609375 0.10208333333333333 0.0078125 0.016666666666666666
1 0.9703125 0.13854166666666667 0.01875 0.022916666666666665
1 0.9546875 0.16145833333333334 0.01875 0.022916666666666665
1 0.92265625 0.19791666666666666 0.0234375 0.016666666666666666
1 0.8890625 0.21875 0.025 0.029166666666666667
1 0.88515625 0.23854166666666668 0.0171875 0.01875
1 0.85625 0.26666666666666666 0.021875 0.025
1 0.83046875 0.28958333333333336 0.0328125 0.0375
1 0.83984375 0.3145833333333333 0.0296875 0.03333333333333333
3 0.875 0.2760416666666667 0.03125 0.035416666666666666
1 0.90703125 0.253125 0.0234375 0.022916666666666665
3 0.9359375 0.2125 0.040625 0.04583333333333333
1 0.96875 0.18020833333333333 0.015625 0.01875
1 0.9859375 0.15416666666666667 0.028125 0.03333333333333333
1 0.8703125 0.3177083333333333 0.028125 0.03125
1 0.90546875 0.284375 0.0234375 0.027083333333333334
1 0.9234375 0.2635416666666667 0.025 0.022916666666666665
1 0.94375 0.24583333333333332 0.01875 0.020833333333333332
1 0.971875 0.21354166666666666 0.021875 0.03125
1 0.9734375 0.17916666666666667 0.01875 0.016666666666666666
1 0.8765625 0.3458333333333333 0.025 0.029166666666666667
1 0.90625 0.321875 0.03125 0.03958333333333333
1 0.93046875 0.29270833333333335 0.0265625 0.03958333333333333
1 0.95703125 0.26145833333333335 0.0203125 0.01875
1 0.9765625 0.23958333333333334 0.01875 0.016666666666666666
1 0.9015625 0.3645833333333333 0.034375 0.03333333333333333
1 0.92890625 0.32916666666666666 0.0203125 0.025

1 0.97890625 0.25416666666666665 0.0234375 0.020833333333333332


5 0.903125 0.559375 0.015625 0.022916666666666665
4 0.76875 0.315625 0.009375 0.010416666666666666
5 0.675 0.034375 0.00625 0.010416666666666666
5 0.615625 0.940625 0.021875 0.04791666666666667
5 0.61015625 0.9427083333333334 0.0296875 0.052083333333333336
4 0.428125 0.7260416666666667 0.025 0.11458333333333333
4 0.37265625 0.46458333333333335 0.0109375 0.008333333333333333
4 0.41953125 0.22083333333333333 0.0078125 0.0125
4 0.3984375 0.49375 0.009375 0.025
4 0.41171875 0.4822916666666667 0.0109375 0.01875
4 0.7625 0.1375 0.003125 0.004166666666666667
1 0.43671875 0.26979166666666665 0.0359375 0.022916666666666665
1 0.43515625 0.25625 0.0328125 0.016666666666666666
