1 0.540625 0.175 0.015625 0.020833333333333332
1 0.7859375 0.9260416666666667 0.0125 0.00625
1 0.73984375 0.421875 0.0171875 0.010416666666666666
1 0.68203125 0.3625 0.0171875 0.020833333333333332
1 0.5703125 0.23645833333333333 0.0125 0.027083333333333334
1 0.5515625 0.23958333333333334 0.015625 0.025
1 0.73984375 0.41770833333333335 0.0203125 0.01875
1 0.6453125 0.334375 0.009375 0.01875
1 0.6390625 0.3260416666666667 0.01875 0.01875
1 0.55078125 0.240625 0.0140625 0.01875
3 0.5953125 0.20625 0.01875 0.020833333333333332
1 0.57890625 0.17291666666666666 0.0171875 0.025
1 0.37890625 0.08541666666666667 0.0328125 0.016666666666666666
1 0.37890625 0.07083333333333333 0.0296875 0.0125
1 0.5796875 0.171875 0.015625 0.022916666666666665
1 0.58359375 0.17604166666666668 0.0140625 0.01875
1 0.52109375 0.075 0.0171875 0.025

1 0.76875 0.007291666666666667 0.009375 0.014583333333333334
5 0.653125 0.12708333333333333 0.009375 0.016666666666666666
1 0.66328125 0.12604166666666666 0.0140625 0.022916666666666665
1 0.64921875 0.09479166666666666 0.0109375 0.014583333333333334
5 0.76015625 0.30625 0.0171875 0.020833333333333332
5 0.78125 0.28541666666666665 0.0125 0.020833333333333332
5 0.865625 0.22708333333333333 0.015625 0.0125
5 0.84453125 0.2125 0.0109375 0.0125
5 0.85390625 0.2 0.0078125 0.008333333333333333
5 0.88203125 0.17083333333333334 0.0109375 0.020833333333333332
1 0.81640625 0.27708333333333335 0.0296875 0.029166666666666667
1 0.84453125 0.24895833333333334 0.0234375 0.022916666666666665
1 0.86484375 0.23333333333333334 0.0203125 0.029166666666666667
1 0.8875 0.20833333333333334 0.021875 0.025
1 0.9046875 0.18333333333333332 0.021875 0.025
3 0.934375 0.153125 0.03125 0.04375
1 0.953125 0.11666666666666667 0.01875 0.020833333333333332
1 0.971875 0.103125 0.0125 0.010416666666666666
1 0.98203125 0.08854166666666667 0.0109375 0.010416666666666666
1 0.99609375 0.10208333333333333 0.0078125 0.016666666666666666
1 0.97109375 0.13854166666666667 0.0171875 0.022916666666666665
1 0.9546875 0.16145833333333334 0.01875 0.022916666666666665
1 0.92265625 0.19791666666666666 0.0234375 0.016666666666666666
1 0.8875 0.21875 0.025 0.029166666666666667
1 0.884375 0.24270833333333333 0.01875 0.022916666666666665
1 0.85625 0.2677083333333333 0.021875 0.022916666666666665
1 0.8296875 0.290625 0.03125 0.035416666666666666
1 0.84140625 0.31354166666666666 0.0296875 0.035416666666666666
3 0.875 0.2760416666666667 0.03125 0.035416666666666666
1 0.90703125 0.253125 0.0234375 0.022916666666666665
3 0.9359375 0.2125 0.040625 0.04583333333333333
1 0.96875 0.18020833333333333 0.015625 0.01875
1 0.98515625 0.15416666666666667 0.0296875 0.03333333333333333
1 0.8703125 0.3177083333333333 0.028125 0.03125
1 0.90546875 0.28541666666666665 0.0234375 0.029166666666666667
1 0.9234375 0.2635416666666667 0.025 0.022916666666666665
1 0.94375 0.24583333333333332 0.01875 0.020833333333333332
1 0.971875 0.21354166666666666 0.021875 0.03125
1 0.9734375 0.17916666666666667 0.01875 0.016666666666666666
1 0.8765625 0.3458333333333333 0.025 0.029166666666666667
1 0.909375 0.315625 0.025 0.03125
1 0.9296875 0.2916666666666667 0.028125 0.0375
1 0.95703125 0.26145833333333335 0.0203125 0.01875
1 0.9765625 0.23958333333333334 0.01875 0.016666666666666666
1 0.90234375 0.3645833333333333 0.0359375 0.03333333333333333
1 0.92890625 0.32916666666666666 0.0203125 0.025

1 0.9765625 0.2552083333333333 0.021875 0.01875


5 0.9078125 0.5552083333333333 0.0125 0.01875
4 0.76875 0.315625 0.009375 0.010416666666666666
5 0.675 0.034375 0.00625 0.010416666666666666
5 0.61640625 0.9427083333333334 0.0296875 0.04791666666666667
5 0.6125 0.9447916666666667 0.034375 0.052083333333333336
4 0.421875 0.725 0.025 0.10416666666666667
4 0.37265625 0.4635416666666667 0.0109375 0.010416666666666666
4 0.41953125 0.22083333333333333 0.0078125 0.0125
4 0.39765625 0.49375 0.0109375 0.025
4 0.41171875 0.4822916666666667 0.0109375 0.01875
4 0.76328125 0.1375 0.0015625 0.004166666666666667
1 0.43671875 0.26979166666666665 0.0359375 0.022916666666666665
1 0.43515625 0.25625 0.0328125 0.016666666666666666
