1 0.540625 0.178125 0.015625 0.022916666666666665
1 0.78828125 0.9416666666666667 0.0140625 0.008333333333333333
1 0.740625 0.4197916666666667 0.015625 0.010416666666666666
1 0.68515625 0.36666666666666664 0.0171875 0.020833333333333332
1 0.57109375 0.24166666666666667 0.0140625 0.020833333333333332
1 0.5515625 0.23958333333333334 0.015625 0.025
1 0.74296875 0.421875 0.0203125 0.022916666666666665
1 0.64609375 0.334375 0.0109375 0.01875
1 0.63984375 0.328125 0.0203125 0.01875
1 0.571875 0.23229166666666667 0.009375 0.01875
3 0.59453125 0.20833333333333334 0.0203125 0.020833333333333332
1 0.57890625 0.17291666666666666 0.0171875 0.025
1 0.37890625 0.08541666666666667 0.0328125 0.016666666666666666
1 0.37890625 0.07083333333333333 0.0296875 0.0125
1 0.5796875 0.17291666666666666 0.015625 0.020833333333333332
1 0.58515625 0.17916666666666667 0.0140625 0.020833333333333332
1 0.5234375 0.07395833333333333 0.021875 0.022916666666666665

1 0.76875 0.007291666666666667 0.009375 0.014583333333333334
5 0.65234375 0.12604166666666666 0.0078125 0.014583333333333334
1 0.66328125 0.12708333333333333 0.0140625 0.025
1 0.64921875 0.09479166666666666 0.0109375 0.014583333333333334
5 0.76015625 0.30625 0.0171875 0.020833333333333332
5 0.78125 0.28541666666666665 0.0125 0.020833333333333332
5 0.865625 0.22708333333333333 0.015625 0.0125
5 0.84453125 0.2125 0.0109375 0.0125
5 0.85390625 0.20104166666666667 0.0078125 0.00625
5 0.8828125 0.17083333333333334 0.0125 0.020833333333333332
1 0.81640625 0.27708333333333335 0.0296875 0.029166666666666667
1 0.84375 0.2520833333333333 0.028125 0.025
1 0.86484375 0.23333333333333334 0.0203125 0.029166666666666667
1 0.88671875 0.20833333333333334 0.0203125 0.025
1 0.9046875 0.184375 0.021875 0.022916666666666665
3 0.934375 0.15520833333333334 0.03125 0.03958333333333333
1 0.95390625 0.11666666666666667 0.0203125 0.020833333333333332
1 0.97109375 0.103125 0.0109375 0.010416666666666666
1 0.98203125 0.08854166666666667 0.0109375 0.010416666666666666
1 0.99609375 0.10208333333333333 0.0078125 0.016666666666666666
1 0.9703125 0.13854166666666667 0.01875 0.022916666666666665
1 0.953125 0.16770833333333332 0.021875 0.027083333333333334
1 0.92265625 0.19791666666666666 0.0234375 0.016666666666666666
1 0.8890625 0.21770833333333334 0.025 0.03125
1 0.884375 0.24270833333333333 0.01875 0.022916666666666665
1 0.85625 0.2677083333333333 0.021875 0.022916666666666665
1 0.83046875 0.290625 0.0296875 0.035416666666666666
1 0.8421875 0.3145833333333333 0.03125 0.03333333333333333
3 0.875 0.2760416666666667 0.03125 0.035416666666666666
1 0.90703125 0.253125 0.0234375 0.022916666666666665
3 0.94296875 0.20833333333333334 0.0390625 0.04583333333333333
1 0.96875 0.18020833333333333 0.015625 0.01875
1 0.98515625 0.15729166666666666 0.0296875 0.027083333333333334
1 0.8703125 0.3177083333333333 0.028125 0.03125
1 0.90546875 0.28541666666666665 0.0234375 0.029166666666666667
1 0.9234375 0.2635416666666667 0.025 0.022916666666666665
1 0.94375 0.246875 0.01875 0.022916666666666665
1 0.971875 0.21354166666666666 0.021875 0.03125
1 0.9734375 0.17916666666666667 0.01875 0.016666666666666666
1 0.8765625 0.3458333333333333 0.025 0.029166666666666667
1 0.909375 0.3145833333333333 0.025 0.029166666666666667
1 0.9296875 0.29270833333333335 0.028125 0.03958333333333333
1 0.95703125 0.26145833333333335 0.0203125 0.01875
1 0.9765625 0.23958333333333334 0.01875 0.016666666666666666
1 0.90234375 0.3645833333333333 0.0359375 0.03333333333333333
1 0.92890625 0.32916666666666666 0.0203125 0.025

1 0.971875 0.25729166666666664 0.028125 0.01875


5 0.91015625 0.5604166666666667 0.0140625 0.020833333333333332
4 0.76875 0.315625 0.009375 0.010416666666666666
5 0.675 0.034375 0.00625 0.010416666666666666
5 0.62109375 0.9541666666666667 0.0203125 0.05
5 0.61484375 0.9552083333333333 0.0328125 0.05625
4 0.42109375 0.7208333333333333 0.0234375 0.10416666666666667
4 0.37265625 0.4635416666666667 0.0109375 0.010416666666666666
4 0.4203125 0.221875 0.00625 0.010416666666666666
4 0.3984375 0.49375 0.009375 0.025
4 0.41171875 0.484375 0.0109375 0.01875
4 0.76171875 0.13645833333333332 0.0046875 0.00625
1 0.43671875 0.26979166666666665 0.0359375 0.022916666666666665
1 0.43515625 0.25625 0.0328125 0.016666666666666666
