1 0.5421875 0.18020833333333333 0.015625 0.01875
1 0.7953125 0.9625 0.015625 0.008333333333333333
1 0.746875 0.421875 0.015625 0.014583333333333334
1 0.6921875 0.37083333333333335 0.015625 0.020833333333333332
1 0.5734375 0.24166666666666667 0.0125 0.020833333333333332
1 0.5515625 0.24166666666666667 0.015625 0.020833333333333332
1 0.74296875 0.421875 0.0265625 0.022916666666666665
1 0.64765625 0.3333333333333333 0.0109375 0.016666666666666666
1 0.6453125 0.33125 0.01875 0.020833333333333332
1 0.571875 0.234375 0.009375 0.014583333333333334
3 0.596875 0.209375 0.01875 0.022916666666666665
1 0.58125 0.175 0.015625 0.020833333333333332
1 0.3796875 0.08541666666666667 0.03125 0.016666666666666666
1 0.37890625 0.07083333333333333 0.0296875 0.0125
1 0.58203125 0.17395833333333333 0.0140625 0.01875
1 0.57578125 0.18645833333333334 0.0140625 0.01875
1 0.52578125 0.071875 0.0171875 0.022916666666666665

1 0.76875 0.007291666666666667 0.009375 0.014583333333333334
5 0.65234375 0.12604166666666666 0.0078125 0.01875
1 0.66328125 0.12708333333333333 0.0140625 0.025
1 0.64921875 0.09479166666666666 0.0109375 0.014583333333333334
5 0.76015625 0.30625 0.0171875 0.020833333333333332
5 0.78125 0.28541666666666665 0.0125 0.020833333333333332
5 0.865625 0.22708333333333333 0.015625 0.0125
5 0.84453125 0.2125 0.0109375 0.0125
5 0.85390625 0.20104166666666667 0.0078125 0.00625
5 0.8828125 0.171875 0.0125 0.01875
1 0.81640625 0.27708333333333335 0.0296875 0.029166666666666667
1 0.8453125 0.24895833333333334 0.025 0.022916666666666665
1 0.86484375 0.23333333333333334 0.0203125 0.029166666666666667
1 0.88671875 0.20833333333333334 0.0203125 0.025
1 0.9046875 0.18541666666666667 0.021875 0.025
3 0.934375 0.15208333333333332 0.03125 0.04583333333333333
1 0.95234375 0.11666666666666667 0.0203125 0.025
1 0.97109375 0.10416666666666667 0.0109375 0.0125
1 0.98203125 0.08854166666666667 0.0109375 0.010416666666666666
1 0.99609375 0.103125 0.0078125 0.014583333333333334
1 0.97109375 0.13854166666666667 0.0171875 0.022916666666666665
1 0.95234375 0.16875 0.0234375 0.029166666666666667
1 0.92265625 0.19791666666666666 0.0234375 0.016666666666666666
1 0.8875 0.21770833333333334 0.025 0.03125
1 0.884375 0.24375 0.01875 0.025
1 0.85390625 0.27291666666666664 0.0234375 0.025
1 0.83046875 0.290625 0.0296875 0.035416666666666666
1 0.83984375 0.3145833333333333 0.0296875 0.03333333333333333
3 0.875 0.27708333333333335 0.03125 0.0375
1 0.9078125 0.25416666666666665 0.021875 0.025
3 0.94296875 0.209375 0.0390625 0.04375
1 0.96875 0.18020833333333333 0.015625 0.01875
1 0.98515625 0.15729166666666666 0.0296875 0.027083333333333334
1 0.87109375 0.31875 0.0296875 0.03333333333333333
1 0.90546875 0.28541666666666665 0.0234375 0.029166666666666667
1 0.9234375 0.26458333333333334 0.025 0.020833333333333332
1 0.94375 0.24791666666666667 0.01875 0.025
1 0.97109375 0.21354166666666666 0.0234375 0.03125
1 0.9734375 0.17916666666666667 0.01875 0.016666666666666666
1 0.8765625 0.3458333333333333 0.025 0.029166666666666667
1 0.909375 0.3145833333333333 0.025 0.029166666666666667
1 0.9296875 0.2916666666666667 0.028125 0.0375
1 0.95703125 0.26145833333333335 0.0203125 0.01875
1 0.9765625 0.23958333333333334 0.01875 0.016666666666666666
1 0.90078125 0.3645833333333333 0.0328125 0.03333333333333333
1 0.92890625 0.32916666666666666 0.0203125 0.025

1 0.971875 0.25833333333333336 0.028125 0.020833333333333332


5 0.91640625 0.5645833333333333 0.0109375 0.020833333333333332
4 0.76875 0.315625 0.009375 0.010416666666666666
5 0.675 0.035416666666666666 0.00625 0.0125
5 0.63125 0.9625 0.025 0.041666666666666664
5 0.62890625 0.9625 0.0296875 0.041666666666666664
4 0.42890625 0.7625 0.0109375 0.020833333333333332
4 0.37265625 0.4635416666666667 0.0109375 0.010416666666666666
4 0.41953125 0.22291666666666668 0.0078125 0.0125
4 0.3984375 0.49375 0.009375 0.025
4 0.41015625 0.4864583333333333 0.0109375 0.01875
4 0.76328125 0.1375 0.0015625 0.004166666666666667
1 0.43671875 0.26979166666666665 0.0359375 0.022916666666666665
1 0.43515625 0.25625 0.0328125 0.016666666666666666
