1 0.5421875 0.18020833333333333 0.015625 0.01875
1 0.80078125 0.9697916666666667 0.0109375 0.010416666666666666
1 0.7515625 0.425 0.0125 0.0125
1 0.69296875 0.37083333333333335 0.0171875 0.020833333333333332
1 0.5734375 0.24791666666666667 0.0125 0.016666666666666666
1 0.55078125 0.24375 0.0140625 0.025
1 0.746875 0.421875 0.025 0.022916666666666665
1 0.6484375 0.33541666666666664 0.0125 0.016666666666666666
1 0.64609375 0.33229166666666665 0.0171875 0.022916666666666665
1 0.57421875 0.2375 0.0046875 0.004166666666666667
3 0.59765625 0.209375 0.0171875 0.022916666666666665
1 0.58203125 0.175 0.0140625 0.020833333333333332
1 0.3796875 0.08541666666666667 0.03125 0.016666666666666666
1 0.37890625 0.07083333333333333 0.0296875 0.0125
1 0.58203125 0.175 0.0140625 0.020833333333333332
1 0.57578125 0.1875 0.0140625 0.020833333333333332
1 0.52578125 0.06979166666666667 0.0171875 0.01875

1 0.76875 0.007291666666666667 0.009375 0.014583333333333334
5 0.65234375 0.12708333333333333 0.0078125 0.016666666666666666
1 0.66328125 0.12708333333333333 0.0140625 0.025
1 0.64921875 0.09479166666666666 0.0109375 0.014583333333333334
5 0.76015625 0.30625 0.0171875 0.020833333333333332
5 0.78125 0.2864583333333333 0.0125 0.01875
5 0.865625 0.22708333333333333 0.015625 0.0125
5 0.84453125 0.2125 0.0109375 0.0125
5 0.85390625 0.20208333333333334 0.0078125 0.008333333333333333
5 0.8828125 0.171875 0.0125 0.01875
1 0.81640625 0.27708333333333335 0.0296875 0.029166666666666667
1 0.8453125 0.24895833333333334 0.025 0.022916666666666665
1 0.86484375 0.23333333333333334 0.0203125 0.029166666666666667
1 0.88671875 0.20833333333333334 0.0203125 0.025
1 0.9046875 0.18541666666666667 0.021875 0.025
3 0.934375 0.153125 0.03125 0.04375
1 0.95234375 0.115625 0.0203125 0.022916666666666665
1 0.9703125 0.10416666666666667 0.0125 0.0125
1 0.9828125 0.08854166666666667 0.009375 0.010416666666666666
1 0.99609375 0.10416666666666667 0.0078125 0.016666666666666666
1 0.971875 0.13958333333333334 0.01875 0.025
1 0.9515625 0.16875 0.021875 0.029166666666666667
1 0.92265625 0.19791666666666666 0.0234375 0.016666666666666666
1 0.88828125 0.21770833333333334 0.0234375 0.03125
1 0.884375 0.24375 0.01875 0.025
1 0.85625 0.27395833333333336 0.025 0.027083333333333334
1 0.83046875 0.2916666666666667 0.0296875 0.0375
1 0.83984375 0.3145833333333333 0.0296875 0.03333333333333333
3 0.875 0.27708333333333335 0.03125 0.0375
1 0.90703125 0.253125 0.0234375 0.022916666666666665
3 0.94296875 0.209375 0.0390625 0.04375
1 0.96875 0.18020833333333333 0.015625 0.01875
1 0.98515625 0.15729166666666666 0.0296875 0.027083333333333334
1 0.87109375 0.31875 0.0296875 0.03333333333333333
1 0.9046875 0.2864583333333333 0.025 0.03125
1 0.9234375 0.265625 0.025 0.022916666666666665
1 0.94375 0.24791666666666667 0.01875 0.025
1 0.97109375 0.21458333333333332 0.0234375 0.029166666666666667
1 0.9734375 0.17916666666666667 0.01875 0.016666666666666666
1 0.87578125 0.3458333333333333 0.0234375 0.029166666666666667
1 0.90625 0.32083333333333336 0.028125 0.0375
1 0.9296875 0.2916666666666667 0.028125 0.0375
1 0.95703125 0.26145833333333335 0.0203125 0.01875
1 0.9765625 0.23958333333333334 0.01875 0.016666666666666666
1 0.9015625 0.365625 0.034375 0.035416666666666666
1 0.92890625 0.3333333333333333 0.0234375 0.029166666666666667

1 0.971875 0.25729166666666664 0.028125 0.01875


5 0.91953125 0.5666666666666667 0.0140625 0.020833333333333332
4 0.76875 0.315625 0.009375 0.010416666666666666
5 0.675 0.034375 0.00625 0.010416666666666666
5 0.6328125 0.9677083333333333 0.028125 0.03958333333333333
5 0.63046875 0.9697916666666667 0.0328125 0.04375
4 0.42890625 0.7625 0.0140625 0.020833333333333332
4 0.37265625 0.4635416666666667 0.0109375 0.010416666666666666
4 0.41953125 0.221875 0.0078125 0.014583333333333334
4 0.39921875 0.49375 0.0078125 0.025
4 0.41015625 0.4875 0.0109375 0.016666666666666666
4 0.7625 0.1375 0.003125 0.004166666666666667
1 0.43671875 0.26979166666666665 0.0359375 0.022916666666666665
1 0.434375 0.25625 0.03125 0.016666666666666666
