1 0.54296875 0.18333333333333332 0.0140625 0.016666666666666666
1 0.80625 0.9916666666666667 0.015625 0.016666666666666666
1 0.7578125 0.42604166666666665 0.0125 0.014583333333333334
1 0.69609375 0.371875 0.0171875 0.01875
1 0.57421875 0.25625 0.0140625 0.016666666666666666
1 0.55234375 0.24479166666666666 0.0109375 0.027083333333333334
1 0.75703125 0.42604166666666665 0.0203125 0.01875
1 0.64921875 0.33645833333333336 0.0140625 0.014583333333333334
1 0.6484375 0.3333333333333333 0.021875 0.020833333333333332

3 0.59765625 0.20625 0.0171875 0.025
1 0.5828125 0.17708333333333334 0.015625 0.020833333333333332
1 0.3796875 0.08541666666666667 0.03125 0.016666666666666666
1 0.37890625 0.07083333333333333 0.0296875 0.0125
1 0.5828125 0.178125 0.0125 0.01875
1 0.58203125 0.18125 0.0140625 0.020833333333333332
1 0.52578125 0.06875 0.0171875 0.020833333333333332

1 0.76796875 0.007291666666666667 0.0078125 0.014583333333333334
5 0.653125 0.12708333333333333 0.009375 0.016666666666666666
1 0.66328125 0.12708333333333333 0.0140625 0.025
1 0.64921875 0.09479166666666666 0.0109375 0.014583333333333334
5 0.759375 0.30625 0.015625 0.020833333333333332
5 0.78125 0.2864583333333333 0.0125 0.01875
5 0.865625 0.22708333333333333 0.015625 0.0125
5 0.84453125 0.2125 0.0109375 0.0125
5 0.85390625 0.20208333333333334 0.0078125 0.008333333333333333
5 0.8828125 0.17291666666666666 0.0125 0.020833333333333332
1 0.81640625 0.27708333333333335 0.0296875 0.029166666666666667
1 0.84453125 0.24895833333333334 0.0234375 0.022916666666666665
1 0.865625 0.23333333333333334 0.021875 0.029166666666666667
1 0.88671875 0.20833333333333334 0.0203125 0.025
1 0.9046875 0.184375 0.021875 0.022916666666666665
3 0.934375 0.153125 0.03125 0.04375
1 0.95234375 0.115625 0.0203125 0.022916666666666665
1 0.9703125 0.10416666666666667 0.0125 0.0125
1 0.9828125 0.08854166666666667 0.009375 0.010416666666666666
1 0.9953125 0.10416666666666667 0.009375 0.016666666666666666
1 0.971875 0.13854166666666667 0.01875 0.022916666666666665
1 0.9515625 0.16979166666666667 0.025 0.03125
1 0.92265625 0.19791666666666666 0.0234375 0.016666666666666666
1 0.8890625 0.21770833333333334 0.025 0.03125
1 0.884375 0.24479166666666666 0.01875 0.027083333333333334
1 0.85390625 0.275 0.0234375 0.025
1 0.83125 0.290625 0.03125 0.035416666666666666
1 0.83984375 0.3145833333333333 0.0296875 0.03333333333333333
3 0.875 0.278125 0.03125 0.035416666666666666
1 0.90703125 0.25416666666666665 0.0234375 0.025
3 0.94296875 0.209375 0.0390625 0.04375
1 0.96796875 0.18020833333333333 0.0171875 0.01875
1 0.98515625 0.15833333333333333 0.0296875 0.025
1 0.87109375 0.3125 0.0265625 0.029166666666666667
1 0.9046875 0.2864583333333333 0.025 0.03125
1 0.9234375 0.265625 0.025 0.022916666666666665
1 0.94375 0.24791666666666667 0.01875 0.025
1 0.971875 0.21458333333333332 0.021875 0.029166666666666667
1 0.97265625 0.18125 0.0234375 0.020833333333333332
1 0.8765625 0.3458333333333333 0.025 0.029166666666666667
1 0.91015625 0.315625 0.0234375 0.03125
1 0.9296875 0.2916666666666667 0.028125 0.0375
1 0.95703125 0.26145833333333335 0.0203125 0.01875
1 0.9765625 0.23958333333333334 0.01875 0.016666666666666666
1 0.9015625 0.365625 0.034375 0.035416666666666666
1 0.928125 0.32916666666666666 0.01875 0.025

1 0.98671875 0.246875 0.0265625 0.022916666666666665


5 0.928125 0.5677083333333334 0.009375 0.01875
4 0.76875 0.315625 0.009375 0.010416666666666666
5 0.675 0.034375 0.00625 0.010416666666666666
5 0.6375 0.978125 0.021875 0.03125
5 0.64296875 0.978125 0.0171875 0.03125
4 0.428125 0.759375 0.0125 0.022916666666666665
4 0.37265625 0.4635416666666667 0.0109375 0.010416666666666666
4 0.41953125 0.22291666666666668 0.0078125 0.0125
4 0.4 0.49270833333333336 0.009375 0.022916666666666665
4 0.41171875 0.48333333333333334 0.0109375 0.016666666666666666
4 0.7640625 0.1375 0.003125 0.004166666666666667
1 0.43671875 0.26979166666666665 0.0359375 0.022916666666666665
1 0.43515625 0.25625 0.0328125 0.016666666666666666
