1 0.54375 0.18854166666666666 0.015625 0.01875

1 0.76015625 0.42604166666666665 0.0171875 0.014583333333333334
1 0.69921875 0.375 0.0203125 0.020833333333333332
1 0.58125 0.26145833333333335 0.009375 0.014583333333333334
1 0.5546875 0.24166666666666667 0.0125 0.029166666666666667
1 0.759375 0.4270833333333333 0.025 0.020833333333333332
1 0.65078125 0.3385416666666667 0.0171875 0.014583333333333334
1 0.65078125 0.33645833333333336 0.0203125 0.022916666666666665

3 0.59609375 0.20208333333333334 0.0171875 0.025
1 0.5828125 0.18333333333333332 0.015625 0.025
1 0.3796875 0.0875 0.03125 0.016666666666666666
1 0.37890625 0.07083333333333333 0.0296875 0.0125
1 0.5828125 0.17916666666666667 0.0125 0.016666666666666666
1 0.5828125 0.18958333333333333 0.015625 0.016666666666666666
1 0.525 0.06979166666666667 0.01875 0.01875

1 0.76875 0.007291666666666667 0.009375 0.014583333333333334
5 0.653125 0.12708333333333333 0.009375 0.016666666666666666
1 0.66328125 0.12708333333333333 0.0140625 0.025
1 0.64921875 0.09479166666666666 0.0109375 0.014583333333333334
5 0.759375 0.30625 0.015625 0.020833333333333332
5 0.78125 0.28541666666666665 0.0125 0.020833333333333332
5 0.865625 0.22708333333333333 0.015625 0.0125
5 0.84453125 0.2125 0.0109375 0.0125
5 0.85390625 0.20208333333333334 0.0078125 0.008333333333333333
5 0.8828125 0.17291666666666666 0.0125 0.020833333333333332
1 0.81640625 0.27708333333333335 0.0296875 0.029166666666666667
1 0.84453125 0.24895833333333334 0.0234375 0.022916666666666665
1 0.865625 0.23333333333333334 0.021875 0.029166666666666667
1 0.8875 0.20833333333333334 0.021875 0.025
1 0.90546875 0.18541666666666667 0.0234375 0.025
3 0.934375 0.153125 0.03125 0.04375
1 0.9515625 0.115625 0.01875 0.022916666666666665
1 0.97109375 0.10416666666666667 0.0140625 0.0125
1 0.9828125 0.08854166666666667 0.009375 0.010416666666666666
1 0.9953125 0.10416666666666667 0.009375 0.016666666666666666
1 0.971875 0.13958333333333334 0.01875 0.025
1 0.9515625 0.17083333333333334 0.025 0.029166666666666667
1 0.9234375 0.19791666666666666 0.021875 0.016666666666666666
1 0.8890625 0.21770833333333334 0.025 0.03125
1 0.884375 0.24479166666666666 0.01875 0.027083333333333334
1 0.85546875 0.275 0.0265625 0.029166666666666667
1 0.83046875 0.2916666666666667 0.0296875 0.0375
1 0.83984375 0.3145833333333333 0.0296875 0.03333333333333333
3 0.875 0.278125 0.03125 0.035416666666666666
1 0.90703125 0.25416666666666665 0.0234375 0.025
3 0.94296875 0.21041666666666667 0.0390625 0.04583333333333333
1 0.96953125 0.178125 0.0140625 0.01875
1 0.9828125 0.15833333333333333 0.025 0.025
1 0.8703125 0.3104166666666667 0.025 0.029166666666666667
1 0.9046875 0.2875 0.025 0.029166666666666667
1 0.9234375 0.265625 0.025 0.022916666666666665
1 0.94375 0.24895833333333334 0.01875 0.022916666666666665
1 0.97109375 0.215625 0.0234375 0.03125
1 0.9734375 0.17916666666666667 0.01875 0.016666666666666666
1 0.8765625 0.346875 0.025 0.03125
1 0.90625 0.32083333333333336 0.028125 0.0375
1 0.9296875 0.29270833333333335 0.028125 0.035416666666666666
1 0.95703125 0.26145833333333335 0.0203125 0.01875
1 0.9765625 0.23958333333333334 0.01875 0.016666666666666666
1 0.9 0.365625 0.034375 0.035416666666666666
1 0.92890625 0.32916666666666666 0.0203125 0.025

1 0.97109375 0.25729166666666664 0.0265625 0.01875


5 0.9328125 0.575 0.0125 0.020833333333333332
4 0.76796875 0.31666666666666665 0.0109375 0.0125
5 0.675 0.034375 0.00625 0.010416666666666666
5 0.64921875 0.984375 0.0140625 0.014583333333333334
5 0.640625 0.9708333333333333 0.021875 0.041666666666666664
4 0.421875 0.7572916666666667 0.0125 0.022916666666666665
4 0.37265625 0.46458333333333335 0.0109375 0.008333333333333333
4 0.41953125 0.225 0.0078125 0.0125
4 0.4 0.490625 0.009375 0.01875
4 0.41328125 0.48125 0.0078125 0.0125
4 0.7625 0.1375 0.003125 0.004166666666666667
1 0.43671875 0.2708333333333333 0.0359375 0.020833333333333332
1 0.43515625 0.25625 0.0328125 0.016666666666666666
