1 0.54375 0.19166666666666668 0.015625 0.020833333333333332

1 0.7640625 0.42916666666666664 0.015625 0.0125
1 0.7015625 0.3770833333333333 0.01875 0.020833333333333332

1 0.5546875 0.23229166666666667 0.0125 0.01875
1 0.7609375 0.4270833333333333 0.025 0.020833333333333332
1 0.64921875 0.34479166666666666 0.0140625 0.01875
1 0.653125 0.33958333333333335 0.021875 0.020833333333333332
1 0.59921875 0.22604166666666667 0.0078125 0.014583333333333334
3 0.59609375 0.20208333333333334 0.0171875 0.025
1 0.58359375 0.184375 0.0171875 0.022916666666666665
1 0.38125 0.08333333333333333 0.03125 0.016666666666666666
1 0.37890625 0.07083333333333333 0.0296875 0.0125
1 0.58359375 0.18229166666666666 0.0109375 0.014583333333333334
1 0.584375 0.19166666666666668 0.015625 0.016666666666666666
1 0.52578125 0.06875 0.0171875 0.016666666666666666

1 0.76796875 0.007291666666666667 0.0078125 0.014583333333333334
5 0.653125 0.12604166666666666 0.009375 0.014583333333333334
1 0.66328125 0.12708333333333333 0.0140625 0.025
1 0.64921875 0.09479166666666666 0.0109375 0.014583333333333334
5 0.75859375 0.30625 0.0171875 0.020833333333333332
5 0.78125 0.28541666666666665 0.0125 0.016666666666666666
5 0.865625 0.22604166666666667 0.015625 0.014583333333333334
5 0.84453125 0.2125 0.0109375 0.0125
5 0.853125 0.203125 0.009375 0.00625
5 0.8828125 0.17291666666666666 0.0125 0.020833333333333332
1 0.81640625 0.27708333333333335 0.0296875 0.029166666666666667
1 0.84453125 0.24895833333333334 0.0234375 0.022916666666666665
1 0.865625 0.23333333333333334 0.021875 0.029166666666666667
1 0.88671875 0.21041666666666667 0.0203125 0.025
1 0.90546875 0.18541666666666667 0.0234375 0.025
3 0.934375 0.15520833333333334 0.03125 0.03958333333333333
1 0.9515625 0.115625 0.01875 0.022916666666666665
1 0.9703125 0.10520833333333333 0.0125 0.010416666666666666
1 0.9828125 0.08854166666666667 0.009375 0.010416666666666666
1 0.9953125 0.10416666666666667 0.009375 0.016666666666666666
1 0.971875 0.13958333333333334 0.01875 0.025
1 0.9515625 0.17083333333333334 0.025 0.029166666666666667
1 0.9234375 0.19791666666666666 0.021875 0.016666666666666666
1 0.8890625 0.21770833333333334 0.025 0.03125
1 0.884375 0.24479166666666666 0.01875 0.027083333333333334
1 0.853125 0.27708333333333335 0.025 0.029166666666666667
1 0.83046875 0.2916666666666667 0.0296875 0.0375
1 0.83984375 0.3145833333333333 0.0296875 0.03333333333333333
3 0.87578125 0.278125 0.0296875 0.035416666666666666
1 0.90703125 0.25416666666666665 0.0234375 0.025
3 0.9390625 0.2125 0.040625 0.04583333333333333
1 0.96796875 0.18020833333333333 0.0171875 0.01875
1 0.98125 0.15833333333333333 0.025 0.025
1 0.86953125 0.3104166666666667 0.0265625 0.029166666666666667
1 0.9046875 0.2875 0.025 0.029166666666666667
1 0.9234375 0.265625 0.025 0.022916666666666665
1 0.94375 0.24895833333333334 0.01875 0.022916666666666665
1 0.97109375 0.215625 0.0234375 0.03125
1 0.97265625 0.18125 0.0234375 0.020833333333333332
1 0.8765625 0.346875 0.025 0.03125
1 0.90703125 0.32083333333333336 0.0296875 0.0375
1 0.9296875 0.29270833333333335 0.028125 0.035416666666666666
1 0.95703125 0.26145833333333335 0.0203125 0.01875
1 0.9765625 0.23958333333333334 0.01875 0.016666666666666666
1 0.9046875 0.36354166666666665 0.028125 0.03125
1 0.93046875 0.3333333333333333 0.0234375 0.029166666666666667

1 0.97578125 0.25729166666666664 0.0203125 0.014583333333333334


5 0.94140625 0.5739583333333333 0.0109375 0.014583333333333334
4 0.76796875 0.31666666666666665 0.0109375 0.0125
5 0.675 0.034375 0.00625 0.010416666666666666


4 0.42109375 0.75625 0.0140625 0.025
4 0.3734375 0.46458333333333335 0.0125 0.008333333333333333
4 0.41796875 0.22395833333333334 0.0078125 0.014583333333333334
4 0.39921875 0.49270833333333336 0.0078125 0.022916666666666665
4 0.41328125 0.48020833333333335 0.0078125 0.014583333333333334
4 0.76328125 0.1375 0.0015625 0.004166666666666667
1 0.43671875 0.271875 0.0359375 0.022916666666666665
1 0.43515625 0.25625 0.0328125 0.016666666666666666
