1 0.5453125 0.19270833333333334 0.015625 0.01875

1 0.7671875 0.42916666666666664 0.015625 0.0125
1 0.7046875 0.37916666666666665 0.01875 0.020833333333333332
1 0.6 0.26458333333333334 0.009375 0.016666666666666666
1 0.5546875 0.23229166666666667 0.0125 0.01875
1 0.7625 0.428125 0.025 0.01875
1 0.65234375 0.3416666666666667 0.0171875 0.016666666666666666
1 0.65546875 0.34270833333333334 0.0203125 0.022916666666666665
1 0.6 0.22708333333333333 0.009375 0.0125
3 0.596875 0.203125 0.015625 0.022916666666666665
1 0.58359375 0.18645833333333334 0.0171875 0.022916666666666665
1 0.3796875 0.08645833333333333 0.03125 0.014583333333333334
1 0.3796875 0.07083333333333333 0.028125 0.0125
1 0.584375 0.18333333333333332 0.0125 0.016666666666666666
1 0.58515625 0.19166666666666668 0.0140625 0.016666666666666666
1 0.52578125 0.06770833333333333 0.0171875 0.01875

1 0.76796875 0.007291666666666667 0.0078125 0.014583333333333334
5 0.653125 0.12604166666666666 0.009375 0.014583333333333334
1 0.66328125 0.12708333333333333 0.0140625 0.025
1 0.64921875 0.09479166666666666 0.0109375 0.014583333333333334
5 0.759375 0.30625 0.015625 0.020833333333333332
5 0.78203125 0.284375 0.0109375 0.01875
5 0.865625 0.22708333333333333 0.015625 0.0125
5 0.84453125 0.2125 0.0109375 0.0125
5 0.853125 0.20208333333333334 0.009375 0.008333333333333333
5 0.8828125 0.17291666666666666 0.0125 0.020833333333333332
1 0.81640625 0.27708333333333335 0.0296875 0.029166666666666667
1 0.84453125 0.24895833333333334 0.0234375 0.022916666666666665
1 0.865625 0.23333333333333334 0.021875 0.029166666666666667
1 0.8875 0.20833333333333334 0.021875 0.025
1 0.90546875 0.18541666666666667 0.0234375 0.025
3 0.934375 0.15520833333333334 0.03125 0.03958333333333333
1 0.9515625 0.11666666666666667 0.01875 0.025
1 0.9703125 0.10520833333333333 0.0125 0.010416666666666666
1 0.9828125 0.08854166666666667 0.009375 0.010416666666666666
1 0.9953125 0.10416666666666667 0.009375 0.016666666666666666
1 0.971875 0.13958333333333334 0.01875 0.025
1 0.9515625 0.17083333333333334 0.025 0.029166666666666667
1 0.9234375 0.19791666666666666 0.021875 0.016666666666666666
1 0.8890625 0.21770833333333334 0.025 0.03125
1 0.884375 0.24479166666666666 0.01875 0.027083333333333334
1 0.8546875 0.27708333333333335 0.025 0.029166666666666667
1 0.83125 0.2916666666666667 0.03125 0.0375
1 0.83984375 0.3145833333333333 0.0296875 0.03333333333333333
3 0.87578125 0.278125 0.0328125 0.035416666666666666
1 0.90703125 0.25416666666666665 0.0234375 0.025
3 0.94296875 0.21041666666666667 0.0390625 0.04583333333333333
1 0.96953125 0.178125 0.0140625 0.01875
1 0.98046875 0.159375 0.0234375 0.022916666666666665
1 0.8703125 0.31145833333333334 0.025 0.03125
1 0.9046875 0.28854166666666664 0.025 0.03125
1 0.9234375 0.265625 0.025 0.022916666666666665
1 0.94375 0.24895833333333334 0.01875 0.022916666666666665
1 0.97109375 0.215625 0.0234375 0.03125
1 0.9734375 0.17916666666666667 0.01875 0.016666666666666666
1 0.8765625 0.346875 0.025 0.03125
1 0.90703125 0.32083333333333336 0.0296875 0.0375
1 0.9296875 0.29270833333333335 0.028125 0.035416666666666666
1 0.95703125 0.26145833333333335 0.0203125 0.01875
1 0.9765625 0.240625 0.01875 0.014583333333333334
1 0.9 0.365625 0.034375 0.035416666666666666
1 0.92890625 0.32916666666666666 0.0203125 0.025

1 0.98203125 0.25729166666666664 0.0265625 0.01875


5 0.94453125 0.5760416666666667 0.0109375 0.014583333333333334
4 0.76875 0.31666666666666665 0.009375 0.0125
5 0.675 0.034375 0.00625 0.010416666666666666


4 0.4203125 0.75625 0.015625 0.025
4 0.3734375 0.465625 0.0125 0.010416666666666666
4 0.41796875 0.22395833333333334 0.0078125 0.014583333333333334
4 0.39921875 0.49270833333333336 0.0078125 0.022916666666666665
4 0.41328125 0.4791666666666667 0.0078125 0.0125
4 0.76328125 0.1375 0.0015625 0.004166666666666667
1 0.43671875 0.2708333333333333 0.0359375 0.020833333333333332
1 0.43515625 0.25625 0.0328125 0.016666666666666666
