1 0.546875 0.2 0.015625 0.020833333333333332

1 0.784375 0.4354166666666667 0.0125 0.0125
1 0.715625 0.38645833333333335 0.01875 0.022916666666666665
1 0.6125 0.27708333333333335 0.003125 0.004166666666666667
1 0.55546875 0.246875 0.0140625 0.027083333333333334
1 0.77890625 0.434375 0.0265625 0.01875
1 0.66328125 0.35 0.0140625 0.016666666666666666
1 0.66171875 0.34791666666666665 0.0171875 0.020833333333333332
1 0.60234375 0.23958333333333334 0.0109375 0.020833333333333332
3 0.596875 0.20416666666666666 0.015625 0.025
1 0.58515625 0.19166666666666668 0.0140625 0.020833333333333332
1 0.38125 0.08229166666666667 0.03125 0.014583333333333334
1 0.37890625 0.07083333333333333 0.0296875 0.0125
1 0.5859375 0.18958333333333333 0.0125 0.016666666666666666
1 0.5859375 0.19270833333333334 0.0125 0.01875
1 0.52578125 0.06666666666666667 0.0140625 0.016666666666666666

1 0.76796875 0.007291666666666667 0.0078125 0.014583333333333334
5 0.65234375 0.12708333333333333 0.0078125 0.016666666666666666
1 0.66328125 0.128125 0.0140625 0.022916666666666665
1 0.64921875 0.09479166666666666 0.0109375 0.014583333333333334
5 0.75859375 0.3072916666666667 0.0171875 0.01875
5 0.78203125 0.28541666666666665 0.0109375 0.016666666666666666
5 0.865625 0.22708333333333333 0.015625 0.0125
5 0.84453125 0.2125 0.0109375 0.0125
5 0.853125 0.203125 0.009375 0.00625
5 0.8828125 0.17395833333333333 0.0125 0.01875
1 0.8171875 0.27708333333333335 0.03125 0.029166666666666667
1 0.84453125 0.24895833333333334 0.0234375 0.022916666666666665
1 0.865625 0.234375 0.021875 0.027083333333333334
1 0.8875 0.21041666666666667 0.021875 0.025
1 0.90546875 0.18541666666666667 0.0234375 0.025
3 0.93359375 0.15625 0.0296875 0.0375
1 0.9515625 0.115625 0.01875 0.022916666666666665
1 0.97109375 0.10520833333333333 0.0140625 0.010416666666666666
1 0.98125 0.09166666666666666 0.0125 0.0125
1 0.9953125 0.10416666666666667 0.009375 0.016666666666666666
1 0.97109375 0.13958333333333334 0.0171875 0.025
1 0.95234375 0.17083333333333334 0.0265625 0.029166666666666667
1 0.9234375 0.19895833333333332 0.021875 0.01875
1 0.8890625 0.215625 0.025 0.027083333333333334
1 0.884375 0.24583333333333332 0.01875 0.029166666666666667
1 0.85546875 0.2760416666666667 0.0265625 0.03125
1 0.83125 0.290625 0.03125 0.035416666666666666
1 0.83984375 0.3145833333333333 0.0296875 0.03333333333333333
3 0.8765625 0.278125 0.03125 0.035416666666666666
1 0.90703125 0.25416666666666665 0.0234375 0.025
3 0.940625 0.2125 0.0375 0.041666666666666664
1 0.96875 0.18020833333333333 0.015625 0.01875
1 0.9828125 0.159375 0.025 0.027083333333333334
1 0.86953125 0.309375 0.0265625 0.03125
1 0.9046875 0.28854166666666664 0.025 0.03125
1 0.9234375 0.265625 0.025 0.022916666666666665
1 0.94375 0.24895833333333334 0.01875 0.022916666666666665
1 0.97109375 0.215625 0.0234375 0.03125
1 0.9734375 0.17916666666666667 0.01875 0.016666666666666666
1 0.8765625 0.34791666666666665 0.025 0.029166666666666667
1 0.91015625 0.315625 0.0234375 0.03125
1 0.9296875 0.29270833333333335 0.028125 0.035416666666666666
1 0.95703125 0.26145833333333335 0.0203125 0.01875
1 0.9765625 0.240625 0.01875 0.014583333333333334
1 0.9 0.365625 0.034375 0.035416666666666666
1 0.92890625 0.32916666666666666 0.0203125 0.025

1 0.9953125 0.25416666666666665 0.009375 0.016666666666666666


5 0.96015625 0.5875 0.0109375 0.016666666666666666
4 0.76875 0.31666666666666665 0.009375 0.0125
5 0.675 0.035416666666666666 0.00625 0.0125
5 0.56171875 0.8239583333333333 0.0140625 0.014583333333333334

4 0.4203125 0.7552083333333334 0.01875 0.03125
4 0.37265625 0.46458333333333335 0.0109375 0.008333333333333333
4 0.41796875 0.22395833333333334 0.0078125 0.014583333333333334
4 0.39921875 0.490625 0.0109375 0.01875
4 0.4109375 0.4875 0.009375 0.016666666666666666
4 0.7625 0.1375 0.003125 0.004166666666666667
1 0.43671875 0.2708333333333333 0.0359375 0.020833333333333332
1 0.43515625 0.25625 0.0328125 0.016666666666666666
