1 0.5484375 0.203125 0.015625 0.022916666666666665

1 0.78515625 0.4354166666666667 0.0140625 0.0125
1 0.71640625 0.3885416666666667 0.0171875 0.022916666666666665

1 0.55625 0.246875 0.015625 0.027083333333333334
1 0.78046875 0.4354166666666667 0.0265625 0.016666666666666666
1 0.66328125 0.35 0.0140625 0.016666666666666666
1 0.66328125 0.35 0.0171875 0.020833333333333332
1 0.603125 0.23958333333333334 0.009375 0.016666666666666666
3 0.596875 0.20416666666666666 0.015625 0.025
1 0.58515625 0.19166666666666668 0.0140625 0.020833333333333332
1 0.38125 0.08229166666666667 0.03125 0.014583333333333334
1 0.37890625 0.07083333333333333 0.0296875 0.0125
1 0.5859375 0.19166666666666668 0.0125 0.016666666666666666
1 0.5859375 0.19270833333333334 0.0125 0.01875
1 0.525 0.06666666666666667 0.015625 0.016666666666666666

1 0.76796875 0.008333333333333333 0.0078125 0.0125
5 0.653125 0.12708333333333333 0.009375 0.016666666666666666
1 0.66328125 0.128125 0.0140625 0.022916666666666665
1 0.64921875 0.09583333333333334 0.0109375 0.016666666666666666
5 0.7578125 0.3072916666666667 0.015625 0.01875
5 0.7828125 0.28541666666666665 0.009375 0.016666666666666666
5 0.865625 0.22708333333333333 0.015625 0.0125
5 0.84453125 0.21354166666666666 0.0109375 0.014583333333333334
5 0.853125 0.203125 0.009375 0.00625
5 0.8828125 0.17395833333333333 0.0125 0.01875
1 0.81640625 0.27708333333333335 0.0296875 0.029166666666666667
1 0.84453125 0.24895833333333334 0.0234375 0.022916666666666665
1 0.86484375 0.234375 0.0203125 0.027083333333333334
1 0.8875 0.21041666666666667 0.021875 0.025
1 0.90546875 0.18541666666666667 0.0234375 0.025
3 0.93359375 0.15625 0.0296875 0.0375
1 0.9515625 0.11666666666666667 0.01875 0.025
1 0.97109375 0.10416666666666667 0.0140625 0.0125
1 0.98203125 0.08958333333333333 0.0109375 0.008333333333333333
1 0.9953125 0.10416666666666667 0.009375 0.016666666666666666
1 0.97109375 0.13958333333333334 0.0171875 0.025
1 0.953125 0.17083333333333334 0.025 0.029166666666666667
1 0.9234375 0.19895833333333332 0.021875 0.01875
1 0.8890625 0.21458333333333332 0.025 0.029166666666666667
1 0.884375 0.24583333333333332 0.01875 0.029166666666666667
1 0.85546875 0.2760416666666667 0.0265625 0.03125
1 0.83125 0.290625 0.03125 0.035416666666666666
1 0.8390625 0.3145833333333333 0.028125 0.03333333333333333
3 0.8765625 0.278125 0.03125 0.035416666666666666
1 0.90703125 0.25416666666666665 0.0234375 0.025
3 0.940625 0.2125 0.0375 0.041666666666666664
1 0.96796875 0.18020833333333333 0.0171875 0.01875
1 0.98515625 0.159375 0.0296875 0.027083333333333334
1 0.8703125 0.3104166666666667 0.025 0.03333333333333333
1 0.9046875 0.28854166666666664 0.025 0.03125
1 0.9234375 0.265625 0.025 0.022916666666666665
1 0.94375 0.24895833333333334 0.01875 0.022916666666666665
1 0.97109375 0.215625 0.0234375 0.03125
1 0.97265625 0.18229166666666666 0.0234375 0.01875
1 0.8765625 0.34791666666666665 0.025 0.029166666666666667
1 0.91015625 0.315625 0.0234375 0.03125
1 0.93046875 0.29270833333333335 0.0296875 0.035416666666666666
1 0.95703125 0.26145833333333335 0.0203125 0.01875
1 0.9765625 0.240625 0.01875 0.014583333333333334
1 0.9046875 0.3645833333333333 0.028125 0.03333333333333333
1 0.9296875 0.3333333333333333 0.021875 0.029166666666666667

1 0.99375 0.2552083333333333 0.0125 0.022916666666666665


5 0.9625 0.5875 0.009375 0.016666666666666666
4 0.76796875 0.31666666666666665 0.0109375 0.0125
5 0.675 0.035416666666666666 0.00625 0.0125
5 0.5625 0.8239583333333333 0.01875 0.01875
5 0.609375 0.80625 0.0125 0.020833333333333332
4 0.4171875 0.7572916666666667 0.021875 0.03958333333333333
4 0.37265625 0.46458333333333335 0.0109375 0.008333333333333333
4 0.41796875 0.22395833333333334 0.0078125 0.014583333333333334
4 0.3984375 0.49375 0.009375 0.025
4 0.4109375 0.4875 0.009375 0.020833333333333332
4 0.7625 0.13645833333333332 0.003125 0.00625
1 0.43671875 0.2708333333333333 0.0359375 0.020833333333333332
1 0.43515625 0.25625 0.0328125 0.016666666666666666
