1 0.54609375 0.20833333333333334 0.0171875 0.025

1 0.78515625 0.434375 0.0171875 0.010416666666666666
1 0.71953125 0.390625 0.0171875 0.022916666666666665

1 0.55703125 0.24895833333333334 0.0171875 0.022916666666666665
1 0.7875 0.4375 0.021875 0.016666666666666666
1 0.665625 0.35104166666666664 0.015625 0.014583333333333334
1 0.665625 0.35104166666666664 0.01875 0.022916666666666665
1 0.59921875 0.240625 0.0015625 0.0020833333333333333
3 0.5984375 0.20625 0.015625 0.025
1 0.584375 0.19583333333333333 0.015625 0.020833333333333332
1 0.38125 0.08125 0.03125 0.016666666666666666
1 0.37890625 0.07083333333333333 0.0296875 0.0125
1 0.58671875 0.19375 0.0109375 0.016666666666666666
1 0.5859375 0.19375 0.0125 0.016666666666666666
1 0.52578125 0.065625 0.0171875 0.01875

1 0.76796875 0.008333333333333333 0.0078125 0.0125
5 0.653125 0.12708333333333333 0.009375 0.016666666666666666
1 0.66328125 0.128125 0.0140625 0.022916666666666665
1 0.64921875 0.09583333333333334 0.0109375 0.016666666666666666
5 0.75703125 0.3072916666666667 0.0171875 0.01875
5 0.7828125 0.28541666666666665 0.009375 0.016666666666666666
5 0.865625 0.22708333333333333 0.015625 0.0125
5 0.84453125 0.21354166666666666 0.0109375 0.014583333333333334
5 0.853125 0.203125 0.009375 0.00625
5 0.8828125 0.17291666666666666 0.0125 0.020833333333333332
1 0.81640625 0.27708333333333335 0.0296875 0.029166666666666667
1 0.84453125 0.24895833333333334 0.0234375 0.022916666666666665
1 0.865625 0.234375 0.021875 0.027083333333333334
1 0.8875 0.21041666666666667 0.021875 0.025
1 0.90546875 0.18541666666666667 0.0234375 0.025
3 0.93359375 0.15625 0.0296875 0.0375
1 0.95078125 0.115625 0.0203125 0.022916666666666665
1 0.97109375 0.10416666666666667 0.0140625 0.0125
1 0.98046875 0.09166666666666666 0.0140625 0.0125
1 0.9953125 0.10416666666666667 0.009375 0.016666666666666666
1 0.97109375 0.140625 0.0171875 0.022916666666666665
1 0.9515625 0.17083333333333334 0.025 0.029166666666666667
1 0.9234375 0.19895833333333332 0.021875 0.01875
1 0.8890625 0.21458333333333332 0.025 0.029166666666666667
1 0.884375 0.24583333333333332 0.01875 0.029166666666666667
1 0.85546875 0.2760416666666667 0.0265625 0.03125
1 0.83125 0.290625 0.03125 0.035416666666666666
1 0.8390625 0.3145833333333333 0.028125 0.03333333333333333
3 0.8765625 0.278125 0.03125 0.035416666666666666
1 0.90703125 0.25416666666666665 0.0234375 0.025
3 0.940625 0.2125 0.0375 0.041666666666666664
1 0.96953125 0.17916666666666667 0.0140625 0.016666666666666666
1 0.98515625 0.159375 0.0296875 0.027083333333333334
1 0.8703125 0.309375 0.025 0.03125
1 0.9046875 0.28854166666666664 0.025 0.03125
1 0.9234375 0.265625 0.025 0.022916666666666665
1 0.94375 0.24895833333333334 0.01875 0.022916666666666665
1 0.97109375 0.215625 0.0234375 0.03125
1 0.97265625 0.18020833333333333 0.0171875 0.014583333333333334
1 0.8765625 0.34791666666666665 0.025 0.029166666666666667
1 0.90703125 0.32083333333333336 0.0296875 0.0375
1 0.9296875 0.29270833333333335 0.028125 0.035416666666666666
1 0.95703125 0.26145833333333335 0.0203125 0.01875
1 0.97578125 0.24166666666666667 0.0171875 0.016666666666666666
1 0.9 0.365625 0.034375 0.035416666666666666
1 0.92890625 0.3333333333333333 0.0234375 0.029166666666666667

1 0.99375 0.259375 0.0125 0.022916666666666665


5 0.9640625 0.59375 0.0125 0.016666666666666666
4 0.76796875 0.31666666666666665 0.0109375 0.0125
5 0.675 0.035416666666666666 0.00625 0.0125
5 0.5640625 0.8291666666666667 0.015625 0.016666666666666666
5 0.60859375 0.8135416666666667 0.0203125 0.022916666666666665
4 0.41328125 0.75625 0.0140625 0.041666666666666664
4 0.37265625 0.46458333333333335 0.0109375 0.008333333333333333
4 0.41796875 0.22395833333333334 0.0078125 0.014583333333333334
4 0.3984375 0.49375 0.009375 0.025
4 0.409375 0.48854166666666665 0.009375 0.01875
4 0.7625 0.1375 0.003125 0.004166666666666667
1 0.43671875 0.271875 0.0359375 0.022916666666666665
1 0.43515625 0.25625 0.0328125 0.016666666666666666
