1 0.55 0.21354166666666666 0.015625 0.01875
1 0.61328125 0.275 0.0140625 0.025
1 0.8015625 0.4395833333333333 0.015625 0.0125
1 0.72734375 0.39479166666666665 0.0171875 0.01875
1 0.61484375 0.278125 0.0015625 0.0020833333333333333
1 0.5578125 0.2635416666666667 0.01875 0.027083333333333334
1 0.79296875 0.440625 0.0296875 0.01875
1 0.6703125 0.35833333333333334 0.01875 0.016666666666666666
1 0.6765625 0.3625 0.0125 0.020833333333333332
1 0.61484375 0.2708333333333333 0.0109375 0.020833333333333332
3 0.59765625 0.20625 0.0140625 0.020833333333333332
1 0.5859375 0.20416666666666666 0.015625 0.025
1 0.37890625 0.08541666666666667 0.0328125 0.016666666666666666
1 0.37890625 0.07083333333333333 0.0296875 0.0125
1 0.58671875 0.19895833333333332 0.0109375 0.014583333333333334
1 0.5875 0.19895833333333332 0.0125 0.014583333333333334
1 0.525 0.06666666666666667 0.015625 0.016666666666666666

1 0.76796875 0.008333333333333333 0.0078125 0.0125
5 0.65234375 0.12708333333333333 0.0078125 0.016666666666666666
1 0.66328125 0.128125 0.0140625 0.022916666666666665
1 0.6484375 0.09583333333333334 0.0125 0.016666666666666666
5 0.75703125 0.3072916666666667 0.0171875 0.01875
5 0.7828125 0.28541666666666665 0.009375 0.016666666666666666
5 0.865625 0.22708333333333333 0.015625 0.0125
5 0.84453125 0.21354166666666666 0.0109375 0.014583333333333334
5 0.853125 0.203125 0.009375 0.00625
5 0.8828125 0.17395833333333333 0.0125 0.01875
1 0.81640625 0.278125 0.0296875 0.027083333333333334
1 0.84453125 0.25104166666666666 0.0234375 0.022916666666666665
1 0.865625 0.234375 0.01875 0.027083333333333334
1 0.8875 0.21041666666666667 0.021875 0.025
1 0.90546875 0.18541666666666667 0.0234375 0.025
3 0.93359375 0.15625 0.0296875 0.0375
1 0.9515625 0.11666666666666667 0.01875 0.025
1 0.97109375 0.10416666666666667 0.0140625 0.0125
1 0.9828125 0.08958333333333333 0.009375 0.0125
1 0.9953125 0.10416666666666667 0.009375 0.016666666666666666
1 0.97109375 0.140625 0.0171875 0.022916666666666665
1 0.9515625 0.17083333333333334 0.025 0.029166666666666667
1 0.9234375 0.19895833333333332 0.021875 0.01875
1 0.88984375 0.21458333333333332 0.0265625 0.029166666666666667
1 0.88359375 0.246875 0.0203125 0.03125
1 0.85625 0.2760416666666667 0.028125 0.03125
1 0.83125 0.2916666666666667 0.03125 0.0375
1 0.8390625 0.3145833333333333 0.028125 0.03333333333333333
3 0.87421875 0.28020833333333334 0.0328125 0.03958333333333333
1 0.90703125 0.2552083333333333 0.0234375 0.022916666666666665
3 0.93671875 0.21145833333333333 0.0390625 0.04375
1 0.9703125 0.17916666666666667 0.0125 0.016666666666666666
1 0.98671875 0.15833333333333333 0.0265625 0.029166666666666667
1 0.86875 0.309375 0.025 0.03125
1 0.9046875 0.28854166666666664 0.025 0.03125
1 0.9234375 0.265625 0.025 0.022916666666666665
1 0.94453125 0.24895833333333334 0.0171875 0.022916666666666665
1 0.97109375 0.215625 0.0234375 0.03125
1 0.9734375 0.18020833333333333 0.01875 0.014583333333333334
1 0.875 0.35 0.025 0.03333333333333333
1 0.90703125 0.32083333333333336 0.0296875 0.0375
1 0.9296875 0.29270833333333335 0.028125 0.035416666666666666
1 0.95703125 0.26145833333333335 0.0203125 0.01875
1 0.97578125 0.24166666666666667 0.0171875 0.016666666666666666
1 0.9 0.36770833333333336 0.034375 0.035416666666666666
1 0.92890625 0.3302083333333333 0.0203125 0.022916666666666665

1 0.990625 0.2604166666666667 0.01875 0.025


5 0.9796875 0.603125 0.0125 0.01875
4 0.76796875 0.31666666666666665 0.0109375 0.0125
5 0.675 0.036458333333333336 0.00625 0.014583333333333334
5 0.571875 0.846875 0.01875 0.01875
5 0.6203125 0.834375 0.0125 0.022916666666666665
4 0.41171875 0.753125 0.0171875 0.03958333333333333
4 0.37265625 0.46458333333333335 0.0109375 0.008333333333333333
4 0.41796875 0.22395833333333334 0.0078125 0.014583333333333334
4 0.3984375 0.49270833333333336 0.009375 0.022916666666666665
4 0.41328125 0.48020833333333335 0.0078125 0.014583333333333334
4 0.76328125 0.1375 0.0015625 0.004166666666666667
1 0.43671875 0.2708333333333333 0.0359375 0.020833333333333332
1 0.43515625 0.25625 0.0328125 0.016666666666666666
