1 0.55 0.215625 0.015625 0.01875
1 0.61484375 0.2760416666666667 0.0171875 0.03125
1 0.80234375 0.43854166666666666 0.0140625 0.010416666666666666
1 0.72890625 0.39479166666666665 0.0171875 0.01875
1 0.615625 0.28541666666666665 0.009375 0.020833333333333332
1 0.5578125 0.2677083333333333 0.01875 0.027083333333333334
1 0.80234375 0.4427083333333333 0.0203125 0.01875
1 0.675 0.359375 0.0125 0.014583333333333334
1 0.6765625 0.3614583333333333 0.0125 0.01875
1 0.615625 0.27291666666666664 0.0125 0.020833333333333332
3 0.59921875 0.20729166666666668 0.0140625 0.022916666666666665
1 0.58671875 0.20625 0.0140625 0.025
1 0.37890625 0.08541666666666667 0.0328125 0.016666666666666666
1 0.3796875 0.07083333333333333 0.028125 0.0125
1 0.5875 0.20104166666666667 0.0125 0.014583333333333334
1 0.5875 0.20104166666666667 0.0125 0.014583333333333334
1 0.52578125 0.06666666666666667 0.0140625 0.016666666666666666

1 0.76796875 0.008333333333333333 0.0078125 0.0125
5 0.653125 0.12708333333333333 0.009375 0.016666666666666666
1 0.66328125 0.128125 0.0140625 0.022916666666666665
1 0.64921875 0.09583333333333334 0.0109375 0.016666666666666666
5 0.75703125 0.3072916666666667 0.0171875 0.01875
5 0.7828125 0.284375 0.009375 0.01875
5 0.865625 0.22708333333333333 0.015625 0.0125
5 0.84453125 0.21354166666666666 0.0109375 0.014583333333333334
5 0.853125 0.20416666666666666 0.009375 0.008333333333333333
5 0.8828125 0.17291666666666666 0.0125 0.020833333333333332
1 0.81640625 0.278125 0.0296875 0.027083333333333334
1 0.84453125 0.25 0.0234375 0.025
1 0.865625 0.234375 0.01875 0.027083333333333334
1 0.8875 0.21041666666666667 0.021875 0.025
1 0.90546875 0.18541666666666667 0.0234375 0.025
3 0.9453125 0.14479166666666668 0.025 0.03958333333333333
1 0.95078125 0.115625 0.0203125 0.022916666666666665
1 0.97109375 0.10416666666666667 0.0140625 0.0125
1 0.98203125 0.09166666666666666 0.0140625 0.0125
1 0.9953125 0.10416666666666667 0.009375 0.016666666666666666
1 0.97109375 0.140625 0.0171875 0.022916666666666665
1 0.9515625 0.17083333333333334 0.025 0.029166666666666667
1 0.9234375 0.19895833333333332 0.021875 0.01875
1 0.88984375 0.21458333333333332 0.0265625 0.029166666666666667
1 0.88359375 0.246875 0.0203125 0.03125
1 0.85703125 0.2760416666666667 0.0265625 0.03125
1 0.83125 0.2916666666666667 0.03125 0.0375
1 0.8390625 0.3145833333333333 0.028125 0.03333333333333333
3 0.8734375 0.28125 0.034375 0.0375
1 0.90703125 0.2552083333333333 0.0234375 0.022916666666666665
3 0.93984375 0.21458333333333332 0.0359375 0.0375
1 0.96875 0.18020833333333333 0.015625 0.01875
1 0.98671875 0.15729166666666666 0.0265625 0.03125
1 0.871875 0.31875 0.028125 0.03333333333333333
1 0.9046875 0.28854166666666664 0.025 0.03125
1 0.9234375 0.265625 0.025 0.022916666666666665
1 0.94453125 0.24895833333333334 0.0171875 0.022916666666666665
1 0.97109375 0.215625 0.0234375 0.03125
1 0.97265625 0.18020833333333333 0.0171875 0.014583333333333334
1 0.87578125 0.35 0.0265625 0.03333333333333333
1 0.91015625 0.315625 0.0234375 0.027083333333333334
1 0.9296875 0.29375 0.028125 0.0375
1 0.95703125 0.26145833333333335 0.0203125 0.01875
1 0.97578125 0.24166666666666667 0.0171875 0.016666666666666666
1 0.90078125 0.36770833333333336 0.0328125 0.035416666666666666
1 0.92890625 0.32916666666666666 0.0203125 0.025

1 0.99296875 0.26145833333333335 0.0140625 0.01875


5 0.98125 0.60625 0.015625 0.020833333333333332
4 0.76796875 0.3177083333333333 0.0109375 0.014583333333333334
5 0.67421875 0.036458333333333336 0.0078125 0.014583333333333334
5 0.57421875 0.8447916666666667 0.0171875 0.022916666666666665
5 0.61875 0.8427083333333333 0.015625 0.027083333333333334
4 0.4109375 0.7510416666666667 0.015625 0.04375
4 0.37265625 0.46458333333333335 0.0109375 0.008333333333333333
4 0.41796875 0.22395833333333334 0.0078125 0.014583333333333334
4 0.396875 0.49375 0.009375 0.025
4 0.4109375 0.48854166666666665 0.009375 0.01875
4 0.76328125 0.1375 0.0015625 0.004166666666666667
1 0.43671875 0.2708333333333333 0.0359375 0.020833333333333332
1 0.43515625 0.25625 0.0328125 0.016666666666666666
