1 0.55078125 0.22083333333333333 0.0140625 0.020833333333333332
1 0.615625 0.28020833333333334 0.015625 0.022916666666666665
1 0.80625 0.43854166666666666 0.01875 0.010416666666666666
1 0.73515625 0.39791666666666664 0.0171875 0.020833333333333332
1 0.6140625 0.278125 0.00625 0.00625
1 0.55859375 0.26875 0.0203125 0.029166666666666667
1 0.80625 0.4427083333333333 0.025 0.01875
1 0.67890625 0.36354166666666665 0.0140625 0.014583333333333334
1 0.678125 0.3625 0.015625 0.020833333333333332
1 0.61640625 0.28020833333333334 0.0140625 0.022916666666666665
3 0.5984375 0.20729166666666668 0.015625 0.022916666666666665
1 0.5890625 0.20520833333333333 0.015625 0.01875
1 0.37890625 0.08645833333333333 0.0328125 0.01875
1 0.37890625 0.07083333333333333 0.0296875 0.0125
1 0.58828125 0.20625 0.0140625 0.016666666666666666
1 0.58828125 0.203125 0.0109375 0.014583333333333334
1 0.52578125 0.06666666666666667 0.0140625 0.016666666666666666

1 0.76796875 0.008333333333333333 0.0078125 0.0125
5 0.653125 0.12708333333333333 0.009375 0.016666666666666666
1 0.66328125 0.128125 0.0140625 0.022916666666666665
1 0.64921875 0.09583333333333334 0.0109375 0.016666666666666666
5 0.75703125 0.3072916666666667 0.0171875 0.01875
5 0.7828125 0.28541666666666665 0.009375 0.016666666666666666
5 0.865625 0.22708333333333333 0.015625 0.0125
5 0.84453125 0.21458333333333332 0.0109375 0.0125
5 0.853125 0.20416666666666666 0.009375 0.008333333333333333
5 0.88203125 0.17291666666666666 0.0109375 0.020833333333333332
1 0.81640625 0.278125 0.0296875 0.027083333333333334
1 0.84453125 0.25 0.0234375 0.020833333333333332
1 0.86640625 0.234375 0.0203125 0.027083333333333334
1 0.8875 0.21041666666666667 0.021875 0.025
1 0.90546875 0.18541666666666667 0.0234375 0.025
3 0.93515625 0.15416666666666667 0.0328125 0.041666666666666664
1 0.95 0.115625 0.01875 0.022916666666666665
1 0.971875 0.10416666666666667 0.0125 0.0125
1 0.9828125 0.090625 0.009375 0.010416666666666666
1 0.9953125 0.10416666666666667 0.009375 0.016666666666666666
1 0.971875 0.140625 0.01875 0.022916666666666665
1 0.9515625 0.17083333333333334 0.025 0.029166666666666667
1 0.92265625 0.19895833333333332 0.0234375 0.01875
1 0.88984375 0.21458333333333332 0.0265625 0.029166666666666667
1 0.88359375 0.246875 0.0203125 0.03125
1 0.85703125 0.2760416666666667 0.0265625 0.03125
1 0.83046875 0.290625 0.0296875 0.035416666666666666
1 0.8390625 0.3145833333333333 0.028125 0.03333333333333333
3 0.8734375 0.28125 0.034375 0.0375
1 0.90703125 0.2552083333333333 0.0234375 0.022916666666666665
3 0.93984375 0.215625 0.0359375 0.035416666666666666
1 0.9703125 0.17916666666666667 0.0125 0.016666666666666666
1 0.9875 0.15520833333333334 0.025 0.035416666666666666
1 0.8703125 0.3104166666666667 0.025 0.03333333333333333
1 0.9046875 0.28854166666666664 0.025 0.03125
1 0.9234375 0.265625 0.025 0.022916666666666665
1 0.94375 0.24895833333333334 0.01875 0.022916666666666665
1 0.97109375 0.215625 0.0234375 0.03125
1 0.97265625 0.18125 0.0234375 0.016666666666666666
1 0.87578125 0.35 0.0265625 0.03333333333333333
1 0.91015625 0.3145833333333333 0.0234375 0.029166666666666667
1 0.9296875 0.29270833333333335 0.028125 0.035416666666666666
1 0.95703125 0.26145833333333335 0.0203125 0.01875
1 0.97734375 0.24166666666666667 0.0171875 0.016666666666666666
1 0.89921875 0.36770833333333336 0.0328125 0.035416666666666666
1 0.92890625 0.3333333333333333 0.0234375 0.029166666666666667

1 0.99140625 0.2604166666666667 0.0171875 0.020833333333333332


5 0.9890625 0.6083333333333333 0.0125 0.020833333333333332
4 0.76796875 0.3177083333333333 0.0109375 0.014583333333333334
5 0.675 0.0375 0.00625 0.0125
5 0.58125 0.85 0.015625 0.029166666666666667
5 0.62421875 0.8510416666666667 0.0203125 0.03125
4 0.4078125 0.7479166666666667 0.01875 0.041666666666666664
4 0.37265625 0.46458333333333335 0.0109375 0.008333333333333333
4 0.4171875 0.22395833333333334 0.009375 0.014583333333333334
4 0.4 0.490625 0.009375 0.01875
4 0.4109375 0.4864583333333333 0.009375 0.01875
4 0.76328125 0.1375 0.0015625 0.004166666666666667
1 0.43671875 0.2708333333333333 0.0359375 0.020833333333333332
1 0.434375 0.25625 0.034375 0.016666666666666666
