1 0.55078125 0.22291666666666668 0.0140625 0.020833333333333332
1 0.61640625 0.2833333333333333 0.0171875 0.025
1 0.80859375 0.4395833333333333 0.0203125 0.0125
1 0.73828125 0.4010416666666667 0.0140625 0.01875
1 0.615625 0.28854166666666664 0.009375 0.014583333333333334
1 0.559375 0.275 0.021875 0.025
1 0.809375 0.4427083333333333 0.025 0.01875
1 0.6796875 0.36354166666666665 0.0125 0.014583333333333334
1 0.67890625 0.36354166666666665 0.0140625 0.01875
1 0.61640625 0.2833333333333333 0.0140625 0.025
3 0.5984375 0.20729166666666668 0.015625 0.022916666666666665
1 0.58828125 0.20625 0.0171875 0.020833333333333332
1 0.38046875 0.08229166666666667 0.0296875 0.014583333333333334
1 0.3796875 0.07083333333333333 0.028125 0.0125
1 0.58828125 0.20729166666666668 0.0140625 0.01875
1 0.58828125 0.20729166666666668 0.0140625 0.01875
1 0.5265625 0.06770833333333333 0.015625 0.01875

1 0.7671875 0.008333333333333333 0.009375 0.0125
5 0.653125 0.12708333333333333 0.009375 0.016666666666666666
1 0.66328125 0.128125 0.0140625 0.022916666666666665
1 0.64921875 0.09583333333333334 0.0109375 0.016666666666666666
5 0.7578125 0.3072916666666667 0.01875 0.01875
5 0.78203125 0.28541666666666665 0.0109375 0.016666666666666666
5 0.865625 0.22708333333333333 0.015625 0.0125
5 0.84453125 0.21458333333333332 0.0109375 0.0125
5 0.853125 0.20416666666666666 0.009375 0.008333333333333333
5 0.88203125 0.17291666666666666 0.0109375 0.020833333333333332
1 0.8171875 0.278125 0.028125 0.027083333333333334
1 0.84453125 0.25 0.0234375 0.020833333333333332
1 0.865625 0.234375 0.01875 0.027083333333333334
1 0.8875 0.21041666666666667 0.021875 0.025
1 0.90546875 0.18541666666666667 0.0234375 0.025
3 0.93359375 0.15520833333333334 0.0296875 0.03958333333333333
1 0.95 0.115625 0.01875 0.022916666666666665
1 0.971875 0.103125 0.0125 0.010416666666666666
1 0.98203125 0.09166666666666666 0.0140625 0.0125
1 0.9953125 0.10416666666666667 0.009375 0.016666666666666666
1 0.97109375 0.140625 0.0171875 0.022916666666666665
1 0.9515625 0.17083333333333334 0.025 0.029166666666666667
1 0.9234375 0.19895833333333332 0.021875 0.01875
1 0.88984375 0.21458333333333332 0.0265625 0.029166666666666667
1 0.88359375 0.24791666666666667 0.0203125 0.03333333333333333
1 0.85703125 0.275 0.0265625 0.029166666666666667
1 0.83046875 0.290625 0.0296875 0.035416666666666666
1 0.8390625 0.3145833333333333 0.028125 0.03333333333333333
3 0.8734375 0.28125 0.034375 0.0375
1 0.90625 0.2552083333333333 0.025 0.022916666666666665
3 0.93984375 0.215625 0.0359375 0.035416666666666666
1 0.96875 0.18125 0.015625 0.020833333333333332
1 0.98671875 0.15520833333333334 0.0265625 0.035416666666666666
1 0.86953125 0.309375 0.0265625 0.03125
1 0.9046875 0.2875 0.025 0.029166666666666667
1 0.9234375 0.265625 0.025 0.022916666666666665
1 0.94375 0.24895833333333334 0.01875 0.022916666666666665
1 0.97109375 0.21666666666666667 0.0234375 0.03333333333333333
1 0.9734375 0.17916666666666667 0.01875 0.016666666666666666
1 0.875 0.35 0.025 0.03333333333333333
1 0.90703125 0.32083333333333336 0.0296875 0.0375
1 0.9296875 0.29375 0.028125 0.0375
1 0.95703125 0.26145833333333335 0.0203125 0.01875
1 0.97734375 0.24166666666666667 0.0171875 0.016666666666666666
1 0.9 0.36770833333333336 0.034375 0.035416666666666666
1 0.92890625 0.3333333333333333 0.0234375 0.029166666666666667

1 0.99140625 0.2625 0.0171875 0.020833333333333332


5 0.990625 0.6125 0.009375 0.020833333333333332
4 0.76796875 0.3177083333333333 0.0109375 0.014583333333333334
5 0.675 0.0375 0.00625 0.0125
5 0.58359375 0.8552083333333333 0.0171875 0.027083333333333334
5 0.62578125 0.859375 0.0234375 0.027083333333333334
4 0.40546875 0.7489583333333333 0.0203125 0.03958333333333333
4 0.37265625 0.46458333333333335 0.0109375 0.008333333333333333
4 0.4171875 0.22395833333333334 0.009375 0.014583333333333334
4 0.39765625 0.49375 0.0078125 0.025
4 0.41171875 0.48854166666666665 0.0109375 0.01875
4 0.76328125 0.1375 0.0015625 0.004166666666666667
1 0.43671875 0.2708333333333333 0.0359375 0.020833333333333332
1 0.43515625 0.25625 0.0328125 0.016666666666666666
