1 0.5515625 0.225 0.015625 0.020833333333333332
1 0.61796875 0.28541666666666665 0.0171875 0.025
1 0.81953125 0.440625 0.0140625 0.010416666666666666
1 0.74140625 0.4010416666666667 0.0203125 0.01875
1 0.6171875 0.28854166666666664 0.0125 0.014583333333333334
1 0.5609375 0.284375 0.01875 0.03125
1 0.82109375 0.44375 0.0203125 0.016666666666666666
1 0.67890625 0.36666666666666664 0.0171875 0.0125
1 0.678125 0.36770833333333336 0.01875 0.022916666666666665
1 0.6171875 0.2875 0.015625 0.020833333333333332
3 0.59921875 0.20833333333333334 0.0171875 0.020833333333333332
1 0.58984375 0.209375 0.0140625 0.01875
1 0.38125 0.08229166666666667 0.03125 0.014583333333333334
1 0.3796875 0.07083333333333333 0.028125 0.0125
1 0.590625 0.20833333333333334 0.0125 0.016666666666666666
1 0.5890625 0.20729166666666668 0.0125 0.014583333333333334
1 0.52578125 0.06770833333333333 0.0171875 0.01875

1 0.7671875 0.008333333333333333 0.009375 0.016666666666666666
5 0.65234375 0.12604166666666666 0.0078125 0.014583333333333334
1 0.66328125 0.128125 0.0140625 0.022916666666666665
1 0.64921875 0.09583333333333334 0.0109375 0.016666666666666666
5 0.75703125 0.3072916666666667 0.0171875 0.01875
5 0.7828125 0.28541666666666665 0.009375 0.016666666666666666
5 0.865625 0.22708333333333333 0.015625 0.0125
5 0.84453125 0.21458333333333332 0.0109375 0.0125
5 0.853125 0.20416666666666666 0.009375 0.008333333333333333
5 0.8828125 0.17291666666666666 0.0125 0.020833333333333332
1 0.81796875 0.278125 0.0296875 0.027083333333333334
1 0.8421875 0.253125 0.025 0.027083333333333334
1 0.865625 0.234375 0.01875 0.027083333333333334
1 0.8875 0.21041666666666667 0.021875 0.025
1 0.90546875 0.18541666666666667 0.0234375 0.025
3 0.94453125 0.146875 0.0265625 0.03958333333333333
1 0.95 0.11666666666666667 0.01875 0.020833333333333332
1 0.971875 0.10416666666666667 0.0125 0.0125
1 0.98203125 0.09375 0.0140625 0.0125
1 0.9953125 0.10416666666666667 0.009375 0.016666666666666666
1 0.97109375 0.140625 0.0171875 0.022916666666666665
1 0.9515625 0.17083333333333334 0.025 0.029166666666666667
1 0.92265625 0.19895833333333332 0.0234375 0.01875
1 0.890625 0.21354166666666666 0.028125 0.027083333333333334
1 0.88359375 0.24791666666666667 0.0203125 0.03333333333333333
1 0.85703125 0.2760416666666667 0.0265625 0.03125
1 0.83125 0.290625 0.03125 0.035416666666666666
1 0.83984375 0.3145833333333333 0.0296875 0.03333333333333333
3 0.8734375 0.28229166666666666 0.034375 0.03958333333333333
1 0.90625 0.25625 0.025 0.025
3 0.9390625 0.215625 0.034375 0.035416666666666666
1 0.97109375 0.17916666666666667 0.0140625 0.016666666666666666
1 0.9859375 0.15520833333333334 0.028125 0.035416666666666666
1 0.871875 0.31875 0.028125 0.03333333333333333
1 0.9046875 0.28854166666666664 0.025 0.03125
1 0.92421875 0.265625 0.0234375 0.022916666666666665
1 0.94453125 0.24895833333333334 0.0171875 0.022916666666666665
1 0.97109375 0.21666666666666667 0.0234375 0.03333333333333333
1 0.9734375 0.18020833333333333 0.01875 0.014583333333333334
1 0.87578125 0.35104166666666664 0.0265625 0.035416666666666666
1 0.9078125 0.32083333333333336 0.028125 0.0375
1 0.9296875 0.29270833333333335 0.028125 0.035416666666666666
1 0.95703125 0.26145833333333335 0.0203125 0.01875
1 0.97734375 0.24166666666666667 0.0171875 0.016666666666666666
1 0.90078125 0.36770833333333336 0.0328125 0.035416666666666666
1 0.92890625 0.334375 0.0234375 0.03125

1 0.98828125 0.26875 0.0203125 0.020833333333333332


5 0.99453125 0.6177083333333333 0.0109375 0.022916666666666665
4 0.76796875 0.3177083333333333 0.0109375 0.014583333333333334
5 0.675 0.0375 0.00625 0.0125
5 0.58828125 0.8635416666666667 0.0171875 0.022916666666666665
5 0.63203125 0.875 0.0171875 0.0375
4 0.39609375 0.7458333333333333 0.0140625 0.04583333333333333
4 0.37265625 0.4635416666666667 0.0109375 0.010416666666666666
4 0.4171875 0.22395833333333334 0.009375 0.014583333333333334
4 0.39921875 0.490625 0.0078125 0.01875
4 0.41328125 0.48020833333333335 0.0078125 0.014583333333333334
4 0.76328125 0.13645833333333332 0.0015625 0.00625
1 0.43671875 0.2708333333333333 0.0359375 0.020833333333333332
1 0.43515625 0.25625 0.0328125 0.016666666666666666
