1 0.55234375 0.22708333333333333 0.0140625 0.016666666666666666
1 0.61796875 0.2864583333333333 0.0171875 0.022916666666666665
1 0.8203125 0.4395833333333333 0.015625 0.008333333333333333
1 0.74375 0.403125 0.01875 0.01875
1 0.61796875 0.28854166666666664 0.0140625 0.014583333333333334
1 0.5609375 0.28854166666666664 0.01875 0.027083333333333334
1 0.821875 0.44375 0.021875 0.016666666666666666
1 0.6796875 0.36875 0.015625 0.016666666666666666
1 0.68046875 0.36770833333333336 0.0203125 0.022916666666666665
1 0.6171875 0.2875 0.015625 0.020833333333333332
3 0.60078125 0.209375 0.0140625 0.022916666666666665
1 0.5890625 0.215625 0.015625 0.022916666666666665
1 0.38125 0.08229166666666667 0.03125 0.014583333333333334
1 0.3796875 0.07083333333333333 0.028125 0.0125
1 0.590625 0.21145833333333333 0.0125 0.014583333333333334
1 0.58984375 0.21041666666666667 0.0140625 0.016666666666666666
1 0.52578125 0.06770833333333333 0.0171875 0.01875

1 0.76796875 0.010416666666666666 0.0078125 0.0125
5 0.653125 0.12708333333333333 0.009375 0.016666666666666666
1 0.66328125 0.128125 0.0140625 0.022916666666666665
1 0.64921875 0.09583333333333334 0.0109375 0.016666666666666666
5 0.7578125 0.30625 0.01875 0.020833333333333332
5 0.7828125 0.28541666666666665 0.009375 0.016666666666666666
5 0.865625 0.22708333333333333 0.015625 0.0125
5 0.84453125 0.21458333333333332 0.0109375 0.0125
5 0.853125 0.20416666666666666 0.009375 0.008333333333333333
5 0.8828125 0.17291666666666666 0.0125 0.020833333333333332
1 0.81640625 0.278125 0.0296875 0.027083333333333334
1 0.8421875 0.2552083333333333 0.025 0.027083333333333334
1 0.865625 0.234375 0.01875 0.027083333333333334
1 0.8875 0.21041666666666667 0.021875 0.025
1 0.90546875 0.18541666666666667 0.0234375 0.025
3 0.9453125 0.14375 0.028125 0.041666666666666664
1 0.95 0.115625 0.01875 0.022916666666666665
1 0.971875 0.10416666666666667 0.0125 0.0125
1 0.98125 0.09270833333333334 0.0125 0.010416666666666666
1 0.9953125 0.10416666666666667 0.009375 0.016666666666666666
1 0.97109375 0.140625 0.0171875 0.022916666666666665
1 0.9515625 0.17083333333333334 0.025 0.029166666666666667
1 0.92265625 0.2 0.0234375 0.016666666666666666
1 0.890625 0.21354166666666666 0.028125 0.027083333333333334
1 0.88359375 0.24791666666666667 0.0203125 0.03333333333333333
1 0.85625 0.275 0.025 0.029166666666666667
1 0.83046875 0.2916666666666667 0.0296875 0.0375
1 0.83984375 0.3145833333333333 0.0296875 0.03333333333333333
3 0.87265625 0.28229166666666666 0.0328125 0.03958333333333333
1 0.90625 0.25625 0.025 0.025
3 0.93671875 0.21354166666666666 0.0390625 0.04375
1 0.97109375 0.17916666666666667 0.0140625 0.016666666666666666
1 0.98515625 0.15520833333333334 0.0296875 0.035416666666666666
1 0.86953125 0.309375 0.0265625 0.03125
1 0.9046875 0.28854166666666664 0.025 0.03125
1 0.92421875 0.265625 0.0234375 0.022916666666666665
1 0.94453125 0.24895833333333334 0.0171875 0.022916666666666665
1 0.97109375 0.21666666666666667 0.0234375 0.03333333333333333
1 0.9734375 0.18020833333333333 0.01875 0.014583333333333334
1 0.87578125 0.35104166666666664 0.0265625 0.035416666666666666
1 0.91015625 0.31666666666666665 0.0234375 0.029166666666666667
1 0.93203125 0.29270833333333335 0.0265625 0.035416666666666666
1 0.95703125 0.26145833333333335 0.0203125 0.01875
1 0.97734375 0.24166666666666667 0.0171875 0.016666666666666666
1 0.90625 0.3645833333333333 0.028125 0.029166666666666667
1 0.92890625 0.3302083333333333 0.0203125 0.022916666666666665

1 0.98828125 0.26875 0.0203125 0.020833333333333332


5 0.9953125 0.61875 0.009375 0.020833333333333332
4 0.76875 0.3177083333333333 0.009375 0.014583333333333334
5 0.675 0.0375 0.00625 0.0125
5 0.5875 0.8635416666666667 0.015625 0.022916666666666665
5 0.63359375 0.884375 0.0234375 0.03958333333333333
4 0.39609375 0.7447916666666666 0.0140625 0.04791666666666667
4 0.37265625 0.4635416666666667 0.0109375 0.010416666666666666
4 0.4171875 0.22604166666666667 0.009375 0.014583333333333334
4 0.39765625 0.49270833333333336 0.0078125 0.022916666666666665
4 0.4109375 0.48854166666666665 0.009375 0.01875
4 0.76328125 0.1375 0.0015625 0.004166666666666667
1 0.43671875 0.271875 0.0359375 0.022916666666666665
1 0.43515625 0.25625 0.0328125 0.016666666666666666
