1 0.553125 0.23541666666666666 0.015625 0.025
1 0.61953125 0.28958333333333336 0.0171875 0.025
1 0.82421875 0.440625 0.0171875 0.010416666666666666
1 0.74609375 0.40520833333333334 0.0203125 0.022916666666666665
1 0.61875 0.2916666666666667 0.015625 0.016666666666666666
1 0.56015625 0.28958333333333336 0.0171875 0.020833333333333332
1 0.825 0.44375 0.021875 0.016666666666666666
1 0.684375 0.3729166666666667 0.015625 0.0125
1 0.690625 0.37395833333333334 0.0125 0.01875
1 0.61953125 0.28958333333333336 0.0171875 0.020833333333333332
3 0.6015625 0.209375 0.0125 0.022916666666666665
1 0.58984375 0.21770833333333334 0.0171875 0.022916666666666665
1 0.3796875 0.08541666666666667 0.03125 0.016666666666666666
1 0.3796875 0.07083333333333333 0.028125 0.0125
1 0.590625 0.2125 0.0125 0.016666666666666666
1 0.590625 0.2125 0.0125 0.016666666666666666
1 0.525 0.06770833333333333 0.015625 0.01875

1 0.7671875 0.009375 0.009375 0.01875
5 0.65234375 0.12708333333333333 0.0078125 0.016666666666666666
1 0.66328125 0.128125 0.0140625 0.022916666666666665
1 0.64921875 0.09583333333333334 0.0109375 0.016666666666666666
5 0.75625 0.3072916666666667 0.01875 0.01875
5 0.7828125 0.28541666666666665 0.009375 0.016666666666666666
5 0.865625 0.22708333333333333 0.015625 0.0125
5 0.84453125 0.21458333333333332 0.0109375 0.0125
5 0.853125 0.20416666666666666 0.009375 0.008333333333333333
5 0.88203125 0.171875 0.0109375 0.01875
1 0.8171875 0.278125 0.028125 0.027083333333333334
1 0.8421875 0.25625 0.025 0.025
1 0.865625 0.234375 0.01875 0.027083333333333334
1 0.8875 0.21041666666666667 0.021875 0.025
1 0.90625 0.18541666666666667 0.021875 0.025
3 0.94609375 0.14479166666666668 0.0265625 0.03958333333333333
1 0.94921875 0.115625 0.0203125 0.022916666666666665
1 0.971875 0.10416666666666667 0.0125 0.0125
1 0.98203125 0.09375 0.0140625 0.0125
1 0.9953125 0.10416666666666667 0.009375 0.016666666666666666
1 0.97109375 0.140625 0.0171875 0.022916666666666665
1 0.9515625 0.17083333333333334 0.025 0.029166666666666667
1 0.92265625 0.2 0.0234375 0.016666666666666666
1 0.890625 0.21354166666666666 0.028125 0.027083333333333334
1 0.88359375 0.24791666666666667 0.0203125 0.03333333333333333
1 0.85625 0.275 0.025 0.029166666666666667
1 0.83046875 0.290625 0.0296875 0.035416666666666666
1 0.83984375 0.3145833333333333 0.0296875 0.03333333333333333
3 0.871875 0.28229166666666666 0.034375 0.03958333333333333
1 0.90625 0.25625 0.028125 0.025
3 0.9390625 0.21666666666666667 0.034375 0.03333333333333333
1 0.96875 0.18125 0.015625 0.020833333333333332
1 0.98515625 0.15520833333333334 0.0296875 0.035416666666666666
1 0.871875 0.3177083333333333 0.028125 0.035416666666666666
1 0.9046875 0.28854166666666664 0.025 0.03125
1 0.92421875 0.265625 0.0234375 0.022916666666666665
1 0.94453125 0.24895833333333334 0.0171875 0.022916666666666665
1 0.97109375 0.21666666666666667 0.0234375 0.03333333333333333
1 0.97421875 0.18020833333333333 0.0171875 0.014583333333333334
1 0.87578125 0.35104166666666664 0.0265625 0.035416666666666666
1 0.9078125 0.32083333333333336 0.028125 0.0375
1 0.93203125 0.29270833333333335 0.0265625 0.035416666666666666
1 0.95703125 0.26145833333333335 0.0203125 0.01875
1 0.97734375 0.24166666666666667 0.0171875 0.016666666666666666
1 0.90546875 0.3645833333333333 0.0265625 0.03333333333333333
1 0.92890625 0.334375 0.0234375 0.03125

1 0.98671875 0.271875 0.0171875 0.01875


5 0.99609375 0.6208333333333333 0.0078125 0.020833333333333332
4 0.76875 0.3177083333333333 0.009375 0.014583333333333334
5 0.675 0.036458333333333336 0.00625 0.014583333333333334
5 0.58984375 0.875 0.0203125 0.020833333333333332
5 0.6375 0.8947916666666667 0.025 0.04791666666666667
4 0.39375 0.7447916666666666 0.01875 0.04791666666666667
4 0.37265625 0.46458333333333335 0.0109375 0.008333333333333333
4 0.4171875 0.22395833333333334 0.009375 0.014583333333333334
4 0.396875 0.49270833333333336 0.009375 0.022916666666666665
4 0.4109375 0.48854166666666665 0.009375 0.01875
4 0.76328125 0.1375 0.0015625 0.004166666666666667
1 0.43671875 0.271875 0.0359375 0.022916666666666665
1 0.43515625 0.25625 0.0328125 0.016666666666666666
