1 0.5546875 0.23854166666666668 0.015625 0.027083333333333334
1 0.62109375 0.2947916666666667 0.0203125 0.022916666666666665
1 0.8328125 0.44166666666666665 0.0125 0.008333333333333333
1 0.7546875 0.41041666666666665 0.0125 0.016666666666666666
1 0.6171875 0.29791666666666666 0.0125 0.020833333333333332
1 0.5625 0.29791666666666666 0.015625 0.025
1 0.8359375 0.44583333333333336 0.021875 0.016666666666666666
1 0.69296875 0.375 0.0109375 0.0125
1 0.6921875 0.37395833333333334 0.0125 0.01875
1 0.61953125 0.296875 0.0171875 0.022916666666666665
3 0.6015625 0.209375 0.0125 0.022916666666666665
1 0.590625 0.21875 0.015625 0.020833333333333332
1 0.38125 0.08125 0.03125 0.016666666666666666
1 0.3796875 0.07083333333333333 0.028125 0.0125
1 0.59140625 0.21458333333333332 0.0140625 0.016666666666666666
1 0.59140625 0.21458333333333332 0.0140625 0.016666666666666666
1 0.52421875 0.06770833333333333 0.0140625 0.01875

1 0.7671875 0.009375 0.009375 0.01875
5 0.653125 0.12604166666666666 0.009375 0.014583333333333334
1 0.66328125 0.128125 0.0140625 0.022916666666666665
1 0.64921875 0.09583333333333334 0.0109375 0.016666666666666666
5 0.75703125 0.3072916666666667 0.0171875 0.01875
5 0.7828125 0.28541666666666665 0.009375 0.016666666666666666
5 0.865625 0.22708333333333333 0.015625 0.0125
5 0.84453125 0.21458333333333332 0.0109375 0.0125
5 0.853125 0.20416666666666666 0.009375 0.008333333333333333
5 0.8828125 0.171875 0.0125 0.01875
1 0.8171875 0.278125 0.028125 0.027083333333333334
1 0.83828125 0.25729166666666664 0.0234375 0.027083333333333334
1 0.865625 0.234375 0.01875 0.027083333333333334
1 0.8875 0.21041666666666667 0.021875 0.025
1 0.90625 0.18541666666666667 0.021875 0.025
3 0.946875 0.14375 0.028125 0.041666666666666664
1 0.9484375 0.115625 0.01875 0.01875
1 0.971875 0.10416666666666667 0.0125 0.0125
1 0.98203125 0.090625 0.0109375 0.010416666666666666
1 0.9953125 0.10416666666666667 0.009375 0.016666666666666666
1 0.97109375 0.140625 0.0171875 0.022916666666666665
1 0.9515625 0.17083333333333334 0.025 0.029166666666666667
1 0.92265625 0.19895833333333332 0.0234375 0.01875
1 0.890625 0.21458333333333332 0.028125 0.029166666666666667
1 0.884375 0.24791666666666667 0.01875 0.03333333333333333
1 0.85703125 0.275 0.0265625 0.029166666666666667
1 0.83046875 0.2916666666666667 0.0296875 0.0375
1 0.83984375 0.3145833333333333 0.0296875 0.03333333333333333
3 0.875 0.278125 0.03125 0.035416666666666666
1 0.90703125 0.25625 0.0265625 0.025
3 0.93671875 0.2125 0.0390625 0.04583333333333333
1 0.96953125 0.18125 0.0171875 0.020833333333333332
1 0.9859375 0.15520833333333334 0.028125 0.035416666666666666
1 0.86953125 0.3104166666666667 0.0265625 0.03333333333333333
1 0.90546875 0.28854166666666664 0.0265625 0.03125
1 0.92421875 0.265625 0.0234375 0.022916666666666665
1 0.94453125 0.25 0.0171875 0.025
1 0.97109375 0.21666666666666667 0.0234375 0.03333333333333333
1 0.97421875 0.18020833333333333 0.0171875 0.014583333333333334
1 0.87578125 0.35104166666666664 0.0265625 0.035416666666666666
1 0.9078125 0.321875 0.028125 0.035416666666666666
1 0.93203125 0.29270833333333335 0.0265625 0.035416666666666666
1 0.95703125 0.2625 0.0203125 0.020833333333333332
1 0.97734375 0.24166666666666667 0.0171875 0.016666666666666666
1 0.90078125 0.36770833333333336 0.0328125 0.035416666666666666
1 0.92890625 0.32916666666666666 0.0203125 0.025

1 0.9859375 0.2708333333333333 0.015625 0.016666666666666666



4 0.76875 0.3177083333333333 0.009375 0.014583333333333334
5 0.675 0.0375 0.00625 0.0125
5 0.596875 0.8791666666666667 0.01875 0.029166666666666667
5 0.64296875 0.8958333333333334 0.0140625 0.029166666666666667
4 0.39453125 0.7447916666666666 0.0140625 0.04791666666666667
4 0.37265625 0.4635416666666667 0.0109375 0.010416666666666666
4 0.4171875 0.22395833333333334 0.009375 0.014583333333333334
4 0.39921875 0.490625 0.0078125 0.01875
4 0.4109375 0.48854166666666665 0.009375 0.01875
4 0.7640625 0.1375 0.003125 0.004166666666666667
1 0.43671875 0.2708333333333333 0.0359375 0.020833333333333332
1 0.43515625 0.25625 0.0328125 0.016666666666666666
