1 0.5546875 0.23958333333333334 0.015625 0.020833333333333332
1 0.6234375 0.29791666666666666 0.01875 0.025
1 0.8375 0.440625 0.0125 0.00625
1 0.759375 0.4083333333333333 0.01875 0.016666666666666666
1 0.61796875 0.30104166666666665 0.0140625 0.01875
1 0.56015625 0.30520833333333336 0.0171875 0.022916666666666665
1 0.840625 0.44583333333333336 0.025 0.016666666666666666
1 0.6953125 0.378125 0.0125 0.014583333333333334
1 0.69453125 0.37604166666666666 0.0140625 0.022916666666666665
1 0.62109375 0.3 0.0203125 0.020833333333333332
3 0.6015625 0.209375 0.0125 0.022916666666666665
1 0.590625 0.22083333333333333 0.015625 0.020833333333333332
1 0.37890625 0.08541666666666667 0.0328125 0.016666666666666666
1 0.3796875 0.07083333333333333 0.028125 0.0125
1 0.59296875 0.21354166666666666 0.0140625 0.014583333333333334
1 0.5921875 0.2125 0.0125 0.0125
1 0.5234375 0.06666666666666667 0.0125 0.016666666666666666

1 0.76875 0.009375 0.009375 0.014583333333333334
5 0.653125 0.12708333333333333 0.009375 0.016666666666666666
1 0.66328125 0.128125 0.0140625 0.022916666666666665
1 0.64921875 0.09583333333333334 0.0109375 0.016666666666666666
5 0.75859375 0.3072916666666667 0.0171875 0.01875
5 0.7828125 0.28541666666666665 0.009375 0.016666666666666666
5 0.86640625 0.22708333333333333 0.0140625 0.0125
5 0.84453125 0.21458333333333332 0.0109375 0.0125
5 0.853125 0.20416666666666666 0.009375 0.008333333333333333
5 0.88203125 0.171875 0.0109375 0.01875
1 0.81796875 0.278125 0.0296875 0.027083333333333334
1 0.8359375 0.2625 0.021875 0.020833333333333332
1 0.865625 0.234375 0.01875 0.027083333333333334
1 0.88828125 0.21041666666666667 0.0203125 0.025
1 0.90625 0.18541666666666667 0.021875 0.025
3 0.94765625 0.14270833333333333 0.0265625 0.03958333333333333
1 0.94921875 0.115625 0.0171875 0.022916666666666665
1 0.971875 0.10520833333333333 0.0125 0.010416666666666666
1 0.98203125 0.090625 0.0109375 0.010416666666666666
1 0.9953125 0.10416666666666667 0.009375 0.016666666666666666
1 0.97109375 0.140625 0.0171875 0.022916666666666665
1 0.9515625 0.17083333333333334 0.025 0.029166666666666667
1 0.92265625 0.19895833333333332 0.0234375 0.01875
1 0.88984375 0.21458333333333332 0.0265625 0.029166666666666667
1 0.884375 0.24791666666666667 0.01875 0.03333333333333333
1 0.8578125 0.26875 0.025 0.020833333333333332
1 0.83046875 0.2916666666666667 0.0296875 0.0375
1 0.840625 0.3145833333333333 0.028125 0.03333333333333333
3 0.875 0.278125 0.03125 0.035416666666666666
1 0.9078125 0.2552083333333333 0.025 0.022916666666666665
3 0.93671875 0.2125 0.0390625 0.04583333333333333
1 0.96953125 0.18020833333333333 0.0171875 0.01875
1 0.98515625 0.16041666666666668 0.0296875 0.029166666666666667
1 0.86953125 0.31145833333333334 0.0265625 0.03125
1 0.90546875 0.2864583333333333 0.0265625 0.03125
1 0.92421875 0.265625 0.0234375 0.022916666666666665
1 0.94453125 0.25 0.0171875 0.025
1 0.97109375 0.21666666666666667 0.0234375 0.03333333333333333
1 0.97421875 0.18020833333333333 0.0171875 0.014583333333333334
1 0.87578125 0.35104166666666664 0.0265625 0.035416666666666666
1 0.91015625 0.31666666666666665 0.0234375 0.029166666666666667
1 0.93203125 0.29270833333333335 0.0265625 0.035416666666666666
1 0.9578125 0.26145833333333335 0.01875 0.01875
1 0.97734375 0.24166666666666667 0.0171875 0.016666666666666666
1 0.9 0.36770833333333336 0.034375 0.035416666666666666
1 0.92890625 0.32916666666666666 0.0203125 0.025

1 0.9859375 0.2708333333333333 0.01875 0.020833333333333332


5 0.815625 0.47291666666666665 0.015625 0.029166666666666667
4 0.76875 0.3177083333333333 0.009375 0.014583333333333334
5 0.675 0.035416666666666666 0.00625 0.0125
5 0.60390625 0.88125 0.0140625 0.020833333333333332
5 0.64765625 0.9083333333333333 0.0140625 0.025
4 0.3859375 0.7375 0.021875 0.04583333333333333
4 0.37265625 0.4635416666666667 0.0109375 0.010416666666666666
4 0.4171875 0.22604166666666667 0.009375 0.014583333333333334
4 0.39765625 0.49270833333333336 0.0078125 0.022916666666666665
4 0.4109375 0.48854166666666665 0.009375 0.01875
4 0.7640625 0.1375 0.003125 0.004166666666666667
1 0.43671875 0.2708333333333333 0.0359375 0.020833333333333332
1 0.43515625 0.25625 0.0328125 0.016666666666666666
