1 0.55546875 0.240625 0.0140625 0.01875
1 0.6234375 0.2989583333333333 0.01875 0.027083333333333334
1 0.840625 0.440625 0.015625 0.00625
1 0.76015625 0.409375 0.0171875 0.01875
1 0.61796875 0.30104166666666665 0.0140625 0.01875
1 0.55859375 0.30833333333333335 0.0140625 0.020833333333333332
1 0.84453125 0.44583333333333336 0.0234375 0.016666666666666666
1 0.6953125 0.3770833333333333 0.0125 0.0125
1 0.6953125 0.375 0.015625 0.020833333333333332
1 0.62109375 0.3020833333333333 0.0203125 0.020833333333333332
3 0.6015625 0.20833333333333334 0.0125 0.025
1 0.59140625 0.221875 0.0140625 0.01875
1 0.3796875 0.08541666666666667 0.03125 0.016666666666666666
1 0.3796875 0.07083333333333333 0.028125 0.0125
1 0.5921875 0.22083333333333333 0.0125 0.016666666666666666
1 0.590625 0.22083333333333333 0.0125 0.016666666666666666
1 0.52265625 0.06770833333333333 0.0140625 0.01875

1 0.76875 0.008333333333333333 0.009375 0.016666666666666666
5 0.653125 0.12708333333333333 0.009375 0.016666666666666666
1 0.66328125 0.128125 0.0140625 0.022916666666666665
1 0.64921875 0.09583333333333334 0.0109375 0.016666666666666666
5 0.75859375 0.3072916666666667 0.0171875 0.01875
5 0.7828125 0.28541666666666665 0.009375 0.016666666666666666
5 0.86640625 0.22708333333333333 0.0140625 0.0125
5 0.84453125 0.21458333333333332 0.0109375 0.0125
5 0.853125 0.20416666666666666 0.009375 0.008333333333333333
5 0.88203125 0.171875 0.0109375 0.01875
1 0.81796875 0.278125 0.0296875 0.027083333333333334
1 0.8359375 0.2625 0.021875 0.020833333333333332
1 0.865625 0.234375 0.01875 0.027083333333333334
1 0.8875 0.21041666666666667 0.021875 0.025
1 0.90625 0.18541666666666667 0.021875 0.025
3 0.94765625 0.14270833333333333 0.0265625 0.03958333333333333
1 0.94921875 0.115625 0.0203125 0.022916666666666665
1 0.97109375 0.10520833333333333 0.0109375 0.010416666666666666
1 0.98203125 0.090625 0.0109375 0.010416666666666666
1 0.99609375 0.10416666666666667 0.0078125 0.016666666666666666
1 0.971875 0.140625 0.01875 0.022916666666666665
1 0.9515625 0.17083333333333334 0.025 0.029166666666666667
1 0.92265625 0.19895833333333332 0.0234375 0.01875
1 0.88984375 0.21354166666666666 0.0265625 0.027083333333333334
1 0.884375 0.24791666666666667 0.01875 0.03333333333333333
1 0.85859375 0.26875 0.0234375 0.020833333333333332
1 0.83046875 0.2916666666666667 0.0296875 0.0375
1 0.840625 0.3145833333333333 0.028125 0.03333333333333333
3 0.87578125 0.278125 0.0296875 0.035416666666666666
1 0.9078125 0.2552083333333333 0.025 0.027083333333333334
3 0.9390625 0.21666666666666667 0.034375 0.03333333333333333
1 0.96953125 0.18020833333333333 0.0171875 0.01875
1 0.98515625 0.159375 0.0296875 0.03125
1 0.86953125 0.3104166666666667 0.0265625 0.03333333333333333
1 0.90625 0.2875 0.028125 0.029166666666666667
1 0.92421875 0.265625 0.0234375 0.022916666666666665
1 0.94453125 0.25 0.0171875 0.025
1 0.97109375 0.21666666666666667 0.0234375 0.03333333333333333
1 0.9734375 0.18229166666666666 0.021875 0.01875
1 0.87578125 0.35104166666666664 0.0265625 0.035416666666666666
1 0.91015625 0.31666666666666665 0.0234375 0.029166666666666667
1 0.93203125 0.29270833333333335 0.0265625 0.035416666666666666
1 0.9578125 0.26145833333333335 0.01875 0.01875
1 0.97734375 0.24166666666666667 0.0171875 0.016666666666666666
1 0.90078125 0.36770833333333336 0.0328125 0.035416666666666666
1 0.93046875 0.3333333333333333 0.0234375 0.029166666666666667

1 0.9859375 0.271875 0.01875 0.01875


5 0.82421875 0.48125 0.0234375 0.025
4 0.76875 0.3177083333333333 0.009375 0.014583333333333334
5 0.675 0.036458333333333336 0.00625 0.014583333333333334
5 0.60703125 0.8854166666666666 0.0140625 0.020833333333333332
5 0.64921875 0.9114583333333334 0.0140625 0.022916666666666665
4 0.3859375 0.7395833333333334 0.021875 0.05
4 0.37265625 0.4635416666666667 0.0109375 0.010416666666666666
4 0.4171875 0.22604166666666667 0.009375 0.014583333333333334
4 0.3984375 0.490625 0.009375 0.01875
4 0.4109375 0.48854166666666665 0.009375 0.01875
4 0.7640625 0.1375 0.003125 0.004166666666666667
1 0.43671875 0.271875 0.0359375 0.022916666666666665
1 0.43515625 0.25625 0.0328125 0.016666666666666666
