1 0.55703125 0.24479166666666666 0.0140625 0.01875
1 0.625 0.303125 0.01875 0.027083333333333334
1 0.84921875 0.440625 0.0109375 0.00625
1 0.76796875 0.41354166666666664 0.0140625 0.014583333333333334
1 0.61875 0.30416666666666664 0.015625 0.020833333333333332
1 0.5609375 0.31979166666666664 0.01875 0.022916666666666665
1 0.853125 0.446875 0.025 0.014583333333333334
1 0.70234375 0.38125 0.0140625 0.0125
1 0.70546875 0.38229166666666664 0.0140625 0.01875
1 0.621875 0.30416666666666664 0.021875 0.020833333333333332
3 0.6015625 0.20833333333333334 0.0125 0.025
1 0.59296875 0.225 0.0140625 0.016666666666666666
1 0.3796875 0.08541666666666667 0.03125 0.016666666666666666
1 0.3796875 0.07083333333333333 0.028125 0.0125
1 0.59375 0.225 0.0125 0.016666666666666666
1 0.59296875 0.22395833333333334 0.0109375 0.014583333333333334
1 0.525 0.065625 0.0125 0.014583333333333334

1 0.76875 0.009375 0.009375 0.014583333333333334
5 0.653125 0.12708333333333333 0.009375 0.016666666666666666
1 0.66328125 0.128125 0.0140625 0.022916666666666665
1 0.65 0.09583333333333334 0.0125 0.016666666666666666
5 0.7578125 0.3072916666666667 0.01875 0.01875
5 0.7828125 0.28541666666666665 0.009375 0.016666666666666666
5 0.86640625 0.22708333333333333 0.0140625 0.0125
5 0.84453125 0.21458333333333332 0.0109375 0.0125
5 0.853125 0.20416666666666666 0.009375 0.008333333333333333
5 0.88125 0.17291666666666666 0.0125 0.020833333333333332
1 0.81796875 0.27708333333333335 0.0296875 0.029166666666666667
1 0.84375 0.2520833333333333 0.025 0.025
1 0.865625 0.234375 0.01875 0.027083333333333334
1 0.8875 0.21041666666666667 0.021875 0.025
1 0.90625 0.18541666666666667 0.021875 0.025
3 0.946875 0.14166666666666666 0.028125 0.0375
1 0.9484375 0.11666666666666667 0.01875 0.020833333333333332
1 0.971875 0.10520833333333333 0.0125 0.010416666666666666
1 0.9828125 0.090625 0.009375 0.010416666666666666
1 0.99609375 0.10416666666666667 0.0078125 0.016666666666666666
1 0.971875 0.140625 0.01875 0.022916666666666665
1 0.95234375 0.17083333333333334 0.0265625 0.029166666666666667
1 0.9234375 0.19895833333333332 0.025 0.01875
1 0.89140625 0.21354166666666666 0.0265625 0.027083333333333334
1 0.884375 0.24791666666666667 0.01875 0.03333333333333333
1 0.85859375 0.26875 0.0234375 0.020833333333333332
1 0.83046875 0.2916666666666667 0.0296875 0.0375
1 0.840625 0.3145833333333333 0.028125 0.03333333333333333
3 0.8765625 0.278125 0.03125 0.035416666666666666
1 0.9078125 0.2552083333333333 0.025 0.027083333333333334
3 0.9390625 0.21666666666666667 0.034375 0.03333333333333333
1 0.97109375 0.178125 0.0140625 0.014583333333333334
1 0.98515625 0.15833333333333333 0.0296875 0.029166666666666667
1 0.8703125 0.309375 0.025 0.03125
1 0.90625 0.2864583333333333 0.028125 0.03125
1 0.92421875 0.265625 0.0234375 0.022916666666666665
1 0.94453125 0.25 0.0171875 0.025
1 0.971875 0.215625 0.021875 0.035416666666666666
1 0.97421875 0.17916666666666667 0.0171875 0.016666666666666666
1 0.875 0.35208333333333336 0.025 0.0375
1 0.9078125 0.32083333333333336 0.028125 0.0375
1 0.93203125 0.29270833333333335 0.0265625 0.035416666666666666
1 0.9578125 0.26145833333333335 0.01875 0.01875
1 0.97734375 0.240625 0.0171875 0.014583333333333334
1 0.90078125 0.36770833333333336 0.0328125 0.035416666666666666
1 0.93046875 0.334375 0.0234375 0.03125

1 0.9859375 0.27291666666666664 0.01875 0.020833333333333332


5 0.8375 0.4864583333333333 0.025 0.027083333333333334
4 0.76875 0.3177083333333333 0.009375 0.014583333333333334
5 0.675 0.035416666666666666 0.00625 0.0125
5 0.61171875 0.896875 0.0140625 0.027083333333333334
5 0.653125 0.9260416666666667 0.015625 0.027083333333333334
4 0.3828125 0.7395833333333334 0.028125 0.05
4 0.37265625 0.4635416666666667 0.0109375 0.010416666666666666
4 0.4171875 0.225 0.009375 0.016666666666666666
4 0.39765625 0.49270833333333336 0.0078125 0.022916666666666665
4 0.41171875 0.48854166666666665 0.0109375 0.01875
4 0.76328125 0.1375 0.0015625 0.004166666666666667
1 0.43671875 0.2708333333333333 0.0359375 0.020833333333333332
1 0.43515625 0.25625 0.0328125 0.016666666666666666
