1 0.5578125 0.25104166666666666 0.01875 0.022916666666666665
1 0.62734375 0.29791666666666666 0.0203125 0.025
1 0.8546875 0.440625 0.0125 0.00625
1 0.77109375 0.41354166666666664 0.0171875 0.014583333333333334
1 0.61875 0.30625 0.0125 0.020833333333333332
1 0.56171875 0.325 0.0140625 0.029166666666666667
1 0.8609375 0.446875 0.025 0.014583333333333334
1 0.70703125 0.3875 0.0140625 0.0125
1 0.70703125 0.38125 0.0140625 0.016666666666666666
1 0.62421875 0.30520833333333336 0.0234375 0.022916666666666665
3 0.6 0.2125 0.015625 0.025
1 0.59453125 0.22708333333333333 0.0140625 0.016666666666666666
1 0.38046875 0.08541666666666667 0.0328125 0.016666666666666666
1 0.3796875 0.06979166666666667 0.028125 0.014583333333333334
1 0.5953125 0.225 0.0125 0.016666666666666666
1 0.59375 0.22604166666666667 0.0125 0.014583333333333334
1 0.52421875 0.065625 0.0109375 0.014583333333333334

1 0.76796875 0.008333333333333333 0.0078125 0.0125
5 0.653125 0.12708333333333333 0.009375 0.016666666666666666
1 0.66328125 0.128125 0.0140625 0.022916666666666665
1 0.65 0.09583333333333334 0.0125 0.016666666666666666
5 0.75859375 0.3072916666666667 0.0171875 0.01875
5 0.7828125 0.28541666666666665 0.009375 0.016666666666666666
5 0.86640625 0.22708333333333333 0.0140625 0.0125
5 0.84453125 0.21458333333333332 0.0109375 0.0125
5 0.85234375 0.20520833333333333 0.0109375 0.010416666666666666
5 0.88203125 0.171875 0.0109375 0.01875
1 0.81796875 0.27708333333333335 0.0296875 0.029166666666666667
1 0.8359375 0.26145833333333335 0.021875 0.01875
1 0.865625 0.234375 0.01875 0.027083333333333334
1 0.8875 0.21041666666666667 0.021875 0.025
1 0.90625 0.18541666666666667 0.021875 0.025
3 0.9484375 0.14166666666666666 0.028125 0.0375
1 0.94921875 0.11666666666666667 0.0203125 0.020833333333333332
1 0.971875 0.10520833333333333 0.0125 0.010416666666666666
1 0.9828125 0.090625 0.009375 0.010416666666666666
1 0.99609375 0.10416666666666667 0.0078125 0.016666666666666666
1 0.971875 0.140625 0.01875 0.022916666666666665
1 0.9515625 0.17083333333333334 0.025 0.029166666666666667
1 0.92421875 0.19895833333333332 0.0234375 0.01875
1 0.88984375 0.21354166666666666 0.0265625 0.027083333333333334
1 0.884375 0.24791666666666667 0.01875 0.03333333333333333
1 0.8578125 0.2708333333333333 0.025 0.020833333333333332
1 0.83046875 0.290625 0.0296875 0.035416666666666666
1 0.840625 0.3145833333333333 0.028125 0.03333333333333333
3 0.87734375 0.278125 0.0328125 0.035416666666666666
1 0.9078125 0.25416666666666665 0.025 0.025
3 0.9359375 0.21145833333333333 0.0375 0.04375
1 0.9703125 0.18020833333333333 0.015625 0.01875
1 0.98671875 0.15833333333333333 0.0265625 0.029166666666666667
1 0.8703125 0.309375 0.025 0.03125
1 0.90625 0.2864583333333333 0.028125 0.03125
1 0.92421875 0.265625 0.0234375 0.022916666666666665
1 0.94453125 0.25 0.0171875 0.025
1 0.971875 0.21666666666666667 0.021875 0.03333333333333333
1 0.97421875 0.17916666666666667 0.0171875 0.016666666666666666
1 0.875 0.35104166666666664 0.025 0.035416666666666666
1 0.9078125 0.32083333333333336 0.028125 0.0375
1 0.93203125 0.29270833333333335 0.0265625 0.035416666666666666
1 0.9578125 0.26145833333333335 0.01875 0.01875
1 0.978125 0.240625 0.01875 0.014583333333333334
1 0.9015625 0.365625 0.034375 0.035416666666666666
1 0.92890625 0.3302083333333333 0.0203125 0.027083333333333334

1 0.9859375 0.27291666666666664 0.01875 0.020833333333333332


5 0.84140625 0.4864583333333333 0.0203125 0.022916666666666665
4 0.76875 0.3177083333333333 0.009375 0.014583333333333334
5 0.675 0.036458333333333336 0.00625 0.014583333333333334
5 0.61640625 0.9020833333333333 0.0109375 0.025
5 0.65703125 0.9385416666666667 0.0140625 0.027083333333333334
4 0.37421875 0.734375 0.0265625 0.052083333333333336
4 0.3734375 0.4635416666666667 0.009375 0.010416666666666666
4 0.4171875 0.225 0.009375 0.016666666666666666
4 0.39765625 0.49270833333333336 0.0078125 0.022916666666666665
4 0.41171875 0.4895833333333333 0.0109375 0.016666666666666666
4 0.76328125 0.1375 0.0015625 0.004166666666666667
1 0.43671875 0.26979166666666665 0.0359375 0.022916666666666665
1 0.43515625 0.25625 0.0328125 0.016666666666666666
