1 0.55859375 0.2552083333333333 0.0171875 0.022916666666666665
1 0.628125 0.30625 0.021875 0.025
1 0.86171875 0.44166666666666665 0.0109375 0.004166666666666667
1 0.775 0.41458333333333336 0.01875 0.016666666666666666
1 0.61875 0.3072916666666667 0.0125 0.022916666666666665
1 0.56015625 0.32916666666666666 0.0171875 0.025
1 0.86640625 0.45 0.0265625 0.016666666666666666
1 0.71015625 0.384375 0.0140625 0.010416666666666666
1 0.709375 0.38125 0.015625 0.016666666666666666
1 0.6265625 0.3072916666666667 0.025 0.022916666666666665
3 0.60078125 0.21041666666666667 0.0140625 0.025
1 0.59609375 0.225 0.0140625 0.016666666666666666
1 0.3796875 0.08541666666666667 0.03125 0.016666666666666666
1 0.3796875 0.06979166666666667 0.028125 0.014583333333333334
1 0.5953125 0.22604166666666667 0.0125 0.014583333333333334
1 0.59453125 0.22395833333333334 0.0109375 0.014583333333333334
1 0.52421875 0.065625 0.0109375 0.014583333333333334

1 0.76796875 0.008333333333333333 0.0078125 0.0125
5 0.653125 0.12708333333333333 0.009375 0.016666666666666666
1 0.66328125 0.128125 0.0140625 0.022916666666666665
1 0.65 0.09583333333333334 0.0125 0.016666666666666666
5 0.75859375 0.3072916666666667 0.0171875 0.01875
5 0.7828125 0.28541666666666665 0.009375 0.016666666666666666
5 0.86640625 0.22708333333333333 0.0140625 0.0125
5 0.84453125 0.21458333333333332 0.0109375 0.0125
5 0.853125 0.20520833333333333 0.009375 0.010416666666666666
5 0.8828125 0.171875 0.0125 0.01875
1 0.81796875 0.27708333333333335 0.0296875 0.029166666666666667
1 0.8453125 0.2520833333333333 0.025 0.025
1 0.865625 0.234375 0.01875 0.027083333333333334
1 0.88828125 0.209375 0.0203125 0.022916666666666665
1 0.90625 0.18541666666666667 0.021875 0.025
3 0.93671875 0.153125 0.0296875 0.03958333333333333
1 0.9484375 0.11666666666666667 0.01875 0.020833333333333332
1 0.971875 0.10520833333333333 0.0125 0.010416666666666666
1 0.98359375 0.08854166666666667 0.0109375 0.010416666666666666
1 0.99609375 0.10416666666666667 0.0078125 0.016666666666666666
1 0.971875 0.140625 0.01875 0.022916666666666665
1 0.9515625 0.17083333333333334 0.025 0.029166666666666667
1 0.92421875 0.19791666666666666 0.0234375 0.016666666666666666
1 0.890625 0.21354166666666666 0.025 0.027083333333333334
1 0.88515625 0.246875 0.0203125 0.03125
1 0.8578125 0.26979166666666665 0.025 0.022916666666666665
1 0.83046875 0.290625 0.0296875 0.035416666666666666
1 0.840625 0.3145833333333333 0.028125 0.03333333333333333
3 0.8765625 0.278125 0.03125 0.035416666666666666
1 0.9078125 0.25416666666666665 0.025 0.025
3 0.9359375 0.21145833333333333 0.0375 0.04375
1 0.971875 0.178125 0.0125 0.014583333333333334
1 0.98515625 0.15833333333333333 0.0296875 0.029166666666666667
1 0.8703125 0.309375 0.025 0.03125
1 0.90625 0.2864583333333333 0.028125 0.03125
1 0.92421875 0.265625 0.0234375 0.022916666666666665
1 0.94453125 0.25 0.0171875 0.025
1 0.97109375 0.215625 0.0234375 0.035416666666666666
1 0.9734375 0.18020833333333333 0.021875 0.01875
1 0.87578125 0.35104166666666664 0.0265625 0.035416666666666666
1 0.9109375 0.3145833333333333 0.021875 0.029166666666666667
1 0.9328125 0.29270833333333335 0.025 0.035416666666666666
1 0.9578125 0.26145833333333335 0.01875 0.01875
1 0.978125 0.23958333333333334 0.01875 0.016666666666666666
1 0.90078125 0.365625 0.0328125 0.035416666666666666
1 0.93046875 0.334375 0.0234375 0.03125

1 0.9859375 0.27291666666666664 0.01875 0.020833333333333332


5 0.8484375 0.4875 0.01875 0.025
4 0.76875 0.3177083333333333 0.009375 0.014583333333333334
5 0.675 0.035416666666666666 0.00625 0.0125
5 0.61796875 0.9052083333333333 0.0109375 0.01875
5 0.66015625 0.9458333333333333 0.0140625 0.029166666666666667
4 0.37421875 0.7395833333333334 0.0265625 0.05
4 0.3734375 0.4635416666666667 0.009375 0.010416666666666666
4 0.41796875 0.225 0.0078125 0.016666666666666666
4 0.396875 0.49375 0.009375 0.025
4 0.41171875 0.48854166666666665 0.0109375 0.01875
4 0.7640625 0.1375 0.003125 0.004166666666666667
1 0.43671875 0.26979166666666665 0.0359375 0.022916666666666665
1 0.43515625 0.25625 0.0328125 0.016666666666666666
