1 0.559375 0.25729166666666664 0.015625 0.01875
1 0.63125 0.3104166666666667 0.01875 0.025
1 0.86796875 0.440625 0.0078125 0.00625
1 0.778125 0.415625 0.021875 0.01875
1 0.61796875 0.3104166666666667 0.0140625 0.025
1 0.56015625 0.33645833333333336 0.0171875 0.022916666666666665
1 0.87421875 0.446875 0.0234375 0.014583333333333334
1 0.71328125 0.3875 0.0171875 0.0125
1 0.71640625 0.3875 0.0171875 0.016666666666666666
1 0.62734375 0.31354166666666666 0.0234375 0.027083333333333334
3 0.60078125 0.21666666666666667 0.0140625 0.03333333333333333
1 0.59609375 0.22916666666666666 0.0140625 0.016666666666666666
1 0.38046875 0.08541666666666667 0.0328125 0.016666666666666666
1 0.38046875 0.07083333333333333 0.0296875 0.0125
1 0.59609375 0.22916666666666666 0.0140625 0.0125
1 0.59609375 0.22916666666666666 0.0140625 0.0125
1 0.525 0.065625 0.0125 0.014583333333333334

1 0.76875 0.008333333333333333 0.009375 0.0125
5 0.65390625 0.12708333333333333 0.0109375 0.016666666666666666
1 0.66328125 0.12708333333333333 0.0140625 0.025
1 0.65 0.09583333333333334 0.0125 0.016666666666666666
5 0.75859375 0.3072916666666667 0.0171875 0.01875
5 0.7828125 0.28541666666666665 0.009375 0.016666666666666666
5 0.86640625 0.22708333333333333 0.0140625 0.0125
5 0.84453125 0.21458333333333332 0.0109375 0.0125
5 0.85234375 0.20416666666666666 0.0109375 0.008333333333333333
5 0.88203125 0.171875 0.0109375 0.01875
1 0.81796875 0.27708333333333335 0.0296875 0.029166666666666667
1 0.8453125 0.2520833333333333 0.025 0.025
1 0.865625 0.234375 0.01875 0.027083333333333334
1 0.8875 0.209375 0.021875 0.022916666666666665
1 0.90625 0.18541666666666667 0.021875 0.025
3 0.9375 0.15208333333333332 0.03125 0.041666666666666664
1 0.9484375 0.115625 0.01875 0.022916666666666665
1 0.971875 0.10520833333333333 0.0125 0.010416666666666666
1 0.98359375 0.09166666666666666 0.0140625 0.0125
1 0.99609375 0.10416666666666667 0.0078125 0.016666666666666666
1 0.971875 0.140625 0.01875 0.022916666666666665
1 0.95234375 0.17083333333333334 0.0265625 0.029166666666666667
1 0.92421875 0.19895833333333332 0.0234375 0.01875
1 0.89140625 0.21354166666666666 0.0265625 0.027083333333333334
1 0.88515625 0.24791666666666667 0.0203125 0.03333333333333333
1 0.85703125 0.271875 0.0234375 0.022916666666666665
1 0.83046875 0.290625 0.0296875 0.035416666666666666
1 0.840625 0.3145833333333333 0.028125 0.03333333333333333
3 0.875 0.28020833333333334 0.03125 0.03958333333333333
1 0.9078125 0.25416666666666665 0.025 0.025
3 0.9390625 0.21666666666666667 0.034375 0.03333333333333333
1 0.9703125 0.17916666666666667 0.015625 0.016666666666666666
1 0.9859375 0.15729166666666666 0.028125 0.03125
1 0.871875 0.31875 0.028125 0.03333333333333333
1 0.90625 0.2864583333333333 0.028125 0.03125
1 0.92421875 0.265625 0.0234375 0.022916666666666665
1 0.94453125 0.25 0.0171875 0.025
1 0.971875 0.215625 0.021875 0.03125
1 0.9734375 0.18020833333333333 0.021875 0.01875
1 0.87578125 0.35104166666666664 0.0265625 0.035416666666666666
1 0.9078125 0.32083333333333336 0.028125 0.0375
1 0.9328125 0.29270833333333335 0.025 0.035416666666666666
1 0.9578125 0.26145833333333335 0.01875 0.01875
1 0.97890625 0.23958333333333334 0.0171875 0.016666666666666666
1 0.9015625 0.365625 0.034375 0.035416666666666666
1 0.93125 0.334375 0.025 0.03125

1 0.984375 0.27395833333333336 0.01875 0.022916666666666665


5 0.8609375 0.4895833333333333 0.025 0.025
4 0.76875 0.3177083333333333 0.009375 0.014583333333333334
5 0.675 0.035416666666666666 0.00625 0.0125
5 0.621875 0.9135416666666667 0.0125 0.01875
5 0.66484375 0.9614583333333333 0.0140625 0.027083333333333334
4 0.3734375 0.7375 0.028125 0.04583333333333333
4 0.37265625 0.46458333333333335 0.0109375 0.008333333333333333
4 0.4171875 0.22395833333333334 0.009375 0.014583333333333334
4 0.39765625 0.4895833333333333 0.0109375 0.020833333333333332
4 0.41171875 0.48854166666666665 0.0109375 0.01875
4 0.76328125 0.1375 0.0015625 0.004166666666666667
1 0.43671875 0.26979166666666665 0.0359375 0.022916666666666665
1 0.43515625 0.25625 0.0328125 0.016666666666666666
