1 0.5609375 0.259375 0.015625 0.01875
1 0.63125 0.31354166666666666 0.01875 0.027083333333333334
1 0.86953125 0.440625 0.0109375 0.00625
1 0.78359375 0.41875 0.0171875 0.016666666666666666
1 0.61796875 0.31145833333333334 0.0140625 0.022916666666666665
1 0.56015625 0.33958333333333335 0.0171875 0.029166666666666667
1 0.87734375 0.446875 0.0234375 0.014583333333333334
1 0.7171875 0.390625 0.015625 0.014583333333333334
1 0.7203125 0.39166666666666666 0.0125 0.016666666666666666
1 0.62734375 0.31354166666666666 0.0234375 0.027083333333333334
3 0.60078125 0.21875 0.0140625 0.0375
1 0.59765625 0.23020833333333332 0.0140625 0.014583333333333334
1 0.3796875 0.08541666666666667 0.03125 0.016666666666666666
1 0.38046875 0.07083333333333333 0.0296875 0.0125
1 0.596875 0.22916666666666666 0.0125 0.0125
1 0.596875 0.2375 0.015625 0.016666666666666666
1 0.52421875 0.06458333333333334 0.0109375 0.016666666666666666

1 0.76875 0.008333333333333333 0.009375 0.0125
5 0.65390625 0.12708333333333333 0.0109375 0.016666666666666666
1 0.66328125 0.12708333333333333 0.0140625 0.025
1 0.65 0.09479166666666666 0.0125 0.014583333333333334
5 0.75859375 0.3072916666666667 0.0171875 0.01875
5 0.7828125 0.2864583333333333 0.009375 0.014583333333333334
5 0.86640625 0.22708333333333333 0.0140625 0.0125
5 0.84453125 0.21458333333333332 0.0109375 0.0125
5 0.853125 0.20416666666666666 0.009375 0.008333333333333333
5 0.88203125 0.171875 0.0109375 0.01875
1 0.81796875 0.27708333333333335 0.0296875 0.029166666666666667
1 0.8453125 0.2520833333333333 0.025 0.025
1 0.865625 0.234375 0.01875 0.027083333333333334
1 0.88828125 0.209375 0.0203125 0.022916666666666665
1 0.90625 0.18541666666666667 0.021875 0.025
3 0.93671875 0.15416666666666667 0.0296875 0.041666666666666664
1 0.94921875 0.115625 0.0203125 0.022916666666666665
1 0.971875 0.10520833333333333 0.0125 0.010416666666666666
1 0.98359375 0.08854166666666667 0.0109375 0.010416666666666666
1 0.99609375 0.10416666666666667 0.0078125 0.016666666666666666
1 0.971875 0.140625 0.01875 0.022916666666666665
1 0.95234375 0.17083333333333334 0.0265625 0.029166666666666667
1 0.92421875 0.19895833333333332 0.0234375 0.01875
1 0.890625 0.21354166666666666 0.025 0.027083333333333334
1 0.88515625 0.24791666666666667 0.0203125 0.03333333333333333
1 0.85859375 0.26875 0.0234375 0.020833333333333332
1 0.83125 0.290625 0.03125 0.035416666666666666
1 0.8421875 0.3145833333333333 0.028125 0.03333333333333333
3 0.87734375 0.278125 0.0328125 0.035416666666666666
1 0.9078125 0.25416666666666665 0.025 0.025
3 0.93671875 0.2125 0.0390625 0.041666666666666664
1 0.9703125 0.17916666666666667 0.015625 0.016666666666666666
1 0.98671875 0.15833333333333333 0.0265625 0.029166666666666667
1 0.87265625 0.31875 0.0296875 0.03333333333333333
1 0.90625 0.28541666666666665 0.028125 0.029166666666666667
1 0.92421875 0.265625 0.0234375 0.022916666666666665
1 0.94453125 0.25 0.0171875 0.025
1 0.971875 0.215625 0.021875 0.035416666666666666
1 0.97421875 0.17916666666666667 0.0171875 0.016666666666666666
1 0.87578125 0.35104166666666664 0.0265625 0.035416666666666666
1 0.9109375 0.3145833333333333 0.021875 0.029166666666666667
1 0.93203125 0.29270833333333335 0.0265625 0.035416666666666666
1 0.9578125 0.26145833333333335 0.01875 0.01875
1 0.97890625 0.23958333333333334 0.0171875 0.016666666666666666
1 0.90546875 0.3625 0.0265625 0.029166666666666667
1 0.93125 0.33541666666666664 0.025 0.03333333333333333

1 0.98359375 0.27395833333333336 0.0203125 0.022916666666666665


5 0.86640625 0.48854166666666665 0.0265625 0.027083333333333334
4 0.76875 0.3177083333333333 0.009375 0.014583333333333334
5 0.675 0.035416666666666666 0.00625 0.0125
5 0.625 0.9208333333333333 0.0125 0.020833333333333332
5 0.6671875 0.9677083333333333 0.015625 0.027083333333333334
4 0.37265625 0.7375 0.0265625 0.04583333333333333
4 0.37265625 0.4635416666666667 0.0109375 0.010416666666666666
4 0.41796875 0.225 0.0078125 0.016666666666666666
4 0.39765625 0.4895833333333333 0.0109375 0.020833333333333332
4 0.41171875 0.48854166666666665 0.0109375 0.01875
4 0.7640625 0.1375 0.003125 0.004166666666666667
1 0.43671875 0.26979166666666665 0.0359375 0.022916666666666665
1 0.43515625 0.25625 0.0328125 0.016666666666666666
