1 0.5625 0.2604166666666667 0.015625 0.016666666666666666
1 0.6328125 0.3145833333333333 0.01875 0.025
1 0.87421875 0.440625 0.0078125 0.00625
1 0.78671875 0.41770833333333335 0.0140625 0.014583333333333334
1 0.61953125 0.31354166666666666 0.0171875 0.027083333333333334
1 0.56171875 0.34270833333333334 0.0203125 0.03125
1 0.88046875 0.44895833333333335 0.0265625 0.014583333333333334
1 0.72265625 0.39375 0.0109375 0.0125
1 0.72265625 0.39166666666666666 0.0140625 0.016666666666666666
1 0.628125 0.315625 0.021875 0.022916666666666665
3 0.60078125 0.21875 0.0140625 0.0375
1 0.59765625 0.23020833333333332 0.0140625 0.014583333333333334
1 0.3796875 0.08541666666666667 0.03125 0.016666666666666666
1 0.38046875 0.06979166666666667 0.0296875 0.014583333333333334
1 0.59765625 0.23020833333333332 0.0140625 0.010416666666666666
1 0.596875 0.23125 0.0125 0.0125
1 0.52421875 0.06458333333333334 0.0109375 0.016666666666666666

1 0.76875 0.007291666666666667 0.009375 0.014583333333333334
5 0.65390625 0.12708333333333333 0.0109375 0.016666666666666666
1 0.66328125 0.12708333333333333 0.0140625 0.025
1 0.65 0.09479166666666666 0.0125 0.014583333333333334
5 0.75859375 0.3072916666666667 0.0171875 0.01875
5 0.7828125 0.28541666666666665 0.009375 0.016666666666666666
5 0.86640625 0.22708333333333333 0.0140625 0.0125
5 0.84453125 0.21458333333333332 0.0109375 0.0125
5 0.8515625 0.20520833333333333 0.009375 0.010416666666666666
5 0.8828125 0.171875 0.0125 0.01875
1 0.81796875 0.27708333333333335 0.0296875 0.029166666666666667
1 0.8453125 0.2520833333333333 0.025 0.025
1 0.865625 0.234375 0.01875 0.027083333333333334
1 0.8875 0.209375 0.021875 0.022916666666666665
1 0.90625 0.18541666666666667 0.021875 0.025
3 0.9359375 0.15520833333333334 0.03125 0.03958333333333333
1 0.95 0.115625 0.01875 0.022916666666666665
1 0.971875 0.10520833333333333 0.0125 0.010416666666666666
1 0.98359375 0.08958333333333333 0.0109375 0.0125
1 0.99609375 0.10416666666666667 0.0078125 0.016666666666666666
1 0.97265625 0.140625 0.0171875 0.022916666666666665
1 0.9515625 0.17083333333333334 0.025 0.029166666666666667
1 0.92421875 0.19895833333333332 0.0234375 0.01875
1 0.89140625 0.21354166666666666 0.0265625 0.027083333333333334
1 0.88515625 0.24791666666666667 0.0203125 0.03333333333333333
1 0.859375 0.2677083333333333 0.021875 0.01875
1 0.83046875 0.290625 0.0296875 0.035416666666666666
1 0.840625 0.3145833333333333 0.028125 0.03333333333333333
3 0.87734375 0.278125 0.0328125 0.035416666666666666
1 0.9078125 0.25416666666666665 0.025 0.025
3 0.9359375 0.21145833333333333 0.0375 0.04375
1 0.971875 0.17708333333333334 0.0125 0.016666666666666666
1 0.9875 0.15833333333333333 0.025 0.029166666666666667
1 0.87109375 0.309375 0.0265625 0.03125
1 0.90625 0.28541666666666665 0.028125 0.029166666666666667
1 0.92421875 0.26458333333333334 0.0234375 0.020833333333333332
1 0.94453125 0.25 0.0171875 0.025
1 0.971875 0.215625 0.021875 0.035416666666666666
1 0.97421875 0.17916666666666667 0.0171875 0.016666666666666666
1 0.87578125 0.35104166666666664 0.0265625 0.035416666666666666
1 0.90859375 0.32083333333333336 0.0265625 0.0375
1 0.9328125 0.29270833333333335 0.025 0.035416666666666666
1 0.9578125 0.259375 0.01875 0.014583333333333334
1 0.978125 0.23958333333333334 0.01875 0.016666666666666666
1 0.90546875 0.3625 0.0265625 0.029166666666666667
1 0.92890625 0.3302083333333333 0.0203125 0.027083333333333334

1 0.98515625 0.27395833333333336 0.0203125 0.022916666666666665


5 0.87109375 0.48854166666666665 0.0234375 0.027083333333333334
4 0.76875 0.3177083333333333 0.009375 0.014583333333333334
5 0.675 0.035416666666666666 0.00625 0.0125
5 0.62734375 0.925 0.0109375 0.020833333333333332
5 0.6703125 0.9739583333333334 0.015625 0.027083333333333334
4 0.3703125 0.7333333333333333 0.025 0.041666666666666664
4 0.3734375 0.4635416666666667 0.009375 0.010416666666666666
4 0.41796875 0.22395833333333334 0.0078125 0.014583333333333334
4 0.39765625 0.4895833333333333 0.0109375 0.020833333333333332
4 0.41171875 0.48854166666666665 0.0109375 0.01875
4 0.7640625 0.1375 0.003125 0.004166666666666667
1 0.43671875 0.26979166666666665 0.0359375 0.022916666666666665
1 0.43515625 0.25625 0.0328125 0.016666666666666666
