1 0.56171875 0.26979166666666665 0.0171875 0.01875
1 0.634375 0.31875 0.01875 0.025
1 0.8828125 0.43854166666666666 0.009375 0.00625
1 0.7921875 0.4197916666666667 0.021875 0.01875
1 0.62265625 0.3072916666666667 0.0140625 0.014583333333333334
1 0.56015625 0.353125 0.0171875 0.03125
1 0.8890625 0.44583333333333336 0.025 0.0125
1 0.7265625 0.39375 0.0125 0.0125
1 0.72578125 0.3927083333333333 0.0171875 0.01875
1 0.634375 0.31979166666666664 0.021875 0.022916666666666665
3 0.6 0.20833333333333334 0.015625 0.025
1 0.5984375 0.240625 0.015625 0.01875
1 0.3796875 0.08541666666666667 0.03125 0.016666666666666666
1 0.38046875 0.07083333333333333 0.0296875 0.0125
1 0.59765625 0.23958333333333334 0.0140625 0.016666666666666666
1 0.59765625 0.240625 0.0140625 0.01875
1 0.52421875 0.065625 0.0109375 0.014583333333333334

1 0.76875 0.008333333333333333 0.009375 0.0125
5 0.65390625 0.12708333333333333 0.0109375 0.016666666666666666
1 0.66328125 0.12708333333333333 0.0140625 0.025
1 0.65 0.09583333333333334 0.0125 0.016666666666666666
5 0.75859375 0.3072916666666667 0.0171875 0.01875
5 0.78203125 0.2864583333333333 0.0109375 0.014583333333333334
5 0.86640625 0.22708333333333333 0.0140625 0.0125
5 0.84453125 0.21354166666666666 0.0109375 0.010416666666666666
5 0.853125 0.20416666666666666 0.009375 0.008333333333333333
5 0.8828125 0.17291666666666666 0.0125 0.016666666666666666
1 0.81796875 0.27708333333333335 0.0296875 0.029166666666666667
1 0.846875 0.24895833333333334 0.021875 0.022916666666666665
1 0.865625 0.234375 0.01875 0.027083333333333334
1 0.88828125 0.209375 0.0203125 0.022916666666666665
1 0.90703125 0.18541666666666667 0.0234375 0.025
3 0.9453125 0.14270833333333333 0.028125 0.03958333333333333
1 0.95 0.115625 0.01875 0.022916666666666665
1 0.971875 0.10520833333333333 0.0125 0.010416666666666666
1 0.98359375 0.08958333333333333 0.0109375 0.0125
1 0.99609375 0.10416666666666667 0.0078125 0.016666666666666666
1 0.971875 0.140625 0.01875 0.022916666666666665
1 0.95234375 0.17083333333333334 0.0265625 0.029166666666666667
1 0.92421875 0.19895833333333332 0.0234375 0.01875
1 0.88984375 0.21354166666666666 0.0265625 0.027083333333333334
1 0.88515625 0.24791666666666667 0.0203125 0.03333333333333333
1 0.859375 0.2677083333333333 0.021875 0.01875
1 0.83203125 0.290625 0.0296875 0.035416666666666666
1 0.840625 0.3145833333333333 0.028125 0.03333333333333333
3 0.87734375 0.278125 0.0328125 0.035416666666666666
1 0.9078125 0.25416666666666665 0.025 0.025
3 0.9390625 0.21666666666666667 0.034375 0.03333333333333333
1 0.9703125 0.18020833333333333 0.015625 0.01875
1 0.9875 0.15416666666666667 0.025 0.03333333333333333
1 0.87265625 0.31875 0.0296875 0.03333333333333333
1 0.90546875 0.2864583333333333 0.0265625 0.03125
1 0.92421875 0.265625 0.0234375 0.022916666666666665
1 0.94453125 0.25 0.0171875 0.025
1 0.971875 0.215625 0.021875 0.035416666666666666
1 0.9734375 0.17916666666666667 0.01875 0.016666666666666666
1 0.87578125 0.35104166666666664 0.0265625 0.035416666666666666
1 0.90859375 0.31979166666666664 0.0265625 0.035416666666666666
1 0.9328125 0.29270833333333335 0.025 0.035416666666666666
1 0.9578125 0.26145833333333335 0.01875 0.01875
1 0.97890625 0.240625 0.0171875 0.014583333333333334
1 0.90546875 0.36354166666666665 0.0265625 0.03125
1 0.92890625 0.3302083333333333 0.0203125 0.027083333333333334

1 0.98359375 0.2760416666666667 0.0203125 0.01875


5 0.884375 0.48854166666666665 0.01875 0.01875
4 0.76875 0.3177083333333333 0.009375 0.014583333333333334
5 0.67578125 0.035416666666666666 0.0046875 0.0125
5 0.63125 0.940625 0.0125 0.022916666666666665
5 0.67890625 0.990625 0.0140625 0.01875
4 0.36328125 0.7322916666666667 0.0359375 0.04791666666666667
4 0.3734375 0.4635416666666667 0.009375 0.010416666666666666
4 0.41796875 0.22395833333333334 0.0078125 0.014583333333333334
4 0.3984375 0.4875 0.009375 0.020833333333333332
4 0.41171875 0.4875 0.0109375 0.016666666666666666
4 0.7640625 0.1375 0.003125 0.004166666666666667
1 0.43671875 0.26979166666666665 0.0359375 0.022916666666666665
1 0.43515625 0.25625 0.0328125 0.016666666666666666
