1 0.56328125 0.27291666666666664 0.0171875 0.020833333333333332
1 0.63671875 0.315625 0.0203125 0.022916666666666665
1 0.88671875 0.43854166666666666 0.0109375 0.00625
1 0.7984375 0.42291666666666666 0.01875 0.016666666666666666
1 0.621875 0.31979166666666664 0.015625 0.027083333333333334
1 0.5609375 0.359375 0.01875 0.027083333333333334
1 0.8921875 0.4479166666666667 0.028125 0.016666666666666666
1 0.728125 0.39479166666666665 0.01875 0.014583333333333334
1 0.72890625 0.3927083333333333 0.0203125 0.01875
1 0.6359375 0.31979166666666664 0.021875 0.022916666666666665
3 0.59921875 0.20833333333333334 0.0171875 0.025
1 0.59921875 0.24375 0.0171875 0.020833333333333332
1 0.3796875 0.08541666666666667 0.03125 0.016666666666666666
1 0.38046875 0.06979166666666667 0.0296875 0.014583333333333334
1 0.5984375 0.24270833333333333 0.015625 0.01875
1 0.5984375 0.24479166666666666 0.015625 0.022916666666666665
1 0.52421875 0.065625 0.0109375 0.014583333333333334

1 0.76875 0.007291666666666667 0.009375 0.014583333333333334
5 0.653125 0.12708333333333333 0.009375 0.016666666666666666
1 0.66328125 0.12708333333333333 0.0140625 0.025
1 0.65 0.09583333333333334 0.0125 0.016666666666666666
5 0.759375 0.3072916666666667 0.015625 0.01875
5 0.78203125 0.2864583333333333 0.0109375 0.014583333333333334
5 0.86640625 0.22708333333333333 0.0140625 0.0125
5 0.8453125 0.21354166666666666 0.009375 0.010416666666666666
5 0.853125 0.20416666666666666 0.009375 0.008333333333333333
5 0.88125 0.171875 0.0125 0.01875
1 0.81796875 0.2760416666666667 0.0296875 0.027083333333333334
1 0.84609375 0.24895833333333334 0.0234375 0.022916666666666665
1 0.865625 0.234375 0.01875 0.027083333333333334
1 0.88828125 0.209375 0.0203125 0.022916666666666665
1 0.90703125 0.18541666666666667 0.0234375 0.025
3 0.9453125 0.14270833333333333 0.028125 0.03958333333333333
1 0.94921875 0.115625 0.0203125 0.022916666666666665
1 0.971875 0.10520833333333333 0.0125 0.010416666666666666
1 0.9828125 0.09270833333333334 0.015625 0.014583333333333334
1 0.99609375 0.10416666666666667 0.0078125 0.016666666666666666
1 0.971875 0.140625 0.01875 0.022916666666666665
1 0.95234375 0.17083333333333334 0.0265625 0.029166666666666667
1 0.92421875 0.19895833333333332 0.0234375 0.01875
1 0.88984375 0.21354166666666666 0.0265625 0.027083333333333334
1 0.88515625 0.24791666666666667 0.0203125 0.03333333333333333
1 0.8578125 0.26979166666666665 0.025 0.022916666666666665
1 0.83203125 0.290625 0.0296875 0.035416666666666666
1 0.840625 0.3145833333333333 0.028125 0.03333333333333333
3 0.8765625 0.278125 0.03125 0.035416666666666666
1 0.90703125 0.25416666666666665 0.0265625 0.025
3 0.9390625 0.21666666666666667 0.034375 0.03333333333333333
1 0.9703125 0.17916666666666667 0.015625 0.016666666666666666
1 0.9875 0.15625 0.025 0.029166666666666667
1 0.8703125 0.30833333333333335 0.025 0.029166666666666667
1 0.90625 0.2864583333333333 0.025 0.03125
1 0.92421875 0.265625 0.0234375 0.022916666666666665
1 0.94453125 0.25 0.0171875 0.025
1 0.97265625 0.215625 0.0234375 0.03125
1 0.97421875 0.17916666666666667 0.0171875 0.016666666666666666
1 0.87578125 0.35208333333333336 0.0265625 0.0375
1 0.9109375 0.3145833333333333 0.021875 0.029166666666666667
1 0.9328125 0.29270833333333335 0.025 0.035416666666666666
1 0.9578125 0.259375 0.01875 0.014583333333333334
1 0.97890625 0.240625 0.0171875 0.014583333333333334
1 0.9015625 0.3645833333333333 0.034375 0.03333333333333333
1 0.92890625 0.32916666666666666 0.0203125 0.025

1 0.9828125 0.2760416666666667 0.01875 0.01875


5 0.8921875 0.4875 0.025 0.025
4 0.76875 0.3177083333333333 0.009375 0.014583333333333334
5 0.67578125 0.035416666666666666 0.0046875 0.0125
5 0.63359375 0.94375 0.0109375 0.016666666666666666
5 0.68046875 0.99375 0.0140625 0.0125
4 0.36171875 0.73125 0.0328125 0.04583333333333333
4 0.3734375 0.4635416666666667 0.009375 0.010416666666666666
4 0.41796875 0.22395833333333334 0.0078125 0.014583333333333334
4 0.396875 0.49270833333333336 0.009375 0.022916666666666665
4 0.41171875 0.48541666666666666 0.0109375 0.020833333333333332
4 0.7640625 0.1375 0.003125 0.004166666666666667
1 0.43671875 0.26979166666666665 0.0359375 0.022916666666666665
1 0.43515625 0.25625 0.0328125 0.016666666666666666
