1 0.5640625 0.27395833333333336 0.015625 0.01875
1 0.6359375 0.31979166666666664 0.01875 0.022916666666666665
1 0.890625 0.43854166666666666 0.009375 0.00625
1 0.80234375 0.4239583333333333 0.0140625 0.014583333333333334
1 0.625 0.30833333333333335 0.015625 0.016666666666666666
1 0.5609375 0.36354166666666665 0.01875 0.03125
1 0.89765625 0.4479166666666667 0.0265625 0.016666666666666666
1 0.73359375 0.39791666666666664 0.0140625 0.0125
1 0.7359375 0.396875 0.015625 0.014583333333333334
1 0.634375 0.3229166666666667 0.025 0.025
3 0.6 0.20833333333333334 0.015625 0.025
1 0.5984375 0.23541666666666666 0.0125 0.020833333333333332
1 0.3796875 0.08541666666666667 0.03125 0.016666666666666666
1 0.38046875 0.06979166666666667 0.0296875 0.014583333333333334
1 0.5984375 0.24375 0.015625 0.020833333333333332
1 0.59921875 0.246875 0.0171875 0.022916666666666665
1 0.52421875 0.06458333333333334 0.0109375 0.016666666666666666

1 0.76796875 0.008333333333333333 0.0078125 0.0125
5 0.653125 0.12604166666666666 0.009375 0.014583333333333334
1 0.66328125 0.12708333333333333 0.0140625 0.025
1 0.65 0.09583333333333334 0.0125 0.016666666666666666
5 0.759375 0.3072916666666667 0.015625 0.01875
5 0.78203125 0.2864583333333333 0.0109375 0.014583333333333334
5 0.86640625 0.22708333333333333 0.0140625 0.0125
5 0.84453125 0.21354166666666666 0.0109375 0.010416666666666666
5 0.85234375 0.20416666666666666 0.0109375 0.008333333333333333
5 0.88203125 0.17291666666666666 0.0109375 0.016666666666666666
1 0.81796875 0.27708333333333335 0.0296875 0.029166666666666667
1 0.8453125 0.2520833333333333 0.025 0.025
1 0.865625 0.234375 0.01875 0.027083333333333334
1 0.88828125 0.209375 0.0203125 0.022916666666666665
1 0.90703125 0.18541666666666667 0.0234375 0.025
3 0.946875 0.14270833333333333 0.028125 0.03958333333333333
1 0.94921875 0.115625 0.0203125 0.022916666666666665
1 0.971875 0.10520833333333333 0.0125 0.010416666666666666
1 0.98359375 0.09166666666666666 0.0140625 0.0125
1 0.99609375 0.10416666666666667 0.0078125 0.016666666666666666
1 0.97265625 0.140625 0.0171875 0.022916666666666665
1 0.95234375 0.17083333333333334 0.0265625 0.029166666666666667
1 0.92421875 0.19791666666666666 0.0234375 0.016666666666666666
1 0.890625 0.21354166666666666 0.025 0.027083333333333334
1 0.88515625 0.24791666666666667 0.0203125 0.03333333333333333
1 0.8578125 0.26979166666666665 0.025 0.022916666666666665
1 0.83203125 0.290625 0.0296875 0.035416666666666666
1 0.840625 0.3145833333333333 0.028125 0.03333333333333333
3 0.87578125 0.28020833333333334 0.0328125 0.03958333333333333
1 0.9109375 0.253125 0.01875 0.022916666666666665
3 0.93515625 0.21145833333333333 0.0390625 0.04375
1 0.9703125 0.18020833333333333 0.015625 0.01875
1 0.9875 0.15416666666666667 0.025 0.03333333333333333
1 0.8734375 0.31875 0.03125 0.03333333333333333
1 0.90625 0.2864583333333333 0.025 0.03125
1 0.92421875 0.26458333333333334 0.0234375 0.020833333333333332
1 0.94453125 0.25 0.0171875 0.025
1 0.971875 0.215625 0.021875 0.03125
1 0.9734375 0.18125 0.021875 0.020833333333333332
1 0.87421875 0.35208333333333336 0.0265625 0.0375
1 0.9109375 0.3145833333333333 0.021875 0.029166666666666667
1 0.9328125 0.29270833333333335 0.025 0.035416666666666666
1 0.9578125 0.259375 0.01875 0.014583333333333334
1 0.978125 0.23958333333333334 0.015625 0.016666666666666666
1 0.90234375 0.3645833333333333 0.0359375 0.03333333333333333
1 0.93125 0.334375 0.025 0.03125

1 0.9828125 0.2760416666666667 0.01875 0.01875


5 0.89609375 0.4875 0.0234375 0.025
4 0.76875 0.3177083333333333 0.009375 0.014583333333333334
5 0.6765625 0.035416666666666666 0.00625 0.0125
5 0.63515625 0.9520833333333333 0.0140625 0.020833333333333332
5 0.68203125 0.9958333333333333 0.0140625 0.008333333333333333
4 0.3578125 0.7270833333333333 0.025 0.05416666666666667
4 0.3734375 0.4635416666666667 0.009375 0.010416666666666666
4 0.41796875 0.22395833333333334 0.0078125 0.014583333333333334
4 0.396875 0.49270833333333336 0.009375 0.022916666666666665
4 0.41171875 0.484375 0.0109375 0.01875
4 0.7625 0.1375 0.003125 0.004166666666666667
1 0.43671875 0.26979166666666665 0.0359375 0.022916666666666665
1 0.43515625 0.25625 0.0328125 0.016666666666666666
