1 0.5640625 0.278125 0.015625 0.01875
1 0.6375 0.32083333333333336 0.021875 0.025
1 0.89296875 0.4375 0.0109375 0.004166666666666667
1 0.80390625 0.42083333333333334 0.0171875 0.0125
1 0.62734375 0.31145833333333334 0.0140625 0.01875
1 0.56171875 0.36666666666666664 0.0203125 0.029166666666666667
1 0.9 0.4479166666666667 0.025 0.016666666666666666
1 0.73671875 0.39791666666666664 0.0140625 0.0125
1 0.73828125 0.39895833333333336 0.0140625 0.014583333333333334
1 0.6359375 0.3260416666666667 0.025 0.027083333333333334
3 0.59921875 0.20833333333333334 0.0171875 0.025
1 0.6 0.23958333333333334 0.0125 0.020833333333333332
1 0.3796875 0.08541666666666667 0.03125 0.016666666666666666
1 0.38046875 0.06979166666666667 0.0296875 0.014583333333333334
1 0.59921875 0.240625 0.0140625 0.01875
1 0.59921875 0.25 0.0140625 0.0125
1 0.52421875 0.06354166666666666 0.0109375 0.014583333333333334

1 0.76953125 0.007291666666666667 0.0078125 0.014583333333333334
5 0.65390625 0.12708333333333333 0.0109375 0.016666666666666666
1 0.6640625 0.12708333333333333 0.0125 0.025
1 0.65 0.09583333333333334 0.0125 0.016666666666666666
5 0.759375 0.30625 0.015625 0.020833333333333332
5 0.78203125 0.2864583333333333 0.0109375 0.014583333333333334
5 0.8671875 0.22708333333333333 0.015625 0.0125
5 0.84453125 0.21354166666666666 0.0109375 0.010416666666666666
5 0.85234375 0.20520833333333333 0.0109375 0.010416666666666666
5 0.88203125 0.17291666666666666 0.0109375 0.016666666666666666
1 0.81796875 0.2760416666666667 0.0296875 0.027083333333333334
1 0.8453125 0.2520833333333333 0.025 0.025
1 0.865625 0.234375 0.01875 0.027083333333333334
1 0.88828125 0.209375 0.0203125 0.022916666666666665
1 0.90703125 0.18541666666666667 0.0234375 0.025
3 0.93671875 0.15520833333333334 0.0328125 0.03958333333333333
1 0.95 0.115625 0.01875 0.022916666666666665
1 0.971875 0.10520833333333333 0.0125 0.010416666666666666
1 0.98359375 0.09270833333333334 0.0140625 0.014583333333333334
1 0.99609375 0.10416666666666667 0.0078125 0.016666666666666666
1 0.97265625 0.140625 0.0171875 0.022916666666666665
1 0.95234375 0.17083333333333334 0.0265625 0.029166666666666667
1 0.92421875 0.19895833333333332 0.0234375 0.01875
1 0.890625 0.21354166666666666 0.025 0.027083333333333334
1 0.88515625 0.24791666666666667 0.0203125 0.03333333333333333
1 0.85703125 0.2708333333333333 0.0234375 0.020833333333333332
1 0.83203125 0.290625 0.0296875 0.035416666666666666
1 0.840625 0.3145833333333333 0.028125 0.03333333333333333
3 0.87734375 0.278125 0.0328125 0.035416666666666666
1 0.9078125 0.25416666666666665 0.025 0.025
3 0.9390625 0.21666666666666667 0.034375 0.03333333333333333
1 0.9703125 0.17916666666666667 0.015625 0.016666666666666666
1 0.9875 0.15520833333333334 0.025 0.035416666666666666
1 0.87421875 0.31875 0.0296875 0.03333333333333333
1 0.90625 0.2864583333333333 0.025 0.03125
1 0.92421875 0.265625 0.0234375 0.022916666666666665
1 0.94453125 0.25 0.0171875 0.025
1 0.971875 0.215625 0.021875 0.03125
1 0.97421875 0.17916666666666667 0.0171875 0.016666666666666666
1 0.87578125 0.35104166666666664 0.0265625 0.035416666666666666
1 0.9109375 0.3145833333333333 0.021875 0.029166666666666667
1 0.9328125 0.29270833333333335 0.025 0.035416666666666666
1 0.9578125 0.259375 0.01875 0.014583333333333334
1 0.978125 0.23958333333333334 0.015625 0.016666666666666666
1 0.9015625 0.3645833333333333 0.034375 0.03333333333333333
1 0.92890625 0.32916666666666666 0.0203125 0.025

1 0.98359375 0.2760416666666667 0.0203125 0.01875


5 0.89921875 0.484375 0.0171875 0.022916666666666665
4 0.76875 0.3177083333333333 0.009375 0.014583333333333334
5 0.67578125 0.035416666666666666 0.0046875 0.0125
5 0.63671875 0.9572916666666667 0.0140625 0.022916666666666665

4 0.35546875 0.73125 0.0234375 0.041666666666666664
4 0.3734375 0.4625 0.009375 0.008333333333333333
4 0.41875 0.22395833333333334 0.00625 0.014583333333333334
4 0.396875 0.49375 0.009375 0.025
4 0.41171875 0.48333333333333334 0.0109375 0.020833333333333332
4 0.7625 0.1375 0.003125 0.004166666666666667
1 0.43671875 0.26979166666666665 0.0359375 0.022916666666666665
1 0.43515625 0.25625 0.0328125 0.016666666666666666
