1 0.56484375 0.2833333333333333 0.0171875 0.020833333333333332
1 0.63984375 0.325 0.0234375 0.029166666666666667
1 0.8984375 0.43854166666666666 0.0125 0.00625
1 0.80859375 0.42291666666666666 0.0203125 0.016666666666666666
1 0.6296875 0.3145833333333333 0.0125 0.0125
1 0.5671875 0.37604166666666666 0.015625 0.027083333333333334
1 0.90625 0.44375 0.028125 0.016666666666666666
1 0.74140625 0.4 0.0140625 0.0125
1 0.740625 0.39895833333333336 0.015625 0.014583333333333334
1 0.6375 0.32916666666666666 0.025 0.025
3 0.59921875 0.21666666666666667 0.0171875 0.03333333333333333
1 0.60078125 0.24270833333333333 0.0140625 0.01875
1 0.38046875 0.084375 0.0328125 0.01875
1 0.38046875 0.06979166666666667 0.0296875 0.014583333333333334
1 0.60078125 0.24479166666666666 0.0140625 0.014583333333333334
1 0.6 0.25104166666666666 0.015625 0.027083333333333334
1 0.52421875 0.06354166666666666 0.0109375 0.014583333333333334

1 0.76796875 0.007291666666666667 0.0078125 0.014583333333333334
5 0.65390625 0.12604166666666666 0.0078125 0.014583333333333334
1 0.66328125 0.12708333333333333 0.0140625 0.025
1 0.65 0.09479166666666666 0.0125 0.014583333333333334
5 0.759375 0.30625 0.015625 0.020833333333333332
5 0.78203125 0.28541666666666665 0.0109375 0.016666666666666666
5 0.8671875 0.22708333333333333 0.015625 0.0125
5 0.8453125 0.21354166666666666 0.009375 0.010416666666666666
5 0.85234375 0.20416666666666666 0.0109375 0.008333333333333333
5 0.8828125 0.171875 0.0125 0.01875
1 0.81796875 0.2760416666666667 0.0296875 0.027083333333333334
1 0.8453125 0.2520833333333333 0.025 0.025
1 0.865625 0.234375 0.01875 0.027083333333333334
1 0.88828125 0.20833333333333334 0.0203125 0.025
1 0.90703125 0.18541666666666667 0.0234375 0.025
3 0.95 0.14166666666666666 0.028125 0.0375
1 0.94921875 0.115625 0.0203125 0.022916666666666665
1 0.971875 0.10520833333333333 0.0125 0.010416666666666666
1 0.98359375 0.08958333333333333 0.0109375 0.0125
1 0.996875 0.10416666666666667 0.00625 0.016666666666666666
1 0.97265625 0.140625 0.0171875 0.022916666666666665
1 0.95234375 0.17083333333333334 0.0265625 0.029166666666666667
1 0.92421875 0.19791666666666666 0.0234375 0.016666666666666666
1 0.89140625 0.2125 0.0265625 0.025
1 0.88515625 0.24791666666666667 0.0203125 0.03333333333333333
1 0.8578125 0.26979166666666665 0.025 0.022916666666666665
1 0.83203125 0.290625 0.0296875 0.035416666666666666
1 0.84296875 0.3145833333333333 0.0296875 0.03333333333333333
3 0.87578125 0.28125 0.0328125 0.0375
1 0.9109375 0.2520833333333333 0.01875 0.025
3 0.93828125 0.21666666666666667 0.0328125 0.03333333333333333
1 0.9703125 0.18020833333333333 0.015625 0.01875
1 0.9875 0.15416666666666667 0.025 0.03333333333333333
1 0.87109375 0.309375 0.0265625 0.03125
1 0.90625 0.2864583333333333 0.025 0.03125
1 0.92421875 0.26458333333333334 0.0234375 0.020833333333333332
1 0.94453125 0.25 0.0171875 0.025
1 0.971875 0.215625 0.021875 0.035416666666666666
1 0.97421875 0.17916666666666667 0.0171875 0.016666666666666666
1 0.87578125 0.35208333333333336 0.0265625 0.0375
1 0.9109375 0.3145833333333333 0.021875 0.029166666666666667
1 0.9328125 0.29270833333333335 0.025 0.035416666666666666
1 0.95859375 0.259375 0.0171875 0.014583333333333334
1 0.978125 0.240625 0.015625 0.014583333333333334
1 0.9015625 0.3645833333333333 0.0375 0.03333333333333333
1 0.9296875 0.32916666666666666 0.01875 0.025

1 0.98359375 0.2760416666666667 0.0203125 0.01875


5 0.91328125 0.48020833333333335 0.0203125 0.022916666666666665
4 0.76875 0.3177083333333333 0.009375 0.014583333333333334
5 0.6765625 0.035416666666666666 0.00625 0.0125
5 0.64140625 0.96875 0.0140625 0.020833333333333332

4 0.35234375 0.725 0.0296875 0.041666666666666664
4 0.3734375 0.4625 0.009375 0.008333333333333333
4 0.41953125 0.22395833333333334 0.0078125 0.014583333333333334
4 0.396875 0.49375 0.009375 0.025
4 0.40625 0.484375 0.021875 0.01875
4 0.76328125 0.13645833333333332 0.0015625 0.00625
1 0.43671875 0.26979166666666665 0.0359375 0.022916666666666665
1 0.43515625 0.25625 0.0328125 0.016666666666666666
