1 0.565625 0.28541666666666665 0.015625 0.020833333333333332
1 0.640625 0.32708333333333334 0.021875 0.029166666666666667
1 0.903125 0.4354166666666667 0.0125 0.004166666666666667
1 0.8109375 0.4239583333333333 0.01875 0.01875
1 0.63046875 0.3145833333333333 0.0140625 0.0125
1 0.56953125 0.3770833333333333 0.0140625 0.025
1 0.91328125 0.44375 0.0234375 0.016666666666666666
1 0.7421875 0.4 0.015625 0.0125
1 0.7421875 0.39895833333333336 0.01875 0.014583333333333334
1 0.6390625 0.33125 0.025 0.025
3 0.59921875 0.215625 0.0171875 0.035416666666666666
1 0.6015625 0.24583333333333332 0.0125 0.016666666666666666
1 0.38046875 0.08541666666666667 0.0328125 0.016666666666666666
1 0.38046875 0.06979166666666667 0.0296875 0.014583333333333334
1 0.6015625 0.24583333333333332 0.0125 0.016666666666666666
1 0.6015625 0.2520833333333333 0.0125 0.020833333333333332
1 0.52421875 0.06354166666666666 0.0109375 0.014583333333333334

1 0.76796875 0.007291666666666667 0.0078125 0.014583333333333334
5 0.653125 0.12604166666666666 0.009375 0.014583333333333334
1 0.6640625 0.12708333333333333 0.0125 0.025
1 0.65 0.09479166666666666 0.0125 0.014583333333333334
5 0.759375 0.3072916666666667 0.015625 0.01875
5 0.78203125 0.2864583333333333 0.0109375 0.014583333333333334
5 0.8671875 0.22708333333333333 0.015625 0.0125
5 0.8453125 0.21354166666666666 0.009375 0.010416666666666666
5 0.853125 0.20416666666666666 0.009375 0.008333333333333333
5 0.88125 0.171875 0.0125 0.01875
1 0.81796875 0.27708333333333335 0.0296875 0.029166666666666667
1 0.8453125 0.2520833333333333 0.025 0.025
1 0.865625 0.23333333333333334 0.01875 0.025
1 0.88828125 0.20833333333333334 0.0203125 0.025
1 0.90703125 0.18541666666666667 0.0234375 0.025
3 0.93671875 0.15416666666666667 0.0328125 0.041666666666666664
1 0.95 0.115625 0.01875 0.022916666666666665
1 0.971875 0.10520833333333333 0.0125 0.010416666666666666
1 0.98359375 0.08958333333333333 0.0109375 0.0125
1 0.996875 0.10416666666666667 0.00625 0.016666666666666666
1 0.97265625 0.140625 0.0171875 0.022916666666666665
1 0.95234375 0.17083333333333334 0.0265625 0.029166666666666667
1 0.92421875 0.19791666666666666 0.0234375 0.016666666666666666
1 0.89140625 0.21354166666666666 0.0265625 0.027083333333333334
1 0.88515625 0.24791666666666667 0.0203125 0.03333333333333333
1 0.8578125 0.26979166666666665 0.025 0.022916666666666665
1 0.83203125 0.290625 0.0296875 0.035416666666666666
1 0.84296875 0.3145833333333333 0.0296875 0.03333333333333333
3 0.87734375 0.278125 0.0328125 0.035416666666666666
1 0.9078125 0.253125 0.025 0.027083333333333334
3 0.93828125 0.21666666666666667 0.0328125 0.03333333333333333
1 0.9703125 0.18020833333333333 0.015625 0.01875
1 0.9875 0.15416666666666667 0.025 0.03333333333333333
1 0.8703125 0.30833333333333335 0.025 0.029166666666666667
1 0.90703125 0.28541666666666665 0.0265625 0.029166666666666667
1 0.92421875 0.26458333333333334 0.0234375 0.020833333333333332
1 0.94453125 0.25 0.0171875 0.025
1 0.97265625 0.21458333333333332 0.0234375 0.03333333333333333
1 0.97421875 0.178125 0.0171875 0.014583333333333334
1 0.875 0.35104166666666664 0.025 0.035416666666666666
1 0.91171875 0.3145833333333333 0.0234375 0.029166666666666667
1 0.9328125 0.29270833333333335 0.025 0.035416666666666666
1 0.95859375 0.259375 0.0171875 0.014583333333333334
1 0.97890625 0.23958333333333334 0.0171875 0.016666666666666666
1 0.90078125 0.3645833333333333 0.0359375 0.03333333333333333
1 0.93125 0.3333333333333333 0.025 0.029166666666666667

1 0.98359375 0.2760416666666667 0.0203125 0.01875


5 0.91484375 0.478125 0.0203125 0.01875
4 0.76875 0.3177083333333333 0.009375 0.014583333333333334
5 0.6765625 0.035416666666666666 0.00625 0.0125
5 0.6453125 0.971875 0.0125 0.022916666666666665

4 0.35234375 0.725 0.0296875 0.041666666666666664
4 0.3734375 0.4635416666666667 0.009375 0.010416666666666666
4 0.41796875 0.22395833333333334 0.0078125 0.014583333333333334
4 0.3984375 0.49375 0.009375 0.025
4 0.4140625 0.478125 0.009375 0.014583333333333334
4 0.7625 0.1375 0.003125 0.004166666666666667
1 0.43671875 0.26979166666666665 0.0359375 0.022916666666666665
1 0.43515625 0.25625 0.0328125 0.016666666666666666
