1 0.56953125 0.3020833333333333 0.0171875 0.020833333333333332
1 0.6453125 0.3333333333333333 0.021875 0.025
1 0.92578125 0.43333333333333335 0.0140625 0.008333333333333333
1 0.82578125 0.42604166666666665 0.0203125 0.014583333333333334
1 0.63359375 0.315625 0.0140625 0.010416666666666666
1 0.571875 0.39375 0.015625 0.020833333333333332
1 0.93125 0.44166666666666665 0.021875 0.020833333333333332
1 0.759375 0.40625 0.01875 0.0125
1 0.759375 0.40625 0.01875 0.016666666666666666
1 0.64921875 0.334375 0.0234375 0.022916666666666665
3 0.6 0.21666666666666667 0.01875 0.03333333333333333
1 0.6015625 0.25 0.0125 0.016666666666666666
1 0.38046875 0.08541666666666667 0.0328125 0.016666666666666666
1 0.38046875 0.06979166666666667 0.0296875 0.014583333333333334
1 0.60234375 0.2520833333333333 0.0140625 0.016666666666666666
1 0.60390625 0.2604166666666667 0.0171875 0.025
1 0.525 0.0625 0.009375 0.0125

1 0.76796875 0.008333333333333333 0.0078125 0.0125
5 0.6546875 0.12604166666666666 0.009375 0.014583333333333334
1 0.6640625 0.12708333333333333 0.0125 0.025
1 0.65 0.09479166666666666 0.0125 0.014583333333333334
5 0.76015625 0.30625 0.0171875 0.020833333333333332
5 0.78203125 0.28541666666666665 0.0109375 0.016666666666666666
5 0.8671875 0.22708333333333333 0.015625 0.0125
5 0.84609375 0.2125 0.0109375 0.0125
5 0.853125 0.203125 0.009375 0.00625
5 0.88203125 0.171875 0.0109375 0.01875
1 0.81796875 0.27708333333333335 0.0296875 0.029166666666666667
1 0.846875 0.24895833333333334 0.021875 0.022916666666666665
1 0.86640625 0.23333333333333334 0.0171875 0.025
1 0.88828125 0.20833333333333334 0.0203125 0.025
1 0.90703125 0.18541666666666667 0.0234375 0.025
3 0.95 0.14166666666666666 0.028125 0.0375
1 0.94921875 0.115625 0.0203125 0.022916666666666665
1 0.971875 0.10520833333333333 0.0125 0.010416666666666666
1 0.9828125 0.09270833333333334 0.015625 0.014583333333333334
1 0.996875 0.10416666666666667 0.00625 0.016666666666666666
1 0.97265625 0.140625 0.0171875 0.022916666666666665
1 0.9546875 0.17083333333333334 0.025 0.029166666666666667
1 0.92421875 0.19791666666666666 0.0234375 0.016666666666666666
1 0.89140625 0.2125 0.0265625 0.025
1 0.88515625 0.24791666666666667 0.0203125 0.03333333333333333
1 0.859375 0.2677083333333333 0.021875 0.01875
1 0.83203125 0.290625 0.0296875 0.035416666666666666
1 0.8421875 0.3145833333333333 0.028125 0.03333333333333333
3 0.87734375 0.278125 0.0328125 0.035416666666666666
1 0.9109375 0.2520833333333333 0.01875 0.025
3 0.9359375 0.21354166666666666 0.0375 0.04375
1 0.97109375 0.18020833333333333 0.0140625 0.01875
1 0.9875 0.15520833333333334 0.025 0.035416666666666666
1 0.87109375 0.30833333333333335 0.0265625 0.029166666666666667
1 0.90703125 0.2864583333333333 0.0265625 0.03125
1 0.925 0.26458333333333334 0.021875 0.020833333333333332
1 0.94453125 0.25 0.0171875 0.025
1 0.97265625 0.21666666666666667 0.0234375 0.03333333333333333
1 0.97421875 0.17916666666666667 0.0171875 0.016666666666666666
1 0.87578125 0.35104166666666664 0.0265625 0.035416666666666666
1 0.91015625 0.31979166666666664 0.0265625 0.035416666666666666
1 0.93359375 0.29270833333333335 0.0265625 0.035416666666666666
1 0.95859375 0.25833333333333336 0.0171875 0.0125
1 0.97890625 0.23958333333333334 0.0171875 0.016666666666666666
1 0.90625 0.36354166666666665 0.028125 0.03125
1 0.93125 0.3333333333333333 0.025 0.029166666666666667

1 0.98359375 0.275 0.0203125 0.020833333333333332


5 0.93828125 0.475 0.0203125 0.025
4 0.76875 0.3177083333333333 0.009375 0.014583333333333334
5 0.6765625 0.035416666666666666 0.00625 0.0125
5 0.65625 0.99375 0.015625 0.0125

4 0.346875 0.7270833333333333 0.0375 0.05416666666666667
4 0.3734375 0.4625 0.009375 0.008333333333333333
4 0.41953125 0.22395833333333334 0.0078125 0.014583333333333334
4 0.39765625 0.49375 0.0109375 0.025
4 0.4125 0.4822916666666667 0.0125 0.01875
4 0.7625 0.1375 0.003125 0.004166666666666667
1 0.4375 0.26875 0.034375 0.020833333333333332
1 0.43515625 0.25625 0.0328125 0.016666666666666666
