1 0.56953125 0.303125 0.0171875 0.01875
1 0.646875 0.3333333333333333 0.021875 0.025
1 0.9265625 0.43125 0.015625 0.008333333333333333
1 0.82734375 0.42604166666666665 0.0203125 0.014583333333333334
1 0.6328125 0.315625 0.0125 0.010416666666666666
1 0.57421875 0.3958333333333333 0.0140625 0.016666666666666666
1 0.9328125 0.4395833333333333 0.021875 0.020833333333333332
1 0.76171875 0.40729166666666666 0.0203125 0.014583333333333334
1 0.7609375 0.4083333333333333 0.021875 0.016666666666666666
1 0.65078125 0.33541666666666664 0.0234375 0.025
3 0.6 0.21666666666666667 0.01875 0.03333333333333333
1 0.60234375 0.253125 0.0140625 0.014583333333333334
1 0.38046875 0.08541666666666667 0.0328125 0.016666666666666666
1 0.38125 0.06979166666666667 0.03125 0.014583333333333334
1 0.60390625 0.25625 0.0171875 0.016666666666666666
1 0.603125 0.2677083333333333 0.015625 0.01875
1 0.525 0.0625 0.009375 0.0125

1 0.76875 0.007291666666666667 0.00625 0.014583333333333334
5 0.6546875 0.12708333333333333 0.009375 0.016666666666666666
1 0.6640625 0.12708333333333333 0.0125 0.025
1 0.65 0.09479166666666666 0.0125 0.014583333333333334
5 0.76015625 0.30625 0.0171875 0.020833333333333332
5 0.78125 0.28541666666666665 0.0125 0.016666666666666666
5 0.8671875 0.22708333333333333 0.015625 0.0125
5 0.8453125 0.21354166666666666 0.009375 0.010416666666666666
5 0.853125 0.20416666666666666 0.009375 0.008333333333333333
5 0.88125 0.171875 0.0125 0.01875
1 0.81796875 0.27708333333333335 0.0296875 0.029166666666666667
1 0.8453125 0.2520833333333333 0.025 0.025
1 0.86640625 0.23333333333333334 0.0171875 0.025
1 0.88828125 0.20833333333333334 0.0203125 0.025
1 0.90703125 0.18541666666666667 0.0234375 0.025
3 0.9359375 0.15625 0.03125 0.0375
1 0.94921875 0.115625 0.0203125 0.022916666666666665
1 0.971875 0.10520833333333333 0.0125 0.010416666666666666
1 0.9828125 0.09270833333333334 0.015625 0.014583333333333334
1 0.996875 0.10416666666666667 0.00625 0.016666666666666666
1 0.971875 0.140625 0.01875 0.022916666666666665
1 0.95390625 0.17083333333333334 0.0265625 0.029166666666666667
1 0.92421875 0.19895833333333332 0.0234375 0.01875
1 0.89140625 0.2125 0.0265625 0.025
1 0.8859375 0.24791666666666667 0.021875 0.03333333333333333
1 0.8578125 0.2708333333333333 0.025 0.025
1 0.83125 0.290625 0.03125 0.035416666666666666
1 0.8421875 0.3145833333333333 0.028125 0.03333333333333333
3 0.87578125 0.28020833333333334 0.0328125 0.03958333333333333
1 0.9109375 0.2520833333333333 0.01875 0.025
3 0.9359375 0.21354166666666666 0.0375 0.04375
1 0.9703125 0.18020833333333333 0.015625 0.01875
1 0.9875 0.15729166666666666 0.025 0.03125
1 0.8734375 0.31666666666666665 0.03125 0.03333333333333333
1 0.90703125 0.2864583333333333 0.0265625 0.03125
1 0.92421875 0.26458333333333334 0.0234375 0.020833333333333332
1 0.94453125 0.25104166666666666 0.0171875 0.027083333333333334
1 0.97265625 0.21458333333333332 0.0234375 0.03333333333333333
1 0.97421875 0.17916666666666667 0.0171875 0.016666666666666666
1 0.87578125 0.35104166666666664 0.0265625 0.035416666666666666
1 0.91171875 0.3145833333333333 0.0234375 0.029166666666666667
1 0.93359375 0.29270833333333335 0.0265625 0.035416666666666666
1 0.95859375 0.25833333333333336 0.0171875 0.0125
1 0.978125 0.23958333333333334 0.015625 0.016666666666666666
1 0.90234375 0.3645833333333333 0.0359375 0.03333333333333333
1 0.92890625 0.32916666666666666 0.0203125 0.025

1 0.98359375 0.275 0.0203125 0.020833333333333332


5 0.94296875 0.4708333333333333 0.0171875 0.020833333333333332
4 0.76953125 0.3177083333333333 0.0078125 0.014583333333333334
5 0.6765625 0.035416666666666666 0.00625 0.0125
5 0.65703125 0.9947916666666666 0.0140625 0.010416666666666666

4 0.346875 0.71875 0.0375 0.05416666666666667
4 0.3734375 0.4635416666666667 0.009375 0.010416666666666666
4 0.41875 0.22291666666666668 0.00625 0.0125
4 0.39765625 0.49375 0.0109375 0.025
4 0.4125 0.4822916666666667 0.0125 0.01875
4 0.76328125 0.1375 0.0015625 0.004166666666666667
1 0.4375 0.26875 0.034375 0.020833333333333332
1 0.43515625 0.25625 0.0328125 0.016666666666666666
