1 0.5703125 0.30416666666666664 0.015625 0.016666666666666666
1 0.64765625 0.33541666666666664 0.0234375 0.025
1 0.9296875 0.43020833333333336 0.01875 0.010416666666666666
1 0.83359375 0.4270833333333333 0.0171875 0.0125
1 0.63359375 0.315625 0.0140625 0.010416666666666666
1 0.575 0.39895833333333336 0.0125 0.014583333333333334
1 0.93359375 0.43854166666666666 0.0203125 0.01875
1 0.76953125 0.41041666666666665 0.0140625 0.0125
1 0.7703125 0.409375 0.015625 0.014583333333333334
1 0.65078125 0.33645833333333336 0.0234375 0.022916666666666665
3 0.6 0.21666666666666667 0.01875 0.03333333333333333
1 0.60390625 0.25833333333333336 0.0171875 0.016666666666666666
1 0.38046875 0.08541666666666667 0.0328125 0.016666666666666666
1 0.38125 0.06979166666666667 0.03125 0.014583333333333334
1 0.6046875 0.25729166666666664 0.015625 0.014583333333333334
1 0.609375 0.26666666666666666 0.0125 0.020833333333333332
1 0.525 0.0625 0.009375 0.0125

1 0.76875 0.007291666666666667 0.009375 0.014583333333333334
5 0.6546875 0.125 0.009375 0.016666666666666666
1 0.6640625 0.12708333333333333 0.0125 0.025
1 0.65 0.09479166666666666 0.0125 0.014583333333333334
5 0.76015625 0.30625 0.0171875 0.020833333333333332
5 0.78125 0.28541666666666665 0.0125 0.016666666666666666
5 0.86640625 0.22708333333333333 0.0140625 0.0125
5 0.8453125 0.21354166666666666 0.009375 0.010416666666666666
5 0.853125 0.20416666666666666 0.009375 0.008333333333333333
5 0.8828125 0.171875 0.0125 0.01875
1 0.81953125 0.2760416666666667 0.0296875 0.027083333333333334
1 0.8453125 0.2520833333333333 0.025 0.025
1 0.86640625 0.23333333333333334 0.0171875 0.025
1 0.8890625 0.20729166666666668 0.021875 0.022916666666666665
1 0.9078125 0.18541666666666667 0.025 0.025
3 0.9359375 0.15520833333333334 0.03125 0.03958333333333333
1 0.94921875 0.115625 0.0203125 0.022916666666666665
1 0.971875 0.10520833333333333 0.0125 0.010416666666666666
1 0.98203125 0.09270833333333334 0.0171875 0.014583333333333334
1 0.996875 0.10416666666666667 0.00625 0.016666666666666666
1 0.975 0.1375 0.015625 0.025
1 0.95703125 0.16354166666666667 0.0203125 0.022916666666666665
1 0.92421875 0.19791666666666666 0.0234375 0.016666666666666666
1 0.8921875 0.21041666666666667 0.025 0.025
1 0.8859375 0.24791666666666667 0.021875 0.03333333333333333
1 0.8578125 0.2708333333333333 0.025 0.025
1 0.83125 0.290625 0.028125 0.035416666666666666
1 0.8421875 0.3145833333333333 0.028125 0.03333333333333333
3 0.87734375 0.27708333333333335 0.0328125 0.0375
1 0.91171875 0.2520833333333333 0.0171875 0.025
3 0.93828125 0.21666666666666667 0.0328125 0.03333333333333333
1 0.9703125 0.18020833333333333 0.015625 0.01875
1 0.9875 0.15416666666666667 0.025 0.03333333333333333
1 0.87265625 0.30833333333333335 0.0265625 0.029166666666666667
1 0.9078125 0.2864583333333333 0.025 0.03125
1 0.92578125 0.26458333333333334 0.0234375 0.020833333333333332
1 0.9453125 0.25 0.015625 0.025
1 0.971875 0.215625 0.021875 0.035416666666666666
1 0.97421875 0.17916666666666667 0.0171875 0.016666666666666666
1 0.878125 0.346875 0.025 0.03125
1 0.91015625 0.31979166666666664 0.0265625 0.035416666666666666
1 0.93359375 0.29270833333333335 0.0265625 0.035416666666666666
1 0.95859375 0.25833333333333336 0.0171875 0.0125
1 0.97890625 0.23958333333333334 0.0171875 0.016666666666666666
1 0.90234375 0.3645833333333333 0.0359375 0.03333333333333333
1 0.9296875 0.32916666666666666 0.01875 0.025

1 0.98359375 0.275 0.0171875 0.020833333333333332


5 0.946875 0.46875 0.015625 0.020833333333333332
4 0.76875 0.31666666666666665 0.009375 0.016666666666666666
5 0.6765625 0.035416666666666666 0.00625 0.0125
5 0.66171875 0.996875 0.0140625 0.00625

4 0.34609375 0.7135416666666666 0.0328125 0.05625
4 0.3734375 0.4625 0.009375 0.008333333333333333
4 0.41875 0.22291666666666668 0.00625 0.0125
4 0.396875 0.4947916666666667 0.009375 0.027083333333333334
4 0.41171875 0.4822916666666667 0.0109375 0.01875
4 0.76171875 0.13854166666666667 0.0046875 0.010416666666666666
1 0.4375 0.26875 0.034375 0.020833333333333332
1 0.43515625 0.25625 0.0328125 0.016666666666666666
