1 0.53671875 0.128125 0.0171875 0.022916666666666665
1 0.58671875 0.26145833333333335 0.0171875 0.027083333333333334
1 0.57890625 0.23229166666666667 0.0171875 0.022916666666666665
1 0.5703125 0.19270833333333334 0.0125 0.027083333333333334
1 0.56484375 0.16145833333333334 0.0109375 0.01875
1 0.55703125 0.14479166666666668 0.0140625 0.014583333333333334
1 0.60703125 0.25104166666666666 0.0203125 0.035416666666666666
1 0.59609375 0.21458333333333332 0.0171875 0.025
1 0.58984375 0.190625 0.0171875 0.027083333333333334
1 0.584375 0.16354166666666667 0.015625 0.022916666666666665
3 0.578125 0.13020833333333334 0.015625 0.03958333333333333
1 0.56796875 0.10729166666666666 0.0171875 0.027083333333333334
1 0.38515625 0.078125 0.0328125 0.01875
1 0.38359375 0.06875 0.0328125 0.016666666666666666
1 0.58984375 0.08229166666666667 0.0171875 0.022916666666666665
1 0.6 0.029166666666666667 0.0125 0.020833333333333332
1 0.565625 0.013541666666666667 0.0125 0.014583333333333334
1 0.58203125 0.011458333333333333 0.0109375 0.014583333333333334
1 0.59921875 0.028125 0.0109375 0.01875
5 0.65625 0.11979166666666667 0.00625 0.010416666666666666
1 0.6703125 0.12083333333333333 0.015625 0.020833333333333332
1 0.65390625 0.08854166666666667 0.0140625 0.014583333333333334
5 0.7625 0.29583333333333334 0.01875 0.016666666666666666
5 0.7890625 0.2791666666666667 0.009375 0.016666666666666666
5 0.8125 0.253125 0.015625 0.014583333333333334
5 0.81953125 0.240625 0.0109375 0.014583333333333334
5 0.85703125 0.19791666666666666 0.0078125 0.008333333333333333
5 0.90703125 0.15520833333333334 0.0109375 0.014583333333333334
1 0.82421875 0.2677083333333333 0.0265625 0.027083333333333334
1 0.84921875 0.24583333333333332 0.0265625 0.029166666666666667
1 0.871875 0.22395833333333334 0.025 0.027083333333333334
1 0.89453125 0.19895833333333332 0.0203125 0.022916666666666665
1 0.9140625 0.17291666666666666 0.021875 0.025
3 0.9421875 0.140625 0.034375 0.04375
1 0.96484375 0.1125 0.0203125 0.020833333333333332
1 0.97578125 0.09791666666666667 0.0109375 0.0125
1 0.9921875 0.07604166666666666 0.015625 0.014583333333333334
1 0.996875 0.10104166666666667 0.00625 0.014583333333333334
1 0.978125 0.13333333333333333 0.015625 0.025
1 0.959375 0.15833333333333333 0.01875 0.025
1 0.9359375 0.184375 0.01875 0.01875
1 0.9140625 0.2125 0.021875 0.029166666666666667
1 0.8921875 0.23541666666666666 0.021875 0.025
1 0.86484375 0.26145833333333335 0.0234375 0.022916666666666665
1 0.83984375 0.28229166666666666 0.0296875 0.035416666666666666
1 0.84609375 0.30625 0.0296875 0.03333333333333333
3 0.884375 0.271875 0.034375 0.04375
1 0.91484375 0.24375 0.0203125 0.025
3 0.94921875 0.19791666666666666 0.0421875 0.05
1 0.97578125 0.171875 0.0140625 0.01875
1 0.9921875 0.15104166666666666 0.015625 0.027083333333333334
1 0.878125 0.3125 0.028125 0.029166666666666667
1 0.91171875 0.278125 0.0234375 0.03125
1 0.93046875 0.253125 0.0203125 0.022916666666666665
1 0.9515625 0.23645833333333333 0.021875 0.022916666666666665
1 0.978125 0.20520833333333333 0.01875 0.027083333333333334
1 0.99140625 0.18020833333333333 0.0171875 0.022916666666666665
1 0.88359375 0.3416666666666667 0.0265625 0.03333333333333333
1 0.91640625 0.3104166666666667 0.0265625 0.03333333333333333
1 0.94140625 0.28020833333333334 0.0234375 0.03125
1 0.96328125 0.2520833333333333 0.0171875 0.020833333333333332
1 0.98359375 0.234375 0.0203125 0.01875
1 0.9078125 0.35625 0.034375 0.03333333333333333
1 0.9359375 0.32708333333333334 0.025 0.029166666666666667

1 0.98515625 0.284375 0.0234375 0.027083333333333334

5 0.96171875 0.7802083333333333 0.0203125 0.03125
5 0.7640625 0.39375 0.009375 0.020833333333333332
4 0.803125 0.35208333333333336 0.009375 0.020833333333333332
5 0.61484375 0.013541666666666667 0.0078125 0.010416666666666666
5 0.4390625 0.790625 0.015625 0.01875
5 0.4859375 0.7958333333333333 0.01875 0.029166666666666667
4 0.46171875 0.771875 0.0109375 0.01875
4 0.38046875 0.4625 0.0109375 0.008333333333333333
4 0.42109375 0.23125 0.0078125 0.016666666666666666
4 0.41171875 0.4875 0.0078125 0.016666666666666666
4 0.4015625 0.4875 0.009375 0.016666666666666666
4 0.8125 0.134375 0.00625 0.010416666666666666
1 0.44140625 0.265625 0.0359375 0.022916666666666665
1 0.440625 0.25 0.028125 0.020833333333333332
