1 0.57265625 0.3104166666666667 0.0171875 0.020833333333333332
1 0.646875 0.32916666666666666 0.021875 0.016666666666666666
1 0.9328125 0.42916666666666664 0.01875 0.008333333333333333
1 0.8359375 0.4270833333333333 0.015625 0.0125
1 0.6328125 0.315625 0.0125 0.010416666666666666
1 0.57578125 0.40208333333333335 0.0109375 0.016666666666666666
1 0.93671875 0.43854166666666666 0.0234375 0.01875
1 0.771875 0.41041666666666665 0.0125 0.0125
1 0.771875 0.41041666666666665 0.015625 0.016666666666666666
1 0.65078125 0.3375 0.0234375 0.025
3 0.6 0.21666666666666667 0.01875 0.03333333333333333
1 0.60546875 0.26145833333333335 0.0171875 0.01875
1 0.38046875 0.084375 0.0328125 0.01875
1 0.38125 0.06875 0.03125 0.016666666666666666
1 0.60703125 0.25729166666666664 0.0140625 0.014583333333333334
1 0.61015625 0.27395833333333336 0.0140625 0.01875
1 0.525 0.06145833333333333 0.009375 0.014583333333333334

1 0.76953125 0.007291666666666667 0.0078125 0.014583333333333334
5 0.6546875 0.12604166666666666 0.009375 0.01875
1 0.6640625 0.12708333333333333 0.0125 0.025
1 0.65 0.09479166666666666 0.0125 0.014583333333333334
5 0.76015625 0.30625 0.0171875 0.020833333333333332
5 0.78125 0.28541666666666665 0.0125 0.016666666666666666
5 0.8671875 0.22708333333333333 0.015625 0.0125
5 0.8453125 0.21354166666666666 0.009375 0.010416666666666666
5 0.853125 0.20416666666666666 0.009375 0.008333333333333333
5 0.8828125 0.17083333333333334 0.0125 0.016666666666666666
1 0.81953125 0.2760416666666667 0.0296875 0.027083333333333334
1 0.8453125 0.2520833333333333 0.025 0.025
1 0.865625 0.23333333333333334 0.01875 0.025
1 0.8890625 0.20729166666666668 0.021875 0.022916666666666665
1 0.9078125 0.18541666666666667 0.025 0.025
3 0.94765625 0.14166666666666666 0.0265625 0.0375
1 0.9484375 0.115625 0.01875 0.022916666666666665
1 0.971875 0.10520833333333333 0.0125 0.010416666666666666
1 0.98125 0.09375 0.01875 0.016666666666666666
1 0.996875 0.10416666666666667 0.00625 0.016666666666666666
1 0.975 0.1375 0.015625 0.020833333333333332
1 0.95703125 0.16354166666666667 0.0203125 0.022916666666666665
1 0.92421875 0.19791666666666666 0.0234375 0.016666666666666666
1 0.8921875 0.21041666666666667 0.025 0.025
1 0.8859375 0.24791666666666667 0.021875 0.03333333333333333
1 0.8578125 0.2708333333333333 0.025 0.025
1 0.83203125 0.290625 0.0296875 0.035416666666666666
1 0.8421875 0.3145833333333333 0.028125 0.03333333333333333
3 0.87734375 0.27708333333333335 0.0328125 0.0375
1 0.909375 0.253125 0.021875 0.027083333333333334
3 0.9359375 0.21354166666666666 0.0375 0.04375
1 0.97265625 0.17708333333333334 0.0140625 0.016666666666666666
1 0.9875 0.15416666666666667 0.025 0.03333333333333333
1 0.87265625 0.30833333333333335 0.0265625 0.029166666666666667
1 0.9078125 0.2864583333333333 0.025 0.03125
1 0.92578125 0.26458333333333334 0.0234375 0.020833333333333332
1 0.9453125 0.25 0.015625 0.025
1 0.971875 0.215625 0.021875 0.035416666666666666
1 0.97421875 0.17916666666666667 0.0171875 0.016666666666666666
1 0.878125 0.346875 0.025 0.03125
1 0.91171875 0.3145833333333333 0.0234375 0.029166666666666667
1 0.93359375 0.2916666666666667 0.0265625 0.0375
1 0.95859375 0.25833333333333336 0.0171875 0.0125
1 0.978125 0.23958333333333334 0.015625 0.016666666666666666
1 0.90625 0.36354166666666665 0.028125 0.03125
1 0.93125 0.3333333333333333 0.025 0.029166666666666667

1 0.98359375 0.275 0.0171875 0.020833333333333332


5 0.9484375 0.46979166666666666 0.01875 0.022916666666666665
4 0.76953125 0.31666666666666665 0.0078125 0.016666666666666666
5 0.6765625 0.035416666666666666 0.00625 0.0125


4 0.3421875 0.71875 0.025 0.05416666666666667
4 0.3734375 0.4625 0.009375 0.008333333333333333
4 0.41953125 0.22395833333333334 0.0078125 0.014583333333333334
4 0.39921875 0.48854166666666665 0.0109375 0.022916666666666665
4 0.4125 0.48125 0.0125 0.016666666666666666
4 0.76328125 0.1375 0.0015625 0.004166666666666667
1 0.4375 0.26875 0.034375 0.020833333333333332
1 0.43515625 0.25625 0.0328125 0.016666666666666666
