1 0.5734375 0.3145833333333333 0.01875 0.020833333333333332
1 0.646875 0.3302083333333333 0.021875 0.01875
1 0.9375 0.428125 0.015625 0.010416666666666666
1 0.83828125 0.42604166666666665 0.0171875 0.014583333333333334
1 0.6328125 0.315625 0.0125 0.00625
1 0.578125 0.40625 0.0125 0.020833333333333332
1 0.94375 0.434375 0.021875 0.01875
1 0.77265625 0.41041666666666665 0.0140625 0.0125
1 0.77265625 0.409375 0.0171875 0.014583333333333334
1 0.65234375 0.3385416666666667 0.0234375 0.022916666666666665
3 0.5984375 0.21666666666666667 0.01875 0.03333333333333333
1 0.60390625 0.2635416666666667 0.0140625 0.01875
1 0.38046875 0.08541666666666667 0.0328125 0.016666666666666666
1 0.38125 0.06875 0.03125 0.016666666666666666
1 0.60390625 0.26458333333333334 0.0140625 0.016666666666666666
1 0.61171875 0.27395833333333336 0.0109375 0.01875
1 0.5234375 0.06666666666666667 0.0125 0.016666666666666666

1 0.76875 0.007291666666666667 0.00625 0.014583333333333334
5 0.6546875 0.12708333333333333 0.009375 0.016666666666666666
1 0.6640625 0.12708333333333333 0.0125 0.025
1 0.65 0.09479166666666666 0.0125 0.014583333333333334
5 0.76015625 0.30625 0.0171875 0.020833333333333332
5 0.78125 0.28541666666666665 0.0125 0.016666666666666666
5 0.86640625 0.22708333333333333 0.0140625 0.0125
5 0.84609375 0.21354166666666666 0.0109375 0.010416666666666666
5 0.853125 0.20416666666666666 0.009375 0.008333333333333333
5 0.88359375 0.171875 0.0140625 0.01875
1 0.81953125 0.2760416666666667 0.0296875 0.027083333333333334
1 0.8453125 0.2520833333333333 0.025 0.025
1 0.865625 0.23333333333333334 0.01875 0.025
1 0.88984375 0.20729166666666668 0.0203125 0.022916666666666665
1 0.90859375 0.184375 0.0234375 0.022916666666666665
3 0.9484375 0.140625 0.028125 0.035416666666666666
1 0.9484375 0.115625 0.01875 0.022916666666666665
1 0.971875 0.10520833333333333 0.0125 0.010416666666666666
1 0.98125 0.09479166666666666 0.01875 0.01875
1 0.996875 0.10416666666666667 0.00625 0.016666666666666666
1 0.97578125 0.1375 0.0140625 0.020833333333333332
1 0.95703125 0.1625 0.0203125 0.020833333333333332
1 0.92421875 0.19791666666666666 0.0234375 0.016666666666666666
1 0.8921875 0.21145833333333333 0.025 0.027083333333333334
1 0.8859375 0.24791666666666667 0.021875 0.03333333333333333
1 0.859375 0.2677083333333333 0.021875 0.01875
1 0.83203125 0.290625 0.0296875 0.035416666666666666
1 0.8421875 0.31354166666666666 0.028125 0.03125
3 0.87734375 0.27708333333333335 0.0328125 0.0375
1 0.91171875 0.2520833333333333 0.0171875 0.025
3 0.93828125 0.21666666666666667 0.0328125 0.03333333333333333
1 0.97109375 0.17916666666666667 0.0140625 0.016666666666666666
1 0.9875 0.15625 0.025 0.029166666666666667
1 0.871875 0.30833333333333335 0.025 0.029166666666666667
1 0.9078125 0.2864583333333333 0.025 0.03125
1 0.92578125 0.2635416666666667 0.0234375 0.022916666666666665
1 0.9453125 0.25 0.015625 0.025
1 0.97265625 0.215625 0.0234375 0.035416666666666666
1 0.97421875 0.178125 0.0171875 0.01875
1 0.87890625 0.346875 0.0234375 0.03125
1 0.91015625 0.31979166666666664 0.0265625 0.035416666666666666
1 0.93359375 0.2916666666666667 0.0265625 0.0375
1 0.9578125 0.2604166666666667 0.01875 0.016666666666666666
1 0.97890625 0.23958333333333334 0.0171875 0.016666666666666666
1 0.90625 0.3625 0.028125 0.029166666666666667
1 0.93203125 0.334375 0.0234375 0.03125

1 0.984375 0.275 0.01875 0.020833333333333332


5 0.9578125 0.46458333333333335 0.015625 0.020833333333333332
4 0.76953125 0.31666666666666665 0.0078125 0.016666666666666666
5 0.675 0.035416666666666666 0.00625 0.0125


4 0.47578125 0.7458333333333333 0.0078125 0.016666666666666666
4 0.3734375 0.4625 0.009375 0.008333333333333333
4 0.41953125 0.22395833333333334 0.0078125 0.014583333333333334
4 0.396875 0.49375 0.009375 0.025
4 0.41171875 0.4822916666666667 0.0109375 0.01875
4 0.7625 0.13645833333333332 0.00625 0.010416666666666666
1 0.4375 0.26875 0.034375 0.020833333333333332
1 0.43515625 0.25625 0.0328125 0.016666666666666666
