1 0.5734375 0.31666666666666665 0.01875 0.020833333333333332
1 0.6453125 0.32916666666666666 0.01875 0.016666666666666666
1 0.94296875 0.42604166666666665 0.0140625 0.010416666666666666
1 0.8390625 0.425 0.01875 0.0125
1 0.63203125 0.3145833333333333 0.0109375 0.008333333333333333
1 0.58125 0.4114583333333333 0.0125 0.01875
1 0.94609375 0.4322916666666667 0.0203125 0.01875
1 0.77421875 0.41041666666666665 0.0171875 0.0125
1 0.77421875 0.409375 0.0203125 0.014583333333333334
1 0.653125 0.3416666666666667 0.025 0.025
3 0.6 0.21666666666666667 0.01875 0.03333333333333333
1 0.60625 0.26145833333333335 0.015625 0.01875
1 0.38046875 0.084375 0.0328125 0.014583333333333334
1 0.38125 0.06875 0.03125 0.016666666666666666
1 0.6078125 0.2625 0.015625 0.016666666666666666
1 0.6125 0.27395833333333336 0.0125 0.022916666666666665
1 0.525 0.0625 0.009375 0.0125

1 0.76953125 0.007291666666666667 0.0078125 0.014583333333333334
5 0.6546875 0.12604166666666666 0.009375 0.014583333333333334
1 0.6640625 0.12708333333333333 0.0125 0.025
1 0.65 0.09479166666666666 0.0125 0.014583333333333334
5 0.76015625 0.30625 0.0171875 0.020833333333333332
5 0.78125 0.28541666666666665 0.0125 0.016666666666666666
5 0.86640625 0.22708333333333333 0.0140625 0.0125
5 0.84609375 0.2125 0.0109375 0.0125
5 0.853125 0.203125 0.009375 0.00625
5 0.88359375 0.171875 0.0140625 0.01875
1 0.81953125 0.2760416666666667 0.0296875 0.027083333333333334
1 0.8453125 0.2520833333333333 0.025 0.025
1 0.865625 0.23333333333333334 0.01875 0.025
1 0.88984375 0.20729166666666668 0.0203125 0.022916666666666665
1 0.90859375 0.18541666666666667 0.0234375 0.025
3 0.9375 0.15520833333333334 0.03125 0.03958333333333333
1 0.9484375 0.11458333333333333 0.01875 0.020833333333333332
1 0.971875 0.10520833333333333 0.0125 0.010416666666666666
1 0.98046875 0.09479166666666666 0.0203125 0.01875
1 0.996875 0.10416666666666667 0.00625 0.016666666666666666
1 0.97578125 0.13645833333333332 0.0140625 0.022916666666666665
1 0.95703125 0.16354166666666667 0.0203125 0.022916666666666665
1 0.92734375 0.196875 0.0171875 0.014583333333333334
1 0.8921875 0.21041666666666667 0.025 0.025
1 0.8859375 0.24791666666666667 0.021875 0.03333333333333333
1 0.8578125 0.26979166666666665 0.025 0.022916666666666665
1 0.83203125 0.290625 0.0296875 0.035416666666666666
1 0.8421875 0.31354166666666666 0.028125 0.03125
3 0.878125 0.27708333333333335 0.03125 0.0375
1 0.91171875 0.2520833333333333 0.0171875 0.025
3 0.9375 0.21666666666666667 0.03125 0.03333333333333333
1 0.97109375 0.178125 0.0140625 0.01875
1 0.98515625 0.15625 0.0296875 0.029166666666666667
1 0.871875 0.30625 0.025 0.025
1 0.9078125 0.2864583333333333 0.025 0.03125
1 0.92578125 0.26458333333333334 0.0234375 0.020833333333333332
1 0.9453125 0.25104166666666666 0.015625 0.027083333333333334
1 0.97265625 0.215625 0.0234375 0.035416666666666666
1 0.97421875 0.178125 0.0171875 0.01875
1 0.87890625 0.3458333333333333 0.0234375 0.029166666666666667
1 0.91171875 0.3145833333333333 0.0234375 0.029166666666666667
1 0.93359375 0.2916666666666667 0.0265625 0.0375
1 0.95859375 0.25729166666666664 0.0171875 0.014583333333333334
1 0.97890625 0.23958333333333334 0.0171875 0.016666666666666666
1 0.90625 0.3625 0.028125 0.029166666666666667
1 0.9296875 0.32916666666666666 0.01875 0.025

1 0.984375 0.275 0.01875 0.020833333333333332


5 0.959375 0.4635416666666667 0.015625 0.01875
4 0.7703125 0.315625 0.009375 0.014583333333333334
5 0.6765625 0.035416666666666666 0.00625 0.0125


4 0.47578125 0.746875 0.0109375 0.01875
4 0.37421875 0.4625 0.0078125 0.008333333333333333
4 0.41953125 0.22291666666666668 0.0078125 0.0125
4 0.39765625 0.49375 0.0109375 0.025
4 0.41171875 0.48125 0.0109375 0.016666666666666666

1 0.4375 0.26875 0.034375 0.020833333333333332
1 0.43515625 0.25625 0.0328125 0.016666666666666666
