1 0.5765625 0.3177083333333333 0.015625 0.01875
1 0.646875 0.32916666666666666 0.01875 0.016666666666666666
1 0.94375 0.4239583333333333 0.015625 0.010416666666666666
1 0.8421875 0.42604166666666665 0.01875 0.014583333333333334
1 0.6328125 0.3177083333333333 0.0125 0.010416666666666666
1 0.58125 0.41458333333333336 0.0125 0.020833333333333332
1 0.94765625 0.43125 0.0203125 0.016666666666666666
1 0.775 0.41041666666666665 0.01875 0.0125
1 0.775 0.409375 0.021875 0.014583333333333334
1 0.65078125 0.34479166666666666 0.0203125 0.027083333333333334
3 0.60078125 0.21666666666666667 0.0203125 0.03333333333333333
1 0.60625 0.2625 0.015625 0.016666666666666666
1 0.38046875 0.084375 0.0328125 0.01875
1 0.38125 0.06875 0.03125 0.016666666666666666
1 0.6078125 0.2635416666666667 0.015625 0.014583333333333334
1 0.6125 0.275 0.0125 0.020833333333333332
1 0.525 0.0625 0.009375 0.0125

1 0.76953125 0.007291666666666667 0.0078125 0.014583333333333334
5 0.6546875 0.12708333333333333 0.009375 0.016666666666666666
1 0.6640625 0.12708333333333333 0.0125 0.025
1 0.6515625 0.09479166666666666 0.0125 0.014583333333333334
5 0.76171875 0.30625 0.0171875 0.020833333333333332
5 0.78203125 0.28541666666666665 0.0109375 0.016666666666666666
5 0.86640625 0.22708333333333333 0.0140625 0.0125
5 0.84609375 0.2125 0.0109375 0.0125
5 0.85390625 0.203125 0.0078125 0.00625
5 0.89609375 0.16354166666666667 0.0171875 0.014583333333333334
1 0.81953125 0.2760416666666667 0.0296875 0.027083333333333334
1 0.8453125 0.2520833333333333 0.025 0.025
1 0.86640625 0.23333333333333334 0.0203125 0.025
1 0.88984375 0.20729166666666668 0.0203125 0.022916666666666665
1 0.90859375 0.184375 0.0234375 0.022916666666666665
3 0.9375 0.15416666666666667 0.03125 0.0375
1 0.94921875 0.11458333333333333 0.0171875 0.020833333333333332
1 0.971875 0.10520833333333333 0.0125 0.010416666666666666
1 0.98046875 0.09583333333333334 0.0203125 0.016666666666666666
1 0.996875 0.10416666666666667 0.00625 0.016666666666666666
1 0.97578125 0.13541666666666666 0.0140625 0.025
1 0.95703125 0.16354166666666667 0.0203125 0.022916666666666665
1 0.92734375 0.196875 0.0171875 0.014583333333333334
1 0.8921875 0.21041666666666667 0.025 0.025
1 0.8859375 0.24791666666666667 0.021875 0.03333333333333333
1 0.85859375 0.26979166666666665 0.0234375 0.022916666666666665
1 0.83203125 0.290625 0.0296875 0.035416666666666666
1 0.8421875 0.31354166666666666 0.028125 0.03125
3 0.878125 0.27708333333333335 0.03125 0.0375
1 0.91171875 0.2520833333333333 0.0171875 0.025
3 0.93828125 0.21666666666666667 0.0328125 0.03333333333333333
1 0.9734375 0.17708333333333334 0.0125 0.016666666666666666
1 0.9875 0.15833333333333333 0.025 0.029166666666666667
1 0.87109375 0.30416666666666664 0.0265625 0.020833333333333332
1 0.9078125 0.28541666666666665 0.025 0.029166666666666667
1 0.92578125 0.2635416666666667 0.0234375 0.022916666666666665
1 0.9453125 0.25104166666666666 0.015625 0.027083333333333334
1 0.97265625 0.21666666666666667 0.0234375 0.03333333333333333
1 0.975 0.178125 0.015625 0.01875
1 0.8796875 0.3458333333333333 0.025 0.029166666666666667
1 0.91171875 0.3145833333333333 0.0234375 0.029166666666666667
1 0.93359375 0.2916666666666667 0.0265625 0.0375
1 0.95859375 0.25729166666666664 0.0171875 0.014583333333333334
1 0.97890625 0.23958333333333334 0.0171875 0.016666666666666666
1 0.903125 0.3645833333333333 0.034375 0.03333333333333333
1 0.9296875 0.32916666666666666 0.01875 0.025

1 0.98359375 0.275 0.0171875 0.020833333333333332


5 0.9609375 0.46458333333333335 0.015625 0.020833333333333332
4 0.7703125 0.315625 0.009375 0.014583333333333334
5 0.6765625 0.035416666666666666 0.00625 0.0125


4 0.4765625 0.7489583333333333 0.009375 0.01875
4 0.3734375 0.4625 0.009375 0.008333333333333333
4 0.41953125 0.22395833333333334 0.0078125 0.014583333333333334
4 0.39765625 0.49375 0.0109375 0.025
4 0.41171875 0.48125 0.0109375 0.016666666666666666
4 0.765625 0.13854166666666667 0.003125 0.0020833333333333333
1 0.4375 0.26875 0.034375 0.020833333333333332
1 0.43515625 0.25625 0.0328125 0.016666666666666666
