1 0.58046875 0.321875 0.0109375 0.01875
1 0.646875 0.3302083333333333 0.01875 0.014583333333333334
1 0.94609375 0.42083333333333334 0.0171875 0.008333333333333333
1 0.8484375 0.428125 0.015625 0.010416666666666666
1 0.6328125 0.31875 0.0125 0.008333333333333333
1 0.58515625 0.41770833333333335 0.0140625 0.01875
1 0.95078125 0.428125 0.0203125 0.01875
1 0.78046875 0.4125 0.0171875 0.0125
1 0.7828125 0.41354166666666664 0.015625 0.014583333333333334
1 0.65 0.34270833333333334 0.01875 0.022916666666666665
3 0.60078125 0.21666666666666667 0.0203125 0.03333333333333333
1 0.60625 0.26458333333333334 0.015625 0.016666666666666666
1 0.38046875 0.084375 0.0328125 0.014583333333333334
1 0.38125 0.06875 0.03125 0.016666666666666666
1 0.609375 0.26458333333333334 0.015625 0.016666666666666666
1 0.6125 0.275 0.0125 0.025
1 0.525 0.0625 0.009375 0.0125

1 0.76953125 0.007291666666666667 0.0078125 0.014583333333333334
5 0.6546875 0.12604166666666666 0.009375 0.01875
1 0.6640625 0.12708333333333333 0.0125 0.025
1 0.65 0.09479166666666666 0.0125 0.014583333333333334
5 0.76171875 0.30625 0.0171875 0.020833333333333332
5 0.78203125 0.284375 0.0109375 0.01875
5 0.8671875 0.22708333333333333 0.015625 0.0125
5 0.84609375 0.2125 0.0109375 0.0125
5 0.853125 0.203125 0.009375 0.00625
5 0.90703125 0.1625 0.0140625 0.0125
1 0.81953125 0.2760416666666667 0.0296875 0.027083333333333334
1 0.84453125 0.2520833333333333 0.0265625 0.025
1 0.86640625 0.23333333333333334 0.0203125 0.025
1 0.88984375 0.20729166666666668 0.0203125 0.022916666666666665
1 0.90859375 0.18333333333333332 0.0234375 0.025
3 0.93515625 0.15520833333333334 0.0296875 0.03958333333333333
1 0.94921875 0.115625 0.0203125 0.022916666666666665
1 0.971875 0.10520833333333333 0.0125 0.010416666666666666
1 0.984375 0.08958333333333333 0.0125 0.0125
1 0.996875 0.10416666666666667 0.00625 0.016666666666666666
1 0.97578125 0.13541666666666666 0.0140625 0.025
1 0.9578125 0.16354166666666667 0.01875 0.022916666666666665
1 0.925 0.19791666666666666 0.021875 0.016666666666666666
1 0.8921875 0.21041666666666667 0.025 0.025
1 0.8859375 0.24791666666666667 0.021875 0.03333333333333333
1 0.8578125 0.26979166666666665 0.025 0.022916666666666665
1 0.83359375 0.290625 0.0296875 0.035416666666666666
1 0.8421875 0.31354166666666666 0.028125 0.03125
3 0.878125 0.27708333333333335 0.03125 0.0375
1 0.91171875 0.2520833333333333 0.0171875 0.025
3 0.93828125 0.21666666666666667 0.0328125 0.03333333333333333
1 0.9734375 0.17708333333333334 0.0125 0.016666666666666666
1 0.9875 0.15416666666666667 0.025 0.03333333333333333
1 0.87265625 0.30833333333333335 0.0265625 0.029166666666666667
1 0.9078125 0.28541666666666665 0.025 0.029166666666666667
1 0.92578125 0.2635416666666667 0.0234375 0.022916666666666665
1 0.9453125 0.25104166666666666 0.015625 0.027083333333333334
1 0.97265625 0.215625 0.0234375 0.035416666666666666
1 0.975 0.178125 0.015625 0.01875
1 0.8796875 0.3458333333333333 0.025 0.029166666666666667
1 0.9109375 0.31979166666666664 0.028125 0.035416666666666666
1 0.93359375 0.2916666666666667 0.0265625 0.0375
1 0.95859375 0.2604166666666667 0.0171875 0.016666666666666666
1 0.97890625 0.23958333333333334 0.0171875 0.016666666666666666
1 0.90625 0.3625 0.028125 0.029166666666666667
1 0.9328125 0.33229166666666665 0.025 0.03125

1 0.984375 0.275 0.01875 0.020833333333333332


5 0.96640625 0.4635416666666667 0.0171875 0.022916666666666665
4 0.7703125 0.315625 0.009375 0.014583333333333334
5 0.67578125 0.035416666666666666 0.0046875 0.0125


4 0.4765625 0.7510416666666667 0.009375 0.01875
4 0.37421875 0.4625 0.0078125 0.008333333333333333
4 0.41953125 0.22395833333333334 0.0078125 0.014583333333333334
4 0.39921875 0.49270833333333336 0.0109375 0.022916666666666665
4 0.4125 0.48020833333333335 0.009375 0.014583333333333334
4 0.765625 0.13854166666666667 0.003125 0.0020833333333333333
1 0.43828125 0.26875 0.0359375 0.020833333333333332
1 0.43515625 0.25625 0.0328125 0.016666666666666666
