1 0.58125 0.32916666666666666 0.0125 0.020833333333333332
1 0.6484375 0.3333333333333333 0.01875 0.016666666666666666
1 0.94609375 0.421875 0.0203125 0.014583333333333334
1 0.85625 0.428125 0.015625 0.010416666666666666
1 0.63515625 0.3177083333333333 0.0109375 0.00625
1 0.58515625 0.428125 0.0140625 0.01875
1 0.95859375 0.425 0.0203125 0.020833333333333332
1 0.7875 0.41458333333333336 0.015625 0.0125
1 0.7875 0.41354166666666664 0.015625 0.014583333333333334
1 0.66328125 0.34791666666666665 0.0234375 0.025
3 0.60078125 0.21666666666666667 0.0203125 0.03333333333333333
1 0.60859375 0.2708333333333333 0.0171875 0.020833333333333332
1 0.38046875 0.08333333333333333 0.0328125 0.016666666666666666
1 0.38125 0.06875 0.03125 0.016666666666666666
1 0.61015625 0.2677083333333333 0.0140625 0.01875
1 0.6140625 0.278125 0.0125 0.027083333333333334
1 0.525 0.0625 0.009375 0.0125

1 0.76953125 0.007291666666666667 0.0078125 0.014583333333333334
5 0.6546875 0.125 0.009375 0.016666666666666666
1 0.6640625 0.12708333333333333 0.0125 0.025
1 0.6515625 0.09479166666666666 0.0125 0.014583333333333334
5 0.76171875 0.30520833333333336 0.0171875 0.022916666666666665
5 0.78203125 0.284375 0.0109375 0.01875
5 0.86640625 0.22708333333333333 0.0140625 0.0125
5 0.84609375 0.2125 0.0109375 0.0125
5 0.8546875 0.203125 0.00625 0.00625
5 0.909375 0.1625 0.009375 0.0125
1 0.81953125 0.2760416666666667 0.0296875 0.027083333333333334
1 0.84375 0.2520833333333333 0.028125 0.025
1 0.86640625 0.234375 0.0203125 0.027083333333333334
1 0.890625 0.20625 0.021875 0.025
1 0.909375 0.18333333333333332 0.021875 0.025
3 0.9390625 0.15208333333333332 0.034375 0.041666666666666664
1 0.94765625 0.11458333333333333 0.0171875 0.020833333333333332
1 0.9734375 0.10520833333333333 0.0125 0.010416666666666666
1 0.98046875 0.096875 0.0203125 0.01875
1 0.996875 0.10416666666666667 0.00625 0.016666666666666666
1 0.97578125 0.13541666666666666 0.0140625 0.025
1 0.9578125 0.1625 0.01875 0.020833333333333332
1 0.92734375 0.19583333333333333 0.0171875 0.0125
1 0.89296875 0.209375 0.0234375 0.027083333333333334
1 0.8859375 0.24791666666666667 0.021875 0.03333333333333333
1 0.8578125 0.26979166666666665 0.025 0.022916666666666665
1 0.83359375 0.290625 0.0296875 0.035416666666666666
1 0.8421875 0.31354166666666666 0.028125 0.03125
3 0.8765625 0.278125 0.034375 0.03958333333333333
1 0.9125 0.25104166666666666 0.01875 0.022916666666666665
3 0.93828125 0.21666666666666667 0.0328125 0.03333333333333333
1 0.9734375 0.17708333333333334 0.0125 0.016666666666666666
1 0.9859375 0.15729166666666666 0.028125 0.027083333333333334
1 0.8703125 0.30416666666666664 0.025 0.020833333333333332
1 0.9078125 0.28541666666666665 0.025 0.029166666666666667
1 0.92578125 0.2635416666666667 0.0234375 0.022916666666666665
1 0.9453125 0.24375 0.015625 0.016666666666666666
1 0.971875 0.21666666666666667 0.021875 0.03333333333333333
1 0.97421875 0.178125 0.0140625 0.01875
1 0.878125 0.34791666666666665 0.025 0.03333333333333333
1 0.91015625 0.31979166666666664 0.0296875 0.035416666666666666
1 0.934375 0.290625 0.028125 0.035416666666666666
1 0.95859375 0.2604166666666667 0.0171875 0.016666666666666666
1 0.97890625 0.23958333333333334 0.0171875 0.016666666666666666
1 0.903125 0.36354166666666665 0.034375 0.03125
1 0.93125 0.32916666666666666 0.01875 0.025

1 0.984375 0.275 0.01875 0.020833333333333332


5 0.978125 0.45416666666666666 0.015625 0.020833333333333332
4 0.7703125 0.31666666666666665 0.009375 0.016666666666666666
5 0.6765625 0.035416666666666666 0.00625 0.0125


4 0.4765625 0.753125 0.009375 0.01875
4 0.37421875 0.4625 0.0078125 0.008333333333333333
4 0.4203125 0.225 0.009375 0.016666666666666666
4 0.3984375 0.49270833333333336 0.009375 0.022916666666666665
4 0.41328125 0.4791666666666667 0.0078125 0.0125
4 0.76484375 0.13854166666666667 0.0015625 0.0020833333333333333
1 0.43828125 0.2677083333333333 0.0359375 0.022916666666666665
1 0.4359375 0.25625 0.034375 0.016666666666666666
