1 0.5828125 0.33645833333333336 0.0125 0.022916666666666665
1 0.65 0.3333333333333333 0.015625 0.016666666666666666
1 0.9578125 0.415625 0.015625 0.010416666666666666
1 0.8609375 0.4270833333333333 0.0125 0.0125
1 0.634375 0.32083333333333336 0.009375 0.008333333333333333
1 0.58671875 0.4375 0.0140625 0.020833333333333332
1 0.96328125 0.42291666666666666 0.0171875 0.025
1 0.7890625 0.41354166666666664 0.015625 0.010416666666666666
1 0.78984375 0.41354166666666664 0.0203125 0.014583333333333334
1 0.6671875 0.35 0.021875 0.025
3 0.60078125 0.21666666666666667 0.0203125 0.03333333333333333
1 0.61171875 0.27395833333333336 0.0171875 0.01875
1 0.38046875 0.08333333333333333 0.0328125 0.016666666666666666
1 0.38203125 0.06875 0.0296875 0.016666666666666666
1 0.61328125 0.271875 0.0140625 0.01875
1 0.61484375 0.278125 0.0140625 0.027083333333333334
1 0.525 0.0625 0.009375 0.0125

1 0.76953125 0.007291666666666667 0.0078125 0.014583333333333334
5 0.6546875 0.12604166666666666 0.009375 0.014583333333333334
1 0.6640625 0.12708333333333333 0.0125 0.025
1 0.6515625 0.09479166666666666 0.0125 0.014583333333333334
5 0.7625 0.30520833333333336 0.015625 0.022916666666666665
5 0.78125 0.284375 0.0125 0.01875
5 0.86640625 0.22708333333333333 0.0140625 0.0125
5 0.846875 0.21145833333333333 0.009375 0.010416666666666666
5 0.85390625 0.203125 0.0078125 0.00625
5 0.90078125 0.16875 0.0140625 0.0125
1 0.81953125 0.2760416666666667 0.0296875 0.027083333333333334
1 0.84375 0.2520833333333333 0.028125 0.025
1 0.8671875 0.234375 0.021875 0.027083333333333334
1 0.890625 0.20625 0.021875 0.025
1 0.90859375 0.18333333333333332 0.0234375 0.025
3 0.93671875 0.15520833333333334 0.0328125 0.03958333333333333
1 0.9484375 0.115625 0.01875 0.022916666666666665
1 0.971875 0.10520833333333333 0.0125 0.010416666666666666
1 0.98046875 0.09791666666666667 0.0203125 0.020833333333333332
1 0.996875 0.10416666666666667 0.00625 0.016666666666666666
1 0.97578125 0.13541666666666666 0.0140625 0.025
1 0.9578125 0.16354166666666667 0.01875 0.022916666666666665
1 0.928125 0.19583333333333333 0.015625 0.0125
1 0.89296875 0.20833333333333334 0.0234375 0.025
1 0.8859375 0.24791666666666667 0.021875 0.03333333333333333
1 0.85859375 0.26979166666666665 0.0265625 0.022916666666666665
1 0.83359375 0.290625 0.0296875 0.035416666666666666
1 0.8421875 0.31354166666666666 0.028125 0.03125
3 0.878125 0.27708333333333335 0.03125 0.0375
1 0.9125 0.2520833333333333 0.01875 0.025
3 0.9375 0.21666666666666667 0.03125 0.03333333333333333
1 0.97265625 0.178125 0.0140625 0.01875
1 0.98515625 0.15625 0.0296875 0.029166666666666667
1 0.87421875 0.315625 0.0296875 0.03125
1 0.9078125 0.28541666666666665 0.025 0.029166666666666667
1 0.92578125 0.2635416666666667 0.0234375 0.022916666666666665
1 0.946875 0.24270833333333333 0.015625 0.01875
1 0.97265625 0.21666666666666667 0.0234375 0.03333333333333333
1 0.975 0.17708333333333334 0.015625 0.016666666666666666
1 0.8796875 0.34479166666666666 0.025 0.027083333333333334
1 0.9125 0.3145833333333333 0.025 0.029166666666666667
1 0.934375 0.290625 0.028125 0.035416666666666666
1 0.95859375 0.25729166666666664 0.0171875 0.014583333333333334
1 0.97890625 0.23958333333333334 0.0171875 0.016666666666666666
1 0.90546875 0.36041666666666666 0.0296875 0.029166666666666667
1 0.93203125 0.32916666666666666 0.0203125 0.025

1 0.98359375 0.27395833333333336 0.0171875 0.022916666666666665


5 0.9890625 0.44479166666666664 0.021875 0.01875
4 0.7703125 0.315625 0.009375 0.014583333333333334
5 0.67578125 0.035416666666666666 0.0046875 0.0125


4 0.478125 0.7572916666666667 0.009375 0.01875
4 0.3734375 0.4625 0.009375 0.008333333333333333
4 0.41953125 0.225 0.0078125 0.016666666666666666
4 0.4 0.49270833333333336 0.009375 0.022916666666666665
4 0.41328125 0.478125 0.0078125 0.014583333333333334
4 0.765625 0.13854166666666667 0.003125 0.0020833333333333333
1 0.43828125 0.2677083333333333 0.0359375 0.022916666666666665
1 0.43671875 0.25625 0.0328125 0.016666666666666666
