1 0.5828125 0.340625 0.0125 0.01875
1 0.65078125 0.3333333333333333 0.0171875 0.016666666666666666
1 0.9625 0.409375 0.01875 0.010416666666666666
1 0.86796875 0.4270833333333333 0.0140625 0.008333333333333333
1 0.6359375 0.3260416666666667 0.009375 0.00625
1 0.58671875 0.446875 0.0140625 0.022916666666666665
1 0.9640625 0.4197916666666667 0.021875 0.027083333333333334
1 0.7984375 0.4166666666666667 0.015625 0.0125
1 0.8015625 0.41875 0.0125 0.0125
1 0.6671875 0.35208333333333336 0.021875 0.020833333333333332
3 0.60078125 0.21979166666666666 0.0203125 0.03125
1 0.61171875 0.27395833333333336 0.0171875 0.014583333333333334
1 0.38125 0.08333333333333333 0.03125 0.016666666666666666
1 0.38203125 0.06875 0.0296875 0.016666666666666666
1 0.61328125 0.27395833333333336 0.0140625 0.014583333333333334
1 0.61640625 0.2833333333333333 0.0140625 0.025
1 0.525 0.0625 0.009375 0.0125

1 0.76953125 0.007291666666666667 0.0078125 0.014583333333333334
5 0.6546875 0.12604166666666666 0.009375 0.014583333333333334
1 0.6640625 0.12708333333333333 0.0125 0.025
1 0.6515625 0.09479166666666666 0.0125 0.014583333333333334
5 0.76328125 0.30520833333333336 0.0171875 0.022916666666666665
5 0.78203125 0.284375 0.0109375 0.01875
5 0.86640625 0.22708333333333333 0.0140625 0.0125
5 0.846875 0.21145833333333333 0.009375 0.010416666666666666
5 0.85390625 0.203125 0.0078125 0.00625
5 0.89765625 0.16666666666666666 0.0109375 0.0125
1 0.8203125 0.2760416666666667 0.028125 0.027083333333333334
1 0.84375 0.2520833333333333 0.028125 0.025
1 0.8671875 0.234375 0.021875 0.027083333333333334
1 0.88984375 0.20729166666666668 0.0203125 0.022916666666666665
1 0.90859375 0.184375 0.0234375 0.022916666666666665
3 0.9359375 0.15520833333333334 0.03125 0.03958333333333333
1 0.9484375 0.11458333333333333 0.01875 0.020833333333333332
1 0.97265625 0.10520833333333333 0.0140625 0.010416666666666666
1 0.984375 0.090625 0.0125 0.014583333333333334
1 0.996875 0.10416666666666667 0.00625 0.016666666666666666
1 0.97578125 0.13645833333333332 0.0140625 0.022916666666666665
1 0.9578125 0.16354166666666667 0.01875 0.022916666666666665
1 0.928125 0.19583333333333333 0.015625 0.0125
1 0.89296875 0.209375 0.0234375 0.022916666666666665
1 0.8859375 0.24791666666666667 0.021875 0.03333333333333333
1 0.8578125 0.26979166666666665 0.025 0.022916666666666665
1 0.83359375 0.28958333333333336 0.0296875 0.0375
1 0.8421875 0.31354166666666666 0.028125 0.03125
3 0.87578125 0.28020833333333334 0.0328125 0.03958333333333333
1 0.91171875 0.25104166666666666 0.0171875 0.022916666666666665
3 0.9375 0.21770833333333334 0.03125 0.03125
1 0.971875 0.178125 0.0125 0.01875
1 0.98515625 0.15833333333333333 0.0296875 0.029166666666666667
1 0.87421875 0.31666666666666665 0.0296875 0.029166666666666667
1 0.9078125 0.28541666666666665 0.025 0.029166666666666667
1 0.92578125 0.2635416666666667 0.0234375 0.022916666666666665
1 0.946875 0.24270833333333333 0.015625 0.01875
1 0.97265625 0.21666666666666667 0.0234375 0.03333333333333333
1 0.97421875 0.17708333333333334 0.0140625 0.016666666666666666
1 0.878125 0.346875 0.025 0.03125
1 0.9125 0.315625 0.025 0.03125
1 0.934375 0.290625 0.028125 0.035416666666666666
1 0.95859375 0.25729166666666664 0.0171875 0.014583333333333334
1 0.97890625 0.23958333333333334 0.0171875 0.016666666666666666
1 0.903125 0.3625 0.034375 0.03333333333333333
1 0.93203125 0.32916666666666666 0.0203125 0.025

1 0.984375 0.27291666666666664 0.01875 0.020833333333333332


5 0.99375 0.440625 0.0125 0.01875
4 0.7703125 0.315625 0.009375 0.014583333333333334
5 0.67578125 0.034375 0.0046875 0.010416666666666666


4 0.478125 0.7583333333333333 0.009375 0.020833333333333332
4 0.375 0.4625 0.009375 0.008333333333333333
4 0.41953125 0.22395833333333334 0.0078125 0.014583333333333334
4 0.40703125 0.4895833333333333 0.0109375 0.016666666666666666
4 0.4140625 0.47708333333333336 0.00625 0.0125
4 0.765625 0.13854166666666667 0.003125 0.0020833333333333333
1 0.4375 0.2677083333333333 0.034375 0.022916666666666665
1 0.43515625 0.25625 0.0328125 0.016666666666666666
