1 0.584375 0.35 0.0125 0.020833333333333332
1 0.65703125 0.3385416666666667 0.0140625 0.014583333333333334
1 0.96796875 0.40520833333333334 0.0140625 0.010416666666666666
1 0.87265625 0.42604166666666665 0.0140625 0.010416666666666666
1 0.6421875 0.325 0.009375 0.004166666666666667
1 0.58828125 0.4552083333333333 0.0171875 0.01875
1 0.97421875 0.4125 0.0171875 0.025
1 0.8015625 0.41770833333333335 0.015625 0.010416666666666666
1 0.8015625 0.41875 0.015625 0.0125
1 0.6703125 0.35833333333333334 0.025 0.025
3 0.6015625 0.22083333333333333 0.021875 0.029166666666666667
1 0.615625 0.2791666666666667 0.015625 0.016666666666666666
1 0.38125 0.08333333333333333 0.03125 0.016666666666666666
1 0.38203125 0.06875 0.0296875 0.016666666666666666
1 0.61484375 0.27708333333333335 0.0140625 0.0125
1 0.61640625 0.28229166666666666 0.0140625 0.022916666666666665
1 0.525 0.0625 0.009375 0.0125

1 0.76953125 0.007291666666666667 0.0078125 0.014583333333333334
5 0.6546875 0.125 0.009375 0.016666666666666666
1 0.6640625 0.12604166666666666 0.0125 0.022916666666666665
1 0.6515625 0.09375 0.0125 0.0125
5 0.76328125 0.30520833333333336 0.0171875 0.022916666666666665
5 0.78203125 0.284375 0.0109375 0.01875
5 0.86640625 0.22708333333333333 0.0140625 0.0125
5 0.846875 0.21145833333333333 0.009375 0.010416666666666666
5 0.8546875 0.203125 0.00625 0.00625
5 0.896875 0.171875 0.009375 0.014583333333333334
1 0.8203125 0.27395833333333336 0.028125 0.027083333333333334
1 0.84375 0.2520833333333333 0.028125 0.025
1 0.8671875 0.23229166666666667 0.021875 0.027083333333333334
1 0.88984375 0.20729166666666668 0.0203125 0.022916666666666665
1 0.9078125 0.184375 0.025 0.022916666666666665
3 0.9359375 0.15520833333333334 0.03125 0.03958333333333333
1 0.9484375 0.115625 0.01875 0.022916666666666665
1 0.971875 0.10520833333333333 0.0125 0.010416666666666666
1 0.97890625 0.09895833333333333 0.0203125 0.01875
1 0.996875 0.10416666666666667 0.00625 0.016666666666666666
1 0.97578125 0.13541666666666666 0.0140625 0.025
1 0.95703125 0.16875 0.0203125 0.025
1 0.928125 0.19583333333333333 0.015625 0.0125
1 0.89296875 0.20833333333333334 0.0234375 0.025
1 0.88671875 0.24791666666666667 0.0234375 0.03333333333333333
1 0.85859375 0.26979166666666665 0.0265625 0.022916666666666665
1 0.834375 0.28958333333333336 0.03125 0.0375
1 0.8421875 0.31354166666666666 0.028125 0.03125
3 0.8765625 0.2791666666666667 0.034375 0.041666666666666664
1 0.91171875 0.25104166666666666 0.0171875 0.022916666666666665
3 0.9375 0.21666666666666667 0.03125 0.03333333333333333
1 0.971875 0.178125 0.0125 0.01875
1 0.9859375 0.15729166666666666 0.028125 0.027083333333333334
1 0.8703125 0.30416666666666664 0.025 0.020833333333333332
1 0.9078125 0.28541666666666665 0.025 0.029166666666666667
1 0.92578125 0.2635416666666667 0.0234375 0.022916666666666665
1 0.946875 0.24166666666666667 0.015625 0.020833333333333332
1 0.97265625 0.215625 0.0234375 0.035416666666666666
1 0.97421875 0.17708333333333334 0.0140625 0.016666666666666666
1 0.8796875 0.34479166666666666 0.025 0.027083333333333334
1 0.9125 0.315625 0.025 0.03125
1 0.93515625 0.290625 0.0265625 0.035416666666666666
1 0.95859375 0.25729166666666664 0.0171875 0.014583333333333334
1 0.97890625 0.23958333333333334 0.0171875 0.016666666666666666
1 0.90546875 0.36041666666666666 0.0296875 0.029166666666666667
1 0.9328125 0.32916666666666666 0.021875 0.025

1 0.98515625 0.27291666666666664 0.0203125 0.020833333333333332


5 0.9953125 0.4395833333333333 0.009375 0.020833333333333332
4 0.7703125 0.315625 0.009375 0.014583333333333334
5 0.67578125 0.034375 0.0046875 0.010416666666666666


4 0.478125 0.7614583333333333 0.0125 0.022916666666666665
4 0.37421875 0.4625 0.0078125 0.008333333333333333
4 0.41953125 0.22604166666666667 0.0078125 0.014583333333333334
4 0.40859375 0.48854166666666665 0.0078125 0.014583333333333334
4 0.4140625 0.47708333333333336 0.00625 0.0125
4 0.765625 0.13854166666666667 0.003125 0.0020833333333333333
1 0.43828125 0.2677083333333333 0.0359375 0.022916666666666665
1 0.4359375 0.24791666666666667 0.028125 0.016666666666666666
