1 0.5875 0.36875 0.015625 0.016666666666666666
1 0.66796875 0.34479166666666666 0.0203125 0.014583333333333334
1 0.98515625 0.390625 0.0140625 0.00625
1 0.88671875 0.421875 0.0203125 0.010416666666666666
1 0.64921875 0.3333333333333333 0.0078125 0.008333333333333333
1 0.58828125 0.48020833333333335 0.0171875 0.01875
1 0.9875 0.4010416666666667 0.01875 0.027083333333333334
1 0.8171875 0.4197916666666667 0.0125 0.010416666666666666
1 0.81875 0.421875 0.015625 0.014583333333333334
1 0.684375 0.37083333333333335 0.021875 0.029166666666666667
3 0.60234375 0.21875 0.0203125 0.0375
1 0.61953125 0.28958333333333336 0.0171875 0.016666666666666666
1 0.38125 0.08333333333333333 0.03125 0.016666666666666666
1 0.38203125 0.06875 0.0296875 0.016666666666666666
1 0.6203125 0.28854166666666664 0.015625 0.014583333333333334
1 0.6203125 0.290625 0.01875 0.01875
1 0.525 0.0625 0.009375 0.0125

1 0.76953125 0.007291666666666667 0.0078125 0.014583333333333334
5 0.6546875 0.12395833333333334 0.009375 0.014583333333333334
1 0.6640625 0.125 0.0125 0.020833333333333332
1 0.6515625 0.09479166666666666 0.0125 0.014583333333333334
5 0.76328125 0.30520833333333336 0.0171875 0.022916666666666665
5 0.7828125 0.2833333333333333 0.0125 0.020833333333333332
5 0.8671875 0.22708333333333333 0.0125 0.0125
5 0.846875 0.21145833333333333 0.009375 0.010416666666666666
5 0.85546875 0.203125 0.0078125 0.00625
5 0.88515625 0.17604166666666668 0.0109375 0.01875
1 0.82109375 0.275 0.0296875 0.025
1 0.84375 0.25104166666666666 0.028125 0.027083333333333334
1 0.8671875 0.23333333333333334 0.021875 0.029166666666666667
1 0.890625 0.20625 0.021875 0.020833333333333332
1 0.91015625 0.18020833333333333 0.0203125 0.022916666666666665
3 0.9390625 0.15520833333333334 0.034375 0.03958333333333333
1 0.9484375 0.11458333333333333 0.01875 0.020833333333333332
1 0.97265625 0.10520833333333333 0.0140625 0.010416666666666666
1 0.978125 0.1 0.01875 0.020833333333333332
1 0.996875 0.10416666666666667 0.00625 0.016666666666666666
1 0.9765625 0.13541666666666666 0.015625 0.025
1 0.9578125 0.1625 0.01875 0.020833333333333332
1 0.928125 0.19583333333333333 0.015625 0.0125
1 0.8921875 0.20833333333333334 0.025 0.025
1 0.8875 0.240625 0.01875 0.022916666666666665
1 0.85859375 0.26979166666666665 0.0265625 0.022916666666666665
1 0.83359375 0.28958333333333336 0.0296875 0.0375
1 0.84375 0.3125 0.028125 0.03333333333333333
3 0.87734375 0.2791666666666667 0.0328125 0.041666666666666664
1 0.9125 0.25104166666666666 0.01875 0.022916666666666665
3 0.93828125 0.21666666666666667 0.0328125 0.03333333333333333
1 0.97265625 0.178125 0.0140625 0.01875
1 0.98671875 0.15729166666666666 0.0265625 0.027083333333333334
1 0.86640625 0.303125 0.0203125 0.022916666666666665
1 0.9078125 0.284375 0.025 0.027083333333333334
1 0.92578125 0.2625 0.0234375 0.020833333333333332
1 0.946875 0.240625 0.015625 0.01875
1 0.971875 0.21666666666666667 0.021875 0.03333333333333333
1 0.975 0.17708333333333334 0.015625 0.016666666666666666
1 0.8796875 0.34479166666666666 0.025 0.027083333333333334
1 0.91015625 0.32083333333333336 0.0296875 0.0375
1 0.93515625 0.28958333333333336 0.0265625 0.03333333333333333
1 0.95859375 0.259375 0.0171875 0.01875
1 0.97890625 0.23958333333333334 0.0171875 0.016666666666666666
1 0.90625 0.36041666666666666 0.028125 0.029166666666666667
1 0.9328125 0.32916666666666666 0.021875 0.025

1 0.98515625 0.27291666666666664 0.0171875 0.020833333333333332


5 0.82421875 0.47604166666666664 0.0234375 0.022916666666666665
4 0.7703125 0.315625 0.009375 0.014583333333333334
5 0.67578125 0.03333333333333333 0.0046875 0.008333333333333333


4 0.48125 0.76875 0.0125 0.020833333333333332
4 0.375 0.46145833333333336 0.009375 0.010416666666666666
4 0.4203125 0.22395833333333334 0.009375 0.014583333333333334
4 0.41015625 0.48854166666666665 0.0078125 0.014583333333333334
4 0.41328125 0.47708333333333336 0.0046875 0.0125
4 0.7671875 0.13854166666666667 0.003125 0.0020833333333333333
1 0.4375 0.2677083333333333 0.034375 0.022916666666666665
1 0.43515625 0.2520833333333333 0.0296875 0.016666666666666666
