1 0.5890625 0.37604166666666666 0.015625 0.014583333333333334
1 0.6765625 0.35 0.015625 0.0125
1 0.9890625 0.3854166666666667 0.015625 0.008333333333333333
1 0.884375 0.4166666666666667 0.015625 0.008333333333333333
1 0.65625 0.33645833333333336 0.009375 0.010416666666666666
1 0.5984375 0.496875 0.0125 0.027083333333333334
1 0.99140625 0.3927083333333333 0.0171875 0.022916666666666665
1 0.82109375 0.4197916666666667 0.0140625 0.010416666666666666
1 0.8234375 0.421875 0.01875 0.014583333333333334
1 0.684375 0.375 0.021875 0.029166666666666667
3 0.60234375 0.21875 0.0203125 0.0375
1 0.62109375 0.2947916666666667 0.0203125 0.01875
1 0.38125 0.08333333333333333 0.03125 0.016666666666666666
1 0.38203125 0.06875 0.0296875 0.016666666666666666
1 0.62265625 0.29270833333333335 0.0171875 0.014583333333333334
1 0.62265625 0.2947916666666667 0.0171875 0.01875
1 0.525 0.0625 0.009375 0.0125

1 0.76953125 0.007291666666666667 0.0078125 0.014583333333333334
5 0.6546875 0.125 0.009375 0.016666666666666666
1 0.6640625 0.125 0.0125 0.020833333333333332
1 0.65234375 0.09479166666666666 0.0140625 0.014583333333333334
5 0.7640625 0.30416666666666664 0.015625 0.025
5 0.7828125 0.2833333333333333 0.0125 0.020833333333333332
5 0.8671875 0.22604166666666667 0.0125 0.014583333333333334
5 0.846875 0.21145833333333333 0.009375 0.010416666666666666
5 0.85546875 0.203125 0.0078125 0.00625
5 0.88203125 0.18229166666666666 0.0109375 0.022916666666666665
1 0.8203125 0.27395833333333336 0.028125 0.027083333333333334
1 0.84375 0.25104166666666666 0.028125 0.027083333333333334
1 0.86796875 0.23229166666666667 0.0234375 0.03125
1 0.89296875 0.20520833333333333 0.0234375 0.022916666666666665
1 0.90859375 0.18125 0.0234375 0.025
3 0.94921875 0.140625 0.0296875 0.03958333333333333
1 0.9484375 0.115625 0.01875 0.022916666666666665
1 0.97265625 0.10520833333333333 0.0140625 0.010416666666666666
1 0.97734375 0.1 0.0171875 0.020833333333333332
1 0.996875 0.10416666666666667 0.00625 0.016666666666666666
1 0.97578125 0.13541666666666666 0.0140625 0.025
1 0.9578125 0.1625 0.01875 0.020833333333333332
1 0.928125 0.19479166666666667 0.015625 0.014583333333333334
1 0.89296875 0.20833333333333334 0.0234375 0.025
1 0.8875 0.246875 0.021875 0.03125
1 0.85859375 0.26979166666666665 0.0265625 0.022916666666666665
1 0.83359375 0.28958333333333336 0.0296875 0.0375
1 0.84453125 0.3125 0.0296875 0.03333333333333333
3 0.87734375 0.278125 0.0328125 0.03958333333333333
1 0.9125 0.25104166666666666 0.01875 0.022916666666666665
3 0.9375 0.21354166666666666 0.0375 0.03958333333333333
1 0.9734375 0.17708333333333334 0.0125 0.016666666666666666
1 0.98671875 0.15729166666666666 0.0265625 0.027083333333333334
1 0.8734375 0.31666666666666665 0.03125 0.029166666666666667
1 0.9078125 0.284375 0.025 0.027083333333333334
1 0.92578125 0.2625 0.0234375 0.020833333333333332
1 0.946875 0.240625 0.015625 0.01875
1 0.971875 0.215625 0.021875 0.035416666666666666
1 0.975 0.17708333333333334 0.015625 0.016666666666666666
1 0.878125 0.3458333333333333 0.025 0.029166666666666667
1 0.9125 0.315625 0.025 0.03125
1 0.93515625 0.28854166666666664 0.0265625 0.03125
1 0.95859375 0.25729166666666664 0.0171875 0.014583333333333334
1 0.97890625 0.23958333333333334 0.0171875 0.016666666666666666
1 0.90625 0.36041666666666666 0.028125 0.029166666666666667
1 0.9328125 0.32916666666666666 0.021875 0.025

1 0.98515625 0.27291666666666664 0.0171875 0.020833333333333332


5 0.83984375 0.4822916666666667 0.0234375 0.01875
4 0.77109375 0.315625 0.0109375 0.014583333333333334
5 0.67578125 0.03333333333333333 0.0046875 0.008333333333333333


4 0.48359375 0.7708333333333334 0.0109375 0.016666666666666666
4 0.375 0.4625 0.009375 0.008333333333333333
4 0.4203125 0.225 0.009375 0.0125
4 0.41015625 0.48854166666666665 0.0078125 0.014583333333333334
4 0.4140625 0.47708333333333336 0.00625 0.0125

1 0.43828125 0.2677083333333333 0.0359375 0.022916666666666665
1 0.4359375 0.25104166666666666 0.03125 0.01875
