1 0.58984375 0.378125 0.0140625 0.014583333333333334
1 0.678125 0.35 0.015625 0.0125
1 0.9921875 0.38333333333333336 0.015625 0.008333333333333333
1 0.890625 0.41875 0.015625 0.008333333333333333
1 0.6578125 0.3375 0.009375 0.008333333333333333
1 0.59921875 0.5010416666666667 0.0109375 0.027083333333333334
1 0.9921875 0.39479166666666665 0.015625 0.027083333333333334
1 0.82578125 0.42083333333333334 0.0140625 0.008333333333333333
1 0.82890625 0.42291666666666666 0.0171875 0.0125
1 0.69296875 0.36666666666666664 0.0171875 0.020833333333333332
3 0.60234375 0.21875 0.0203125 0.0375
1 0.621875 0.29583333333333334 0.01875 0.016666666666666666
1 0.38046875 0.08333333333333333 0.0328125 0.016666666666666666
1 0.38203125 0.06875 0.0296875 0.016666666666666666
1 0.62265625 0.29270833333333335 0.0171875 0.014583333333333334
1 0.621875 0.296875 0.01875 0.01875
1 0.525 0.06354166666666666 0.009375 0.010416666666666666

1 0.7703125 0.008333333333333333 0.009375 0.016666666666666666
5 0.6546875 0.12604166666666666 0.009375 0.014583333333333334
1 0.6640625 0.125 0.0125 0.020833333333333332
1 0.6515625 0.09270833333333334 0.0125 0.014583333333333334
5 0.7640625 0.30520833333333336 0.015625 0.022916666666666665
5 0.7828125 0.28125 0.0125 0.020833333333333332
5 0.86640625 0.22708333333333333 0.0140625 0.0125
5 0.846875 0.21145833333333333 0.009375 0.010416666666666666
5 0.85546875 0.203125 0.0078125 0.00625
5 0.88203125 0.18229166666666666 0.0109375 0.027083333333333334
1 0.8203125 0.27395833333333336 0.028125 0.027083333333333334
1 0.84375 0.25104166666666666 0.028125 0.027083333333333334
1 0.86796875 0.23229166666666667 0.0234375 0.03125
1 0.89296875 0.20520833333333333 0.0203125 0.022916666666666665
1 0.90859375 0.18125 0.0234375 0.025
3 0.9375 0.15625 0.03125 0.0375
1 0.9484375 0.115625 0.01875 0.022916666666666665
1 0.97265625 0.10520833333333333 0.0140625 0.010416666666666666
1 0.978125 0.10104166666666667 0.01875 0.022916666666666665
1 0.996875 0.103125 0.00625 0.014583333333333334
1 0.9765625 0.13541666666666666 0.015625 0.025
1 0.95703125 0.16770833333333332 0.0203125 0.027083333333333334
1 0.928125 0.19479166666666667 0.015625 0.014583333333333334
1 0.89296875 0.20833333333333334 0.0234375 0.025
1 0.8875 0.246875 0.021875 0.03125
1 0.85859375 0.26979166666666665 0.0265625 0.022916666666666665
1 0.83359375 0.28958333333333336 0.0296875 0.0375
1 0.84375 0.31354166666666666 0.028125 0.03125
3 0.8765625 0.2791666666666667 0.034375 0.041666666666666664
1 0.9125 0.25 0.01875 0.025
3 0.93984375 0.2125 0.0390625 0.041666666666666664
1 0.97265625 0.178125 0.0140625 0.01875
1 0.98671875 0.15729166666666666 0.0265625 0.027083333333333334
1 0.871875 0.303125 0.028125 0.022916666666666665
1 0.9078125 0.284375 0.025 0.027083333333333334
1 0.92578125 0.2625 0.0234375 0.020833333333333332
1 0.946875 0.240625 0.015625 0.01875
1 0.971875 0.21666666666666667 0.021875 0.03333333333333333
1 0.975 0.17708333333333334 0.015625 0.016666666666666666
1 0.878125 0.3458333333333333 0.025 0.029166666666666667
1 0.909375 0.32083333333333336 0.03125 0.0375
1 0.93515625 0.28854166666666664 0.0265625 0.03125
1 0.95859375 0.25729166666666664 0.0171875 0.014583333333333334
1 0.97890625 0.23958333333333334 0.0171875 0.016666666666666666
1 0.90703125 0.36041666666666666 0.0296875 0.029166666666666667
1 0.9328125 0.32916666666666666 0.021875 0.025

1 0.98515625 0.27291666666666664 0.0171875 0.020833333333333332


5 0.84296875 0.484375 0.0234375 0.014583333333333334
4 0.77109375 0.31666666666666665 0.0109375 0.016666666666666666
5 0.67578125 0.03333333333333333 0.0046875 0.008333333333333333

5 0.4875 0.8083333333333333 0.01875 0.020833333333333332
4 0.48359375 0.771875 0.0109375 0.01875
4 0.37421875 0.4625 0.0078125 0.008333333333333333
4 0.41953125 0.22604166666666667 0.0078125 0.014583333333333334
4 0.41015625 0.48854166666666665 0.0078125 0.014583333333333334
4 0.41328125 0.47708333333333336 0.0046875 0.0125

1 0.43828125 0.26666666666666666 0.0359375 0.020833333333333332
1 0.4359375 0.2520833333333333 0.03125 0.016666666666666666
