1 0.590625 0.38333333333333336 0.015625 0.016666666666666666
1 0.67890625 0.35 0.0171875 0.0125
1 0.99375 0.3802083333333333 0.0125 0.00625
1 0.89375 0.4166666666666667 0.015625 0.008333333333333333
1 0.659375 0.340625 0.009375 0.00625
1 0.6 0.503125 0.0125 0.022916666666666665
1 0.9921875 0.39166666666666666 0.015625 0.029166666666666667
1 0.83203125 0.4239583333333333 0.0140625 0.010416666666666666
1 0.8328125 0.425 0.015625 0.0125
1 0.69296875 0.37916666666666665 0.0203125 0.029166666666666667
3 0.60234375 0.21875 0.0203125 0.0375
1 0.621875 0.2989583333333333 0.01875 0.01875
1 0.38125 0.08333333333333333 0.03125 0.016666666666666666
1 0.38203125 0.06875 0.0296875 0.016666666666666666
1 0.62421875 0.29583333333333334 0.0171875 0.016666666666666666
1 0.6234375 0.2989583333333333 0.01875 0.01875
1 0.525 0.06145833333333333 0.009375 0.010416666666666666

1 0.7703125 0.008333333333333333 0.009375 0.016666666666666666
5 0.6546875 0.12604166666666666 0.009375 0.014583333333333334
1 0.6640625 0.125 0.0125 0.020833333333333332
1 0.6515625 0.09270833333333334 0.0125 0.014583333333333334
5 0.7640625 0.30416666666666664 0.015625 0.020833333333333332
5 0.7828125 0.28125 0.0125 0.020833333333333332
5 0.8671875 0.22708333333333333 0.0125 0.0125
5 0.846875 0.21145833333333333 0.009375 0.010416666666666666
5 0.85546875 0.20208333333333334 0.0078125 0.008333333333333333
5 0.88046875 0.1875 0.0109375 0.020833333333333332
1 0.82109375 0.27395833333333336 0.0296875 0.027083333333333334
1 0.84453125 0.25104166666666666 0.0265625 0.027083333333333334
1 0.86796875 0.23229166666666667 0.0234375 0.03125
1 0.89375 0.20520833333333333 0.021875 0.022916666666666665
1 0.90859375 0.18125 0.0234375 0.025
3 0.9390625 0.15520833333333334 0.034375 0.03958333333333333
1 0.9484375 0.11458333333333333 0.01875 0.020833333333333332
1 0.9734375 0.10520833333333333 0.0125 0.010416666666666666
1 0.97421875 0.10208333333333333 0.0140625 0.020833333333333332
1 0.996875 0.10416666666666667 0.00625 0.016666666666666666
1 0.9765625 0.13541666666666666 0.015625 0.025
1 0.9578125 0.16354166666666667 0.01875 0.022916666666666665
1 0.928125 0.19479166666666667 0.015625 0.014583333333333334
1 0.89296875 0.20833333333333334 0.0234375 0.025
1 0.8875 0.240625 0.01875 0.022916666666666665
1 0.85859375 0.26979166666666665 0.0265625 0.022916666666666665
1 0.83359375 0.28958333333333336 0.0296875 0.0375
1 0.84375 0.31354166666666666 0.028125 0.03125
3 0.8765625 0.2791666666666667 0.034375 0.041666666666666664
1 0.9125 0.25 0.01875 0.025
3 0.940625 0.2125 0.040625 0.041666666666666664
1 0.97265625 0.178125 0.0140625 0.01875
1 0.98671875 0.15729166666666666 0.0265625 0.027083333333333334
1 0.86875 0.3020833333333333 0.025 0.025
1 0.9078125 0.284375 0.025 0.027083333333333334
1 0.9265625 0.2625 0.021875 0.020833333333333332
1 0.946875 0.240625 0.015625 0.01875
1 0.971875 0.215625 0.021875 0.03125
1 0.975 0.17708333333333334 0.015625 0.016666666666666666
1 0.8796875 0.34270833333333334 0.025 0.027083333333333334
1 0.909375 0.32083333333333336 0.03125 0.0375
1 0.93515625 0.28854166666666664 0.0265625 0.03125
1 0.95859375 0.25729166666666664 0.0171875 0.014583333333333334
1 0.97890625 0.23958333333333334 0.0171875 0.016666666666666666
1 0.90703125 0.36041666666666666 0.0296875 0.029166666666666667
1 0.9328125 0.32916666666666666 0.021875 0.025

1 0.98515625 0.27291666666666664 0.0171875 0.020833333333333332


5 0.853125 0.48333333333333334 0.025 0.016666666666666666
4 0.77109375 0.315625 0.0109375 0.014583333333333334
5 0.67578125 0.03333333333333333 0.0046875 0.008333333333333333

5 0.48515625 0.8020833333333334 0.0203125 0.03333333333333333
4 0.48359375 0.7729166666666667 0.0109375 0.016666666666666666
4 0.375 0.4625 0.009375 0.008333333333333333
4 0.4203125 0.22604166666666667 0.009375 0.014583333333333334
4 0.4109375 0.4875 0.00625 0.016666666666666666
4 0.41328125 0.47708333333333336 0.0046875 0.0125
4 0.76640625 0.13854166666666667 0.0015625 0.0020833333333333333
1 0.43828125 0.26666666666666666 0.0359375 0.020833333333333332
1 0.4359375 0.24583333333333332 0.028125 0.016666666666666666
