1 0.5921875 0.384375 0.015625 0.010416666666666666
1 0.68046875 0.35 0.0171875 0.0125
1 0.99453125 0.3770833333333333 0.0109375 0.008333333333333333
1 0.89453125 0.4197916666666667 0.0171875 0.010416666666666666
1 0.6609375 0.340625 0.009375 0.00625
1 0.6015625 0.5072916666666667 0.0125 0.022916666666666665
1 0.99296875 0.38958333333333334 0.0140625 0.029166666666666667
1 0.83203125 0.421875 0.0109375 0.00625
1 0.834375 0.42291666666666666 0.015625 0.0125
1 0.6953125 0.37916666666666665 0.021875 0.029166666666666667
3 0.6015625 0.21875 0.021875 0.0375
1 0.62265625 0.2989583333333333 0.0171875 0.01875
1 0.38125 0.08333333333333333 0.03125 0.016666666666666666
1 0.38203125 0.06875 0.0296875 0.016666666666666666
1 0.625 0.29791666666666666 0.015625 0.016666666666666666
1 0.62421875 0.2989583333333333 0.0171875 0.01875
1 0.525 0.06145833333333333 0.009375 0.010416666666666666

1 0.7703125 0.009375 0.009375 0.01875
5 0.6546875 0.12604166666666666 0.009375 0.014583333333333334
1 0.66328125 0.125 0.0140625 0.020833333333333332
1 0.6515625 0.09270833333333334 0.0125 0.014583333333333334
5 0.7640625 0.30416666666666664 0.015625 0.020833333333333332
5 0.7828125 0.28125 0.0125 0.020833333333333332
5 0.8671875 0.22604166666666667 0.0125 0.010416666666666666
5 0.846875 0.21145833333333333 0.009375 0.010416666666666666
5 0.85625 0.203125 0.00625 0.00625
5 0.878125 0.18645833333333334 0.015625 0.022916666666666665
1 0.8203125 0.27395833333333336 0.028125 0.027083333333333334
1 0.84453125 0.25104166666666666 0.0265625 0.027083333333333334
1 0.86796875 0.23333333333333334 0.0234375 0.029166666666666667
1 0.8921875 0.20416666666666666 0.021875 0.025
1 0.90859375 0.18125 0.0234375 0.025
3 0.93828125 0.15520833333333334 0.0328125 0.03958333333333333
1 0.94765625 0.11458333333333333 0.0171875 0.020833333333333332
1 0.97265625 0.10416666666666667 0.0109375 0.0125
1 0.97421875 0.10208333333333333 0.0140625 0.020833333333333332
1 0.996875 0.103125 0.00625 0.014583333333333334
1 0.975 0.13645833333333332 0.015625 0.027083333333333334
1 0.9578125 0.16354166666666667 0.01875 0.022916666666666665
1 0.928125 0.19479166666666667 0.015625 0.014583333333333334
1 0.89296875 0.20833333333333334 0.0234375 0.025
1 0.8875 0.24479166666666666 0.021875 0.027083333333333334
1 0.85859375 0.26979166666666665 0.0265625 0.022916666666666665
1 0.83359375 0.28854166666666664 0.0296875 0.035416666666666666
1 0.84296875 0.3125 0.0265625 0.029166666666666667
3 0.8765625 0.278125 0.034375 0.03958333333333333
1 0.9125 0.25 0.01875 0.025
3 0.93984375 0.21354166666666666 0.0390625 0.04375
1 0.97265625 0.178125 0.0140625 0.01875
1 0.98671875 0.15729166666666666 0.0265625 0.027083333333333334
1 0.86875 0.303125 0.025 0.022916666666666665
1 0.9078125 0.284375 0.025 0.027083333333333334
1 0.9265625 0.2625 0.021875 0.020833333333333332
1 0.946875 0.240625 0.015625 0.01875
1 0.971875 0.215625 0.021875 0.03125
1 0.975 0.17708333333333334 0.015625 0.016666666666666666
1 0.8796875 0.34479166666666666 0.025 0.027083333333333334
1 0.909375 0.321875 0.03125 0.03958333333333333
1 0.93515625 0.28854166666666664 0.0265625 0.03125
1 0.95859375 0.25729166666666664 0.0171875 0.014583333333333334
1 0.97890625 0.23958333333333334 0.0171875 0.016666666666666666
1 0.9046875 0.3614583333333333 0.034375 0.03125
1 0.93203125 0.328125 0.0203125 0.027083333333333334

1 0.98515625 0.27291666666666664 0.0171875 0.020833333333333332


5 0.86796875 0.48020833333333335 0.0171875 0.014583333333333334
4 0.7703125 0.315625 0.009375 0.014583333333333334
5 0.67578125 0.03333333333333333 0.0046875 0.008333333333333333

5 0.4890625 0.7916666666666666 0.01875 0.05
4 0.484375 0.7729166666666667 0.009375 0.016666666666666666
4 0.37578125 0.46145833333333336 0.0078125 0.010416666666666666
4 0.4203125 0.22604166666666667 0.009375 0.014583333333333334
4 0.41171875 0.4875 0.0078125 0.016666666666666666
4 0.4140625 0.47708333333333336 0.00625 0.0125
4 0.7671875 0.13854166666666667 0.003125 0.0020833333333333333
1 0.4390625 0.26666666666666666 0.034375 0.020833333333333332
1 0.4359375 0.2520833333333333 0.03125 0.016666666666666666
