1 0.590625 0.3885416666666667 0.015625 0.010416666666666666
1 0.68046875 0.35833333333333334 0.0171875 0.0125
1 0.99609375 0.3770833333333333 0.0078125 0.008333333333333333
1 0.896875 0.41458333333333336 0.0125 0.008333333333333333
1 0.66328125 0.3416666666666667 0.0078125 0.004166666666666667
1 0.6015625 0.5135416666666667 0.0125 0.01875
1 0.9953125 0.3875 0.009375 0.029166666666666667
1 0.83359375 0.421875 0.0140625 0.00625
1 0.83671875 0.42291666666666666 0.0203125 0.0125
1 0.6984375 0.38229166666666664 0.021875 0.027083333333333334
3 0.60234375 0.21875 0.0203125 0.0375
1 0.62421875 0.30104166666666665 0.0171875 0.01875
1 0.38359375 0.08125 0.0328125 0.016666666666666666
1 0.38203125 0.06770833333333333 0.0296875 0.014583333333333334
1 0.62578125 0.296875 0.0140625 0.014583333333333334
1 0.62578125 0.30104166666666665 0.0203125 0.01875
1 0.525 0.06145833333333333 0.009375 0.010416666666666666

1 0.76953125 0.007291666666666667 0.0078125 0.014583333333333334
5 0.6546875 0.12604166666666666 0.009375 0.014583333333333334
1 0.6640625 0.12604166666666666 0.0125 0.022916666666666665
1 0.6515625 0.09270833333333334 0.0125 0.014583333333333334
5 0.7640625 0.30416666666666664 0.015625 0.020833333333333332
5 0.7828125 0.28229166666666666 0.0125 0.01875
5 0.8671875 0.22604166666666667 0.0125 0.010416666666666666
5 0.846875 0.21145833333333333 0.009375 0.010416666666666666
5 0.8546875 0.203125 0.00625 0.00625
5 0.87421875 0.190625 0.0140625 0.01875
1 0.8203125 0.27395833333333336 0.028125 0.027083333333333334
1 0.84453125 0.25104166666666666 0.0265625 0.027083333333333334
1 0.86796875 0.23333333333333334 0.0234375 0.029166666666666667
1 0.8921875 0.20416666666666666 0.021875 0.025
1 0.90859375 0.18125 0.0234375 0.025
3 0.9390625 0.15520833333333334 0.034375 0.03958333333333333
1 0.9484375 0.11458333333333333 0.01875 0.020833333333333332
1 0.9734375 0.10520833333333333 0.0125 0.010416666666666666
1 0.97421875 0.10208333333333333 0.0140625 0.020833333333333332
1 0.996875 0.103125 0.00625 0.014583333333333334
1 0.97421875 0.13645833333333332 0.0171875 0.027083333333333334
1 0.9578125 0.16354166666666667 0.01875 0.022916666666666665
1 0.928125 0.19479166666666667 0.015625 0.014583333333333334
1 0.89296875 0.20833333333333334 0.0234375 0.025
1 0.8875 0.24583333333333332 0.021875 0.029166666666666667
1 0.85859375 0.26979166666666665 0.0265625 0.022916666666666665
1 0.83359375 0.28854166666666664 0.0296875 0.035416666666666666
1 0.84375 0.31354166666666666 0.028125 0.03125
3 0.8765625 0.2791666666666667 0.034375 0.041666666666666664
1 0.91171875 0.25 0.0171875 0.025
3 0.93984375 0.21354166666666666 0.0390625 0.04375
1 0.97265625 0.178125 0.0140625 0.01875
1 0.9875 0.15625 0.025 0.029166666666666667
1 0.86875 0.3020833333333333 0.025 0.025
1 0.9078125 0.2833333333333333 0.025 0.029166666666666667
1 0.9265625 0.2625 0.021875 0.020833333333333332
1 0.946875 0.240625 0.015625 0.01875
1 0.971875 0.21666666666666667 0.021875 0.03333333333333333
1 0.975 0.17708333333333334 0.015625 0.016666666666666666
1 0.8796875 0.34479166666666666 0.025 0.027083333333333334
1 0.90859375 0.321875 0.0328125 0.03958333333333333
1 0.93515625 0.28854166666666664 0.0265625 0.03125
1 0.95859375 0.259375 0.0171875 0.01875
1 0.97890625 0.23958333333333334 0.0171875 0.016666666666666666
1 0.9046875 0.3614583333333333 0.034375 0.03125
1 0.93046875 0.32916666666666666 0.0203125 0.025

1 0.98515625 0.27291666666666664 0.0171875 0.020833333333333332


5 0.86953125 0.4864583333333333 0.0234375 0.01875
4 0.7703125 0.315625 0.009375 0.014583333333333334
5 0.67578125 0.03333333333333333 0.0046875 0.008333333333333333

5 0.490625 0.7979166666666667 0.015625 0.04583333333333333
4 0.4859375 0.7739583333333333 0.009375 0.014583333333333334
4 0.375 0.46145833333333336 0.009375 0.010416666666666666
4 0.4203125 0.22708333333333333 0.009375 0.016666666666666666
4 0.41171875 0.4875 0.0078125 0.016666666666666666
4 0.4140625 0.47708333333333336 0.00625 0.0125

1 0.4390625 0.26666666666666666 0.034375 0.020833333333333332
1 0.4359375 0.2520833333333333 0.03125 0.016666666666666666
