1 0.59375 0.39479166666666665 0.0125 0.010416666666666666
1 0.69140625 0.35833333333333334 0.0171875 0.0125
1 0.99765625 0.37395833333333334 0.0046875 0.010416666666666666
1 0.89921875 0.4125 0.0140625 0.008333333333333333
1 0.66640625 0.346875 0.0078125 0.00625
1 0.6046875 0.521875 0.0125 0.01875
1 0.996875 0.38125 0.00625 0.020833333333333332
1 0.84453125 0.4239583333333333 0.0140625 0.010416666666666666
1 0.84609375 0.425 0.0171875 0.0125
1 0.69921875 0.384375 0.0234375 0.027083333333333334
3 0.60234375 0.21875 0.0203125 0.0375
1 0.62734375 0.3020833333333333 0.0171875 0.016666666666666666
1 0.38125 0.08333333333333333 0.03125 0.016666666666666666
1 0.3828125 0.06875 0.03125 0.016666666666666666
1 0.62890625 0.30104166666666665 0.0140625 0.014583333333333334
1 0.628125 0.303125 0.01875 0.01875
1 0.525 0.06145833333333333 0.009375 0.010416666666666666

1 0.76953125 0.007291666666666667 0.0078125 0.014583333333333334
5 0.6546875 0.12604166666666666 0.009375 0.014583333333333334
1 0.6640625 0.12604166666666666 0.0125 0.022916666666666665
1 0.6515625 0.09270833333333334 0.0125 0.014583333333333334
5 0.7640625 0.30416666666666664 0.015625 0.020833333333333332
5 0.78359375 0.28125 0.0109375 0.020833333333333332
5 0.8671875 0.225 0.0125 0.0125
5 0.846875 0.21145833333333333 0.009375 0.010416666666666666
5 0.853125 0.20416666666666666 0.009375 0.008333333333333333
5 0.8734375 0.18541666666666667 0.015625 0.03333333333333333
1 0.8203125 0.27395833333333336 0.028125 0.027083333333333334
1 0.84375 0.25104166666666666 0.028125 0.027083333333333334
1 0.86796875 0.23229166666666667 0.0234375 0.03125
1 0.89375 0.20520833333333333 0.021875 0.022916666666666665
1 0.90859375 0.18229166666666666 0.0234375 0.027083333333333334
3 0.93984375 0.15208333333333332 0.0359375 0.041666666666666664
1 0.9484375 0.115625 0.01875 0.022916666666666665
1 0.9734375 0.10416666666666667 0.0125 0.0125
1 0.97421875 0.103125 0.0140625 0.01875
1 0.996875 0.10416666666666667 0.00625 0.016666666666666666
1 0.975 0.13541666666666666 0.015625 0.025
1 0.9578125 0.16354166666666667 0.01875 0.022916666666666665
1 0.92890625 0.19479166666666667 0.0171875 0.014583333333333334
1 0.89296875 0.20833333333333334 0.0234375 0.025
1 0.88828125 0.24583333333333332 0.0234375 0.029166666666666667
1 0.85859375 0.26875 0.0265625 0.025
1 0.834375 0.28854166666666664 0.03125 0.035416666666666666
1 0.84296875 0.31145833333333334 0.0265625 0.03125
3 0.8765625 0.278125 0.034375 0.03958333333333333
1 0.91171875 0.25 0.0171875 0.025
3 0.9390625 0.21354166666666666 0.040625 0.04375
1 0.9734375 0.17708333333333334 0.0125 0.016666666666666666
1 0.9875 0.15625 0.025 0.029166666666666667
1 0.87421875 0.30833333333333335 0.0265625 0.029166666666666667
1 0.9078125 0.2833333333333333 0.025 0.029166666666666667
1 0.9265625 0.2625 0.021875 0.020833333333333332
1 0.946875 0.240625 0.015625 0.01875
1 0.971875 0.21666666666666667 0.021875 0.03333333333333333
1 0.975 0.17708333333333334 0.015625 0.016666666666666666
1 0.878125 0.3458333333333333 0.025 0.029166666666666667
1 0.90859375 0.32083333333333336 0.0328125 0.0375
1 0.93515625 0.2875 0.0265625 0.03333333333333333
1 0.959375 0.25625 0.015625 0.016666666666666666
1 0.97890625 0.23854166666666668 0.0171875 0.01875
1 0.90703125 0.36041666666666666 0.0296875 0.029166666666666667
1 0.93203125 0.328125 0.0203125 0.027083333333333334

1 0.98515625 0.27291666666666664 0.0171875 0.020833333333333332


5 0.8734375 0.484375 0.025 0.01875
4 0.77109375 0.315625 0.0109375 0.014583333333333334
5 0.67578125 0.034375 0.0046875 0.00625

5 0.484375 0.8010416666666667 0.01875 0.04375
4 0.4859375 0.7760416666666666 0.009375 0.014583333333333334
4 0.37578125 0.46041666666666664 0.0078125 0.008333333333333333
4 0.4203125 0.22708333333333333 0.009375 0.016666666666666666
4 0.41015625 0.4875 0.0078125 0.016666666666666666
4 0.4140625 0.47708333333333336 0.00625 0.0125
4 0.7671875 0.13958333333333334 0.003125 0.004166666666666667
1 0.4390625 0.26666666666666666 0.034375 0.020833333333333332
1 0.4359375 0.2520833333333333 0.03125 0.016666666666666666
