1 0.5984375 0.40625 0.0125 0.008333333333333333
1 0.69375 0.36041666666666666 0.01875 0.0125

1 0.9140625 0.4114583333333333 0.0125 0.010416666666666666
1 0.6734375 0.35104166666666664 0.00625 0.00625
1 0.603125 0.5385416666666667 0.015625 0.022916666666666665
1 0.9984375 0.37916666666666665 0.003125 0.020833333333333332
1 0.8515625 0.421875 0.015625 0.00625
1 0.85390625 0.4239583333333333 0.0203125 0.010416666666666666
1 0.70859375 0.39375 0.0234375 0.03333333333333333
3 0.60234375 0.21770833333333334 0.0203125 0.035416666666666666
1 0.63046875 0.30520833333333336 0.0171875 0.014583333333333334
1 0.38359375 0.08125 0.0328125 0.016666666666666666
1 0.38125 0.07083333333333333 0.03125 0.016666666666666666
1 0.63125 0.30520833333333336 0.015625 0.010416666666666666
1 0.63046875 0.30625 0.0171875 0.0125
1 0.525 0.06145833333333333 0.009375 0.010416666666666666

1 0.77109375 0.009375 0.0109375 0.01875
5 0.65390625 0.12604166666666666 0.0078125 0.014583333333333334
1 0.6640625 0.125 0.0125 0.020833333333333332
1 0.6515625 0.09270833333333334 0.0125 0.014583333333333334
5 0.7640625 0.303125 0.015625 0.022916666666666665
5 0.78359375 0.28125 0.0109375 0.020833333333333332
5 0.8671875 0.22604166666666667 0.0125 0.010416666666666666
5 0.84765625 0.21041666666666667 0.0109375 0.0125
5 0.859375 0.20520833333333333 0.0125 0.010416666666666666
5 0.88046875 0.17291666666666666 0.0109375 0.020833333333333332
1 0.8203125 0.27395833333333336 0.028125 0.027083333333333334
1 0.84375 0.25104166666666666 0.028125 0.027083333333333334
1 0.86796875 0.23229166666666667 0.0234375 0.03125
1 0.89453125 0.20520833333333333 0.0203125 0.022916666666666665
1 0.90859375 0.18229166666666666 0.0234375 0.027083333333333334
3 0.9390625 0.15416666666666667 0.034375 0.041666666666666664
1 0.9484375 0.11458333333333333 0.01875 0.020833333333333332
1 0.9734375 0.10416666666666667 0.0125 0.0125
1 0.97421875 0.10520833333333333 0.0140625 0.01875
1 0.996875 0.103125 0.00625 0.014583333333333334
1 0.9765625 0.134375 0.015625 0.022916666666666665
1 0.9578125 0.1625 0.01875 0.020833333333333332
1 0.92890625 0.19479166666666667 0.0171875 0.014583333333333334
1 0.89296875 0.20833333333333334 0.0234375 0.025
1 0.88828125 0.246875 0.0234375 0.03125
1 0.86171875 0.2635416666666667 0.0234375 0.01875
1 0.834375 0.28854166666666664 0.03125 0.035416666666666666
1 0.84296875 0.31145833333333334 0.0265625 0.03125
3 0.8765625 0.278125 0.034375 0.03958333333333333
1 0.91171875 0.25 0.0171875 0.025
3 0.9390625 0.2125 0.040625 0.04583333333333333
1 0.9734375 0.17708333333333334 0.0125 0.016666666666666666
1 0.9875 0.15625 0.025 0.029166666666666667
1 0.87578125 0.30833333333333335 0.0265625 0.029166666666666667
1 0.9078125 0.284375 0.025 0.027083333333333334
1 0.9265625 0.2625 0.021875 0.020833333333333332
1 0.946875 0.240625 0.015625 0.01875
1 0.971875 0.21666666666666667 0.021875 0.03333333333333333
1 0.975 0.17708333333333334 0.015625 0.016666666666666666
1 0.87890625 0.34479166666666666 0.0265625 0.027083333333333334
1 0.90859375 0.32083333333333336 0.0328125 0.0375
1 0.93515625 0.28958333333333336 0.0265625 0.03333333333333333
1 0.95859375 0.259375 0.0171875 0.01875
1 0.97890625 0.23854166666666668 0.0171875 0.01875
1 0.90703125 0.36041666666666666 0.0296875 0.029166666666666667
1 0.9328125 0.328125 0.021875 0.027083333333333334

1 0.98515625 0.27291666666666664 0.0171875 0.020833333333333332


5 0.90234375 0.48333333333333334 0.0265625 0.020833333333333332
4 0.77109375 0.315625 0.0109375 0.014583333333333334
5 0.67578125 0.03333333333333333 0.0046875 0.008333333333333333

5 0.49140625 0.8020833333333334 0.0171875 0.05
4 0.4875 0.778125 0.009375 0.014583333333333334
4 0.375 0.46041666666666664 0.009375 0.008333333333333333
4 0.4203125 0.22708333333333333 0.009375 0.016666666666666666
4 0.41171875 0.4864583333333333 0.0078125 0.01875
4 0.4140625 0.47708333333333336 0.00625 0.0125
4 0.76796875 0.13958333333333334 0.0015625 0.004166666666666667
1 0.4390625 0.26666666666666666 0.034375 0.020833333333333332
1 0.4359375 0.253125 0.03125 0.01875
