1 0.5984375 0.41041666666666665 0.0125 0.008333333333333333
1 0.6984375 0.36354166666666665 0.01875 0.014583333333333334
1 0.9984375 0.3729166666666667 0.003125 0.004166666666666667
1 0.91484375 0.40625 0.0171875 0.008333333333333333
1 0.675 0.35208333333333336 0.00625 0.004166666666666667
1 0.6125 0.5385416666666667 0.009375 0.014583333333333334
1 0.9984375 0.38125 0.003125 0.016666666666666666
1 0.85546875 0.421875 0.0140625 0.00625
1 0.85859375 0.4239583333333333 0.0203125 0.010416666666666666
1 0.7109375 0.39375 0.021875 0.029166666666666667
3 0.60234375 0.21875 0.0203125 0.0375
1 0.63203125 0.30833333333333335 0.0171875 0.0125
1 0.38359375 0.08125 0.0328125 0.016666666666666666
1 0.38203125 0.06875 0.0296875 0.016666666666666666
1 0.63125 0.30625 0.015625 0.008333333333333333
1 0.63203125 0.30833333333333335 0.0171875 0.0125
1 0.525 0.06145833333333333 0.009375 0.010416666666666666

1 0.77109375 0.009375 0.0109375 0.01875
5 0.653125 0.125 0.009375 0.0125
1 0.6640625 0.12604166666666666 0.0125 0.022916666666666665
1 0.65234375 0.09270833333333334 0.0140625 0.014583333333333334
5 0.7640625 0.303125 0.015625 0.022916666666666665
5 0.78359375 0.28125 0.0109375 0.020833333333333332
5 0.8671875 0.22604166666666667 0.0125 0.010416666666666666
5 0.846875 0.21041666666666667 0.009375 0.0125
5 0.8609375 0.20520833333333333 0.009375 0.010416666666666666
5 0.88046875 0.17083333333333334 0.0109375 0.016666666666666666
1 0.8203125 0.27395833333333336 0.028125 0.027083333333333334
1 0.84375 0.25104166666666666 0.028125 0.027083333333333334
1 0.8671875 0.23229166666666667 0.021875 0.03125
1 0.89375 0.20520833333333333 0.021875 0.022916666666666665
1 0.90859375 0.18229166666666666 0.0234375 0.027083333333333334
3 0.940625 0.15208333333333332 0.0375 0.041666666666666664
1 0.9484375 0.11458333333333333 0.01875 0.020833333333333332
1 0.9734375 0.103125 0.0125 0.010416666666666666
1 0.97421875 0.10520833333333333 0.0140625 0.01875
1 0.996875 0.103125 0.00625 0.014583333333333334
1 0.97421875 0.13541666666666666 0.0171875 0.025
1 0.9578125 0.1625 0.01875 0.020833333333333332
1 0.92890625 0.19479166666666667 0.0171875 0.014583333333333334
1 0.8921875 0.20833333333333334 0.025 0.025
1 0.88828125 0.24791666666666667 0.0234375 0.03333333333333333
1 0.85859375 0.26875 0.0265625 0.025
1 0.834375 0.28854166666666664 0.03125 0.035416666666666666
1 0.84296875 0.31145833333333334 0.0265625 0.03125
3 0.8765625 0.2791666666666667 0.034375 0.041666666666666664
1 0.91171875 0.25 0.0171875 0.025
3 0.9390625 0.2125 0.040625 0.04583333333333333
1 0.97265625 0.178125 0.0140625 0.01875
1 0.9875 0.15625 0.025 0.029166666666666667
1 0.875 0.30833333333333335 0.028125 0.029166666666666667
1 0.9078125 0.284375 0.025 0.027083333333333334
1 0.92734375 0.2625 0.0234375 0.020833333333333332
1 0.946875 0.240625 0.015625 0.01875
1 0.971875 0.21666666666666667 0.021875 0.03333333333333333
1 0.975 0.17708333333333334 0.015625 0.016666666666666666
1 0.8796875 0.34270833333333334 0.025 0.027083333333333334
1 0.90859375 0.31979166666666664 0.0328125 0.035416666666666666
1 0.93515625 0.28854166666666664 0.0265625 0.035416666666666666
1 0.95859375 0.25625 0.0171875 0.016666666666666666
1 0.97890625 0.23854166666666668 0.0171875 0.01875
1 0.90703125 0.359375 0.0296875 0.03125
1 0.93203125 0.328125 0.0234375 0.027083333333333334

1 0.98515625 0.27291666666666664 0.0171875 0.020833333333333332


5 0.90078125 0.484375 0.0234375 0.022916666666666665
4 0.77109375 0.315625 0.0109375 0.014583333333333334
5 0.67578125 0.034375 0.0046875 0.00625

5 0.4953125 0.8125 0.015625 0.0375
4 0.48828125 0.78125 0.0078125 0.016666666666666666
4 0.3765625 0.46041666666666664 0.009375 0.008333333333333333
4 0.4203125 0.22604166666666667 0.009375 0.014583333333333334
4 0.41171875 0.4864583333333333 0.0078125 0.01875
4 0.41328125 0.47604166666666664 0.0046875 0.010416666666666666
4 0.7671875 0.13958333333333334 0.003125 0.004166666666666667
1 0.4390625 0.265625 0.034375 0.022916666666666665
1 0.4359375 0.253125 0.03125 0.01875
