1 0.59921875 0.41354166666666664 0.0140625 0.010416666666666666
1 0.70703125 0.36666666666666664 0.0171875 0.0125
1 0.98203125 0.4125 0.0015625 0.004166666666666667
1 0.915625 0.4083333333333333 0.015625 0.0125
1 0.67890625 0.35520833333333335 0.0078125 0.00625
1 0.61328125 0.55625 0.0140625 0.025

1 0.865625 0.421875 0.0125 0.00625
1 0.86484375 0.4239583333333333 0.0171875 0.010416666666666666
1 0.7140625 0.396875 0.021875 0.027083333333333334
3 0.60234375 0.21770833333333334 0.0203125 0.035416666666666666
1 0.6328125 0.3145833333333333 0.015625 0.016666666666666666
1 0.38359375 0.08125 0.0328125 0.016666666666666666
1 0.38203125 0.06875 0.0296875 0.016666666666666666
1 0.63359375 0.309375 0.0140625 0.010416666666666666
1 0.63359375 0.3104166666666667 0.0140625 0.0125
1 0.525 0.06145833333333333 0.009375 0.010416666666666666

1 0.7703125 0.009375 0.0125 0.01875
5 0.65390625 0.125 0.0078125 0.0125
1 0.6640625 0.125 0.0125 0.020833333333333332
1 0.6515625 0.09270833333333334 0.0125 0.014583333333333334
5 0.7640625 0.303125 0.015625 0.022916666666666665
5 0.78359375 0.28125 0.0109375 0.020833333333333332
5 0.8671875 0.22708333333333333 0.0125 0.0125
5 0.8484375 0.21041666666666667 0.009375 0.0125
5 0.859375 0.20520833333333333 0.009375 0.010416666666666666
5 0.88046875 0.16979166666666667 0.0109375 0.01875
1 0.8203125 0.27395833333333336 0.028125 0.027083333333333334
1 0.84375 0.25104166666666666 0.028125 0.027083333333333334
1 0.8671875 0.23229166666666667 0.025 0.03125
1 0.89375 0.20520833333333333 0.021875 0.022916666666666665
1 0.90859375 0.18229166666666666 0.0234375 0.027083333333333334
3 0.93984375 0.15520833333333334 0.0359375 0.03958333333333333
1 0.94765625 0.11458333333333333 0.0171875 0.020833333333333332
1 0.9734375 0.103125 0.0125 0.010416666666666666
1 0.975 0.10520833333333333 0.015625 0.01875
1 0.996875 0.103125 0.00625 0.014583333333333334
1 0.97421875 0.13645833333333332 0.0171875 0.027083333333333334
1 0.9578125 0.1625 0.01875 0.020833333333333332
1 0.92890625 0.19479166666666667 0.0171875 0.014583333333333334
1 0.89296875 0.20833333333333334 0.0234375 0.025
1 0.88828125 0.24791666666666667 0.0234375 0.03333333333333333
1 0.86171875 0.2635416666666667 0.0234375 0.01875
1 0.834375 0.28854166666666664 0.03125 0.035416666666666666
1 0.8421875 0.31145833333333334 0.028125 0.03125
3 0.8765625 0.278125 0.034375 0.03958333333333333
1 0.91171875 0.25 0.0171875 0.025
3 0.9390625 0.2125 0.040625 0.04583333333333333
1 0.97265625 0.178125 0.0140625 0.01875
1 0.9875 0.15729166666666666 0.025 0.027083333333333334
1 0.875 0.3125 0.028125 0.029166666666666667
1 0.9078125 0.2833333333333333 0.025 0.029166666666666667
1 0.928125 0.25833333333333336 0.021875 0.016666666666666666
1 0.946875 0.240625 0.015625 0.01875
1 0.97265625 0.215625 0.0234375 0.03125
1 0.975 0.17708333333333334 0.015625 0.016666666666666666
1 0.8796875 0.34270833333333334 0.025 0.027083333333333334
1 0.9125 0.3145833333333333 0.025 0.029166666666666667
1 0.93515625 0.28854166666666664 0.0265625 0.035416666666666666
1 0.95859375 0.25625 0.0171875 0.016666666666666666
1 0.97890625 0.23854166666666668 0.0171875 0.01875
1 0.90703125 0.359375 0.0296875 0.03125
1 0.93203125 0.328125 0.0234375 0.027083333333333334

1 0.98515625 0.27291666666666664 0.0171875 0.020833333333333332


5 0.9140625 0.48541666666666666 0.028125 0.025
4 0.77109375 0.315625 0.0109375 0.014583333333333334
5 0.67578125 0.03333333333333333 0.0046875 0.008333333333333333

5 0.496875 0.8229166666666666 0.015625 0.025
4 0.4890625 0.7854166666666667 0.00625 0.016666666666666666
4 0.3765625 0.46041666666666664 0.009375 0.008333333333333333
4 0.4203125 0.22604166666666667 0.009375 0.014583333333333334
4 0.4109375 0.4864583333333333 0.00625 0.01875
4 0.41328125 0.47604166666666664 0.0046875 0.010416666666666666
4 0.76953125 0.140625 0.0046875 0.00625
1 0.4390625 0.265625 0.034375 0.022916666666666665
1 0.4375 0.24375 0.028125 0.016666666666666666
