1 0.59921875 0.421875 0.0140625 0.014583333333333334
1 0.70625 0.36666666666666664 0.01875 0.0125
1 0.990625 0.4114583333333333 0.01875 0.01875
1 0.9265625 0.4010416666666667 0.0125 0.010416666666666666
1 0.68125 0.35520833333333335 0.009375 0.00625
1 0.61484375 0.5572916666666666 0.0140625 0.022916666666666665
1 0.99453125 0.4041666666666667 0.0109375 0.008333333333333333
1 0.86640625 0.421875 0.0140625 0.00625
1 0.8671875 0.42291666666666666 0.01875 0.008333333333333333
1 0.725 0.390625 0.015625 0.022916666666666665
3 0.60234375 0.21875 0.0203125 0.0375
1 0.63359375 0.3145833333333333 0.0171875 0.016666666666666666
1 0.38359375 0.08020833333333334 0.0328125 0.01875
1 0.384375 0.07083333333333333 0.034375 0.016666666666666666
1 0.6359375 0.3104166666666667 0.015625 0.008333333333333333
1 0.634375 0.31145833333333334 0.015625 0.010416666666666666
1 0.525 0.06041666666666667 0.009375 0.008333333333333333

1 0.77109375 0.009375 0.0140625 0.01875
5 0.65390625 0.12604166666666666 0.0078125 0.014583333333333334
1 0.6640625 0.12604166666666666 0.0125 0.022916666666666665
1 0.6515625 0.09270833333333334 0.0125 0.014583333333333334
5 0.76171875 0.30625 0.0171875 0.025
5 0.78359375 0.28020833333333334 0.0109375 0.01875
5 0.8671875 0.22708333333333333 0.0125 0.0125
5 0.8484375 0.21145833333333333 0.009375 0.010416666666666666
5 0.85859375 0.20416666666666666 0.0078125 0.008333333333333333
5 0.88125 0.16979166666666667 0.009375 0.01875
1 0.8203125 0.27395833333333336 0.028125 0.027083333333333334
1 0.84375 0.25104166666666666 0.028125 0.027083333333333334
1 0.8671875 0.23229166666666667 0.021875 0.03125
1 0.89453125 0.20520833333333333 0.0203125 0.022916666666666665
1 0.90859375 0.18229166666666666 0.0234375 0.027083333333333334
3 0.93984375 0.153125 0.0359375 0.04375
1 0.9484375 0.11458333333333333 0.01875 0.020833333333333332
1 0.9734375 0.10416666666666667 0.0125 0.0125
1 0.975 0.10520833333333333 0.015625 0.01875
1 0.996875 0.103125 0.00625 0.014583333333333334
1 0.97421875 0.13541666666666666 0.0171875 0.025
1 0.9578125 0.1625 0.01875 0.020833333333333332
1 0.928125 0.19479166666666667 0.015625 0.014583333333333334
1 0.89296875 0.20729166666666668 0.0234375 0.022916666666666665
1 0.88828125 0.24791666666666667 0.0234375 0.03333333333333333
1 0.8609375 0.2635416666666667 0.021875 0.01875
1 0.834375 0.28854166666666664 0.03125 0.035416666666666666
1 0.84296875 0.31145833333333334 0.0265625 0.03125
3 0.8765625 0.278125 0.034375 0.03958333333333333
1 0.9125 0.25 0.01875 0.025
3 0.9390625 0.2125 0.040625 0.04583333333333333
1 0.97265625 0.178125 0.0140625 0.01875
1 0.98828125 0.15729166666666666 0.0234375 0.027083333333333334
1 0.87578125 0.3125 0.0265625 0.029166666666666667
1 0.9078125 0.2833333333333333 0.025 0.029166666666666667
1 0.928125 0.25833333333333336 0.021875 0.016666666666666666
1 0.946875 0.240625 0.015625 0.01875
1 0.971875 0.21458333333333332 0.021875 0.03333333333333333
1 0.975 0.17708333333333334 0.015625 0.016666666666666666
1 0.8796875 0.34270833333333334 0.025 0.027083333333333334
1 0.90859375 0.31875 0.0328125 0.0375
1 0.93515625 0.28958333333333336 0.0265625 0.03333333333333333
1 0.95859375 0.25625 0.0171875 0.016666666666666666
1 0.97890625 0.23854166666666668 0.0171875 0.01875
1 0.90703125 0.35833333333333334 0.0296875 0.029166666666666667
1 0.93203125 0.328125 0.0234375 0.027083333333333334

1 0.98515625 0.27291666666666664 0.0171875 0.020833333333333332


5 0.91328125 0.48020833333333335 0.0203125 0.027083333333333334
4 0.7703125 0.3145833333333333 0.009375 0.0125
5 0.67578125 0.03333333333333333 0.0046875 0.008333333333333333

5 0.49765625 0.8260416666666667 0.0171875 0.022916666666666665
4 0.4890625 0.7864583333333334 0.00625 0.01875
4 0.37578125 0.46041666666666664 0.0078125 0.008333333333333333
4 0.4203125 0.22604166666666667 0.009375 0.014583333333333334
4 0.41171875 0.48541666666666666 0.0078125 0.020833333333333332
4 0.41328125 0.47604166666666664 0.0046875 0.010416666666666666
4 0.76953125 0.140625 0.0046875 0.00625
1 0.4390625 0.265625 0.034375 0.022916666666666665
1 0.43671875 0.24375 0.0265625 0.016666666666666666
