1 0.60078125 0.4166666666666667 0.0140625 0.0125
1 0.72109375 0.3770833333333333 0.0171875 0.0125
1 0.9984375 0.4010416666666667 0.003125 0.010416666666666666
1 0.94140625 0.39375 0.0109375 0.0125
1 0.69453125 0.36354166666666665 0.0078125 0.00625
1 0.625 0.58125 0.015625 0.020833333333333332
1 0.65234375 0.340625 0.0046875 0.00625
1 0.88359375 0.41875 0.0171875 0.004166666666666667
1 0.88359375 0.4197916666666667 0.0234375 0.010416666666666666
1 0.72890625 0.41041666666666665 0.0203125 0.029166666666666667
3 0.60234375 0.21770833333333334 0.0203125 0.035416666666666666
1 0.64140625 0.32708333333333334 0.0203125 0.016666666666666666
1 0.38359375 0.08020833333333334 0.0328125 0.01875
1 0.38125 0.07083333333333333 0.03125 0.016666666666666666
1 0.64375 0.31979166666666664 0.015625 0.010416666666666666
1 0.64453125 0.32708333333333334 0.0203125 0.016666666666666666
1 0.525 0.06041666666666667 0.009375 0.008333333333333333

1 0.7703125 0.007291666666666667 0.009375 0.014583333333333334
5 0.653125 0.12395833333333334 0.009375 0.014583333333333334
1 0.6640625 0.12395833333333334 0.0125 0.022916666666666665
1 0.65234375 0.09270833333333334 0.0140625 0.014583333333333334
5 0.76328125 0.30416666666666664 0.0171875 0.020833333333333332
5 0.78359375 0.28125 0.0109375 0.020833333333333332
5 0.8671875 0.22708333333333333 0.0125 0.0125
5 0.8484375 0.215625 0.009375 0.014583333333333334
5 0.85625 0.203125 0.009375 0.010416666666666666
5 0.88046875 0.16875 0.0109375 0.020833333333333332
1 0.8203125 0.27395833333333336 0.028125 0.027083333333333334
1 0.84375 0.25104166666666666 0.028125 0.027083333333333334
1 0.86796875 0.23229166666666667 0.0234375 0.03125
1 0.89375 0.20416666666666666 0.021875 0.025
1 0.909375 0.18333333333333332 0.021875 0.029166666666666667
3 0.940625 0.15104166666666666 0.0375 0.04375
1 0.94765625 0.11458333333333333 0.0171875 0.020833333333333332
1 0.9734375 0.103125 0.0125 0.010416666666666666
1 0.975 0.10520833333333333 0.015625 0.01875
1 0.996875 0.103125 0.00625 0.014583333333333334
1 0.97421875 0.13541666666666666 0.0171875 0.025
1 0.9578125 0.1625 0.01875 0.020833333333333332
1 0.92890625 0.19375 0.0171875 0.016666666666666666
1 0.89375 0.20729166666666668 0.021875 0.022916666666666665
1 0.8875 0.24791666666666667 0.021875 0.03333333333333333
1 0.8609375 0.2625 0.021875 0.016666666666666666
1 0.83515625 0.28854166666666664 0.0296875 0.035416666666666666
1 0.84296875 0.31145833333333334 0.0265625 0.03125
3 0.8765625 0.2760416666666667 0.034375 0.03958333333333333
1 0.9125 0.25 0.01875 0.025
3 0.94140625 0.21145833333333333 0.0390625 0.04375
1 0.97265625 0.178125 0.0140625 0.01875
1 0.98828125 0.15625 0.0234375 0.029166666666666667
1 0.87578125 0.31354166666666666 0.0265625 0.027083333333333334
1 0.90859375 0.28229166666666666 0.0234375 0.027083333333333334
1 0.928125 0.25833333333333336 0.021875 0.016666666666666666
1 0.946875 0.240625 0.015625 0.01875
1 0.971875 0.21458333333333332 0.021875 0.03333333333333333
1 0.975 0.17708333333333334 0.015625 0.016666666666666666
1 0.87890625 0.34375 0.0265625 0.029166666666666667
1 0.91015625 0.31979166666666664 0.0328125 0.03958333333333333
1 0.93515625 0.28854166666666664 0.0265625 0.035416666666666666
1 0.95859375 0.25625 0.0171875 0.016666666666666666
1 0.97890625 0.23854166666666668 0.0171875 0.01875
1 0.90703125 0.3572916666666667 0.0296875 0.03125
1 0.93203125 0.32708333333333334 0.0234375 0.025

1 0.9859375 0.271875 0.01875 0.01875


5 0.93515625 0.47291666666666665 0.0203125 0.029166666666666667
4 0.77109375 0.3145833333333333 0.0109375 0.0125
5 0.67578125 0.03125 0.0046875 0.004166666666666667

5 0.503125 0.834375 0.0125 0.022916666666666665
4 0.490625 0.7947916666666667 0.009375 0.01875
4 0.375 0.46041666666666664 0.009375 0.008333333333333333
4 0.4203125 0.22604166666666667 0.009375 0.014583333333333334
4 0.41171875 0.4822916666666667 0.0078125 0.01875
4 0.41328125 0.47604166666666664 0.0046875 0.010416666666666666
4 0.76953125 0.140625 0.0046875 0.00625
1 0.4390625 0.265625 0.034375 0.022916666666666665
1 0.43359375 0.25 0.0296875 0.016666666666666666
