1 0.60078125 0.415625 0.0140625 0.014583333333333334
1 0.725 0.37916666666666665 0.01875 0.0125

1 0.9453125 0.3854166666666667 0.0125 0.008333333333333333
1 0.70234375 0.3645833333333333 0.0078125 0.004166666666666667
1 0.6265625 0.590625 0.0125 0.014583333333333334
1 0.65234375 0.346875 0.0203125 0.022916666666666665
1 0.8953125 0.41875 0.0125 0.004166666666666667
1 0.89453125 0.42083333333333334 0.0171875 0.008333333333333333
1 0.7328125 0.415625 0.025 0.03125
3 0.60234375 0.21770833333333334 0.0203125 0.035416666666666666
1 0.6453125 0.3260416666666667 0.01875 0.014583333333333334
1 0.38359375 0.08020833333333334 0.0328125 0.01875
1 0.38125 0.07083333333333333 0.03125 0.016666666666666666
1 0.646875 0.3229166666666667 0.015625 0.008333333333333333
1 0.64609375 0.3260416666666667 0.0203125 0.014583333333333334
1 0.525 0.059375 0.009375 0.010416666666666666

1 0.771875 0.009375 0.0125 0.01875
5 0.65234375 0.12395833333333334 0.0109375 0.014583333333333334
1 0.66484375 0.12395833333333334 0.0140625 0.022916666666666665
1 0.65234375 0.09270833333333334 0.0140625 0.014583333333333334
5 0.76328125 0.30416666666666664 0.0171875 0.020833333333333332
5 0.78359375 0.28229166666666666 0.0109375 0.01875
5 0.8671875 0.22708333333333333 0.0125 0.0125
5 0.846875 0.21770833333333334 0.009375 0.014583333333333334
5 0.85390625 0.20520833333333333 0.0109375 0.010416666666666666
5 0.8828125 0.16145833333333334 0.0125 0.01875
1 0.8203125 0.27395833333333336 0.028125 0.027083333333333334
1 0.84375 0.25 0.028125 0.029166666666666667
1 0.86796875 0.23229166666666667 0.0234375 0.03125
1 0.89375 0.20416666666666666 0.021875 0.025
1 0.909375 0.18333333333333332 0.021875 0.029166666666666667
3 0.940625 0.15104166666666666 0.0375 0.04375
1 0.946875 0.12604166666666666 0.01875 0.027083333333333334
1 0.9734375 0.103125 0.0125 0.010416666666666666
1 0.975 0.10520833333333333 0.015625 0.01875
1 0.996875 0.103125 0.00625 0.014583333333333334
1 0.97421875 0.13541666666666666 0.0171875 0.025
1 0.9578125 0.1625 0.01875 0.020833333333333332
1 0.928125 0.19375 0.015625 0.016666666666666666
1 0.89375 0.20729166666666668 0.021875 0.022916666666666665
1 0.88828125 0.24583333333333332 0.0234375 0.03333333333333333
1 0.8609375 0.2625 0.021875 0.016666666666666666
1 0.83515625 0.28854166666666664 0.0296875 0.035416666666666666
1 0.84375 0.31145833333333334 0.028125 0.03125
3 0.8765625 0.2760416666666667 0.034375 0.03958333333333333
1 0.9125 0.24895833333333334 0.01875 0.022916666666666665
3 0.94375 0.21145833333333333 0.040625 0.04375
1 0.97265625 0.178125 0.0140625 0.01875
1 0.98828125 0.15729166666666666 0.0234375 0.03125
1 0.87578125 0.31354166666666666 0.0265625 0.027083333333333334
1 0.90859375 0.28229166666666666 0.0234375 0.027083333333333334
1 0.928125 0.25833333333333336 0.021875 0.016666666666666666
1 0.946875 0.240625 0.015625 0.01875
1 0.971875 0.21458333333333332 0.021875 0.03333333333333333
1 0.975 0.17708333333333334 0.015625 0.016666666666666666
1 0.8796875 0.34270833333333334 0.025 0.027083333333333334
1 0.91015625 0.32083333333333336 0.0328125 0.041666666666666664
1 0.93515625 0.28958333333333336 0.0265625 0.0375
1 0.959375 0.25625 0.015625 0.016666666666666666
1 0.97890625 0.23854166666666668 0.0171875 0.01875
1 0.9078125 0.3572916666666667 0.028125 0.03125
1 0.93203125 0.32708333333333334 0.0234375 0.025

1 0.9859375 0.271875 0.01875 0.01875


5 0.94140625 0.4625 0.0203125 0.025
4 0.77109375 0.31354166666666666 0.0109375 0.010416666666666666
5 0.67578125 0.03229166666666667 0.0046875 0.00625

5 0.5046875 0.8375 0.0125 0.020833333333333332
4 0.49140625 0.796875 0.0109375 0.01875
4 0.37578125 0.46041666666666664 0.0078125 0.008333333333333333
4 0.4203125 0.225 0.009375 0.016666666666666666
4 0.41171875 0.4822916666666667 0.0078125 0.01875
4 0.41328125 0.47604166666666664 0.0046875 0.010416666666666666
4 0.76953125 0.140625 0.0046875 0.00625
1 0.43984375 0.265625 0.0359375 0.022916666666666665
1 0.43515625 0.24895833333333334 0.0328125 0.01875
