1 0.60078125 0.415625 0.0140625 0.014583333333333334
1 0.7265625 0.3802083333333333 0.01875 0.010416666666666666

1 0.946875 0.384375 0.015625 0.010416666666666666
1 0.703125 0.36666666666666664 0.00625 0.004166666666666667
1 0.62890625 0.5958333333333333 0.0140625 0.016666666666666666
1 0.659375 0.34791666666666665 0.009375 0.020833333333333332
1 0.896875 0.41770833333333335 0.009375 0.00625
1 0.89765625 0.4197916666666667 0.0171875 0.010416666666666666
1 0.74140625 0.4166666666666667 0.0203125 0.029166666666666667
3 0.6015625 0.21875 0.01875 0.0375
1 0.64765625 0.328125 0.0203125 0.014583333333333334
1 0.384375 0.08020833333333334 0.03125 0.01875
1 0.3828125 0.06770833333333333 0.03125 0.01875
1 0.646875 0.32395833333333335 0.015625 0.00625
1 0.64765625 0.32916666666666666 0.0203125 0.016666666666666666
1 0.52421875 0.059375 0.0109375 0.010416666666666666

1 0.77109375 0.009375 0.0109375 0.01875
5 0.65234375 0.12395833333333334 0.0109375 0.014583333333333334
1 0.66484375 0.12395833333333334 0.0140625 0.022916666666666665
1 0.65234375 0.09270833333333334 0.0140625 0.014583333333333334
5 0.76328125 0.30416666666666664 0.0171875 0.020833333333333332
5 0.78359375 0.28229166666666666 0.0109375 0.01875
5 0.8671875 0.22708333333333333 0.0125 0.0125
5 0.8484375 0.21354166666666666 0.009375 0.014583333333333334
5 0.85625 0.20208333333333334 0.009375 0.008333333333333333
5 0.88046875 0.16770833333333332 0.0109375 0.022916666666666665
1 0.8203125 0.27395833333333336 0.028125 0.027083333333333334
1 0.84375 0.25 0.028125 0.029166666666666667
1 0.86796875 0.23229166666666667 0.0234375 0.03125
1 0.89375 0.20416666666666666 0.021875 0.025
1 0.909375 0.18333333333333332 0.021875 0.029166666666666667
3 0.93984375 0.15104166666666666 0.0359375 0.04375
1 0.9453125 0.12291666666666666 0.01875 0.03333333333333333
1 0.9734375 0.103125 0.0125 0.010416666666666666
1 0.975 0.10520833333333333 0.015625 0.01875
1 0.996875 0.103125 0.00625 0.014583333333333334
1 0.975 0.13541666666666666 0.015625 0.025
1 0.9578125 0.1625 0.01875 0.020833333333333332
1 0.92890625 0.19375 0.0171875 0.016666666666666666
1 0.89375 0.20729166666666668 0.021875 0.022916666666666665
1 0.8875 0.24791666666666667 0.021875 0.03333333333333333
1 0.8609375 0.2625 0.021875 0.016666666666666666
1 0.83515625 0.28854166666666664 0.0296875 0.035416666666666666
1 0.84375 0.31145833333333334 0.028125 0.03125
3 0.8765625 0.2760416666666667 0.034375 0.03958333333333333
1 0.9125 0.25 0.01875 0.025
3 0.94296875 0.21145833333333333 0.0421875 0.04375
1 0.97265625 0.178125 0.0140625 0.01875
1 0.98828125 0.15833333333333333 0.0234375 0.03333333333333333
1 0.8765625 0.31354166666666666 0.025 0.027083333333333334
1 0.90859375 0.28229166666666666 0.0234375 0.027083333333333334
1 0.928125 0.25833333333333336 0.021875 0.016666666666666666
1 0.946875 0.240625 0.015625 0.01875
1 0.975 0.20833333333333334 0.01875 0.025
1 0.975 0.17708333333333334 0.015625 0.016666666666666666
1 0.8796875 0.34270833333333334 0.025 0.027083333333333334
1 0.91015625 0.32083333333333336 0.0328125 0.041666666666666664
1 0.93515625 0.28958333333333336 0.0265625 0.0375
1 0.959375 0.25625 0.015625 0.016666666666666666
1 0.97890625 0.23854166666666668 0.0171875 0.01875
1 0.9078125 0.3572916666666667 0.028125 0.03125
1 0.9328125 0.32708333333333334 0.021875 0.025

1 0.98671875 0.271875 0.0203125 0.01875


5 0.9453125 0.46145833333333336 0.015625 0.022916666666666665
4 0.77109375 0.31354166666666666 0.0109375 0.010416666666666666
5 0.67578125 0.03125 0.0046875 0.004166666666666667

5 0.50625 0.8395833333333333 0.0125 0.020833333333333332
4 0.49140625 0.8 0.0109375 0.020833333333333332
4 0.375 0.46041666666666664 0.009375 0.008333333333333333
4 0.42109375 0.22395833333333334 0.0078125 0.014583333333333334
4 0.41171875 0.48333333333333334 0.0078125 0.020833333333333332
4 0.4125 0.47604166666666664 0.00625 0.010416666666666666
4 0.76953125 0.140625 0.0046875 0.00625
1 0.43984375 0.265625 0.0359375 0.022916666666666665
1 0.43515625 0.25 0.0328125 0.020833333333333332
