1 0.60078125 0.41458333333333336 0.0140625 0.0125
1 0.740625 0.390625 0.01875 0.014583333333333334
1 0.94921875 0.38125 0.0203125 0.016666666666666666
1 0.96015625 0.37083333333333335 0.0109375 0.008333333333333333
1 0.71328125 0.3770833333333333 0.0078125 0.004166666666666667
1 0.6421875 0.6270833333333333 0.0125 0.016666666666666666
1 0.659375 0.35104166666666664 0.025 0.035416666666666666
1 0.91171875 0.4166666666666667 0.0171875 0.0125
1 0.9125 0.415625 0.01875 0.010416666666666666
1 0.7484375 0.42291666666666666 0.025 0.029166666666666667
3 0.6015625 0.21666666666666667 0.01875 0.03333333333333333
1 0.65390625 0.33541666666666664 0.0171875 0.0125
1 0.38359375 0.08020833333333334 0.0328125 0.01875
1 0.3828125 0.06770833333333333 0.03125 0.01875
1 0.6546875 0.33645833333333336 0.01875 0.010416666666666666
1 0.65390625 0.33645833333333336 0.0171875 0.010416666666666666
1 0.5234375 0.0625 0.0125 0.016666666666666666

1 0.7703125 0.007291666666666667 0.009375 0.014583333333333334
5 0.65234375 0.12291666666666666 0.0109375 0.016666666666666666
1 0.66484375 0.12395833333333334 0.0140625 0.022916666666666665
1 0.65234375 0.09270833333333334 0.0140625 0.014583333333333334
5 0.7640625 0.303125 0.015625 0.022916666666666665
5 0.784375 0.28229166666666666 0.0125 0.01875
5 0.8671875 0.22708333333333333 0.0125 0.0125
5 0.846875 0.21041666666666667 0.009375 0.0125
5 0.85546875 0.20208333333333334 0.0078125 0.008333333333333333
5 0.88046875 0.16458333333333333 0.0109375 0.020833333333333332
1 0.8203125 0.27395833333333336 0.028125 0.027083333333333334
1 0.84375 0.25104166666666666 0.028125 0.027083333333333334
1 0.86796875 0.23229166666666667 0.0234375 0.03125
1 0.89375 0.20416666666666666 0.021875 0.025
1 0.909375 0.18333333333333332 0.021875 0.029166666666666667
3 0.940625 0.15104166666666666 0.0375 0.04375
1 0.94140625 0.128125 0.0171875 0.03125
1 0.9734375 0.10416666666666667 0.0125 0.0125
1 0.975 0.10625 0.015625 0.020833333333333332
1 0.996875 0.103125 0.00625 0.014583333333333334
1 0.97734375 0.13333333333333333 0.0140625 0.025
1 0.9578125 0.16666666666666666 0.01875 0.025
1 0.92890625 0.19375 0.0171875 0.016666666666666666
1 0.89375 0.20729166666666668 0.021875 0.022916666666666665
1 0.8875 0.24791666666666667 0.021875 0.03333333333333333
1 0.8609375 0.2625 0.021875 0.016666666666666666
1 0.83515625 0.2864583333333333 0.0296875 0.035416666666666666
1 0.84375 0.31145833333333334 0.028125 0.03125
3 0.87734375 0.2760416666666667 0.0328125 0.03958333333333333
1 0.9125 0.25 0.01875 0.025
3 0.9453125 0.209375 0.04375 0.04791666666666667
1 0.97421875 0.17708333333333334 0.0140625 0.016666666666666666
1 0.98828125 0.15729166666666666 0.0234375 0.03125
1 0.8765625 0.31354166666666666 0.025 0.027083333333333334
1 0.90859375 0.28229166666666666 0.0234375 0.027083333333333334
1 0.928125 0.25833333333333336 0.021875 0.016666666666666666
1 0.946875 0.240625 0.015625 0.01875
1 0.975 0.20833333333333334 0.01875 0.025
1 0.975 0.17708333333333334 0.015625 0.016666666666666666
1 0.8796875 0.34375 0.025 0.029166666666666667
1 0.91015625 0.31979166666666664 0.0328125 0.03958333333333333
1 0.93515625 0.28958333333333336 0.0265625 0.0375
1 0.959375 0.25625 0.015625 0.016666666666666666
1 0.97890625 0.23854166666666668 0.0171875 0.01875
1 0.90625 0.3572916666666667 0.028125 0.03125
1 0.93359375 0.3260416666666667 0.0234375 0.022916666666666665

1 0.9875 0.271875 0.01875 0.01875


5 0.971875 0.446875 0.01875 0.01875
4 0.77109375 0.31354166666666666 0.0109375 0.010416666666666666
5 0.67578125 0.03125 0.0046875 0.004166666666666667

5 0.5109375 0.8489583333333334 0.0125 0.01875
4 0.4765625 0.7895833333333333 0.0125 0.020833333333333332
4 0.37578125 0.46041666666666664 0.0078125 0.008333333333333333
4 0.421875 0.21979166666666666 0.00625 0.014583333333333334
4 0.41171875 0.4822916666666667 0.0078125 0.01875
4 0.41171875 0.47604166666666664 0.0046875 0.010416666666666666
4 0.7703125 0.140625 0.00625 0.00625
1 0.43984375 0.265625 0.0359375 0.022916666666666665
1 0.4359375 0.253125 0.034375 0.01875
