1 0.60078125 0.41458333333333336 0.0140625 0.0125
1 0.74453125 0.3927083333333333 0.0203125 0.014583333333333334
1 0.946875 0.38125 0.015625 0.016666666666666666
1 0.96484375 0.36875 0.0140625 0.008333333333333333
1 0.72109375 0.3770833333333333 0.0046875 0.004166666666666667
1 0.64453125 0.6375 0.0140625 0.0125
1 0.6640625 0.3541666666666667 0.028125 0.0375
1 0.92578125 0.4114583333333333 0.0078125 0.00625
1 0.92421875 0.41354166666666664 0.0140625 0.010416666666666666
1 0.7609375 0.425 0.021875 0.029166666666666667
3 0.60078125 0.20625 0.0171875 0.025
1 0.6609375 0.34479166666666666 0.021875 0.01875
1 0.38515625 0.08020833333333334 0.0328125 0.01875
1 0.38125 0.07083333333333333 0.03125 0.016666666666666666
1 0.659375 0.3375 0.015625 0.008333333333333333
1 0.6609375 0.34479166666666666 0.021875 0.01875
1 0.52265625 0.06458333333333334 0.0140625 0.016666666666666666

1 0.771875 0.009375 0.0125 0.01875
5 0.653125 0.11875 0.009375 0.016666666666666666
1 0.66484375 0.12395833333333334 0.0140625 0.022916666666666665
1 0.65234375 0.09270833333333334 0.0140625 0.014583333333333334
5 0.7640625 0.303125 0.015625 0.022916666666666665
5 0.78515625 0.2833333333333333 0.0109375 0.020833333333333332
5 0.8671875 0.22708333333333333 0.0125 0.0125
5 0.846875 0.2125 0.009375 0.0125
5 0.85625 0.20104166666666667 0.00625 0.00625
5 0.88046875 0.16666666666666666 0.0109375 0.025
1 0.8203125 0.27291666666666664 0.028125 0.025
1 0.84921875 0.24583333333333332 0.0203125 0.020833333333333332
1 0.86796875 0.23125 0.0234375 0.029166666666666667
1 0.8921875 0.20520833333333333 0.021875 0.022916666666666665
1 0.909375 0.18333333333333332 0.021875 0.029166666666666667
3 0.940625 0.15104166666666666 0.0375 0.04375
1 0.9390625 0.125 0.015625 0.0375
1 0.9734375 0.103125 0.0125 0.010416666666666666
1 0.975 0.10520833333333333 0.015625 0.022916666666666665
1 0.996875 0.10416666666666667 0.00625 0.0125
1 0.97578125 0.134375 0.0171875 0.027083333333333334
1 0.9578125 0.1625 0.01875 0.020833333333333332
1 0.92890625 0.19375 0.0171875 0.016666666666666666
1 0.89375 0.20729166666666668 0.021875 0.022916666666666665
1 0.88828125 0.24791666666666667 0.0234375 0.03333333333333333
1 0.8625 0.2625 0.021875 0.016666666666666666
1 0.83515625 0.2864583333333333 0.0296875 0.035416666666666666
1 0.84375 0.31145833333333334 0.028125 0.03125
3 0.87734375 0.2760416666666667 0.0328125 0.03958333333333333
1 0.9125 0.25 0.01875 0.025
3 0.9453125 0.209375 0.04375 0.04791666666666667
1 0.97265625 0.178125 0.0140625 0.01875
1 0.98828125 0.15416666666666667 0.0234375 0.03333333333333333
1 0.87734375 0.31354166666666666 0.0234375 0.027083333333333334
1 0.90859375 0.28229166666666666 0.0234375 0.027083333333333334
1 0.92890625 0.25833333333333336 0.0203125 0.016666666666666666
1 0.946875 0.240625 0.015625 0.01875
1 0.975 0.20729166666666668 0.01875 0.022916666666666665
1 0.975 0.17708333333333334 0.015625 0.016666666666666666
1 0.88046875 0.34270833333333334 0.0265625 0.027083333333333334
1 0.91015625 0.31979166666666664 0.0328125 0.03958333333333333
1 0.93515625 0.290625 0.0265625 0.035416666666666666
1 0.96015625 0.25625 0.0171875 0.016666666666666666
1 0.9796875 0.23854166666666668 0.015625 0.01875
1 0.90703125 0.3572916666666667 0.0265625 0.03125
1 0.9328125 0.32708333333333334 0.021875 0.025

1 0.9875 0.271875 0.01875 0.01875


5 0.98203125 0.44479166666666664 0.0203125 0.01875
4 0.771875 0.31354166666666666 0.009375 0.010416666666666666
5 0.67578125 0.03229166666666667 0.0046875 0.00625

5 0.5125 0.8541666666666666 0.015625 0.025
4 0.47890625 0.7885416666666667 0.0109375 0.014583333333333334
4 0.3765625 0.46041666666666664 0.009375 0.008333333333333333
4 0.42265625 0.21875 0.0078125 0.0125
4 0.41171875 0.4822916666666667 0.0078125 0.01875
4 0.41171875 0.47604166666666664 0.0046875 0.010416666666666666
4 0.76953125 0.140625 0.0046875 0.00625
1 0.43984375 0.265625 0.0359375 0.022916666666666665
1 0.43671875 0.253125 0.0328125 0.01875
