1 0.60078125 0.41458333333333336 0.0140625 0.0125
1 0.75625 0.3958333333333333 0.015625 0.0125
1 0.9515625 0.3729166666666667 0.01875 0.016666666666666666
1 0.971875 0.36354166666666665 0.009375 0.010416666666666666
1 0.72421875 0.3802083333333333 0.0078125 0.00625
1 0.646875 0.6541666666666667 0.015625 0.016666666666666666
1 0.6671875 0.35625 0.025 0.0375
1 0.92890625 0.40729166666666666 0.0078125 0.00625
1 0.92890625 0.4114583333333333 0.0140625 0.014583333333333334
1 0.77265625 0.41770833333333335 0.0171875 0.022916666666666665
3 0.60078125 0.20625 0.0171875 0.025
1 0.6640625 0.346875 0.021875 0.01875
1 0.38515625 0.08020833333333334 0.0328125 0.01875
1 0.38125 0.07083333333333333 0.03125 0.016666666666666666
1 0.6625 0.3416666666666667 0.015625 0.008333333333333333
1 0.66171875 0.34375 0.0171875 0.0125
1 0.52265625 0.065625 0.0140625 0.01875

1 0.77109375 0.007291666666666667 0.0078125 0.014583333333333334
5 0.6546875 0.11770833333333333 0.009375 0.01875
1 0.66484375 0.12395833333333334 0.0140625 0.022916666666666665
1 0.65234375 0.09270833333333334 0.0140625 0.014583333333333334
5 0.7640625 0.303125 0.015625 0.022916666666666665
5 0.784375 0.2833333333333333 0.0125 0.020833333333333332
5 0.8671875 0.22708333333333333 0.0125 0.0125
5 0.846875 0.21041666666666667 0.009375 0.0125
5 0.85625 0.2 0.00625 0.008333333333333333
5 0.88046875 0.165625 0.0109375 0.022916666666666665
1 0.8203125 0.27395833333333336 0.028125 0.027083333333333334
1 0.8453125 0.25104166666666666 0.025 0.027083333333333334
1 0.86796875 0.23229166666666667 0.0234375 0.03125
1 0.89375 0.203125 0.021875 0.022916666666666665
1 0.909375 0.18333333333333332 0.021875 0.029166666666666667
3 0.93984375 0.15104166666666666 0.0359375 0.04375
1 0.940625 0.12916666666666668 0.01875 0.03333333333333333
1 0.9734375 0.103125 0.0125 0.010416666666666666
1 0.975 0.103125 0.015625 0.022916666666666665
1 0.996875 0.10416666666666667 0.00625 0.0125
1 0.975 0.13541666666666666 0.015625 0.025
1 0.9578125 0.1625 0.01875 0.020833333333333332
1 0.9296875 0.19375 0.015625 0.016666666666666666
1 0.89375 0.20729166666666668 0.021875 0.022916666666666665
1 0.88828125 0.24791666666666667 0.0234375 0.03333333333333333
1 0.8625 0.2625 0.021875 0.016666666666666666
1 0.83515625 0.2875 0.0296875 0.03333333333333333
1 0.84375 0.31145833333333334 0.028125 0.03125
3 0.878125 0.2760416666666667 0.034375 0.03958333333333333
1 0.9125 0.25 0.01875 0.025
3 0.94765625 0.20625 0.0453125 0.05
1 0.97265625 0.178125 0.0140625 0.01875
1 0.98828125 0.15729166666666666 0.0234375 0.027083333333333334
1 0.878125 0.31354166666666666 0.025 0.027083333333333334
1 0.90859375 0.2833333333333333 0.0234375 0.025
1 0.928125 0.25833333333333336 0.021875 0.016666666666666666
1 0.946875 0.240625 0.015625 0.01875
1 0.97421875 0.2125 0.0203125 0.029166666666666667
1 0.97578125 0.17708333333333334 0.0140625 0.016666666666666666
1 0.88125 0.34270833333333334 0.025 0.027083333333333334
1 0.9109375 0.31979166666666664 0.03125 0.03958333333333333
1 0.9359375 0.28958333333333336 0.028125 0.0375
1 0.96015625 0.25625 0.0171875 0.016666666666666666
1 0.97890625 0.23854166666666668 0.0171875 0.01875
1 0.90390625 0.3614583333333333 0.0328125 0.03125
1 0.93359375 0.32708333333333334 0.0234375 0.025

1 0.98671875 0.271875 0.0171875 0.01875


5 0.99375 0.434375 0.0125 0.014583333333333334
4 0.771875 0.31354166666666666 0.009375 0.010416666666666666
5 0.6765625 0.030208333333333334 0.00625 0.00625

5 0.515625 0.8583333333333333 0.015625 0.025
4 0.48046875 0.7916666666666666 0.0109375 0.016666666666666666
4 0.3765625 0.46041666666666664 0.009375 0.008333333333333333
4 0.42265625 0.21875 0.0078125 0.0125
4 0.41171875 0.4822916666666667 0.0078125 0.01875
4 0.41171875 0.47708333333333336 0.0046875 0.0125
4 0.76953125 0.140625 0.0046875 0.00625
1 0.43984375 0.265625 0.0359375 0.022916666666666665
1 0.4359375 0.253125 0.034375 0.01875
