1 0.60078125 0.41458333333333336 0.0140625 0.0125
1 0.76328125 0.39791666666666664 0.0234375 0.0125
1 0.96484375 0.36666666666666664 0.0203125 0.020833333333333332
1 0.9828125 0.35208333333333336 0.0125 0.008333333333333333
1 0.734375 0.38645833333333335 0.00625 0.00625
1 0.659375 0.6791666666666667 0.0125 0.0125
1 0.6734375 0.3625 0.03125 0.03333333333333333
1 0.940625 0.39895833333333336 0.009375 0.010416666666666666
1 0.940625 0.4041666666666667 0.0125 0.016666666666666666
1 0.78671875 0.4197916666666667 0.0171875 0.022916666666666665
3 0.6015625 0.2 0.015625 0.020833333333333332
1 0.66875 0.35104166666666664 0.01875 0.014583333333333334
1 0.38515625 0.08020833333333334 0.0328125 0.01875
1 0.38125 0.07083333333333333 0.03125 0.016666666666666666
1 0.66953125 0.35208333333333336 0.0171875 0.0125
1 0.66796875 0.35208333333333336 0.0140625 0.0125
1 0.52421875 0.05625 0.0140625 0.025

1 0.771875 0.009375 0.0125 0.01875
5 0.6546875 0.11666666666666667 0.009375 0.020833333333333332
1 0.66484375 0.12395833333333334 0.0140625 0.022916666666666665
1 0.65234375 0.09270833333333334 0.0140625 0.014583333333333334
5 0.76484375 0.30416666666666664 0.0140625 0.020833333333333332
5 0.784375 0.284375 0.0125 0.022916666666666665
5 0.8671875 0.22708333333333333 0.0125 0.0125
5 0.846875 0.21041666666666667 0.009375 0.0125
5 0.85625 0.19895833333333332 0.00625 0.00625
5 0.88046875 0.165625 0.0109375 0.022916666666666665
1 0.82109375 0.27291666666666664 0.0265625 0.029166666666666667
1 0.84921875 0.24583333333333332 0.0203125 0.020833333333333332
1 0.86796875 0.23229166666666667 0.0234375 0.03125
1 0.8921875 0.20520833333333333 0.021875 0.022916666666666665
1 0.909375 0.18333333333333332 0.021875 0.029166666666666667
3 0.93828125 0.15104166666666666 0.0328125 0.04375
1 0.9390625 0.128125 0.015625 0.03125
1 0.97421875 0.103125 0.0109375 0.010416666666666666
1 0.9765625 0.103125 0.01875 0.022916666666666665
1 0.996875 0.10416666666666667 0.00625 0.0125
1 0.97578125 0.13541666666666666 0.0171875 0.025
1 0.95859375 0.16354166666666667 0.0171875 0.01875
1 0.9296875 0.19375 0.015625 0.016666666666666666
1 0.89375 0.20729166666666668 0.021875 0.022916666666666665
1 0.88828125 0.24583333333333332 0.0234375 0.029166666666666667
1 0.8625 0.2625 0.021875 0.016666666666666666
1 0.83515625 0.2875 0.0296875 0.03333333333333333
1 0.84375 0.3104166666666667 0.028125 0.03333333333333333
3 0.87734375 0.27708333333333335 0.0328125 0.0375
1 0.9125 0.25 0.01875 0.025
3 0.94609375 0.209375 0.0453125 0.04791666666666667
1 0.97265625 0.178125 0.0140625 0.01875
1 0.9890625 0.15416666666666667 0.021875 0.03333333333333333
1 0.8765625 0.315625 0.025 0.027083333333333334
1 0.909375 0.2833333333333333 0.021875 0.025
1 0.92890625 0.25833333333333336 0.0203125 0.016666666666666666
1 0.94765625 0.240625 0.0171875 0.01875
1 0.97265625 0.21354166666666666 0.0203125 0.03125
1 0.97578125 0.17708333333333334 0.0140625 0.016666666666666666
1 0.88125 0.34270833333333334 0.025 0.027083333333333334
1 0.9109375 0.31979166666666664 0.03125 0.03958333333333333
1 0.9359375 0.290625 0.028125 0.035416666666666666
1 0.959375 0.259375 0.01875 0.01875
1 0.9796875 0.23854166666666668 0.01875 0.01875
1 0.90703125 0.35833333333333334 0.0265625 0.029166666666666667
1 0.934375 0.32708333333333334 0.025 0.025

1 0.98671875 0.271875 0.0171875 0.01875



4 0.77265625 0.31354166666666666 0.0109375 0.010416666666666666
5 0.6765625 0.03229166666666667 0.00625 0.00625

5 0.51953125 0.8666666666666667 0.0140625 0.025
4 0.48203125 0.796875 0.0109375 0.01875
4 0.375 0.46041666666666664 0.009375 0.008333333333333333
4 0.4234375 0.21770833333333334 0.009375 0.010416666666666666
4 0.41171875 0.4822916666666667 0.0078125 0.01875
4 0.41171875 0.47604166666666664 0.0046875 0.010416666666666666
4 0.76953125 0.140625 0.0046875 0.00625
1 0.43984375 0.265625 0.0359375 0.022916666666666665
1 0.43671875 0.253125 0.0328125 0.01875
