1 0.60078125 0.41458333333333336 0.0140625 0.0125
1 0.771875 0.4 0.01875 0.0125
1 0.97265625 0.3572916666666667 0.0203125 0.01875
1 0.98984375 0.34479166666666666 0.0109375 0.010416666666666666
1 0.7421875 0.3885416666666667 0.00625 0.0020833333333333333
1 0.66328125 0.703125 0.0140625 0.014583333333333334
1 0.6875 0.378125 0.01875 0.022916666666666665
1 0.94453125 0.390625 0.0078125 0.00625
1 0.9453125 0.3927083333333333 0.0125 0.014583333333333334
1 0.79296875 0.41875 0.0203125 0.020833333333333332
3 0.60078125 0.19583333333333333 0.0140625 0.020833333333333332
1 0.67421875 0.35520833333333335 0.0203125 0.010416666666666666
1 0.38515625 0.08020833333333334 0.0328125 0.01875
1 0.3828125 0.07083333333333333 0.03125 0.016666666666666666
1 0.675 0.3541666666666667 0.01875 0.008333333333333333
1 0.675 0.359375 0.021875 0.014583333333333334
1 0.525 0.05520833333333333 0.0125 0.022916666666666665

1 0.771875 0.009375 0.0125 0.01875
5 0.6546875 0.11666666666666667 0.009375 0.020833333333333332
1 0.66484375 0.12395833333333334 0.0140625 0.022916666666666665
1 0.65234375 0.09270833333333334 0.0140625 0.014583333333333334
5 0.7640625 0.30416666666666664 0.015625 0.020833333333333332
5 0.784375 0.2833333333333333 0.0125 0.020833333333333332
5 0.8671875 0.22708333333333333 0.0125 0.0125
5 0.84765625 0.21041666666666667 0.0109375 0.0125
5 0.85625 0.2 0.00625 0.008333333333333333
5 0.88046875 0.165625 0.0109375 0.022916666666666665
1 0.82109375 0.27291666666666664 0.0265625 0.029166666666666667
1 0.8453125 0.25104166666666666 0.025 0.027083333333333334
1 0.86953125 0.23125 0.0234375 0.029166666666666667
1 0.89375 0.20416666666666666 0.021875 0.025
1 0.909375 0.18333333333333332 0.021875 0.029166666666666667
3 0.9390625 0.15104166666666666 0.034375 0.04375
1 0.94296875 0.12916666666666668 0.0171875 0.029166666666666667
1 0.97421875 0.103125 0.0109375 0.010416666666666666
1 0.97578125 0.10208333333333333 0.0171875 0.020833333333333332
1 0.996875 0.10416666666666667 0.00625 0.0125
1 0.975 0.13645833333333332 0.015625 0.027083333333333334
1 0.9578125 0.16666666666666666 0.01875 0.025
1 0.9296875 0.19375 0.015625 0.016666666666666666
1 0.89375 0.20729166666666668 0.021875 0.022916666666666665
1 0.88828125 0.246875 0.0234375 0.03125
1 0.8625 0.2625 0.021875 0.016666666666666666
1 0.83515625 0.2875 0.0296875 0.03333333333333333
1 0.84375 0.31145833333333334 0.028125 0.03125
3 0.878125 0.27708333333333335 0.034375 0.0375
1 0.9125 0.25 0.01875 0.025
3 0.9453125 0.21145833333333333 0.04375 0.04375
1 0.9734375 0.178125 0.015625 0.01875
1 0.9890625 0.15520833333333334 0.021875 0.035416666666666666
1 0.8765625 0.315625 0.025 0.027083333333333334
1 0.909375 0.2833333333333333 0.021875 0.025
1 0.928125 0.25833333333333336 0.021875 0.016666666666666666
1 0.94765625 0.240625 0.0171875 0.01875
1 0.97265625 0.21458333333333332 0.0203125 0.029166666666666667
1 0.97578125 0.17708333333333334 0.0140625 0.016666666666666666
1 0.88125 0.34270833333333334 0.025 0.027083333333333334
1 0.9125 0.31979166666666664 0.03125 0.03958333333333333
1 0.9359375 0.28958333333333336 0.028125 0.03333333333333333
1 0.959375 0.259375 0.01875 0.01875
1 0.98046875 0.23854166666666668 0.0171875 0.01875
1 0.90390625 0.36041666666666666 0.0328125 0.03333333333333333
1 0.9359375 0.3302083333333333 0.028125 0.03125

1 0.98671875 0.271875 0.0171875 0.01875



4 0.77265625 0.31354166666666666 0.0109375 0.010416666666666666
5 0.6765625 0.034375 0.00625 0.010416666666666666
5 0.56796875 0.8729166666666667 0.0953125 0.016666666666666666
5 0.5234375 0.871875 0.0125 0.01875
4 0.484375 0.803125 0.0125 0.01875
4 0.375 0.46041666666666664 0.009375 0.008333333333333333
4 0.4234375 0.21770833333333334 0.009375 0.010416666666666666
4 0.4109375 0.4822916666666667 0.00625 0.01875
4 0.41171875 0.47708333333333336 0.0046875 0.0125
4 0.76953125 0.140625 0.0046875 0.00625
1 0.440625 0.265625 0.034375 0.022916666666666665
1 0.43671875 0.25416666666666665 0.0328125 0.016666666666666666
