1 0.60078125 0.41458333333333336 0.0140625 0.0125
1 0.77421875 0.4041666666666667 0.0203125 0.0125
1 0.98125 0.353125 0.025 0.027083333333333334
1 0.99140625 0.3375 0.0109375 0.008333333333333333
1 0.74609375 0.390625 0.0046875 0.00625
1 0.6734375 0.7083333333333334 0.009375 0.0125
1 0.68359375 0.37083333333333335 0.0265625 0.0375
1 0.9515625 0.38958333333333334 0.009375 0.008333333333333333
1 0.953125 0.390625 0.0125 0.014583333333333334
1 0.8 0.41770833333333335 0.015625 0.01875
3 0.60078125 0.19583333333333333 0.0140625 0.020833333333333332
1 0.67734375 0.35625 0.0171875 0.0125
1 0.38515625 0.08020833333333334 0.0328125 0.01875
1 0.38203125 0.07083333333333333 0.0296875 0.016666666666666666
1 0.67734375 0.35625 0.0171875 0.008333333333333333
1 0.67578125 0.35625 0.0171875 0.008333333333333333
1 0.52578125 0.05625 0.0109375 0.020833333333333332

1 0.771875 0.009375 0.0125 0.01875
5 0.6546875 0.11666666666666667 0.009375 0.020833333333333332
1 0.66484375 0.12395833333333334 0.0140625 0.022916666666666665
1 0.65234375 0.09270833333333334 0.0140625 0.014583333333333334
5 0.7640625 0.303125 0.015625 0.022916666666666665
5 0.784375 0.2833333333333333 0.0125 0.020833333333333332
5 0.8671875 0.22708333333333333 0.0125 0.0125
5 0.8484375 0.21041666666666667 0.009375 0.0125
5 0.85625 0.2 0.00625 0.008333333333333333
5 0.88046875 0.16666666666666666 0.0109375 0.025
1 0.82109375 0.27291666666666664 0.0265625 0.029166666666666667
1 0.8453125 0.25104166666666666 0.025 0.027083333333333334
1 0.86875 0.23125 0.025 0.029166666666666667
1 0.89375 0.20520833333333333 0.021875 0.022916666666666665
1 0.909375 0.18333333333333332 0.021875 0.029166666666666667
3 0.93828125 0.15104166666666666 0.0328125 0.04375
1 0.94296875 0.12708333333333333 0.0171875 0.029166666666666667
1 0.97421875 0.103125 0.0109375 0.010416666666666666
1 0.9765625 0.10208333333333333 0.015625 0.020833333333333332
1 0.996875 0.10416666666666667 0.00625 0.0125
1 0.97734375 0.13541666666666666 0.0140625 0.025
1 0.95859375 0.16458333333333333 0.0171875 0.020833333333333332
1 0.9296875 0.19375 0.015625 0.016666666666666666
1 0.89375 0.20729166666666668 0.021875 0.022916666666666665
1 0.88828125 0.246875 0.0234375 0.03125
1 0.8625 0.2635416666666667 0.021875 0.01875
1 0.83515625 0.2875 0.0296875 0.03333333333333333
1 0.84375 0.31145833333333334 0.028125 0.03125
3 0.878125 0.27708333333333335 0.034375 0.0375
1 0.9125 0.25104166666666666 0.01875 0.022916666666666665
3 0.94453125 0.2125 0.0421875 0.041666666666666664
1 0.9734375 0.17916666666666667 0.015625 0.020833333333333332
1 0.9890625 0.159375 0.021875 0.03125
1 0.8765625 0.315625 0.025 0.027083333333333334
1 0.909375 0.2833333333333333 0.021875 0.025
1 0.92890625 0.25833333333333336 0.0203125 0.016666666666666666
1 0.94765625 0.240625 0.0171875 0.01875
1 0.97265625 0.215625 0.0203125 0.03125
1 0.97578125 0.17708333333333334 0.0140625 0.016666666666666666
1 0.88125 0.34270833333333334 0.025 0.027083333333333334
1 0.9109375 0.31979166666666664 0.03125 0.03958333333333333
1 0.93515625 0.28958333333333336 0.0265625 0.03333333333333333
1 0.96015625 0.25625 0.0171875 0.016666666666666666
1 0.9796875 0.23854166666666668 0.01875 0.01875
1 0.9078125 0.359375 0.028125 0.03125
1 0.934375 0.32708333333333334 0.025 0.025

1 0.98671875 0.271875 0.0171875 0.01875



4 0.77265625 0.3125 0.0109375 0.008333333333333333
5 0.6765625 0.034375 0.00625 0.010416666666666666
5 0.571875 0.8791666666666667 0.10625 0.029166666666666667
5 0.5234375 0.8739583333333333 0.0125 0.01875
4 0.48671875 0.8072916666666666 0.0109375 0.01875
4 0.375 0.46041666666666664 0.009375 0.008333333333333333
4 0.42265625 0.21770833333333334 0.0109375 0.010416666666666666
4 0.4109375 0.48333333333333334 0.00625 0.016666666666666666
4 0.41171875 0.47708333333333336 0.0046875 0.0125
4 0.76953125 0.140625 0.0046875 0.00625
1 0.440625 0.265625 0.034375 0.022916666666666665
1 0.43671875 0.25416666666666665 0.0328125 0.016666666666666666
