1 0.60078125 0.41458333333333336 0.0140625 0.0125
1 0.77890625 0.403125 0.0203125 0.010416666666666666
1 0.9828125 0.35 0.025 0.025
1 0.99375 0.3375 0.0125 0.008333333333333333
1 0.746875 0.39375 0.00625 0.008333333333333333
1 0.67578125 0.715625 0.0140625 0.010416666666666666
1 0.6921875 0.3802083333333333 0.01875 0.022916666666666665
1 0.953125 0.38645833333333335 0.00625 0.00625
1 0.9546875 0.38958333333333334 0.0125 0.016666666666666666
1 0.8015625 0.415625 0.015625 0.014583333333333334
3 0.60078125 0.19479166666666667 0.0140625 0.022916666666666665
1 0.67890625 0.35833333333333334 0.0171875 0.0125
1 0.38515625 0.08020833333333334 0.0328125 0.01875
1 0.38203125 0.07083333333333333 0.0296875 0.016666666666666666
1 0.678125 0.3572916666666667 0.015625 0.010416666666666666
1 0.67734375 0.359375 0.0171875 0.010416666666666666
1 0.52578125 0.05520833333333333 0.0109375 0.01875

1 0.771875 0.009375 0.0125 0.01875
5 0.6546875 0.11666666666666667 0.009375 0.020833333333333332
1 0.66484375 0.12395833333333334 0.0140625 0.022916666666666665
1 0.65234375 0.09270833333333334 0.0140625 0.014583333333333334
5 0.76484375 0.303125 0.0140625 0.022916666666666665
5 0.784375 0.2833333333333333 0.0125 0.020833333333333332
5 0.8671875 0.22708333333333333 0.0125 0.0125
5 0.8484375 0.21041666666666667 0.009375 0.0125
5 0.85625 0.2 0.00625 0.008333333333333333
5 0.88203125 0.1625 0.0109375 0.016666666666666666
1 0.82109375 0.27291666666666664 0.0265625 0.029166666666666667
1 0.846875 0.25104166666666666 0.025 0.027083333333333334
1 0.86875 0.23125 0.025 0.029166666666666667
1 0.89375 0.20520833333333333 0.021875 0.022916666666666665
1 0.909375 0.18333333333333332 0.021875 0.029166666666666667
3 0.9390625 0.15104166666666666 0.034375 0.04375
1 0.94296875 0.128125 0.0171875 0.03125
1 0.97421875 0.103125 0.0109375 0.010416666666666666
1 0.97734375 0.10208333333333333 0.0171875 0.020833333333333332
1 0.996875 0.10416666666666667 0.00625 0.0125
1 0.97734375 0.13541666666666666 0.0140625 0.025
1 0.95859375 0.16458333333333333 0.0171875 0.020833333333333332
1 0.92890625 0.19375 0.0171875 0.016666666666666666
1 0.89375 0.20729166666666668 0.021875 0.022916666666666665
1 0.8890625 0.24583333333333332 0.025 0.029166666666666667
1 0.8625 0.2625 0.021875 0.016666666666666666
1 0.83515625 0.2875 0.0296875 0.03333333333333333
1 0.84375 0.31145833333333334 0.028125 0.03125
3 0.878125 0.27708333333333335 0.034375 0.0375
1 0.9125 0.2520833333333333 0.01875 0.025
3 0.94453125 0.21354166666666666 0.0421875 0.04375
1 0.9734375 0.17916666666666667 0.015625 0.020833333333333332
1 0.98828125 0.15833333333333333 0.0234375 0.029166666666666667
1 0.8765625 0.315625 0.025 0.027083333333333334
1 0.909375 0.28229166666666666 0.021875 0.027083333333333334
1 0.928125 0.25833333333333336 0.021875 0.016666666666666666
1 0.94765625 0.240625 0.0171875 0.01875
1 0.97265625 0.215625 0.0203125 0.03125
1 0.97578125 0.17708333333333334 0.0140625 0.016666666666666666
1 0.88125 0.34270833333333334 0.025 0.027083333333333334
1 0.9109375 0.32083333333333336 0.03125 0.0375
1 0.93515625 0.290625 0.0265625 0.035416666666666666
1 0.96015625 0.25625 0.0171875 0.016666666666666666
1 0.98046875 0.23854166666666668 0.0171875 0.01875
1 0.9078125 0.35833333333333334 0.028125 0.029166666666666667
1 0.9359375 0.33125 0.028125 0.029166666666666667

1 0.98671875 0.271875 0.0171875 0.01875



4 0.7734375 0.3125 0.009375 0.008333333333333333
5 0.6765625 0.03229166666666667 0.00625 0.00625
5 0.5765625 0.8916666666666667 0.103125 0.029166666666666667
5 0.52421875 0.8760416666666667 0.0109375 0.01875
4 0.4859375 0.8083333333333333 0.0125 0.020833333333333332
4 0.375 0.46041666666666664 0.009375 0.008333333333333333
4 0.42265625 0.21770833333333334 0.0109375 0.010416666666666666
4 0.4109375 0.48333333333333334 0.00625 0.016666666666666666
4 0.41171875 0.47708333333333336 0.0046875 0.0125
4 0.76953125 0.140625 0.0046875 0.00625
1 0.43984375 0.265625 0.0359375 0.022916666666666665
1 0.43671875 0.2552083333333333 0.0328125 0.01875
