1 0.60078125 0.41458333333333336 0.0140625 0.0125
1 0.78671875 0.40625 0.0140625 0.0125
1 0.98359375 0.34791666666666665 0.0265625 0.029166666666666667
1 0.99453125 0.33541666666666664 0.0109375 0.0125
1 0.7515625 0.39375 0.003125 0.004166666666666667
1 0.6765625 0.7229166666666667 0.0125 0.0125
1 0.69453125 0.38229166666666664 0.0203125 0.022916666666666665
1 0.95546875 0.384375 0.0078125 0.010416666666666666
1 0.95625 0.3875 0.0125 0.016666666666666666
1 0.8046875 0.415625 0.015625 0.014583333333333334
3 0.60078125 0.19375 0.0140625 0.020833333333333332
1 0.68125 0.359375 0.015625 0.010416666666666666
1 0.38515625 0.08020833333333334 0.0328125 0.01875
1 0.38203125 0.071875 0.0296875 0.01875
1 0.68046875 0.359375 0.0140625 0.010416666666666666
1 0.68046875 0.3614583333333333 0.0140625 0.010416666666666666
1 0.52578125 0.05520833333333333 0.0109375 0.01875

1 0.771875 0.009375 0.0125 0.01875
5 0.65546875 0.11666666666666667 0.0078125 0.020833333333333332
1 0.66484375 0.12395833333333334 0.0140625 0.022916666666666665
1 0.65234375 0.09270833333333334 0.0140625 0.014583333333333334
5 0.76484375 0.30416666666666664 0.0140625 0.020833333333333332
5 0.784375 0.2833333333333333 0.0125 0.020833333333333332
5 0.8671875 0.22708333333333333 0.0125 0.0125
5 0.84765625 0.21041666666666667 0.0109375 0.0125
5 0.85625 0.2 0.00625 0.008333333333333333
5 0.88046875 0.16770833333333332 0.0109375 0.022916666666666665
1 0.82109375 0.27395833333333336 0.0265625 0.027083333333333334
1 0.846875 0.25104166666666666 0.025 0.027083333333333334
1 0.86953125 0.22708333333333333 0.0203125 0.025
1 0.89453125 0.20416666666666666 0.0203125 0.025
1 0.909375 0.18333333333333332 0.021875 0.029166666666666667
3 0.9390625 0.15104166666666666 0.034375 0.04375
1 0.94296875 0.12708333333333333 0.0171875 0.029166666666666667
1 0.97421875 0.10416666666666667 0.0109375 0.008333333333333333
1 0.9765625 0.10208333333333333 0.01875 0.020833333333333332
1 0.996875 0.10416666666666667 0.00625 0.0125
1 0.97734375 0.13541666666666666 0.0140625 0.025
1 0.95859375 0.16458333333333333 0.0171875 0.020833333333333332
1 0.92890625 0.19375 0.0171875 0.016666666666666666
1 0.89375 0.20729166666666668 0.021875 0.022916666666666665
1 0.88828125 0.24791666666666667 0.0234375 0.03333333333333333
1 0.8625 0.2625 0.021875 0.016666666666666666
1 0.83515625 0.2875 0.0296875 0.03333333333333333
1 0.84375 0.31145833333333334 0.028125 0.03125
3 0.87734375 0.27708333333333335 0.0328125 0.0375
1 0.9125 0.2520833333333333 0.01875 0.025
3 0.94453125 0.21458333333333332 0.0421875 0.041666666666666664
1 0.97421875 0.17708333333333334 0.0140625 0.016666666666666666
1 0.9890625 0.159375 0.021875 0.03125
1 0.8765625 0.31666666666666665 0.025 0.029166666666666667
1 0.909375 0.2833333333333333 0.021875 0.025
1 0.92890625 0.25833333333333336 0.0203125 0.016666666666666666
1 0.94765625 0.240625 0.0171875 0.01875
1 0.97265625 0.215625 0.0203125 0.03125
1 0.97578125 0.17708333333333334 0.0140625 0.016666666666666666
1 0.88125 0.34375 0.025 0.029166666666666667
1 0.9109375 0.32083333333333336 0.03125 0.0375
1 0.93515625 0.290625 0.0265625 0.035416666666666666
1 0.96015625 0.25625 0.0171875 0.016666666666666666
1 0.98046875 0.23854166666666668 0.0171875 0.01875
1 0.9078125 0.3572916666666667 0.028125 0.03125
1 0.9359375 0.32708333333333334 0.025 0.025

1 0.98671875 0.271875 0.0171875 0.01875



4 0.7734375 0.3125 0.009375 0.008333333333333333
5 0.6765625 0.03333333333333333 0.00625 0.008333333333333333
5 0.57734375 0.8989583333333333 0.1109375 0.035416666666666666
5 0.5265625 0.878125 0.0125 0.01875
4 0.48515625 0.809375 0.0140625 0.022916666666666665
4 0.375 0.46041666666666664 0.009375 0.008333333333333333
4 0.42265625 0.21770833333333334 0.0109375 0.010416666666666666
4 0.4109375 0.48333333333333334 0.00625 0.016666666666666666
4 0.41171875 0.47708333333333336 0.0046875 0.0125
4 0.76875 0.140625 0.00625 0.00625
1 0.440625 0.265625 0.034375 0.022916666666666665
1 0.43671875 0.25416666666666665 0.0328125 0.016666666666666666
