1 0.60078125 0.41458333333333336 0.0140625 0.0125
1 0.7875 0.4083333333333333 0.01875 0.0125
1 0.9828125 0.35 0.025 0.025
1 0.99609375 0.334375 0.0078125 0.014583333333333334
1 0.75390625 0.39375 0.0046875 0.004166666666666667
1 0.678125 0.7291666666666666 0.015625 0.008333333333333333
1 0.696875 0.384375 0.01875 0.022916666666666665
1 0.95625 0.38229166666666664 0.00625 0.010416666666666666
1 0.9578125 0.3854166666666667 0.009375 0.016666666666666666
1 0.80625 0.41458333333333336 0.01875 0.0125
3 0.60078125 0.19166666666666668 0.0140625 0.020833333333333332
1 0.68125 0.36354166666666665 0.01875 0.014583333333333334
1 0.38515625 0.08020833333333334 0.0328125 0.01875
1 0.3828125 0.071875 0.03125 0.01875
1 0.6828125 0.3614583333333333 0.015625 0.010416666666666666
1 0.68046875 0.3645833333333333 0.0171875 0.0125
1 0.52578125 0.05520833333333333 0.0109375 0.01875

1 0.771875 0.009375 0.0125 0.01875
5 0.6546875 0.11666666666666667 0.009375 0.020833333333333332
1 0.66484375 0.12395833333333334 0.0140625 0.022916666666666665
1 0.65234375 0.09270833333333334 0.0140625 0.014583333333333334
5 0.76484375 0.303125 0.0140625 0.022916666666666665
5 0.78359375 0.28229166666666666 0.0109375 0.022916666666666665
5 0.8671875 0.22708333333333333 0.0125 0.0125
5 0.846875 0.21145833333333333 0.009375 0.010416666666666666
5 0.85703125 0.2 0.0078125 0.008333333333333333
5 0.88046875 0.16666666666666666 0.0109375 0.020833333333333332
1 0.82109375 0.27395833333333336 0.0265625 0.027083333333333334
1 0.84921875 0.246875 0.0203125 0.022916666666666665
1 0.86953125 0.23229166666666667 0.0234375 0.03125
1 0.89453125 0.20416666666666666 0.0203125 0.025
1 0.909375 0.18333333333333332 0.021875 0.029166666666666667
3 0.9390625 0.15104166666666666 0.034375 0.04375
1 0.94296875 0.128125 0.0171875 0.03125
1 0.9734375 0.103125 0.0125 0.010416666666666666
1 0.9796875 0.10208333333333333 0.021875 0.020833333333333332
1 0.996875 0.10416666666666667 0.00625 0.0125
1 0.97734375 0.134375 0.0140625 0.022916666666666665
1 0.95859375 0.16458333333333333 0.0171875 0.020833333333333332
1 0.92890625 0.19479166666666667 0.0171875 0.014583333333333334
1 0.89296875 0.20729166666666668 0.0203125 0.022916666666666665
1 0.8890625 0.246875 0.025 0.03125
1 0.8625 0.2625 0.021875 0.016666666666666666
1 0.83515625 0.28854166666666664 0.0296875 0.035416666666666666
1 0.84375 0.31145833333333334 0.028125 0.03125
3 0.878125 0.27708333333333335 0.034375 0.0375
1 0.9125 0.25 0.01875 0.025
3 0.94453125 0.21354166666666666 0.0421875 0.04375
1 0.97421875 0.17708333333333334 0.0140625 0.016666666666666666
1 0.9890625 0.15833333333333333 0.021875 0.029166666666666667
1 0.8765625 0.31666666666666665 0.025 0.029166666666666667
1 0.909375 0.2833333333333333 0.021875 0.025
1 0.92890625 0.25833333333333336 0.0203125 0.016666666666666666
1 0.94765625 0.240625 0.0171875 0.01875
1 0.9734375 0.215625 0.021875 0.03125
1 0.97578125 0.17708333333333334 0.0140625 0.016666666666666666
1 0.88125 0.34270833333333334 0.025 0.027083333333333334
1 0.9109375 0.32083333333333336 0.03125 0.0375
1 0.93515625 0.290625 0.0265625 0.035416666666666666
1 0.96015625 0.25625 0.0171875 0.016666666666666666
1 0.9796875 0.23854166666666668 0.01875 0.01875
1 0.90390625 0.3614583333333333 0.0328125 0.03125
1 0.93515625 0.32708333333333334 0.0234375 0.025

1 0.98671875 0.271875 0.0171875 0.01875



4 0.7734375 0.3125 0.009375 0.008333333333333333
5 0.6765625 0.03333333333333333 0.00625 0.008333333333333333
5 0.578125 0.9 0.115625 0.041666666666666664
5 0.528125 0.8822916666666667 0.015625 0.022916666666666665
4 0.48515625 0.8114583333333333 0.0140625 0.022916666666666665
4 0.37578125 0.46041666666666664 0.0078125 0.008333333333333333
4 0.42265625 0.21770833333333334 0.0109375 0.010416666666666666
4 0.4109375 0.48333333333333334 0.00625 0.016666666666666666
4 0.41171875 0.47708333333333336 0.0046875 0.0125
4 0.76953125 0.140625 0.0046875 0.00625
1 0.43984375 0.265625 0.0359375 0.022916666666666665
1 0.4375 0.2552083333333333 0.03125 0.01875
