1 0.60078125 0.41458333333333336 0.0140625 0.0125
1 0.7953125 0.4083333333333333 0.01875 0.0125
1 0.990625 0.3416666666666667 0.01875 0.03333333333333333
1 0.996875 0.33125 0.00625 0.0125
1 0.76015625 0.39895833333333336 0.0078125 0.00625
1 0.68671875 0.746875 0.0140625 0.010416666666666666
1 0.6984375 0.38958333333333334 0.021875 0.025
1 0.95859375 0.378125 0.0078125 0.010416666666666666
1 0.959375 0.3770833333333333 0.009375 0.016666666666666666
1 0.815625 0.4166666666666667 0.015625 0.0125
3 0.60078125 0.19166666666666668 0.0140625 0.020833333333333332
1 0.6859375 0.365625 0.01875 0.010416666666666666
1 0.38515625 0.08020833333333334 0.0328125 0.01875
1 0.38203125 0.07291666666666667 0.0296875 0.016666666666666666
1 0.6875 0.365625 0.015625 0.010416666666666666
1 0.684375 0.365625 0.015625 0.010416666666666666
1 0.52578125 0.057291666666666664 0.0109375 0.014583333333333334

1 0.77265625 0.009375 0.0140625 0.01875
5 0.6546875 0.11666666666666667 0.009375 0.020833333333333332
1 0.66484375 0.12395833333333334 0.0140625 0.022916666666666665
1 0.65234375 0.09270833333333334 0.0140625 0.014583333333333334
5 0.76484375 0.303125 0.0140625 0.022916666666666665
5 0.78359375 0.28125 0.0109375 0.020833333333333332
5 0.8671875 0.22708333333333333 0.0125 0.0125
5 0.846875 0.21145833333333333 0.009375 0.010416666666666666
5 0.85703125 0.20104166666666667 0.0078125 0.00625
5 0.88046875 0.16875 0.0109375 0.020833333333333332
1 0.821875 0.27395833333333336 0.025 0.027083333333333334
1 0.846875 0.25104166666666666 0.025 0.027083333333333334
1 0.8703125 0.22604166666666667 0.021875 0.022916666666666665
1 0.89453125 0.20520833333333333 0.0203125 0.022916666666666665
1 0.909375 0.18333333333333332 0.021875 0.029166666666666667
3 0.9390625 0.15104166666666666 0.034375 0.04375
1 0.9390625 0.13125 0.01875 0.03333333333333333
1 0.97421875 0.10520833333333333 0.0109375 0.010416666666666666
1 0.97734375 0.10208333333333333 0.0171875 0.020833333333333332
1 0.996875 0.10520833333333333 0.00625 0.014583333333333334
1 0.97734375 0.13541666666666666 0.0140625 0.025
1 0.95859375 0.16458333333333333 0.0171875 0.020833333333333332
1 0.92890625 0.19375 0.0171875 0.016666666666666666
1 0.89375 0.20729166666666668 0.021875 0.022916666666666665
1 0.8890625 0.246875 0.025 0.03125
1 0.8625 0.2635416666666667 0.021875 0.01875
1 0.83515625 0.28854166666666664 0.0296875 0.035416666666666666
1 0.84375 0.31145833333333334 0.028125 0.03125
3 0.87734375 0.27708333333333335 0.0328125 0.0375
1 0.9125 0.2520833333333333 0.01875 0.025
3 0.94375 0.215625 0.040625 0.03958333333333333
1 0.97421875 0.17708333333333334 0.0140625 0.016666666666666666
1 0.9890625 0.15833333333333333 0.021875 0.029166666666666667
1 0.8765625 0.31666666666666665 0.025 0.029166666666666667
1 0.909375 0.2833333333333333 0.021875 0.025
1 0.92890625 0.25833333333333336 0.0203125 0.016666666666666666
1 0.94765625 0.240625 0.0171875 0.01875
1 0.97265625 0.21666666666666667 0.0234375 0.03333333333333333
1 0.97578125 0.17708333333333334 0.0140625 0.016666666666666666
1 0.88125 0.34375 0.025 0.029166666666666667
1 0.909375 0.32083333333333336 0.03125 0.0375
1 0.93515625 0.290625 0.0265625 0.035416666666666666
1 0.96015625 0.25729166666666664 0.0171875 0.014583333333333334
1 0.98046875 0.23854166666666668 0.0171875 0.01875
1 0.90390625 0.3614583333333333 0.0328125 0.03125
1 0.93515625 0.32708333333333334 0.0234375 0.025

1 0.98671875 0.271875 0.0171875 0.01875



4 0.7734375 0.3125 0.009375 0.008333333333333333
5 0.6765625 0.034375 0.00625 0.00625
5 0.58671875 0.9104166666666667 0.1234375 0.05416666666666667
5 0.52890625 0.884375 0.0140625 0.022916666666666665
4 0.48515625 0.8166666666666667 0.0140625 0.020833333333333332
4 0.3765625 0.46041666666666664 0.009375 0.008333333333333333
4 0.421875 0.21770833333333334 0.0125 0.010416666666666666
4 0.41171875 0.48333333333333334 0.0078125 0.016666666666666666
4 0.41171875 0.47708333333333336 0.0046875 0.0125
4 0.76953125 0.140625 0.0046875 0.00625
1 0.440625 0.265625 0.034375 0.022916666666666665
1 0.4375 0.25416666666666665 0.03125 0.016666666666666666
