1 0.60078125 0.41458333333333336 0.0140625 0.0125
1 0.8015625 0.41041666666666665 0.015625 0.0125
1 0.99140625 0.340625 0.0171875 0.03958333333333333

1 0.7640625 0.4 0.003125 0.004166666666666667
1 0.690625 0.7552083333333334 0.009375 0.010416666666666666
1 0.69921875 0.38958333333333334 0.0234375 0.03333333333333333
1 0.9640625 0.371875 0.00625 0.00625
1 0.9640625 0.37604166666666666 0.0125 0.014583333333333334
1 0.81953125 0.415625 0.0140625 0.010416666666666666
3 0.60078125 0.190625 0.0140625 0.01875
1 0.68984375 0.36770833333333336 0.0171875 0.010416666666666666
1 0.38515625 0.08020833333333334 0.0328125 0.01875
1 0.3828125 0.06875 0.03125 0.016666666666666666
1 0.68984375 0.36666666666666664 0.0171875 0.008333333333333333
1 0.6875 0.36770833333333336 0.015625 0.010416666666666666
1 0.52578125 0.057291666666666664 0.0109375 0.014583333333333334

1 0.77265625 0.009375 0.0140625 0.01875
5 0.6546875 0.11666666666666667 0.009375 0.020833333333333332
1 0.66484375 0.12395833333333334 0.0140625 0.022916666666666665
1 0.65234375 0.09270833333333334 0.0140625 0.014583333333333334
5 0.7640625 0.303125 0.015625 0.022916666666666665
5 0.78359375 0.28125 0.0109375 0.020833333333333332
5 0.8671875 0.22708333333333333 0.0125 0.0125
5 0.8484375 0.21145833333333333 0.009375 0.010416666666666666
5 0.85703125 0.2 0.0078125 0.008333333333333333
5 0.88125 0.16458333333333333 0.009375 0.016666666666666666
1 0.82109375 0.27291666666666664 0.0265625 0.025
1 0.846875 0.25104166666666666 0.025 0.027083333333333334
1 0.86953125 0.23229166666666667 0.0234375 0.03125
1 0.89453125 0.20520833333333333 0.0203125 0.022916666666666665
1 0.909375 0.18333333333333332 0.021875 0.029166666666666667
3 0.9390625 0.15104166666666666 0.034375 0.04375
1 0.9390625 0.13020833333333334 0.015625 0.03125
1 0.97421875 0.10520833333333333 0.0109375 0.010416666666666666
1 0.9796875 0.10104166666666667 0.021875 0.022916666666666665
1 0.996875 0.10416666666666667 0.00625 0.0125
1 0.9765625 0.13645833333333332 0.015625 0.027083333333333334
1 0.95859375 0.16458333333333333 0.0171875 0.020833333333333332
1 0.92890625 0.19479166666666667 0.0171875 0.014583333333333334
1 0.89375 0.20729166666666668 0.021875 0.022916666666666665
1 0.8890625 0.246875 0.025 0.03125
1 0.8625 0.2635416666666667 0.021875 0.01875
1 0.8359375 0.28854166666666664 0.028125 0.035416666666666666
1 0.84375 0.31145833333333334 0.028125 0.03125
3 0.878125 0.27708333333333335 0.034375 0.0375
1 0.9125 0.2520833333333333 0.01875 0.025
3 0.94375 0.21458333333333332 0.040625 0.041666666666666664
1 0.9734375 0.17916666666666667 0.015625 0.020833333333333332
1 0.9890625 0.15833333333333333 0.021875 0.029166666666666667
1 0.8765625 0.31666666666666665 0.025 0.029166666666666667
1 0.909375 0.2833333333333333 0.021875 0.025
1 0.92890625 0.25833333333333336 0.0203125 0.016666666666666666
1 0.94765625 0.240625 0.0171875 0.01875
1 0.97265625 0.21666666666666667 0.0234375 0.03333333333333333
1 0.97578125 0.17708333333333334 0.0140625 0.016666666666666666
1 0.88125 0.34375 0.025 0.029166666666666667
1 0.91015625 0.32083333333333336 0.0328125 0.0375
1 0.934375 0.290625 0.028125 0.035416666666666666
1 0.96015625 0.25625 0.0171875 0.016666666666666666
1 0.98046875 0.23854166666666668 0.0171875 0.01875
1 0.9078125 0.35833333333333334 0.028125 0.029166666666666667
1 0.93515625 0.328125 0.0234375 0.027083333333333334

1 0.9859375 0.271875 0.01875 0.01875



4 0.7734375 0.3125 0.009375 0.008333333333333333
5 0.6765625 0.03333333333333333 0.00625 0.008333333333333333
5 0.58984375 0.9135416666666667 0.1296875 0.06875
5 0.53125 0.8885416666666667 0.015625 0.022916666666666665
4 0.48671875 0.8197916666666667 0.0171875 0.022916666666666665
4 0.3765625 0.46041666666666664 0.009375 0.008333333333333333
4 0.421875 0.21770833333333334 0.0125 0.010416666666666666
4 0.41171875 0.4822916666666667 0.0078125 0.01875
4 0.4125 0.47604166666666664 0.00625 0.010416666666666666
4 0.76953125 0.140625 0.0046875 0.00625
1 0.440625 0.265625 0.034375 0.022916666666666665
1 0.43671875 0.25416666666666665 0.0328125 0.016666666666666666
