1 0.60078125 0.41458333333333336 0.0140625 0.0125
1 0.80625 0.4125 0.01875 0.0125
1 0.9921875 0.340625 0.015625 0.035416666666666666
1 0.99765625 0.32395833333333335 0.0046875 0.010416666666666666
1 0.77421875 0.40208333333333335 0.0046875 0.004166666666666667
1 0.6953125 0.7791666666666667 0.015625 0.0125
1 0.70859375 0.39791666666666664 0.0203125 0.025
1 0.971875 0.365625 0.00625 0.00625
1 0.97265625 0.36666666666666664 0.0078125 0.016666666666666666
1 0.83046875 0.415625 0.0140625 0.010416666666666666
3 0.60078125 0.19166666666666668 0.0140625 0.020833333333333332
1 0.69609375 0.371875 0.0171875 0.010416666666666666
1 0.38515625 0.08020833333333334 0.0328125 0.01875
1 0.38359375 0.06770833333333333 0.0296875 0.01875
1 0.69609375 0.37083333333333335 0.0140625 0.008333333333333333
1 0.6953125 0.3729166666666667 0.015625 0.008333333333333333
1 0.5296875 0.058333333333333334 0.009375 0.0125

1 0.77265625 0.009375 0.0140625 0.01875
5 0.65546875 0.11666666666666667 0.0078125 0.020833333333333332
1 0.66484375 0.125 0.0140625 0.020833333333333332
1 0.65234375 0.09270833333333334 0.0140625 0.014583333333333334
5 0.7640625 0.30416666666666664 0.015625 0.025
5 0.7828125 0.28125 0.0125 0.020833333333333332
5 0.8671875 0.22708333333333333 0.0125 0.0125
5 0.84765625 0.21145833333333333 0.0109375 0.010416666666666666
5 0.85703125 0.20104166666666667 0.0078125 0.00625
5 0.88046875 0.16875 0.0109375 0.020833333333333332
1 0.821875 0.27395833333333336 0.028125 0.027083333333333334
1 0.846875 0.25104166666666666 0.025 0.027083333333333334
1 0.86953125 0.23229166666666667 0.0234375 0.03125
1 0.89453125 0.20520833333333333 0.0203125 0.022916666666666665
1 0.909375 0.18333333333333332 0.021875 0.029166666666666667
3 0.9390625 0.15104166666666666 0.034375 0.04375
1 0.93828125 0.13020833333333334 0.0171875 0.03125
1 0.97421875 0.10520833333333333 0.0109375 0.010416666666666666
1 0.9796875 0.10104166666666667 0.021875 0.022916666666666665
1 0.996875 0.10416666666666667 0.00625 0.0125
1 0.97734375 0.13645833333333332 0.0140625 0.022916666666666665
1 0.95859375 0.16458333333333333 0.0171875 0.020833333333333332
1 0.92890625 0.19479166666666667 0.0171875 0.014583333333333334
1 0.89296875 0.20729166666666668 0.0203125 0.022916666666666665
1 0.8890625 0.246875 0.025 0.03125
1 0.8625 0.2625 0.021875 0.016666666666666666
1 0.8359375 0.28854166666666664 0.028125 0.035416666666666666
1 0.84375 0.31145833333333334 0.028125 0.03125
3 0.87734375 0.278125 0.0359375 0.03958333333333333
1 0.91328125 0.2520833333333333 0.0171875 0.025
3 0.94453125 0.21666666666666667 0.0421875 0.041666666666666664
1 0.97421875 0.17708333333333334 0.0140625 0.016666666666666666
1 0.9890625 0.15833333333333333 0.021875 0.029166666666666667
1 0.8765625 0.31666666666666665 0.025 0.029166666666666667
1 0.909375 0.284375 0.021875 0.027083333333333334
1 0.92890625 0.25833333333333336 0.0203125 0.016666666666666666
1 0.9484375 0.240625 0.015625 0.01875
1 0.97265625 0.21666666666666667 0.0234375 0.03333333333333333
1 0.97578125 0.178125 0.0140625 0.01875
1 0.88125 0.34375 0.025 0.029166666666666667
1 0.9140625 0.3145833333333333 0.025 0.029166666666666667
1 0.9359375 0.290625 0.028125 0.035416666666666666
1 0.96015625 0.25625 0.0171875 0.016666666666666666
1 0.98046875 0.23854166666666668 0.0171875 0.01875
1 0.9078125 0.3572916666666667 0.028125 0.03125
1 0.934375 0.32708333333333334 0.025 0.025

1 0.9859375 0.271875 0.015625 0.01875



4 0.7734375 0.3125 0.009375 0.008333333333333333
5 0.6765625 0.03229166666666667 0.00625 0.00625
5 0.48828125 0.81875 0.0140625 0.020833333333333332
5 0.53671875 0.8916666666666667 0.0140625 0.020833333333333332
4 0.4828125 0.8291666666666667 0.028125 0.0375
4 0.3765625 0.46041666666666664 0.009375 0.008333333333333333
4 0.4203125 0.21770833333333334 0.0125 0.010416666666666666
4 0.4109375 0.48333333333333334 0.00625 0.016666666666666666
4 0.41171875 0.47708333333333336 0.0046875 0.0125
4 0.76953125 0.140625 0.0046875 0.00625
1 0.440625 0.265625 0.034375 0.022916666666666665
1 0.4375 0.25416666666666665 0.03125 0.016666666666666666
