1 0.60078125 0.41458333333333336 0.0140625 0.0125
1 0.81875 0.41354166666666664 0.015625 0.010416666666666666
1 0.99375 0.33541666666666664 0.0125 0.020833333333333332
1 0.96484375 0.36354166666666665 0.0046875 0.00625
1 0.78125 0.4041666666666667 0.00625 0.004166666666666667
1 0.70625 0.7947916666666667 0.0125 0.010416666666666666
1 0.7140625 0.4010416666666667 0.021875 0.027083333333333334
1 0.97421875 0.3614583333333333 0.0078125 0.010416666666666666
1 0.975 0.3625 0.009375 0.020833333333333332
1 0.83828125 0.4166666666666667 0.0140625 0.008333333333333333
3 0.6015625 0.18958333333333333 0.015625 0.020833333333333332
1 0.70234375 0.375 0.0203125 0.0125
1 0.38515625 0.08020833333333334 0.0328125 0.01875
1 0.3828125 0.07083333333333333 0.03125 0.016666666666666666
1 0.703125 0.37604166666666666 0.01875 0.010416666666666666
1 0.696875 0.378125 0.015625 0.010416666666666666
1 0.53046875 0.059375 0.0109375 0.010416666666666666

1 0.77265625 0.009375 0.0140625 0.01875
5 0.65546875 0.11666666666666667 0.0078125 0.020833333333333332
1 0.66484375 0.125 0.0140625 0.020833333333333332
1 0.65390625 0.09270833333333334 0.0140625 0.014583333333333334
5 0.76484375 0.303125 0.0140625 0.022916666666666665
5 0.784375 0.28125 0.0125 0.020833333333333332
5 0.8671875 0.22708333333333333 0.0125 0.0125
5 0.84765625 0.21145833333333333 0.0109375 0.010416666666666666
5 0.85703125 0.20104166666666667 0.0078125 0.00625
5 0.88125 0.16458333333333333 0.009375 0.016666666666666666
1 0.8203125 0.27395833333333336 0.028125 0.027083333333333334
1 0.84609375 0.25104166666666666 0.0265625 0.027083333333333334
1 0.87109375 0.22604166666666667 0.0203125 0.022916666666666665
1 0.89453125 0.20520833333333333 0.0203125 0.022916666666666665
1 0.909375 0.18333333333333332 0.021875 0.029166666666666667
3 0.9390625 0.15104166666666666 0.034375 0.04375
1 0.93515625 0.128125 0.0171875 0.03125
1 0.97421875 0.10520833333333333 0.0109375 0.010416666666666666
1 0.98046875 0.09895833333333333 0.0234375 0.022916666666666665
1 0.996875 0.10520833333333333 0.00625 0.014583333333333334
1 0.978125 0.134375 0.015625 0.022916666666666665
1 0.9578125 0.16875 0.01875 0.025
1 0.92890625 0.19479166666666667 0.0171875 0.014583333333333334
1 0.89375 0.20729166666666668 0.021875 0.022916666666666665
1 0.8890625 0.246875 0.025 0.03125
1 0.8625 0.2635416666666667 0.021875 0.01875
1 0.8359375 0.28854166666666664 0.028125 0.035416666666666666
1 0.84375 0.31145833333333334 0.028125 0.03125
3 0.87734375 0.278125 0.0359375 0.03958333333333333
1 0.91328125 0.2520833333333333 0.0171875 0.025
3 0.94296875 0.215625 0.0421875 0.04375
1 0.97421875 0.17708333333333334 0.0140625 0.016666666666666666
1 0.98828125 0.15833333333333333 0.0234375 0.029166666666666667
1 0.8765625 0.31666666666666665 0.025 0.029166666666666667
1 0.909375 0.284375 0.021875 0.027083333333333334
1 0.9296875 0.25833333333333336 0.021875 0.016666666666666666
1 0.94765625 0.240625 0.0171875 0.01875
1 0.97265625 0.21666666666666667 0.0234375 0.03333333333333333
1 0.9765625 0.178125 0.015625 0.01875
1 0.88125 0.34479166666666666 0.025 0.027083333333333334
1 0.91328125 0.3145833333333333 0.0234375 0.029166666666666667
1 0.9359375 0.290625 0.028125 0.035416666666666666
1 0.9609375 0.25729166666666664 0.015625 0.014583333333333334
1 0.98046875 0.23958333333333334 0.0171875 0.016666666666666666
1 0.9078125 0.359375 0.028125 0.03125
1 0.9359375 0.3302083333333333 0.028125 0.027083333333333334

1 0.98671875 0.271875 0.0171875 0.01875



4 0.77421875 0.3125 0.0078125 0.008333333333333333
5 0.6765625 0.03229166666666667 0.00625 0.00625
5 0.49140625 0.825 0.0171875 0.020833333333333332
5 0.5390625 0.89375 0.015625 0.020833333333333332
4 0.4828125 0.8302083333333333 0.028125 0.035416666666666666
4 0.3765625 0.46145833333333336 0.009375 0.010416666666666666
4 0.42109375 0.21770833333333334 0.0140625 0.010416666666666666
4 0.41171875 0.484375 0.0078125 0.01875
4 0.41171875 0.47708333333333336 0.0046875 0.0125
4 0.7703125 0.140625 0.00625 0.00625
1 0.440625 0.265625 0.034375 0.022916666666666665
1 0.43984375 0.24479166666666666 0.0265625 0.014583333333333334
