1 0.60078125 0.41458333333333336 0.0140625 0.0125
1 0.82578125 0.415625 0.0171875 0.014583333333333334
1 0.99296875 0.365625 0.0140625 0.010416666666666666

1 0.79375 0.40625 0.003125 0.004166666666666667
1 0.7140625 0.8260416666666667 0.01875 0.014583333333333334
1 0.7234375 0.4041666666666667 0.01875 0.025
1 0.9875 0.3489583333333333 0.00625 0.010416666666666666
1 0.9890625 0.35 0.009375 0.016666666666666666
1 0.85078125 0.4166666666666667 0.0109375 0.008333333333333333
3 0.60078125 0.19166666666666668 0.0140625 0.020833333333333332
1 0.70859375 0.38125 0.0171875 0.008333333333333333
1 0.38515625 0.08020833333333334 0.0328125 0.01875
1 0.3828125 0.07083333333333333 0.03125 0.016666666666666666
1 0.709375 0.38125 0.015625 0.008333333333333333
1 0.70390625 0.38333333333333336 0.0140625 0.008333333333333333
1 0.53203125 0.0625 0.0109375 0.0125

1 0.771875 0.009375 0.015625 0.01875
5 0.6546875 0.11666666666666667 0.009375 0.020833333333333332
1 0.665625 0.125 0.0125 0.020833333333333332
1 0.65625 0.09375 0.015625 0.016666666666666666
5 0.76484375 0.30416666666666664 0.0140625 0.020833333333333332
5 0.7875 0.28125 0.009375 0.016666666666666666
5 0.8671875 0.22708333333333333 0.0125 0.0125
5 0.846875 0.2125 0.009375 0.0125
5 0.85625 0.20208333333333334 0.00625 0.004166666666666667
5 0.88125 0.165625 0.009375 0.014583333333333334
1 0.821875 0.27395833333333336 0.028125 0.027083333333333334
1 0.84609375 0.25104166666666666 0.0265625 0.027083333333333334
1 0.8703125 0.23125 0.021875 0.029166666666666667
1 0.89453125 0.20520833333333333 0.0203125 0.022916666666666665
1 0.909375 0.18333333333333332 0.021875 0.029166666666666667
3 0.9390625 0.15104166666666666 0.034375 0.04375
1 0.94453125 0.11770833333333333 0.0140625 0.022916666666666665
1 0.975 0.10520833333333333 0.0125 0.010416666666666666
1 0.98046875 0.1 0.0234375 0.025
1 0.996875 0.10520833333333333 0.00625 0.014583333333333334
1 0.9765625 0.13645833333333332 0.015625 0.027083333333333334
1 0.9578125 0.16875 0.01875 0.025
1 0.92890625 0.19479166666666667 0.0171875 0.014583333333333334
1 0.89375 0.20729166666666668 0.021875 0.022916666666666665
1 0.88984375 0.23958333333333334 0.0203125 0.020833333333333332
1 0.8625 0.2635416666666667 0.021875 0.01875
1 0.8359375 0.2875 0.028125 0.03333333333333333
1 0.84375 0.31145833333333334 0.028125 0.03125
3 0.87734375 0.278125 0.0359375 0.03958333333333333
1 0.91328125 0.2520833333333333 0.0171875 0.025
3 0.9421875 0.21666666666666667 0.040625 0.041666666666666664
1 0.97421875 0.17708333333333334 0.0140625 0.016666666666666666
1 0.9890625 0.159375 0.021875 0.03125
1 0.8765625 0.31666666666666665 0.025 0.029166666666666667
1 0.909375 0.284375 0.021875 0.027083333333333334
1 0.9296875 0.25833333333333336 0.021875 0.016666666666666666
1 0.9484375 0.240625 0.015625 0.01875
1 0.97265625 0.21666666666666667 0.0234375 0.03333333333333333
1 0.97578125 0.178125 0.0140625 0.01875
1 0.88125 0.34479166666666666 0.025 0.027083333333333334
1 0.9140625 0.3145833333333333 0.025 0.029166666666666667
1 0.9359375 0.290625 0.028125 0.035416666666666666
1 0.9609375 0.25729166666666664 0.015625 0.014583333333333334
1 0.98046875 0.23958333333333334 0.0171875 0.016666666666666666
1 0.9078125 0.359375 0.028125 0.027083333333333334
1 0.93515625 0.328125 0.0234375 0.027083333333333334

1 0.98671875 0.271875 0.0171875 0.01875



4 0.77421875 0.3125 0.0078125 0.008333333333333333
5 0.6765625 0.03229166666666667 0.00625 0.00625
5 0.4890625 0.8354166666666667 0.0125 0.020833333333333332
5 0.54140625 0.9041666666666667 0.0171875 0.020833333333333332
4 0.49375 0.78125 0.009375 0.016666666666666666
4 0.3765625 0.46041666666666664 0.009375 0.008333333333333333
4 0.4203125 0.21770833333333334 0.015625 0.010416666666666666
4 0.4125 0.48333333333333334 0.00625 0.016666666666666666
4 0.41171875 0.47708333333333336 0.0046875 0.0125
4 0.7703125 0.140625 0.00625 0.00625
1 0.440625 0.26666666666666666 0.034375 0.020833333333333332
1 0.43984375 0.24270833333333333 0.0265625 0.01875
