1 0.60078125 0.41458333333333336 0.0140625 0.0125
1 0.83359375 0.4166666666666667 0.0203125 0.0125
1 0.990625 0.3614583333333333 0.009375 0.0020833333333333333
1 0.975 0.353125 0.009375 0.010416666666666666

1 0.72265625 0.84375 0.0171875 0.0125
1 0.72890625 0.40729166666666666 0.0203125 0.022916666666666665
1 0.98828125 0.34375 0.0078125 0.0125
1 0.99140625 0.3458333333333333 0.0109375 0.025
1 0.86015625 0.4166666666666667 0.0109375 0.008333333333333333
3 0.6 0.20104166666666667 0.015625 0.01875
1 0.71484375 0.384375 0.0203125 0.010416666666666666
1 0.38515625 0.08020833333333334 0.0328125 0.01875
1 0.38359375 0.06770833333333333 0.0296875 0.01875
1 0.71484375 0.384375 0.0203125 0.010416666666666666
1 0.71015625 0.3854166666666667 0.0171875 0.008333333333333333
1 0.5328125 0.06458333333333334 0.009375 0.0125

1 0.77265625 0.009375 0.0140625 0.01875
5 0.6546875 0.11666666666666667 0.009375 0.020833333333333332
1 0.66640625 0.125 0.0140625 0.020833333333333332
1 0.65625 0.09375 0.015625 0.016666666666666666
5 0.76484375 0.30520833333333336 0.0140625 0.022916666666666665
5 0.7890625 0.28125 0.009375 0.0125
5 0.8671875 0.22708333333333333 0.0125 0.0125
5 0.84765625 0.2125 0.0109375 0.0125
5 0.85625 0.20208333333333334 0.00625 0.004166666666666667
5 0.88125 0.16354166666666667 0.009375 0.014583333333333334
1 0.8203125 0.27395833333333336 0.028125 0.027083333333333334
1 0.84609375 0.25104166666666666 0.0265625 0.027083333333333334
1 0.87109375 0.22604166666666667 0.0203125 0.022916666666666665
1 0.89453125 0.20520833333333333 0.0203125 0.022916666666666665
1 0.909375 0.18333333333333332 0.021875 0.029166666666666667
3 0.95 0.140625 0.028125 0.03958333333333333
1 0.94375 0.115625 0.015625 0.022916666666666665
1 0.975 0.10520833333333333 0.0125 0.010416666666666666
1 0.9796875 0.1 0.021875 0.025
1 0.996875 0.10520833333333333 0.00625 0.014583333333333334
1 0.978125 0.13645833333333332 0.015625 0.022916666666666665
1 0.9578125 0.17083333333333334 0.01875 0.029166666666666667
1 0.92890625 0.19479166666666667 0.0171875 0.014583333333333334
1 0.89296875 0.20729166666666668 0.0203125 0.022916666666666665
1 0.88984375 0.23958333333333334 0.0203125 0.020833333333333332
1 0.8625 0.2635416666666667 0.021875 0.01875
1 0.8359375 0.28854166666666664 0.028125 0.035416666666666666
1 0.84375 0.3125 0.028125 0.03333333333333333
3 0.87734375 0.278125 0.0359375 0.03958333333333333
1 0.91328125 0.2520833333333333 0.0171875 0.025
3 0.94296875 0.215625 0.0421875 0.04375
1 0.97421875 0.17708333333333334 0.0140625 0.016666666666666666
1 0.9890625 0.16041666666666668 0.021875 0.029166666666666667
1 0.8765625 0.31666666666666665 0.025 0.029166666666666667
1 0.909375 0.284375 0.021875 0.027083333333333334
1 0.9296875 0.25833333333333336 0.021875 0.016666666666666666
1 0.94765625 0.240625 0.0171875 0.01875
1 0.97265625 0.21666666666666667 0.0234375 0.03333333333333333
1 0.97578125 0.17708333333333334 0.0140625 0.016666666666666666
1 0.88125 0.34479166666666666 0.025 0.027083333333333334
1 0.91328125 0.31875 0.0296875 0.0375
1 0.93828125 0.2833333333333333 0.0234375 0.025
1 0.9609375 0.25729166666666664 0.015625 0.014583333333333334
1 0.98046875 0.23958333333333334 0.0171875 0.016666666666666666
1 0.90546875 0.3614583333333333 0.0328125 0.03125
1 0.93515625 0.328125 0.0234375 0.027083333333333334

1 0.98671875 0.271875 0.0171875 0.01875



4 0.77265625 0.31354166666666666 0.0109375 0.010416666666666666
5 0.6765625 0.03229166666666667 0.00625 0.00625
5 0.49296875 0.8322916666666667 0.0140625 0.022916666666666665
5 0.54375 0.90625 0.01875 0.025
4 0.496875 0.7875 0.0125 0.020833333333333332
4 0.3765625 0.46145833333333336 0.009375 0.00625
4 0.41953125 0.21770833333333334 0.0171875 0.010416666666666666
4 0.4109375 0.48333333333333334 0.00625 0.016666666666666666
4 0.41171875 0.478125 0.0046875 0.010416666666666666
4 0.7703125 0.140625 0.00625 0.00625
1 0.440625 0.26666666666666666 0.034375 0.020833333333333332
1 0.43984375 0.24166666666666667 0.0265625 0.020833333333333332
