1 0.60078125 0.41458333333333336 0.0140625 0.0125
1 0.8375 0.4166666666666667 0.01875 0.016666666666666666
1 0.98125 0.4166666666666667 0.003125 0.008333333333333333

1 0.8109375 0.41354166666666664 0.003125 0.00625
1 0.728125 0.8625 0.01875 0.0125
1 0.7359375 0.409375 0.01875 0.022916666666666665
1 0.996875 0.33541666666666664 0.00625 0.0125
1 0.99765625 0.33541666666666664 0.0046875 0.0125
1 0.86640625 0.415625 0.0109375 0.010416666666666666
3 0.60078125 0.19270833333333334 0.0140625 0.01875
1 0.7203125 0.3854166666666667 0.01875 0.008333333333333333
1 0.38515625 0.08020833333333334 0.0328125 0.01875
1 0.38359375 0.07083333333333333 0.0328125 0.016666666666666666
1 0.72109375 0.38645833333333335 0.0171875 0.00625
1 0.715625 0.3875 0.015625 0.008333333333333333
1 0.5328125 0.06666666666666667 0.009375 0.0125

1 0.77265625 0.009375 0.0140625 0.01875
5 0.6546875 0.11666666666666667 0.009375 0.020833333333333332
1 0.66640625 0.125 0.0140625 0.020833333333333332
1 0.65390625 0.09375 0.0140625 0.016666666666666666
5 0.76484375 0.30520833333333336 0.0140625 0.022916666666666665
5 0.7984375 0.28854166666666664 0.009375 0.014583333333333334
5 0.8671875 0.22708333333333333 0.0125 0.0125
5 0.84765625 0.21145833333333333 0.0109375 0.010416666666666666
5 0.85703125 0.20208333333333334 0.0078125 0.004166666666666667
5 0.88125 0.16458333333333333 0.009375 0.0125
1 0.81953125 0.2760416666666667 0.0296875 0.027083333333333334
1 0.84609375 0.25104166666666666 0.0265625 0.027083333333333334
1 0.8703125 0.23125 0.021875 0.029166666666666667
1 0.89453125 0.20520833333333333 0.0203125 0.022916666666666665
1 0.91015625 0.18333333333333332 0.0234375 0.029166666666666667
3 0.93828125 0.15104166666666666 0.0328125 0.04375
1 0.94453125 0.11458333333333333 0.0140625 0.020833333333333332
1 0.975 0.10520833333333333 0.0125 0.010416666666666666
1 0.9828125 0.096875 0.025 0.027083333333333334
1 0.996875 0.10520833333333333 0.00625 0.014583333333333334
1 0.9765625 0.13645833333333332 0.015625 0.027083333333333334
1 0.9578125 0.17083333333333334 0.01875 0.029166666666666667
1 0.928125 0.19583333333333333 0.01875 0.016666666666666666
1 0.89375 0.20729166666666668 0.021875 0.022916666666666665
1 0.88984375 0.23854166666666668 0.0203125 0.022916666666666665
1 0.86328125 0.2635416666666667 0.0203125 0.01875
1 0.8359375 0.28854166666666664 0.028125 0.035416666666666666
1 0.84375 0.31145833333333334 0.028125 0.03125
3 0.878125 0.278125 0.034375 0.03958333333333333
1 0.91328125 0.2520833333333333 0.0171875 0.025
3 0.94296875 0.21666666666666667 0.0421875 0.041666666666666664
1 0.97421875 0.17916666666666667 0.0140625 0.020833333333333332
1 0.98828125 0.16041666666666668 0.0234375 0.029166666666666667
1 0.8765625 0.31666666666666665 0.025 0.029166666666666667
1 0.909375 0.284375 0.021875 0.027083333333333334
1 0.9296875 0.2625 0.021875 0.020833333333333332
1 0.94765625 0.240625 0.0171875 0.01875
1 0.971875 0.21666666666666667 0.021875 0.03333333333333333
1 0.97578125 0.178125 0.0140625 0.01875
1 0.88125 0.3458333333333333 0.025 0.029166666666666667
1 0.9140625 0.31875 0.028125 0.0375
1 0.93671875 0.28958333333333336 0.0296875 0.03333333333333333
1 0.9609375 0.25729166666666664 0.015625 0.014583333333333334
1 0.98046875 0.23854166666666668 0.0171875 0.01875
1 0.9046875 0.3614583333333333 0.034375 0.03125
1 0.934375 0.328125 0.021875 0.027083333333333334

1 0.9859375 0.271875 0.015625 0.01875



4 0.77421875 0.3125 0.0078125 0.008333333333333333
5 0.6765625 0.03229166666666667 0.00625 0.00625
5 0.49453125 0.8333333333333334 0.0140625 0.020833333333333332
5 0.54609375 0.9083333333333333 0.0171875 0.025
4 0.5 0.7885416666666667 0.009375 0.014583333333333334
4 0.3765625 0.4625 0.009375 0.008333333333333333
4 0.41875 0.21770833333333334 0.015625 0.010416666666666666
4 0.41171875 0.48333333333333334 0.0078125 0.016666666666666666
4 0.41171875 0.47708333333333336 0.0046875 0.0125
4 0.7703125 0.13958333333333334 0.00625 0.008333333333333333
1 0.440625 0.265625 0.034375 0.022916666666666665
1 0.43984375 0.24166666666666667 0.0265625 0.020833333333333332
