1 0.60078125 0.41458333333333336 0.0140625 0.0125
1 0.8359375 0.4166666666666667 0.01875 0.016666666666666666
1 0.98125 0.41770833333333335 0.003125 0.00625

1 0.8109375 0.4125 0.003125 0.004166666666666667
1 0.73515625 0.8666666666666667 0.0140625 0.0125
1 0.73671875 0.4125 0.0203125 0.025
1 0.996875 0.334375 0.00625 0.014583333333333334
1 0.99609375 0.334375 0.0078125 0.01875
1 0.86875 0.41458333333333336 0.009375 0.008333333333333333
3 0.60078125 0.19270833333333334 0.0140625 0.01875
1 0.72109375 0.38645833333333335 0.0171875 0.00625
1 0.38515625 0.08020833333333334 0.0328125 0.01875
1 0.38359375 0.071875 0.0328125 0.014583333333333334
1 0.721875 0.38645833333333335 0.015625 0.00625
1 0.71796875 0.3875 0.0140625 0.008333333333333333
1 0.534375 0.06770833333333333 0.009375 0.014583333333333334

1 0.77265625 0.009375 0.0140625 0.01875
5 0.6546875 0.11666666666666667 0.009375 0.020833333333333332
1 0.66640625 0.125 0.0140625 0.020833333333333332
1 0.65625 0.09375 0.015625 0.016666666666666666
5 0.76484375 0.30520833333333336 0.0140625 0.022916666666666665
5 0.79921875 0.28854166666666664 0.0109375 0.014583333333333334
5 0.86796875 0.22708333333333333 0.0140625 0.0125
5 0.84765625 0.21145833333333333 0.0109375 0.010416666666666666
5 0.85703125 0.20104166666666667 0.0078125 0.00625
5 0.88046875 0.16770833333333332 0.0109375 0.01875
1 0.8203125 0.2760416666666667 0.028125 0.027083333333333334
1 0.846875 0.25104166666666666 0.025 0.027083333333333334
1 0.8703125 0.23125 0.021875 0.029166666666666667
1 0.8953125 0.20520833333333333 0.021875 0.022916666666666665
1 0.909375 0.18333333333333332 0.021875 0.029166666666666667
3 0.9390625 0.15 0.034375 0.04583333333333333
1 0.9453125 0.115625 0.015625 0.022916666666666665
1 0.975 0.10520833333333333 0.0125 0.010416666666666666
1 0.9828125 0.096875 0.025 0.027083333333333334
1 0.996875 0.10520833333333333 0.00625 0.014583333333333334
1 0.978125 0.13541666666666666 0.015625 0.025
1 0.9578125 0.17083333333333334 0.01875 0.029166666666666667
1 0.928125 0.196875 0.01875 0.01875
1 0.89296875 0.20729166666666668 0.0203125 0.022916666666666665
1 0.8890625 0.24375 0.021875 0.025
1 0.86328125 0.2635416666666667 0.0203125 0.01875
1 0.8359375 0.28854166666666664 0.028125 0.035416666666666666
1 0.84375 0.31145833333333334 0.028125 0.03125
3 0.878125 0.278125 0.034375 0.03958333333333333
1 0.91328125 0.2520833333333333 0.0171875 0.025
3 0.94296875 0.21770833333333334 0.0421875 0.03958333333333333
1 0.97421875 0.17916666666666667 0.0140625 0.020833333333333332
1 0.9890625 0.15833333333333333 0.021875 0.029166666666666667
1 0.87734375 0.31666666666666665 0.0234375 0.029166666666666667
1 0.909375 0.284375 0.021875 0.027083333333333334
1 0.9296875 0.2625 0.021875 0.020833333333333332
1 0.9484375 0.240625 0.015625 0.01875
1 0.971875 0.21666666666666667 0.021875 0.03333333333333333
1 0.9765625 0.17708333333333334 0.015625 0.016666666666666666
1 0.88125 0.3458333333333333 0.025 0.029166666666666667
1 0.91328125 0.32083333333333336 0.0296875 0.0375
1 0.9375 0.28854166666666664 0.028125 0.03125
1 0.9609375 0.25729166666666664 0.015625 0.014583333333333334
1 0.98046875 0.23854166666666668 0.0171875 0.01875
1 0.9078125 0.359375 0.028125 0.027083333333333334
1 0.9359375 0.3302083333333333 0.028125 0.027083333333333334

1 0.9859375 0.271875 0.015625 0.01875



4 0.77421875 0.3125 0.0078125 0.008333333333333333
5 0.6765625 0.03229166666666667 0.00625 0.00625
5 0.4953125 0.834375 0.0125 0.01875
5 0.546875 0.909375 0.015625 0.022916666666666665
4 0.50078125 0.790625 0.0109375 0.014583333333333334
4 0.3765625 0.4625 0.009375 0.008333333333333333
4 0.41875 0.21770833333333334 0.015625 0.010416666666666666
4 0.41171875 0.48333333333333334 0.0078125 0.016666666666666666
4 0.41171875 0.47708333333333336 0.0046875 0.0125
4 0.7703125 0.140625 0.00625 0.00625
1 0.440625 0.26666666666666666 0.034375 0.020833333333333332
1 0.43984375 0.23958333333333334 0.0265625 0.020833333333333332
