1 0.60078125 0.41458333333333336 0.0140625 0.0125
1 0.84140625 0.41770833333333335 0.0234375 0.014583333333333334


1 0.81796875 0.4125 0.0046875 0.004166666666666667
1 0.740625 0.8770833333333333 0.015625 0.008333333333333333
1 0.74140625 0.41458333333333336 0.0203125 0.025
1 0.9984375 0.33229166666666665 0.003125 0.01875
1 0.9984375 0.3333333333333333 0.003125 0.020833333333333332
1 0.87578125 0.415625 0.0109375 0.010416666666666666
3 0.6 0.19166666666666668 0.015625 0.020833333333333332
1 0.7234375 0.3885416666666667 0.015625 0.00625
1 0.38515625 0.08020833333333334 0.0328125 0.01875
1 0.38359375 0.071875 0.0328125 0.014583333333333334
1 0.7234375 0.3885416666666667 0.015625 0.00625
1 0.7234375 0.390625 0.015625 0.00625
1 0.534375 0.06979166666666667 0.009375 0.014583333333333334

1 0.77265625 0.009375 0.0140625 0.01875
5 0.6546875 0.11666666666666667 0.009375 0.020833333333333332
1 0.66640625 0.125 0.0140625 0.020833333333333332
1 0.65625 0.09479166666666666 0.015625 0.01875
5 0.765625 0.30520833333333336 0.015625 0.022916666666666665
5 0.79921875 0.290625 0.0078125 0.014583333333333334
5 0.8671875 0.22708333333333333 0.0125 0.0125
5 0.84765625 0.21145833333333333 0.0109375 0.010416666666666666
5 0.85703125 0.20208333333333334 0.0078125 0.004166666666666667
5 0.88125 0.16458333333333333 0.009375 0.0125
1 0.8203125 0.2760416666666667 0.028125 0.027083333333333334
1 0.84609375 0.25104166666666666 0.0265625 0.027083333333333334
1 0.87109375 0.23229166666666667 0.0234375 0.027083333333333334
1 0.89453125 0.20416666666666666 0.0203125 0.025
1 0.9109375 0.18333333333333332 0.021875 0.029166666666666667
3 0.93828125 0.15104166666666666 0.0328125 0.04375
1 0.94609375 0.11458333333333333 0.0140625 0.020833333333333332
1 0.975 0.10520833333333333 0.0125 0.010416666666666666
1 0.9828125 0.096875 0.025 0.027083333333333334
1 0.996875 0.10416666666666667 0.00625 0.0125
1 0.978125 0.13541666666666666 0.015625 0.025
1 0.9578125 0.17083333333333334 0.01875 0.029166666666666667
1 0.928125 0.196875 0.01875 0.01875
1 0.89375 0.20729166666666668 0.021875 0.022916666666666665
1 0.8890625 0.24375 0.021875 0.025
1 0.86328125 0.2604166666666667 0.0203125 0.025
1 0.8359375 0.28854166666666664 0.028125 0.035416666666666666
1 0.84375 0.31145833333333334 0.028125 0.03125
3 0.87734375 0.278125 0.0359375 0.03958333333333333
1 0.91328125 0.2520833333333333 0.0171875 0.025
3 0.94140625 0.21770833333333334 0.0421875 0.03958333333333333
1 0.97421875 0.17708333333333334 0.0140625 0.016666666666666666
1 0.9890625 0.159375 0.021875 0.027083333333333334
1 0.878125 0.31666666666666665 0.025 0.029166666666666667
1 0.909375 0.284375 0.021875 0.027083333333333334
1 0.9296875 0.2625 0.021875 0.020833333333333332
1 0.9484375 0.240625 0.015625 0.01875
1 0.971875 0.21666666666666667 0.021875 0.03333333333333333
1 0.97578125 0.178125 0.0140625 0.01875
1 0.88125 0.3458333333333333 0.025 0.029166666666666667
1 0.91328125 0.31979166666666664 0.0296875 0.03958333333333333
1 0.9375 0.2875 0.028125 0.03333333333333333
1 0.96015625 0.259375 0.0171875 0.01875
1 0.98046875 0.23854166666666668 0.0171875 0.01875
1 0.90546875 0.3614583333333333 0.0328125 0.03125
1 0.93515625 0.32708333333333334 0.0234375 0.025

1 0.9859375 0.271875 0.015625 0.01875



4 0.77421875 0.3125 0.0078125 0.008333333333333333
5 0.6765625 0.03333333333333333 0.00625 0.008333333333333333
5 0.496875 0.8354166666666667 0.0125 0.016666666666666666
5 0.55 0.9104166666666667 0.0125 0.020833333333333332
4 0.50390625 0.796875 0.0109375 0.01875
4 0.3765625 0.4625 0.009375 0.008333333333333333
4 0.41875 0.21770833333333334 0.015625 0.010416666666666666
4 0.41171875 0.484375 0.0078125 0.01875
4 0.41171875 0.47708333333333336 0.0046875 0.0125
4 0.7703125 0.140625 0.00625 0.00625
1 0.440625 0.265625 0.034375 0.022916666666666665
1 0.440625 0.23958333333333334 0.025 0.020833333333333332
