1 0.53671875 0.128125 0.0171875 0.022916666666666665
1 0.58671875 0.26145833333333335 0.0171875 0.027083333333333334
1 0.58046875 0.23125 0.0140625 0.020833333333333332
1 0.56953125 0.19270833333333334 0.0140625 0.027083333333333334
1 0.56484375 0.16145833333333334 0.0109375 0.01875
1 0.55625 0.14479166666666668 0.0125 0.014583333333333334
1 0.60703125 0.25104166666666666 0.0203125 0.035416666666666666
1 0.59609375 0.215625 0.0171875 0.022916666666666665
1 0.5890625 0.190625 0.01875 0.027083333333333334
1 0.584375 0.16354166666666667 0.015625 0.022916666666666665
3 0.578125 0.13125 0.015625 0.0375
1 0.56875 0.10729166666666666 0.01875 0.027083333333333334
1 0.38515625 0.078125 0.0328125 0.01875
1 0.38359375 0.06875 0.0328125 0.016666666666666666
1 0.58203125 0.06458333333333334 0.0140625 0.025
1 0.59375 0.007291666666666667 0.0125 0.014583333333333334
1 0.5625 0.009375 0.01875 0.01875
1 0.575 0.004166666666666667 0.009375 0.008333333333333333
1 0.59375 0.010416666666666666 0.0125 0.020833333333333332
5 0.65625 0.11979166666666667 0.00625 0.010416666666666666
1 0.6703125 0.12083333333333333 0.015625 0.020833333333333332
1 0.6546875 0.08854166666666667 0.0125 0.014583333333333334
5 0.7625 0.296875 0.01875 0.014583333333333334
5 0.7875 0.27708333333333335 0.009375 0.016666666666666666
5 0.8109375 0.253125 0.015625 0.014583333333333334
5 0.80390625 0.26145833333333335 0.0109375 0.014583333333333334
5 0.85859375 0.196875 0.0078125 0.010416666666666666
5 0.89765625 0.16354166666666667 0.0109375 0.014583333333333334
1 0.8234375 0.2677083333333333 0.028125 0.027083333333333334
1 0.84921875 0.24583333333333332 0.0265625 0.029166666666666667
1 0.8703125 0.225 0.025 0.029166666666666667
1 0.89453125 0.19895833333333332 0.0203125 0.022916666666666665
1 0.91328125 0.17395833333333333 0.0203125 0.022916666666666665
3 0.94140625 0.14166666666666666 0.0359375 0.04583333333333333
1 0.96484375 0.1125 0.0203125 0.020833333333333332
1 0.97578125 0.09791666666666667 0.0109375 0.0125
1 0.99296875 0.07395833333333333 0.0140625 0.014583333333333334
1 0.99765625 0.10104166666666667 0.0046875 0.014583333333333334
1 0.978125 0.13333333333333333 0.015625 0.025
1 0.959375 0.15833333333333333 0.01875 0.025
1 0.93515625 0.18645833333333334 0.0203125 0.01875
1 0.9140625 0.21354166666666666 0.021875 0.027083333333333334
1 0.890625 0.23541666666666666 0.021875 0.025
1 0.86328125 0.2625 0.0234375 0.025
1 0.83984375 0.28229166666666666 0.0296875 0.035416666666666666
1 0.8453125 0.3072916666666667 0.028125 0.035416666666666666
3 0.8796875 0.271875 0.034375 0.03958333333333333
1 0.9140625 0.24375 0.01875 0.025
3 0.94921875 0.19791666666666666 0.0421875 0.05
1 0.97578125 0.171875 0.0140625 0.01875
1 0.99140625 0.15104166666666666 0.0171875 0.027083333333333334
1 0.87734375 0.3125 0.0265625 0.029166666666666667
1 0.9109375 0.278125 0.021875 0.03125
1 0.93046875 0.253125 0.0203125 0.022916666666666665
1 0.9515625 0.23854166666666668 0.021875 0.022916666666666665
1 0.97578125 0.20729166666666668 0.0203125 0.027083333333333334
1 0.9921875 0.18020833333333333 0.015625 0.022916666666666665
1 0.8828125 0.3416666666666667 0.025 0.03333333333333333
1 0.915625 0.3104166666666667 0.028125 0.03333333333333333
1 0.93828125 0.28229166666666666 0.0265625 0.03125
1 0.96328125 0.2520833333333333 0.0171875 0.020833333333333332
1 0.9828125 0.234375 0.01875 0.01875
1 0.90703125 0.35625 0.0328125 0.03333333333333333
1 0.934375 0.32708333333333334 0.025 0.029166666666666667

1 0.9765625 0.290625 0.028125 0.03125

5 0.98828125 0.8166666666666667 0.0234375 0.029166666666666667
5 0.75234375 0.3645833333333333 0.0078125 0.016666666666666666
4 0.796875 0.34375 0.009375 0.016666666666666666
5 0.6125 0.005208333333333333 0.00625 0.010416666666666666
5 0.43046875 0.7833333333333333 0.0171875 0.020833333333333332
5 0.48515625 0.7958333333333333 0.0203125 0.029166666666666667
4 0.46015625 0.7697916666666667 0.0109375 0.022916666666666665
4 0.3796875 0.4625 0.009375 0.008333333333333333
4 0.42109375 0.23020833333333332 0.0078125 0.01875
4 0.41171875 0.4875 0.0078125 0.020833333333333332
4 0.40234375 0.484375 0.0078125 0.010416666666666666
4 0.80390625 0.13333333333333333 0.0078125 0.0125
1 0.44140625 0.265625 0.0359375 0.022916666666666665
1 0.43984375 0.25 0.0296875 0.020833333333333332
