1 0.60078125 0.41458333333333336 0.0140625 0.0125
1 0.85078125 0.4197916666666667 0.0234375 0.01875
1 0.6015625 0.21041666666666667 0.0125 0.020833333333333332
1 0.59921875 0.203125 0.0109375 0.014583333333333334
1 0.8296875 0.41354166666666664 0.003125 0.0020833333333333333
1 0.7453125 0.8947916666666667 0.01875 0.014583333333333334
1 0.7453125 0.41770833333333335 0.021875 0.027083333333333334
1 0.9984375 0.32916666666666666 0.003125 0.025
1 0.9984375 0.33125 0.003125 0.025
1 0.88203125 0.41458333333333336 0.0109375 0.008333333333333333
3 0.59921875 0.2 0.0171875 0.020833333333333332
1 0.728125 0.39479166666666665 0.015625 0.010416666666666666
1 0.38515625 0.08020833333333334 0.0328125 0.01875
1 0.38359375 0.07083333333333333 0.0328125 0.016666666666666666
1 0.728125 0.39479166666666665 0.015625 0.010416666666666666
1 0.7265625 0.39375 0.0125 0.008333333333333333
1 0.53359375 0.06979166666666667 0.0109375 0.014583333333333334

1 0.77265625 0.009375 0.0140625 0.01875
5 0.6546875 0.115625 0.009375 0.01875
1 0.66640625 0.125 0.0140625 0.020833333333333332
1 0.65390625 0.09375 0.0140625 0.016666666666666666
5 0.76640625 0.30520833333333336 0.0171875 0.022916666666666665
5 0.8 0.2947916666666667 0.009375 0.014583333333333334
5 0.86796875 0.22708333333333333 0.0140625 0.0125
5 0.84765625 0.21145833333333333 0.0109375 0.010416666666666666
5 0.85703125 0.20208333333333334 0.0078125 0.004166666666666667
5 0.88125 0.16458333333333333 0.009375 0.0125
1 0.82109375 0.2760416666666667 0.0265625 0.027083333333333334
1 0.846875 0.25104166666666666 0.025 0.027083333333333334
1 0.87109375 0.22604166666666667 0.0203125 0.022916666666666665
1 0.89453125 0.20520833333333333 0.0203125 0.022916666666666665
1 0.9109375 0.18333333333333332 0.021875 0.029166666666666667
3 0.93984375 0.15104166666666666 0.0328125 0.04375
1 0.946875 0.11458333333333333 0.015625 0.020833333333333332
1 0.975 0.10520833333333333 0.0125 0.010416666666666666
1 0.98046875 0.09791666666666667 0.0234375 0.025
1 0.996875 0.10416666666666667 0.00625 0.0125
1 0.978125 0.13541666666666666 0.015625 0.025
1 0.95859375 0.16458333333333333 0.0171875 0.020833333333333332
1 0.928125 0.196875 0.01875 0.01875
1 0.89375 0.20729166666666668 0.01875 0.022916666666666665
1 0.8890625 0.24375 0.021875 0.025
1 0.86328125 0.2604166666666667 0.0203125 0.025
1 0.8359375 0.28854166666666664 0.028125 0.035416666666666666
1 0.84375 0.31145833333333334 0.028125 0.03125
3 0.87734375 0.2791666666666667 0.0359375 0.041666666666666664
1 0.91328125 0.2520833333333333 0.0171875 0.025
3 0.94296875 0.21666666666666667 0.0421875 0.041666666666666664
1 0.975 0.17708333333333334 0.0125 0.016666666666666666
1 0.98984375 0.159375 0.0203125 0.027083333333333334
1 0.87734375 0.31666666666666665 0.0234375 0.029166666666666667
1 0.909375 0.284375 0.021875 0.027083333333333334
1 0.9296875 0.2625 0.021875 0.020833333333333332
1 0.9484375 0.240625 0.015625 0.01875
1 0.97265625 0.21666666666666667 0.0234375 0.03333333333333333
1 0.97734375 0.178125 0.0140625 0.01875
1 0.88125 0.34479166666666666 0.025 0.027083333333333334
1 0.91484375 0.315625 0.0265625 0.03125
1 0.9375 0.2875 0.028125 0.03333333333333333
1 0.9609375 0.25729166666666664 0.015625 0.014583333333333334
1 0.98046875 0.23854166666666668 0.0171875 0.01875
1 0.90859375 0.35833333333333334 0.0265625 0.029166666666666667
1 0.9359375 0.32708333333333334 0.025 0.025

1 0.98671875 0.271875 0.0171875 0.01875



4 0.77265625 0.31354166666666666 0.0109375 0.010416666666666666
5 0.6765625 0.03229166666666667 0.00625 0.00625
5 0.496875 0.8416666666666667 0.015625 0.020833333333333332
5 0.55234375 0.9125 0.0140625 0.020833333333333332
4 0.50546875 0.8010416666666667 0.0078125 0.01875
4 0.3765625 0.46145833333333336 0.009375 0.00625
4 0.41875 0.21770833333333334 0.015625 0.010416666666666666
4 0.41171875 0.484375 0.0078125 0.01875
4 0.4109375 0.47708333333333336 0.00625 0.0125
4 0.7703125 0.140625 0.00625 0.00625
1 0.440625 0.265625 0.034375 0.022916666666666665
1 0.43984375 0.23958333333333334 0.0265625 0.020833333333333332
