1 0.60078125 0.41458333333333336 0.0140625 0.0125
1 0.85546875 0.4197916666666667 0.0265625 0.01875
1 0.60234375 0.20416666666666666 0.0140625 0.016666666666666666
1 0.6015625 0.209375 0.015625 0.01875
1 0.83671875 0.4166666666666667 0.0078125 0.008333333333333333
1 0.75546875 0.9145833333333333 0.0171875 0.008333333333333333
1 0.7546875 0.4197916666666667 0.01875 0.022916666666666665
1 0.99765625 0.3229166666666667 0.0046875 0.0125
1 0.9984375 0.3260416666666667 0.003125 0.0020833333333333333
1 0.89375 0.415625 0.009375 0.010416666666666666
3 0.59921875 0.20104166666666667 0.0171875 0.01875
1 0.7359375 0.3958333333333333 0.015625 0.008333333333333333
1 0.3859375 0.08020833333333334 0.03125 0.01875
1 0.38359375 0.06875 0.0296875 0.016666666666666666
1 0.73671875 0.396875 0.0140625 0.00625
1 0.73359375 0.396875 0.0109375 0.00625
1 0.53359375 0.07083333333333333 0.0109375 0.016666666666666666

1 0.77265625 0.009375 0.0140625 0.01875
5 0.6546875 0.11458333333333333 0.009375 0.020833333333333332
1 0.66640625 0.125 0.0140625 0.020833333333333332
1 0.65390625 0.09375 0.0140625 0.016666666666666666
5 0.76640625 0.30520833333333336 0.0171875 0.022916666666666665
5 0.8015625 0.29583333333333334 0.009375 0.016666666666666666
5 0.8671875 0.22708333333333333 0.0125 0.0125
5 0.84765625 0.21145833333333333 0.0109375 0.010416666666666666
5 0.85625 0.20208333333333334 0.00625 0.004166666666666667
5 0.88125 0.16458333333333333 0.009375 0.0125
1 0.82109375 0.275 0.0265625 0.025
1 0.846875 0.25104166666666666 0.025 0.027083333333333334
1 0.871875 0.22708333333333333 0.021875 0.025
1 0.8953125 0.20520833333333333 0.021875 0.022916666666666665
1 0.9109375 0.18333333333333332 0.021875 0.029166666666666667
3 0.9390625 0.15104166666666666 0.034375 0.04375
1 0.9453125 0.11458333333333333 0.015625 0.020833333333333332
1 0.97578125 0.10520833333333333 0.0109375 0.010416666666666666
1 0.9828125 0.096875 0.025 0.027083333333333334
1 0.996875 0.10416666666666667 0.00625 0.0125
1 0.9765625 0.13645833333333332 0.015625 0.027083333333333334
1 0.959375 0.16458333333333333 0.01875 0.020833333333333332
1 0.92734375 0.19791666666666666 0.0203125 0.020833333333333332
1 0.89375 0.20729166666666668 0.01875 0.022916666666666665
1 0.8890625 0.24375 0.021875 0.025
1 0.86328125 0.2604166666666667 0.0203125 0.025
1 0.83515625 0.28854166666666664 0.0265625 0.035416666666666666
1 0.84453125 0.31145833333333334 0.0265625 0.03125
3 0.87734375 0.2791666666666667 0.0359375 0.041666666666666664
1 0.91328125 0.2520833333333333 0.0171875 0.025
3 0.94296875 0.21770833333333334 0.0421875 0.03958333333333333
1 0.975 0.17708333333333334 0.0125 0.016666666666666666
1 0.9890625 0.16041666666666668 0.021875 0.029166666666666667
1 0.87734375 0.31666666666666665 0.0234375 0.029166666666666667
1 0.909375 0.284375 0.021875 0.027083333333333334
1 0.9296875 0.2625 0.021875 0.020833333333333332
1 0.9484375 0.240625 0.015625 0.01875
1 0.97265625 0.21666666666666667 0.0234375 0.03333333333333333
1 0.9765625 0.178125 0.015625 0.01875
1 0.88125 0.346875 0.025 0.03125
1 0.91328125 0.32083333333333336 0.0296875 0.0375
1 0.9375 0.28854166666666664 0.028125 0.03125
1 0.9609375 0.25729166666666664 0.015625 0.014583333333333334
1 0.98046875 0.23854166666666668 0.0171875 0.01875
1 0.9078125 0.359375 0.028125 0.027083333333333334
1 0.93671875 0.3302083333333333 0.0296875 0.027083333333333334

1 0.98671875 0.271875 0.0171875 0.01875



4 0.77265625 0.31354166666666666 0.0109375 0.010416666666666666
5 0.6765625 0.03229166666666667 0.00625 0.00625
5 0.496875 0.8447916666666667 0.015625 0.022916666666666665
5 0.55390625 0.921875 0.0171875 0.022916666666666665
4 0.50625 0.8114583333333333 0.009375 0.01875
4 0.3765625 0.4625 0.009375 0.008333333333333333
4 0.41796875 0.21770833333333334 0.0140625 0.010416666666666666
4 0.41171875 0.48541666666666666 0.0078125 0.016666666666666666
4 0.41171875 0.4791666666666667 0.0078125 0.016666666666666666
4 0.76953125 0.140625 0.0046875 0.00625
1 0.440625 0.26666666666666666 0.034375 0.020833333333333332
1 0.43984375 0.23958333333333334 0.0265625 0.020833333333333332
