1 0.60078125 0.41458333333333336 0.0140625 0.0125
1 0.86328125 0.4197916666666667 0.0296875 0.01875
1 0.6015625 0.2125 0.015625 0.025
1 0.6015625 0.21041666666666667 0.015625 0.020833333333333332
1 0.8484375 0.415625 0.00625 0.010416666666666666
1 0.7671875 0.9364583333333333 0.015625 0.010416666666666666
1 0.76015625 0.4239583333333333 0.0234375 0.022916666666666665
1 0.60390625 0.21354166666666666 0.0015625 0.0020833333333333333
1 0.59609375 0.19895833333333332 0.0171875 0.014583333333333334
1 0.89765625 0.4125 0.0109375 0.008333333333333333
3 0.59921875 0.203125 0.0171875 0.022916666666666665
1 0.74140625 0.39895833333333336 0.0140625 0.00625
1 0.38515625 0.08020833333333334 0.0328125 0.01875
1 0.38359375 0.07291666666666667 0.0328125 0.016666666666666666
1 0.74140625 0.39895833333333336 0.0140625 0.00625
1 0.740625 0.39895833333333336 0.0125 0.00625
1 0.5328125 0.071875 0.0125 0.01875

1 0.77265625 0.009375 0.0140625 0.01875
5 0.6546875 0.11458333333333333 0.009375 0.020833333333333332
1 0.66953125 0.125 0.0140625 0.020833333333333332
1 0.6546875 0.090625 0.0125 0.014583333333333334
5 0.76640625 0.30520833333333336 0.0171875 0.022916666666666665
5 0.8015625 0.29791666666666666 0.009375 0.016666666666666666
5 0.8671875 0.22708333333333333 0.0125 0.0125
5 0.8484375 0.21145833333333333 0.009375 0.010416666666666666
5 0.85703125 0.20104166666666667 0.0078125 0.00625
5 0.88125 0.16458333333333333 0.009375 0.0125
1 0.82109375 0.275 0.0265625 0.025
1 0.846875 0.25104166666666666 0.025 0.027083333333333334
1 0.871875 0.22604166666666667 0.021875 0.022916666666666665
1 0.89609375 0.20520833333333333 0.0203125 0.022916666666666665
1 0.9109375 0.18333333333333332 0.021875 0.029166666666666667
3 0.940625 0.15104166666666666 0.034375 0.04375
1 0.9453125 0.11458333333333333 0.015625 0.020833333333333332
1 0.97578125 0.10520833333333333 0.0109375 0.010416666666666666
1 0.990625 0.08854166666666667 0.01875 0.014583333333333334
1 0.996875 0.10416666666666667 0.00625 0.0125
1 0.978125 0.13645833333333332 0.015625 0.022916666666666665
1 0.959375 0.16770833333333332 0.01875 0.022916666666666665
1 0.92734375 0.19791666666666666 0.0203125 0.020833333333333332
1 0.89375 0.20729166666666668 0.01875 0.022916666666666665
1 0.88984375 0.24479166666666666 0.0234375 0.027083333333333334
1 0.86328125 0.259375 0.0203125 0.022916666666666665
1 0.8359375 0.28958333333333336 0.028125 0.0375
1 0.84375 0.31145833333333334 0.028125 0.03125
3 0.8765625 0.278125 0.034375 0.03958333333333333
1 0.91328125 0.25104166666666666 0.0171875 0.027083333333333334
3 0.94296875 0.21875 0.0421875 0.0375
1 0.97578125 0.17708333333333334 0.0140625 0.016666666666666666
1 0.98984375 0.15833333333333333 0.0203125 0.029166666666666667
1 0.878125 0.31666666666666665 0.025 0.029166666666666667
1 0.909375 0.284375 0.021875 0.027083333333333334
1 0.9296875 0.2625 0.021875 0.020833333333333332
1 0.94921875 0.240625 0.0171875 0.01875
1 0.9734375 0.21666666666666667 0.021875 0.03333333333333333
1 0.9765625 0.178125 0.015625 0.01875
1 0.88125 0.346875 0.025 0.03125
1 0.9140625 0.32083333333333336 0.03125 0.0375
1 0.9375 0.2875 0.028125 0.03333333333333333
1 0.96015625 0.259375 0.0171875 0.01875
1 0.98125 0.23854166666666668 0.01875 0.01875
1 0.90859375 0.35833333333333334 0.0296875 0.029166666666666667
1 0.9359375 0.32708333333333334 0.025 0.025

1 0.98671875 0.271875 0.0171875 0.01875



4 0.771875 0.3145833333333333 0.0125 0.0125
5 0.6765625 0.03229166666666667 0.00625 0.00625
5 0.50234375 0.8447916666666667 0.0109375 0.022916666666666665
5 0.5578125 0.9229166666666667 0.0125 0.020833333333333332
4 0.509375 0.8145833333333333 0.009375 0.016666666666666666
4 0.3765625 0.4625 0.009375 0.008333333333333333
4 0.41796875 0.21770833333333334 0.0140625 0.010416666666666666
4 0.41171875 0.48541666666666666 0.0078125 0.016666666666666666
4 0.4109375 0.478125 0.00625 0.014583333333333334
4 0.76953125 0.140625 0.0046875 0.00625
1 0.44140625 0.26666666666666666 0.0359375 0.020833333333333332
1 0.43984375 0.23958333333333334 0.0265625 0.020833333333333332
