1 0.60078125 0.41458333333333336 0.0140625 0.0125
1 0.8671875 0.4197916666666667 0.025 0.01875
1 0.59921875 0.2125 0.0171875 0.025
1 0.60078125 0.21041666666666667 0.0171875 0.020833333333333332
1 0.85234375 0.415625 0.0078125 0.010416666666666666
1 0.76953125 0.9416666666666667 0.0140625 0.0125
1 0.76171875 0.4239583333333333 0.0234375 0.027083333333333334
1 0.6015625 0.21145833333333333 0.0125 0.014583333333333334
1 0.59140625 0.20104166666666667 0.0015625 0.0020833333333333333
1 0.90078125 0.4125 0.0109375 0.008333333333333333
3 0.59921875 0.203125 0.0171875 0.022916666666666665
1 0.74375 0.4 0.0125 0.008333333333333333
1 0.38515625 0.08020833333333334 0.0328125 0.01875
1 0.38359375 0.071875 0.0328125 0.014583333333333334
1 0.74453125 0.4 0.0140625 0.008333333333333333
1 0.74296875 0.4 0.0109375 0.008333333333333333
1 0.53203125 0.07083333333333333 0.0140625 0.020833333333333332

1 0.77265625 0.009375 0.0140625 0.01875
5 0.65390625 0.11458333333333333 0.0109375 0.020833333333333332
1 0.66953125 0.125 0.0140625 0.020833333333333332
1 0.65390625 0.09270833333333334 0.0140625 0.014583333333333334
5 0.76640625 0.30520833333333336 0.0171875 0.022916666666666665
5 0.8015625 0.296875 0.009375 0.01875
5 0.8671875 0.22708333333333333 0.0125 0.0125
5 0.8484375 0.21145833333333333 0.009375 0.010416666666666666
5 0.85703125 0.20104166666666667 0.0078125 0.00625
5 0.88125 0.16458333333333333 0.009375 0.0125
1 0.82109375 0.275 0.0265625 0.025
1 0.846875 0.25104166666666666 0.025 0.027083333333333334
1 0.871875 0.22604166666666667 0.021875 0.022916666666666665
1 0.89609375 0.20520833333333333 0.0203125 0.022916666666666665
1 0.9109375 0.18333333333333332 0.021875 0.029166666666666667
3 0.93984375 0.15 0.0328125 0.04583333333333333
1 0.9453125 0.11458333333333333 0.015625 0.020833333333333332
1 0.97578125 0.10520833333333333 0.0109375 0.010416666666666666
1 0.99140625 0.0875 0.0171875 0.0125
1 0.996875 0.10416666666666667 0.00625 0.0125
1 0.978125 0.13541666666666666 0.015625 0.025
1 0.959375 0.16770833333333332 0.01875 0.022916666666666665
1 0.92890625 0.19479166666666667 0.0171875 0.014583333333333334
1 0.89375 0.20729166666666668 0.01875 0.022916666666666665
1 0.8890625 0.23958333333333334 0.01875 0.020833333333333332
1 0.86328125 0.259375 0.0203125 0.022916666666666665
1 0.8359375 0.28958333333333336 0.028125 0.0375
1 0.84375 0.31145833333333334 0.028125 0.03125
3 0.8765625 0.278125 0.034375 0.03958333333333333
1 0.91328125 0.2520833333333333 0.0171875 0.025
3 0.94296875 0.21770833333333334 0.0421875 0.03958333333333333
1 0.97578125 0.17708333333333334 0.0140625 0.016666666666666666
1 0.98984375 0.159375 0.0203125 0.027083333333333334
1 0.878125 0.31666666666666665 0.025 0.029166666666666667
1 0.909375 0.284375 0.021875 0.027083333333333334
1 0.9296875 0.2625 0.021875 0.020833333333333332
1 0.9484375 0.240625 0.015625 0.01875
1 0.9734375 0.21666666666666667 0.021875 0.03333333333333333
1 0.9765625 0.178125 0.015625 0.01875
1 0.88125 0.346875 0.025 0.03125
1 0.9140625 0.31979166666666664 0.03125 0.03958333333333333
1 0.9375 0.28854166666666664 0.028125 0.03125
1 0.9609375 0.25729166666666664 0.015625 0.014583333333333334
1 0.98125 0.23854166666666668 0.01875 0.01875
1 0.909375 0.35833333333333334 0.028125 0.029166666666666667
1 0.9359375 0.32708333333333334 0.025 0.025

1 0.98671875 0.271875 0.0171875 0.01875



4 0.771875 0.3145833333333333 0.0125 0.0125
5 0.6765625 0.03229166666666667 0.00625 0.00625
5 0.50234375 0.846875 0.0109375 0.022916666666666665
5 0.55859375 0.9260416666666667 0.0140625 0.022916666666666665
4 0.51015625 0.8177083333333334 0.0078125 0.01875
4 0.37734375 0.4625 0.0109375 0.008333333333333333
4 0.41796875 0.21770833333333334 0.0140625 0.010416666666666666
4 0.41171875 0.4864583333333333 0.0078125 0.01875
4 0.4125 0.47708333333333336 0.00625 0.0125
4 0.76953125 0.140625 0.0046875 0.00625
1 0.440625 0.26666666666666666 0.034375 0.020833333333333332
1 0.43984375 0.23958333333333334 0.0265625 0.020833333333333332
