1 0.60078125 0.41458333333333336 0.0140625 0.0125
1 0.87421875 0.41875 0.0296875 0.020833333333333332
1 0.60078125 0.2125 0.0171875 0.025
1 0.6015625 0.21145833333333333 0.01875 0.022916666666666665
1 0.8609375 0.41354166666666664 0.003125 0.00625
1 0.78046875 0.9635416666666666 0.0171875 0.010416666666666666
1 0.7703125 0.4270833333333333 0.021875 0.025
1 0.6015625 0.21458333333333332 0.015625 0.029166666666666667
1 0.59921875 0.19895833333333332 0.0171875 0.00625
1 0.9109375 0.409375 0.009375 0.010416666666666666
3 0.59921875 0.20416666666666666 0.0171875 0.025
1 0.75 0.403125 0.0125 0.00625
1 0.3859375 0.08020833333333334 0.034375 0.01875
1 0.384375 0.06875 0.03125 0.016666666666666666
1 0.75078125 0.403125 0.0140625 0.00625
1 0.7484375 0.403125 0.009375 0.00625
1 0.53125 0.06979166666666667 0.015625 0.01875

1 0.77265625 0.009375 0.0140625 0.01875
5 0.6546875 0.11354166666666667 0.009375 0.01875
1 0.6703125 0.125 0.015625 0.020833333333333332
1 0.65390625 0.09270833333333334 0.0140625 0.014583333333333334
5 0.76640625 0.30520833333333336 0.0171875 0.022916666666666665
5 0.803125 0.3 0.009375 0.025
5 0.8671875 0.22708333333333333 0.0125 0.0125
5 0.84765625 0.21145833333333333 0.0109375 0.010416666666666666
5 0.85703125 0.20104166666666667 0.0078125 0.00625
5 0.88203125 0.16458333333333333 0.0078125 0.0125
1 0.82109375 0.275 0.0265625 0.025
1 0.846875 0.25104166666666666 0.025 0.027083333333333334
1 0.87109375 0.23125 0.0234375 0.029166666666666667
1 0.89609375 0.203125 0.0171875 0.022916666666666665
1 0.9109375 0.18333333333333332 0.021875 0.029166666666666667
3 0.93984375 0.15104166666666666 0.0328125 0.04375
1 0.946875 0.11458333333333333 0.015625 0.020833333333333332
1 0.97578125 0.10520833333333333 0.0109375 0.010416666666666666
1 0.99140625 0.0875 0.0171875 0.0125
1 0.996875 0.10520833333333333 0.00625 0.014583333333333334
1 0.978125 0.13541666666666666 0.015625 0.025
1 0.959375 0.16458333333333333 0.01875 0.020833333333333332
1 0.92890625 0.19479166666666667 0.0171875 0.014583333333333334
1 0.89375 0.20833333333333334 0.01875 0.020833333333333332
1 0.8890625 0.23958333333333334 0.01875 0.020833333333333332
1 0.86328125 0.259375 0.0203125 0.022916666666666665
1 0.8359375 0.28958333333333336 0.028125 0.0375
1 0.84375 0.31145833333333334 0.028125 0.03125
3 0.87734375 0.278125 0.0359375 0.03958333333333333
1 0.91328125 0.2520833333333333 0.0171875 0.025
3 0.94296875 0.21875 0.0421875 0.0375
1 0.97578125 0.17708333333333334 0.0140625 0.016666666666666666
1 0.98984375 0.16041666666666668 0.0203125 0.029166666666666667
1 0.878125 0.31666666666666665 0.025 0.029166666666666667
1 0.909375 0.284375 0.021875 0.027083333333333334
1 0.9296875 0.2625 0.021875 0.020833333333333332
1 0.94921875 0.240625 0.0171875 0.01875
1 0.9734375 0.21666666666666667 0.021875 0.03333333333333333
1 0.9765625 0.178125 0.015625 0.01875
1 0.88125 0.346875 0.025 0.03125
1 0.9140625 0.31979166666666664 0.03125 0.03958333333333333
1 0.9375 0.2875 0.028125 0.03333333333333333
1 0.9609375 0.25729166666666664 0.015625 0.014583333333333334
1 0.98203125 0.23854166666666668 0.0171875 0.01875
1 0.90859375 0.35833333333333334 0.0296875 0.029166666666666667
1 0.9359375 0.32708333333333334 0.025 0.025

1 0.9875 0.271875 0.01875 0.01875



4 0.7734375 0.31354166666666666 0.009375 0.010416666666666666
5 0.6765625 0.03229166666666667 0.00625 0.00625
5 0.50390625 0.8479166666666667 0.0109375 0.020833333333333332
5 0.56171875 0.934375 0.0171875 0.022916666666666665
4 0.51484375 0.8208333333333333 0.0078125 0.0125
4 0.3765625 0.4625 0.009375 0.008333333333333333
4 0.4171875 0.21770833333333334 0.0125 0.010416666666666666
4 0.4109375 0.4875 0.00625 0.016666666666666666
4 0.4109375 0.48020833333333335 0.00625 0.014583333333333334
4 0.76953125 0.140625 0.0046875 0.00625
1 0.440625 0.26666666666666666 0.034375 0.020833333333333332
1 0.44140625 0.23958333333333334 0.0265625 0.020833333333333332
