1 0.6015625 0.41458333333333336 0.0125 0.0125
1 0.88046875 0.41770833333333335 0.0234375 0.022916666666666665
1 0.59921875 0.2125 0.0171875 0.025
1 0.6015625 0.21145833333333333 0.01875 0.022916666666666665
1 0.86953125 0.41458333333333336 0.0078125 0.008333333333333333
1 0.7875 0.9833333333333333 0.015625 0.008333333333333333
1 0.77578125 0.42916666666666664 0.0234375 0.025
1 0.6015625 0.21458333333333332 0.015625 0.029166666666666667
1 0.59375 0.20625 0.015625 0.020833333333333332
1 0.91796875 0.40729166666666666 0.0140625 0.010416666666666666
3 0.5984375 0.20625 0.01875 0.025
1 0.75625 0.403125 0.009375 0.00625
1 0.38515625 0.08020833333333334 0.0328125 0.01875
1 0.38359375 0.071875 0.0328125 0.014583333333333334
1 0.75703125 0.4041666666666667 0.0109375 0.004166666666666667
1 0.75625 0.4041666666666667 0.009375 0.004166666666666667
1 0.53125 0.06770833333333333 0.015625 0.01875

1 0.77265625 0.009375 0.0140625 0.01875
5 0.6546875 0.1125 0.009375 0.020833333333333332
1 0.6703125 0.125 0.015625 0.020833333333333332
1 0.65390625 0.09166666666666666 0.0140625 0.0125
5 0.76640625 0.30520833333333336 0.0171875 0.022916666666666665
5 0.8046875 0.30833333333333335 0.009375 0.029166666666666667
5 0.8671875 0.22708333333333333 0.0125 0.0125
5 0.8484375 0.21145833333333333 0.009375 0.010416666666666666
5 0.85703125 0.20104166666666667 0.0078125 0.00625
5 0.88203125 0.16458333333333333 0.0078125 0.0125
1 0.82109375 0.27395833333333336 0.0265625 0.027083333333333334
1 0.84765625 0.25104166666666666 0.0234375 0.027083333333333334
1 0.87265625 0.228125 0.0234375 0.022916666666666665
1 0.89609375 0.203125 0.0171875 0.022916666666666665
1 0.9109375 0.18333333333333332 0.021875 0.029166666666666667
3 0.93984375 0.14791666666666667 0.0328125 0.05
1 0.9453125 0.11458333333333333 0.015625 0.020833333333333332
1 0.97578125 0.10416666666666667 0.0109375 0.008333333333333333
1 0.98984375 0.08854166666666667 0.0140625 0.010416666666666666
1 0.996875 0.10416666666666667 0.00625 0.0125
1 0.978125 0.13541666666666666 0.015625 0.025
1 0.959375 0.16875 0.01875 0.025
1 0.92890625 0.19479166666666667 0.0171875 0.014583333333333334
1 0.89453125 0.20729166666666668 0.0203125 0.022916666666666665
1 0.8890625 0.23958333333333334 0.01875 0.020833333333333332
1 0.86328125 0.2604166666666667 0.0203125 0.025
1 0.8359375 0.28958333333333336 0.028125 0.0375
1 0.84375 0.31145833333333334 0.028125 0.03125
3 0.87734375 0.278125 0.0359375 0.03958333333333333
1 0.91328125 0.25104166666666666 0.0171875 0.027083333333333334
3 0.9453125 0.2125 0.0375 0.03333333333333333
1 0.97578125 0.17708333333333334 0.0140625 0.016666666666666666
1 0.9890625 0.16041666666666668 0.021875 0.029166666666666667
1 0.878125 0.31666666666666665 0.025 0.029166666666666667
1 0.91015625 0.284375 0.0234375 0.027083333333333334
1 0.9296875 0.2625 0.021875 0.020833333333333332
1 0.9484375 0.240625 0.015625 0.01875
1 0.9734375 0.21666666666666667 0.021875 0.03333333333333333
1 0.97734375 0.178125 0.0140625 0.01875
1 0.88125 0.346875 0.025 0.03125
1 0.9140625 0.32083333333333336 0.03125 0.041666666666666664
1 0.9375 0.2875 0.028125 0.03333333333333333
1 0.9609375 0.25729166666666664 0.015625 0.014583333333333334
1 0.98125 0.23854166666666668 0.01875 0.01875
1 0.90625 0.3614583333333333 0.034375 0.03125
1 0.93515625 0.32708333333333334 0.0234375 0.025

1 0.98828125 0.271875 0.0171875 0.01875



4 0.771875 0.3145833333333333 0.0125 0.0125
5 0.6765625 0.03229166666666667 0.00625 0.00625
5 0.503125 0.853125 0.0125 0.022916666666666665
5 0.5671875 0.9333333333333333 0.0125 0.025
4 0.515625 0.8239583333333333 0.009375 0.014583333333333334
4 0.37734375 0.4625 0.0109375 0.008333333333333333
4 0.4171875 0.21770833333333334 0.0125 0.010416666666666666
4 0.4109375 0.4875 0.00625 0.016666666666666666
4 0.41171875 0.48020833333333335 0.0078125 0.014583333333333334
4 0.76953125 0.140625 0.0046875 0.00625
1 0.44140625 0.26666666666666666 0.0359375 0.020833333333333332
1 0.4421875 0.23958333333333334 0.025 0.020833333333333332
