1 0.6015625 0.41458333333333336 0.0125 0.0125
1 0.88359375 0.4166666666666667 0.0234375 0.020833333333333332
1 0.59765625 0.21354166666666666 0.0203125 0.027083333333333334
1 0.60234375 0.21354166666666666 0.0171875 0.022916666666666665
1 0.871875 0.4166666666666667 0.00625 0.0125
1 0.79375 0.9947916666666666 0.01875 0.010416666666666666
1 0.7796875 0.42916666666666664 0.025 0.025
1 0.6015625 0.21458333333333332 0.015625 0.029166666666666667
1 0.5953125 0.20729166666666668 0.01875 0.022916666666666665
1 0.925 0.409375 0.009375 0.010416666666666666
3 0.596875 0.21041666666666667 0.01875 0.029166666666666667
1 0.75859375 0.4083333333333333 0.0109375 0.008333333333333333
1 0.38515625 0.08020833333333334 0.0328125 0.01875
1 0.384375 0.06875 0.03125 0.016666666666666666
1 0.759375 0.4083333333333333 0.0125 0.008333333333333333
1 0.75859375 0.4083333333333333 0.0109375 0.008333333333333333
1 0.53125 0.06770833333333333 0.015625 0.01875

1 0.77265625 0.009375 0.0140625 0.01875
5 0.6546875 0.11354166666666667 0.009375 0.022916666666666665
1 0.6703125 0.125 0.015625 0.020833333333333332
1 0.65390625 0.09270833333333334 0.0140625 0.014583333333333334
5 0.76640625 0.30520833333333336 0.0171875 0.022916666666666665
5 0.80546875 0.31666666666666665 0.0109375 0.016666666666666666
5 0.8671875 0.228125 0.0125 0.010416666666666666
5 0.8484375 0.21145833333333333 0.009375 0.010416666666666666
5 0.8578125 0.20104166666666667 0.009375 0.00625
5 0.88203125 0.16458333333333333 0.0078125 0.0125
1 0.82109375 0.27395833333333336 0.0265625 0.027083333333333334
1 0.84765625 0.25104166666666666 0.0234375 0.027083333333333334
1 0.87109375 0.23229166666666667 0.0234375 0.027083333333333334
1 0.89609375 0.20208333333333334 0.0171875 0.020833333333333332
1 0.9109375 0.18333333333333332 0.021875 0.029166666666666667
3 0.93984375 0.15 0.0328125 0.04583333333333333
1 0.9453125 0.11458333333333333 0.015625 0.020833333333333332
1 0.97578125 0.10520833333333333 0.0109375 0.010416666666666666
1 0.98984375 0.08854166666666667 0.0140625 0.010416666666666666
1 0.996875 0.10416666666666667 0.00625 0.0125
1 0.97734375 0.13645833333333332 0.0171875 0.027083333333333334
1 0.95859375 0.16875 0.0203125 0.025
1 0.92890625 0.19479166666666667 0.0171875 0.014583333333333334
1 0.89453125 0.20729166666666668 0.0203125 0.022916666666666665
1 0.88984375 0.23958333333333334 0.0203125 0.020833333333333332
1 0.8640625 0.259375 0.01875 0.022916666666666665
1 0.8359375 0.28958333333333336 0.028125 0.0375
1 0.84375 0.31145833333333334 0.028125 0.03125
3 0.87734375 0.278125 0.0359375 0.03958333333333333
1 0.91328125 0.25104166666666666 0.0171875 0.027083333333333334
3 0.9453125 0.2125 0.0375 0.03333333333333333
1 0.97578125 0.17708333333333334 0.0140625 0.016666666666666666
1 0.9890625 0.16041666666666668 0.021875 0.029166666666666667
1 0.878125 0.3177083333333333 0.025 0.03125
1 0.91015625 0.284375 0.0234375 0.027083333333333334
1 0.9296875 0.2625 0.021875 0.020833333333333332
1 0.94921875 0.240625 0.0171875 0.01875
1 0.9734375 0.21666666666666667 0.021875 0.03333333333333333
1 0.97734375 0.178125 0.0140625 0.01875
1 0.88203125 0.346875 0.0265625 0.03125
1 0.9140625 0.32083333333333336 0.03125 0.0375
1 0.9375 0.28854166666666664 0.028125 0.03125
1 0.9609375 0.25729166666666664 0.015625 0.014583333333333334
1 0.98125 0.23854166666666668 0.01875 0.01875
1 0.90625 0.3614583333333333 0.034375 0.03125
1 0.9375 0.3302083333333333 0.028125 0.027083333333333334

1 0.98671875 0.271875 0.0171875 0.01875



4 0.77421875 0.31354166666666666 0.0109375 0.010416666666666666
5 0.6765625 0.03229166666666667 0.00625 0.00625
5 0.5046875 0.8541666666666666 0.0125 0.025
5 0.5671875 0.9375 0.0125 0.025
4 0.5171875 0.825 0.009375 0.0125
4 0.37734375 0.4625 0.0109375 0.008333333333333333
4 0.4171875 0.21770833333333334 0.0125 0.010416666666666666
4 0.4109375 0.4875 0.00625 0.016666666666666666
4 0.4125 0.478125 0.00625 0.014583333333333334
4 0.76953125 0.13958333333333334 0.0046875 0.004166666666666667
1 0.44140625 0.26666666666666666 0.0359375 0.020833333333333332
1 0.4421875 0.23958333333333334 0.025 0.020833333333333332
