1 0.60234375 0.415625 0.0140625 0.010416666666666666
1 0.8953125 0.415625 0.021875 0.027083333333333334
1 0.6 0.21458333333333332 0.01875 0.029166666666666667
1 0.60234375 0.21458333333333332 0.0171875 0.020833333333333332
1 0.88359375 0.41770833333333335 0.0109375 0.010416666666666666

1 0.790625 0.43333333333333335 0.025 0.020833333333333332
1 0.60390625 0.20729166666666668 0.0171875 0.027083333333333334
1 0.59375 0.20729166666666668 0.021875 0.022916666666666665
1 0.93359375 0.4041666666666667 0.0140625 0.0125
3 0.59765625 0.21041666666666667 0.0203125 0.029166666666666667
1 0.7703125 0.409375 0.009375 0.00625
1 0.3859375 0.08020833333333334 0.03125 0.01875
1 0.384375 0.06875 0.03125 0.016666666666666666
1 0.77109375 0.409375 0.0109375 0.00625
1 0.76953125 0.409375 0.0078125 0.00625
1 0.53046875 0.06770833333333333 0.0171875 0.01875

1 0.77265625 0.009375 0.0140625 0.01875
5 0.6546875 0.11458333333333333 0.009375 0.020833333333333332
1 0.6703125 0.125 0.015625 0.020833333333333332
1 0.65390625 0.09270833333333334 0.0140625 0.014583333333333334
5 0.76484375 0.30625 0.0171875 0.020833333333333332
5 0.8109375 0.321875 0.009375 0.014583333333333334
5 0.8671875 0.228125 0.0125 0.010416666666666666
5 0.8484375 0.21145833333333333 0.009375 0.010416666666666666
5 0.8578125 0.20104166666666667 0.009375 0.00625
5 0.88203125 0.16458333333333333 0.0078125 0.0125
1 0.821875 0.275 0.025 0.025
1 0.84765625 0.25104166666666666 0.0234375 0.027083333333333334
1 0.87109375 0.23333333333333334 0.0234375 0.029166666666666667
1 0.896875 0.20208333333333334 0.015625 0.020833333333333332
1 0.9109375 0.18333333333333332 0.021875 0.029166666666666667
3 0.93984375 0.15 0.0328125 0.04583333333333333
1 0.946875 0.115625 0.015625 0.01875
1 0.97578125 0.10520833333333333 0.0109375 0.010416666666666666
1 0.98984375 0.08854166666666667 0.0140625 0.010416666666666666
1 0.996875 0.10416666666666667 0.00625 0.0125
1 0.97734375 0.13645833333333332 0.0171875 0.027083333333333334
1 0.959375 0.16875 0.01875 0.025
1 0.93046875 0.19479166666666667 0.0171875 0.014583333333333334
1 0.89453125 0.20729166666666668 0.0203125 0.022916666666666665
1 0.88984375 0.23958333333333334 0.0203125 0.020833333333333332
1 0.8640625 0.2604166666666667 0.021875 0.025
1 0.8359375 0.290625 0.028125 0.035416666666666666
1 0.84375 0.3125 0.028125 0.03333333333333333
3 0.878125 0.278125 0.034375 0.03958333333333333
1 0.91328125 0.25104166666666666 0.0171875 0.027083333333333334
3 0.94609375 0.209375 0.0359375 0.03958333333333333
1 0.97578125 0.17708333333333334 0.0140625 0.016666666666666666
1 0.9890625 0.16041666666666668 0.021875 0.029166666666666667
1 0.878125 0.3177083333333333 0.025 0.03125
1 0.91015625 0.284375 0.0234375 0.027083333333333334
1 0.9296875 0.2625 0.021875 0.020833333333333332
1 0.9484375 0.23958333333333334 0.015625 0.020833333333333332
1 0.9734375 0.21666666666666667 0.021875 0.03333333333333333
1 0.97734375 0.178125 0.0140625 0.01875
1 0.88125 0.346875 0.025 0.03125
1 0.915625 0.3145833333333333 0.025 0.029166666666666667
1 0.9375 0.28854166666666664 0.028125 0.03125
1 0.9625 0.25729166666666664 0.015625 0.014583333333333334
1 0.98203125 0.23854166666666668 0.0171875 0.01875
1 0.9078125 0.359375 0.028125 0.027083333333333334
1 0.9359375 0.32708333333333334 0.025 0.025

1 0.9875 0.271875 0.01875 0.01875



4 0.771875 0.315625 0.0125 0.010416666666666666
5 0.67734375 0.035416666666666666 0.0078125 0.0125
5 0.50703125 0.8583333333333333 0.0109375 0.020833333333333332
5 0.57109375 0.94375 0.0140625 0.025
4 0.51953125 0.834375 0.0078125 0.014583333333333334
4 0.37734375 0.4625 0.0109375 0.008333333333333333
4 0.415625 0.21770833333333334 0.0125 0.010416666666666666
4 0.4109375 0.48854166666666665 0.00625 0.014583333333333334
4 0.41171875 0.48020833333333335 0.0078125 0.014583333333333334
4 0.76953125 0.140625 0.0046875 0.00625
1 0.44140625 0.26666666666666666 0.0359375 0.020833333333333332
1 0.4421875 0.23958333333333334 0.025 0.020833333333333332
