1 0.60234375 0.415625 0.0140625 0.010416666666666666
1 0.89921875 0.4166666666666667 0.0234375 0.025
1 0.6 0.21458333333333332 0.01875 0.029166666666666667
1 0.60234375 0.21458333333333332 0.0171875 0.020833333333333332
1 0.89375 0.4125 0.00625 0.008333333333333333

1 0.79921875 0.4322916666666667 0.0203125 0.022916666666666665
1 0.6 0.21666666666666667 0.01875 0.025
1 0.59375 0.20833333333333334 0.021875 0.020833333333333332
1 0.9421875 0.40729166666666666 0.009375 0.010416666666666666
3 0.596875 0.2125 0.01875 0.029166666666666667
1 0.7734375 0.4114583333333333 0.0125 0.00625
1 0.38515625 0.08020833333333334 0.0328125 0.01875
1 0.384375 0.071875 0.03125 0.014583333333333334
1 0.775 0.4114583333333333 0.0125 0.00625
1 0.7734375 0.4114583333333333 0.0125 0.00625
1 0.5296875 0.06666666666666667 0.015625 0.016666666666666666

1 0.77265625 0.009375 0.0140625 0.01875
5 0.6546875 0.1125 0.009375 0.020833333333333332
1 0.6703125 0.125 0.015625 0.020833333333333332
1 0.6546875 0.09270833333333334 0.015625 0.014583333333333334
5 0.76484375 0.30520833333333336 0.0171875 0.022916666666666665
5 0.81328125 0.325 0.0109375 0.016666666666666666
5 0.8671875 0.228125 0.0125 0.010416666666666666
5 0.8484375 0.2125 0.009375 0.0125
5 0.85703125 0.20104166666666667 0.0078125 0.00625
5 0.88203125 0.16458333333333333 0.0078125 0.0125
1 0.821875 0.27395833333333336 0.028125 0.027083333333333334
1 0.84765625 0.25104166666666666 0.0234375 0.027083333333333334
1 0.86796875 0.23333333333333334 0.0203125 0.025
1 0.89609375 0.20208333333333334 0.0171875 0.020833333333333332
1 0.9109375 0.18333333333333332 0.021875 0.029166666666666667
3 0.93984375 0.15 0.0328125 0.04583333333333333
1 0.9453125 0.11666666666666667 0.015625 0.020833333333333332
1 0.97578125 0.10520833333333333 0.0109375 0.010416666666666666
1 0.99140625 0.08958333333333333 0.0171875 0.0125
1 0.996875 0.10416666666666667 0.00625 0.0125
1 0.97890625 0.13541666666666666 0.0171875 0.025
1 0.95859375 0.16979166666666667 0.0203125 0.027083333333333334
1 0.928125 0.19583333333333333 0.01875 0.016666666666666666
1 0.89453125 0.20729166666666668 0.0203125 0.022916666666666665
1 0.88984375 0.23958333333333334 0.0203125 0.020833333333333332
1 0.8640625 0.2635416666666667 0.01875 0.01875
1 0.8359375 0.290625 0.028125 0.035416666666666666
1 0.84609375 0.3125 0.0296875 0.03333333333333333
3 0.87734375 0.278125 0.0359375 0.03958333333333333
1 0.91328125 0.25104166666666666 0.0171875 0.027083333333333334
3 0.94609375 0.20833333333333334 0.0359375 0.041666666666666664
1 0.97578125 0.17708333333333334 0.0140625 0.016666666666666666
1 0.98828125 0.16041666666666668 0.0234375 0.029166666666666667
1 0.878125 0.31666666666666665 0.025 0.029166666666666667
1 0.91015625 0.284375 0.0234375 0.027083333333333334
1 0.93046875 0.2625 0.0203125 0.020833333333333332
1 0.9484375 0.23958333333333334 0.015625 0.020833333333333332
1 0.9734375 0.21666666666666667 0.021875 0.03333333333333333
1 0.97734375 0.178125 0.0140625 0.01875
1 0.88203125 0.346875 0.0265625 0.03125
1 0.915625 0.315625 0.025 0.03125
1 0.9375 0.28854166666666664 0.028125 0.03125
1 0.9625 0.25729166666666664 0.015625 0.014583333333333334
1 0.98125 0.23854166666666668 0.01875 0.01875
1 0.90546875 0.3625 0.0328125 0.03333333333333333
1 0.9375 0.3302083333333333 0.028125 0.027083333333333334

1 0.990625 0.2677083333333333 0.01875 0.01875



4 0.7734375 0.31354166666666666 0.009375 0.010416666666666666
5 0.67734375 0.03333333333333333 0.0078125 0.008333333333333333
5 0.5078125 0.8604166666666667 0.0125 0.020833333333333332
5 0.5734375 0.946875 0.015625 0.022916666666666665
4 0.51953125 0.8364583333333333 0.0078125 0.014583333333333334
4 0.37734375 0.4625 0.0109375 0.008333333333333333
4 0.41640625 0.21770833333333334 0.0109375 0.010416666666666666
4 0.4109375 0.4875 0.00625 0.016666666666666666
4 0.4125 0.478125 0.00625 0.014583333333333334
4 0.76953125 0.13958333333333334 0.0046875 0.004166666666666667
1 0.440625 0.26666666666666666 0.034375 0.020833333333333332
1 0.44296875 0.23958333333333334 0.0265625 0.020833333333333332
