1 0.603125 0.41458333333333336 0.0125 0.0125
1 0.91015625 0.41354166666666664 0.0203125 0.022916666666666665
1 0.6 0.21458333333333332 0.01875 0.029166666666666667
1 0.60234375 0.21354166666666666 0.0171875 0.022916666666666665
1 0.89921875 0.4114583333333333 0.0109375 0.010416666666666666

1 0.80390625 0.4322916666666667 0.0234375 0.022916666666666665
1 0.60546875 0.20833333333333334 0.0171875 0.029166666666666667
1 0.59375 0.209375 0.021875 0.01875
1 0.9453125 0.39895833333333336 0.0125 0.010416666666666666
3 0.59765625 0.21354166666666666 0.0203125 0.03125
1 0.78046875 0.41354166666666664 0.0078125 0.00625
1 0.3859375 0.08020833333333334 0.03125 0.01875
1 0.384375 0.06770833333333333 0.03125 0.01875
1 0.78125 0.41354166666666664 0.009375 0.00625
1 0.7796875 0.41354166666666664 0.00625 0.00625
1 0.53046875 0.06666666666666667 0.0140625 0.016666666666666666

1 0.77265625 0.009375 0.0140625 0.01875
5 0.6546875 0.11354166666666667 0.009375 0.01875
1 0.6703125 0.12395833333333334 0.015625 0.022916666666666665
1 0.6546875 0.09270833333333334 0.015625 0.014583333333333334
5 0.76484375 0.30625 0.0171875 0.020833333333333332
5 0.81796875 0.33229166666666665 0.0109375 0.01875
5 0.8671875 0.228125 0.0125 0.010416666666666666
5 0.8484375 0.21145833333333333 0.009375 0.010416666666666666
5 0.85859375 0.20104166666666667 0.0078125 0.00625
5 0.88203125 0.16458333333333333 0.0078125 0.0125
1 0.82265625 0.27395833333333336 0.0265625 0.027083333333333334
1 0.84765625 0.25104166666666666 0.0234375 0.027083333333333334
1 0.86328125 0.23958333333333334 0.0203125 0.03333333333333333
1 0.896875 0.20208333333333334 0.015625 0.020833333333333332
1 0.9109375 0.18333333333333332 0.021875 0.029166666666666667
3 0.95 0.14166666666666666 0.028125 0.041666666666666664
1 0.94609375 0.115625 0.0140625 0.01875
1 0.97578125 0.10520833333333333 0.0109375 0.010416666666666666
1 0.99140625 0.08958333333333333 0.0171875 0.0125
1 0.996875 0.10416666666666667 0.00625 0.0125
1 0.97890625 0.13541666666666666 0.0171875 0.025
1 0.959375 0.16979166666666667 0.01875 0.027083333333333334
1 0.93046875 0.19479166666666667 0.0171875 0.014583333333333334
1 0.89453125 0.20729166666666668 0.0203125 0.022916666666666665
1 0.890625 0.24375 0.021875 0.025
1 0.8640625 0.2635416666666667 0.01875 0.01875
1 0.83671875 0.28958333333333336 0.0265625 0.0375
1 0.84375 0.3125 0.028125 0.03333333333333333
3 0.878125 0.27708333333333335 0.034375 0.0375
1 0.91328125 0.25104166666666666 0.0171875 0.027083333333333334
3 0.9484375 0.20729166666666668 0.0375 0.03958333333333333
1 0.97578125 0.17708333333333334 0.0140625 0.016666666666666666
1 0.98828125 0.159375 0.0234375 0.027083333333333334
1 0.878125 0.31666666666666665 0.025 0.029166666666666667
1 0.91015625 0.284375 0.0234375 0.027083333333333334
1 0.93046875 0.2625 0.0203125 0.020833333333333332
1 0.94921875 0.23958333333333334 0.0171875 0.020833333333333332
1 0.9734375 0.21666666666666667 0.021875 0.03333333333333333
1 0.97734375 0.178125 0.0140625 0.01875
1 0.88203125 0.346875 0.0265625 0.03125
1 0.915625 0.3145833333333333 0.025 0.029166666666666667
1 0.9375 0.2875 0.028125 0.03333333333333333
1 0.96171875 0.25729166666666664 0.0171875 0.014583333333333334
1 0.98203125 0.23854166666666668 0.0171875 0.01875
1 0.9078125 0.359375 0.028125 0.027083333333333334
1 0.9359375 0.32708333333333334 0.025 0.025

1 0.990625 0.2677083333333333 0.01875 0.01875



4 0.77265625 0.3145833333333333 0.0109375 0.0125
5 0.6765625 0.03333333333333333 0.00625 0.008333333333333333
5 0.50703125 0.8645833333333334 0.0140625 0.020833333333333332
5 0.57578125 0.9510416666666667 0.0171875 0.022916666666666665
4 0.521875 0.8427083333333333 0.009375 0.01875
4 0.37734375 0.4625 0.0109375 0.008333333333333333
4 0.41640625 0.215625 0.0109375 0.010416666666666666
4 0.4109375 0.48854166666666665 0.00625 0.014583333333333334
4 0.41171875 0.4791666666666667 0.0078125 0.016666666666666666
4 0.7703125 0.13854166666666667 0.00625 0.00625
1 0.44140625 0.26666666666666666 0.0359375 0.020833333333333332
1 0.4421875 0.23958333333333334 0.025 0.020833333333333332
