1 0.60234375 0.415625 0.0140625 0.010416666666666666
1 0.91640625 0.41458333333333336 0.0234375 0.025
1 0.6 0.21458333333333332 0.01875 0.029166666666666667
1 0.60234375 0.21666666666666667 0.0171875 0.025
1 0.91015625 0.41041666666666665 0.0140625 0.0125

1 0.81015625 0.43645833333333334 0.0265625 0.022916666666666665
1 0.60625 0.21041666666666667 0.015625 0.029166666666666667
1 0.59375 0.209375 0.021875 0.01875
1 0.95703125 0.40625 0.0109375 0.0125
3 0.6 0.21666666666666667 0.01875 0.03333333333333333
1 0.78671875 0.41354166666666664 0.0078125 0.00625
1 0.3859375 0.08020833333333334 0.03125 0.01875
1 0.38359375 0.07083333333333333 0.0328125 0.016666666666666666
1 0.7890625 0.41458333333333336 0.0125 0.004166666666666667
1 0.78671875 0.41458333333333336 0.0078125 0.004166666666666667
1 0.53046875 0.06458333333333334 0.0140625 0.016666666666666666

1 0.77265625 0.009375 0.0140625 0.01875
5 0.65546875 0.11354166666666667 0.0078125 0.01875
1 0.6703125 0.125 0.015625 0.020833333333333332
1 0.6546875 0.09270833333333334 0.015625 0.014583333333333334
5 0.76328125 0.30520833333333336 0.0171875 0.022916666666666665
5 0.8203125 0.334375 0.009375 0.014583333333333334
5 0.86796875 0.228125 0.0109375 0.010416666666666666
5 0.8484375 0.21145833333333333 0.009375 0.010416666666666666
5 0.85859375 0.20104166666666667 0.0078125 0.00625
5 0.88203125 0.16458333333333333 0.0078125 0.0125
1 0.82265625 0.27395833333333336 0.0265625 0.027083333333333334
1 0.84765625 0.25104166666666666 0.0234375 0.027083333333333334
1 0.859375 0.24583333333333332 0.025 0.029166666666666667
1 0.89609375 0.20208333333333334 0.0171875 0.020833333333333332
1 0.9109375 0.18333333333333332 0.021875 0.029166666666666667
3 0.93984375 0.14791666666666667 0.0328125 0.05
1 0.94375 0.115625 0.015625 0.01875
1 0.97578125 0.10520833333333333 0.0109375 0.010416666666666666
1 0.99140625 0.08958333333333333 0.0171875 0.0125
1 0.996875 0.10416666666666667 0.00625 0.0125
1 0.9796875 0.13541666666666666 0.015625 0.025
1 0.959375 0.16979166666666667 0.01875 0.027083333333333334
1 0.93046875 0.19479166666666667 0.0171875 0.014583333333333334
1 0.89453125 0.20729166666666668 0.0203125 0.022916666666666665
1 0.89140625 0.23854166666666668 0.0203125 0.022916666666666665
1 0.8640625 0.2604166666666667 0.01875 0.025
1 0.83671875 0.28854166666666664 0.0296875 0.035416666666666666
1 0.84375 0.3125 0.028125 0.03333333333333333
3 0.87890625 0.27708333333333335 0.0359375 0.0375
1 0.91328125 0.25104166666666666 0.0171875 0.027083333333333334
3 0.9453125 0.21145833333333333 0.04375 0.04375
1 0.97578125 0.17708333333333334 0.0140625 0.016666666666666666
1 0.98828125 0.159375 0.0234375 0.027083333333333334
1 0.878125 0.3177083333333333 0.025 0.03125
1 0.91015625 0.284375 0.0234375 0.027083333333333334
1 0.93046875 0.2625 0.0203125 0.020833333333333332
1 0.94921875 0.23958333333333334 0.0171875 0.020833333333333332
1 0.9734375 0.21666666666666667 0.021875 0.03333333333333333
1 0.97734375 0.178125 0.0140625 0.01875
1 0.88203125 0.346875 0.0265625 0.03125
1 0.915625 0.3177083333333333 0.028125 0.035416666666666666
1 0.93828125 0.2864583333333333 0.0265625 0.03125
1 0.9625 0.25729166666666664 0.015625 0.014583333333333334
1 0.98125 0.23854166666666668 0.01875 0.01875
1 0.90546875 0.3625 0.0328125 0.03333333333333333
1 0.93515625 0.32708333333333334 0.0234375 0.025

1 0.99140625 0.26666666666666666 0.0171875 0.020833333333333332



4 0.7734375 0.31354166666666666 0.009375 0.010416666666666666
5 0.67734375 0.034375 0.0078125 0.010416666666666666
5 0.5078125 0.8666666666666667 0.0125 0.020833333333333332
5 0.58046875 0.9552083333333333 0.0140625 0.022916666666666665
4 0.52421875 0.846875 0.0078125 0.014583333333333334
4 0.37734375 0.46145833333333336 0.0109375 0.00625
4 0.41640625 0.215625 0.0109375 0.010416666666666666
4 0.4109375 0.4895833333333333 0.00625 0.016666666666666666
4 0.4109375 0.48020833333333335 0.009375 0.014583333333333334
4 0.7703125 0.13854166666666667 0.00625 0.00625
1 0.44140625 0.26666666666666666 0.0359375 0.020833333333333332
1 0.44296875 0.23958333333333334 0.0265625 0.020833333333333332
