1 0.60234375 0.415625 0.0140625 0.010416666666666666
1 0.9171875 0.41458333333333336 0.021875 0.025
1 0.60234375 0.21458333333333332 0.0171875 0.029166666666666667
1 0.60234375 0.21354166666666666 0.0171875 0.022916666666666665
1 0.9125 0.409375 0.0125 0.010416666666666666

1 0.81875 0.4354166666666667 0.01875 0.020833333333333332
1 0.60625 0.209375 0.015625 0.027083333333333334
1 0.596875 0.209375 0.021875 0.01875
1 0.959375 0.4010416666666667 0.009375 0.010416666666666666
3 0.6015625 0.21666666666666667 0.021875 0.03333333333333333
1 0.78984375 0.41458333333333336 0.0078125 0.004166666666666667
1 0.3859375 0.08020833333333334 0.03125 0.01875
1 0.38359375 0.07083333333333333 0.0328125 0.016666666666666666
1 0.790625 0.415625 0.009375 0.00625
1 0.78984375 0.41458333333333336 0.0078125 0.004166666666666667
1 0.53046875 0.06458333333333334 0.0140625 0.016666666666666666

1 0.77265625 0.009375 0.0140625 0.01875
5 0.65546875 0.11458333333333333 0.0078125 0.020833333333333332
1 0.67109375 0.12291666666666666 0.0140625 0.020833333333333332
1 0.6546875 0.09270833333333334 0.015625 0.014583333333333334
5 0.76328125 0.30520833333333336 0.0171875 0.022916666666666665
5 0.821875 0.33541666666666664 0.009375 0.016666666666666666
5 0.8671875 0.228125 0.0125 0.010416666666666666
5 0.8484375 0.21145833333333333 0.009375 0.010416666666666666
5 0.85859375 0.20104166666666667 0.0078125 0.00625
5 0.88203125 0.16458333333333333 0.0078125 0.0125
1 0.82265625 0.27395833333333336 0.0265625 0.027083333333333334
1 0.84765625 0.25104166666666666 0.0234375 0.027083333333333334
1 0.85703125 0.246875 0.0265625 0.027083333333333334
1 0.89609375 0.20208333333333334 0.0171875 0.020833333333333332
1 0.9109375 0.184375 0.021875 0.027083333333333334
3 0.93984375 0.15 0.0328125 0.04583333333333333
1 0.94375 0.12604166666666666 0.015625 0.027083333333333334
1 0.97578125 0.10520833333333333 0.0109375 0.010416666666666666
1 0.99140625 0.08958333333333333 0.0171875 0.0125
1 0.996875 0.10520833333333333 0.00625 0.014583333333333334
1 0.97734375 0.13645833333333332 0.0171875 0.027083333333333334
1 0.959375 0.16458333333333333 0.01875 0.020833333333333332
1 0.92890625 0.19583333333333333 0.0203125 0.016666666666666666
1 0.89453125 0.20729166666666668 0.0203125 0.022916666666666665
1 0.890625 0.24375 0.021875 0.025
1 0.8640625 0.259375 0.01875 0.022916666666666665
1 0.8375 0.28854166666666664 0.028125 0.035416666666666666
1 0.84375 0.31354166666666666 0.028125 0.035416666666666666
3 0.87890625 0.27708333333333335 0.0359375 0.0375
1 0.91328125 0.25104166666666666 0.0171875 0.027083333333333334
3 0.9453125 0.21354166666666666 0.04375 0.04375
1 0.97578125 0.17708333333333334 0.0140625 0.016666666666666666
1 0.98828125 0.159375 0.0234375 0.027083333333333334
1 0.878125 0.31666666666666665 0.025 0.029166666666666667
1 0.91015625 0.284375 0.0234375 0.027083333333333334
1 0.93046875 0.2625 0.0203125 0.020833333333333332
1 0.94921875 0.23958333333333334 0.0171875 0.020833333333333332
1 0.9734375 0.21666666666666667 0.021875 0.03333333333333333
1 0.97734375 0.178125 0.0140625 0.01875
1 0.88203125 0.346875 0.0265625 0.03125
1 0.915625 0.31875 0.028125 0.0375
1 0.93828125 0.28541666666666665 0.0265625 0.029166666666666667
1 0.9625 0.25729166666666664 0.015625 0.014583333333333334
1 0.98203125 0.23854166666666668 0.0171875 0.01875
1 0.90546875 0.3625 0.0328125 0.03333333333333333
1 0.93515625 0.32708333333333334 0.0234375 0.025

1 0.9921875 0.26458333333333334 0.015625 0.020833333333333332



4 0.7703125 0.315625 0.0125 0.014583333333333334
5 0.6765625 0.03229166666666667 0.00625 0.010416666666666666
5 0.5078125 0.86875 0.0125 0.020833333333333332
5 0.5828125 0.9572916666666667 0.0125 0.022916666666666665
4 0.52421875 0.8479166666666667 0.0078125 0.016666666666666666
4 0.378125 0.46145833333333336 0.009375 0.010416666666666666
4 0.41640625 0.215625 0.0109375 0.010416666666666666
4 0.4109375 0.48854166666666665 0.00625 0.014583333333333334
4 0.4109375 0.48020833333333335 0.009375 0.014583333333333334
4 0.7703125 0.13854166666666667 0.00625 0.00625
1 0.44140625 0.26666666666666666 0.0359375 0.020833333333333332
1 0.44296875 0.23958333333333334 0.0265625 0.020833333333333332
