1 0.603125 0.415625 0.015625 0.010416666666666666
1 0.925 0.41458333333333336 0.021875 0.025
1 0.6 0.21458333333333332 0.01875 0.029166666666666667
1 0.60234375 0.21354166666666666 0.0171875 0.022916666666666665
1 0.92109375 0.409375 0.0109375 0.014583333333333334
1 0.56015625 0.12291666666666666 0.0015625 0.004166666666666667
1 0.8234375 0.434375 0.021875 0.01875
1 0.6046875 0.209375 0.015625 0.027083333333333334
1 0.5921875 0.21041666666666667 0.01875 0.016666666666666666
1 0.9703125 0.39791666666666664 0.00625 0.008333333333333333
3 0.6 0.21666666666666667 0.01875 0.03333333333333333
1 0.796875 0.415625 0.00625 0.0020833333333333333
1 0.3859375 0.07916666666666666 0.03125 0.020833333333333332
1 0.384375 0.07083333333333333 0.03125 0.016666666666666666
1 0.796875 0.41770833333333335 0.00625 0.00625
1 0.79609375 0.4166666666666667 0.0046875 0.004166666666666667
1 0.53046875 0.06458333333333334 0.0140625 0.016666666666666666

1 0.77265625 0.009375 0.0140625 0.01875
5 0.65625 0.115625 0.00625 0.01875
1 0.6703125 0.12395833333333334 0.015625 0.022916666666666665
1 0.6546875 0.09270833333333334 0.015625 0.014583333333333334
5 0.76328125 0.30520833333333336 0.0171875 0.022916666666666665
5 0.82578125 0.33958333333333335 0.0109375 0.0125
5 0.86796875 0.228125 0.0109375 0.010416666666666666
5 0.8484375 0.2125 0.009375 0.0125
5 0.85859375 0.20104166666666667 0.0078125 0.00625
5 0.88203125 0.16458333333333333 0.0078125 0.0125
1 0.82265625 0.27395833333333336 0.0265625 0.027083333333333334
1 0.84765625 0.25104166666666666 0.0234375 0.027083333333333334
1 0.853125 0.25 0.025 0.029166666666666667
1 0.89609375 0.20208333333333334 0.0171875 0.020833333333333332
1 0.9109375 0.18333333333333332 0.021875 0.029166666666666667
3 0.9390625 0.14791666666666667 0.03125 0.05
1 0.94296875 0.12708333333333333 0.0171875 0.029166666666666667
1 0.97578125 0.10520833333333333 0.0109375 0.010416666666666666
1 0.99140625 0.090625 0.0171875 0.014583333333333334
1 0.996875 0.10520833333333333 0.00625 0.014583333333333334
1 0.97734375 0.13645833333333332 0.0171875 0.027083333333333334
1 0.96015625 0.16458333333333333 0.0171875 0.020833333333333332
1 0.93046875 0.19479166666666667 0.0171875 0.014583333333333334
1 0.89453125 0.20729166666666668 0.0203125 0.022916666666666665
1 0.89140625 0.23854166666666668 0.0203125 0.022916666666666665
1 0.8640625 0.2625 0.01875 0.016666666666666666
1 0.8375 0.2875 0.028125 0.03333333333333333
1 0.84375 0.3125 0.028125 0.03333333333333333
3 0.87890625 0.27708333333333335 0.0359375 0.0375
1 0.91328125 0.25104166666666666 0.0171875 0.027083333333333334
3 0.9453125 0.21354166666666666 0.04375 0.04375
1 0.97578125 0.17708333333333334 0.0140625 0.016666666666666666
1 0.9875 0.159375 0.025 0.027083333333333334
1 0.87734375 0.31666666666666665 0.0265625 0.029166666666666667
1 0.91015625 0.284375 0.0234375 0.027083333333333334
1 0.93046875 0.2625 0.0203125 0.020833333333333332
1 0.9484375 0.23854166666666668 0.015625 0.022916666666666665
1 0.9734375 0.21666666666666667 0.021875 0.03333333333333333
1 0.97734375 0.178125 0.0140625 0.01875
1 0.88203125 0.346875 0.0265625 0.03125
1 0.91640625 0.3145833333333333 0.0265625 0.03333333333333333
1 0.93828125 0.28541666666666665 0.0265625 0.029166666666666667
1 0.9625 0.25729166666666664 0.015625 0.014583333333333334
1 0.98203125 0.23854166666666668 0.0171875 0.01875
1 0.90546875 0.3625 0.0328125 0.03333333333333333
1 0.93671875 0.33125 0.0296875 0.029166666666666667

1 0.99296875 0.26458333333333334 0.0140625 0.020833333333333332



4 0.77265625 0.31354166666666666 0.0109375 0.010416666666666666
5 0.67734375 0.03333333333333333 0.0078125 0.008333333333333333
5 0.509375 0.871875 0.015625 0.01875
5 0.584375 0.9625 0.015625 0.025
4 0.5265625 0.8510416666666667 0.009375 0.014583333333333334
4 0.378125 0.46145833333333336 0.009375 0.010416666666666666
4 0.41640625 0.21666666666666667 0.0109375 0.008333333333333333
4 0.4109375 0.48854166666666665 0.00625 0.014583333333333334
4 0.4109375 0.48020833333333335 0.009375 0.014583333333333334
4 0.7703125 0.13854166666666667 0.00625 0.00625
1 0.440625 0.26666666666666666 0.034375 0.020833333333333332
1 0.44296875 0.23958333333333334 0.0265625 0.020833333333333332
