1 0.60234375 0.415625 0.0140625 0.010416666666666666
1 0.92890625 0.4125 0.0203125 0.025
1 0.6015625 0.21458333333333332 0.01875 0.029166666666666667
1 0.6015625 0.2125 0.015625 0.025
1 0.92421875 0.41041666666666665 0.0171875 0.0125

1 0.825 0.43645833333333334 0.028125 0.022916666666666665
1 0.6046875 0.20729166666666668 0.015625 0.027083333333333334
1 0.5953125 0.209375 0.025 0.01875
1 0.97265625 0.3958333333333333 0.0078125 0.0125
3 0.60234375 0.21666666666666667 0.0203125 0.03333333333333333
1 0.8015625 0.415625 0.003125 0.0020833333333333333
1 0.3859375 0.08020833333333334 0.03125 0.01875
1 0.384375 0.07083333333333333 0.034375 0.016666666666666666
1 0.803125 0.4166666666666667 0.003125 0.004166666666666667
1 0.80234375 0.415625 0.0015625 0.0020833333333333333
1 0.53046875 0.065625 0.0140625 0.014583333333333334

1 0.77265625 0.009375 0.0140625 0.01875
5 0.65625 0.115625 0.00625 0.01875
1 0.6703125 0.12395833333333334 0.015625 0.022916666666666665
1 0.6546875 0.09270833333333334 0.015625 0.014583333333333334
5 0.76328125 0.30520833333333336 0.0171875 0.022916666666666665
5 0.83125 0.3458333333333333 0.009375 0.016666666666666666
5 0.86796875 0.228125 0.0109375 0.010416666666666666
5 0.84921875 0.2125 0.0109375 0.0125
5 0.85859375 0.20104166666666667 0.0078125 0.00625
5 0.88203125 0.16458333333333333 0.0078125 0.0125
1 0.82265625 0.27395833333333336 0.0265625 0.027083333333333334
1 0.84765625 0.25104166666666666 0.0234375 0.027083333333333334
1 0.85234375 0.25 0.0234375 0.029166666666666667
1 0.89609375 0.20208333333333334 0.0171875 0.020833333333333332
1 0.9109375 0.18333333333333332 0.021875 0.029166666666666667
3 0.95 0.14166666666666666 0.028125 0.041666666666666664
1 0.94296875 0.12708333333333333 0.0171875 0.029166666666666667
1 0.97578125 0.10520833333333333 0.0109375 0.010416666666666666
1 0.99140625 0.090625 0.0171875 0.014583333333333334
1 0.996875 0.10520833333333333 0.00625 0.014583333333333334
1 0.97734375 0.13645833333333332 0.0171875 0.027083333333333334
1 0.96015625 0.16458333333333333 0.0171875 0.020833333333333332
1 0.92890625 0.19583333333333333 0.0203125 0.016666666666666666
1 0.89453125 0.20729166666666668 0.0203125 0.022916666666666665
1 0.89140625 0.23854166666666668 0.0203125 0.022916666666666665
1 0.8640625 0.2604166666666667 0.01875 0.025
1 0.8375 0.2875 0.028125 0.03333333333333333
1 0.84375 0.3125 0.028125 0.03333333333333333
3 0.87890625 0.27708333333333335 0.0359375 0.0375
1 0.91328125 0.25104166666666666 0.0171875 0.027083333333333334
3 0.9453125 0.21354166666666666 0.04375 0.04375
1 0.97578125 0.17708333333333334 0.0140625 0.016666666666666666
1 0.9875 0.159375 0.025 0.027083333333333334
1 0.87734375 0.3177083333333333 0.0265625 0.03125
1 0.91015625 0.284375 0.0234375 0.027083333333333334
1 0.93046875 0.2625 0.0203125 0.020833333333333332
1 0.9484375 0.23854166666666668 0.015625 0.022916666666666665
1 0.9734375 0.21666666666666667 0.021875 0.03333333333333333
1 0.97734375 0.178125 0.0140625 0.01875
1 0.88203125 0.346875 0.0265625 0.03125
1 0.915625 0.31875 0.028125 0.0375
1 0.9390625 0.28541666666666665 0.025 0.029166666666666667
1 0.9625 0.25729166666666664 0.015625 0.014583333333333334
1 0.98203125 0.23854166666666668 0.0171875 0.01875
1 0.90546875 0.3625 0.0328125 0.03333333333333333
1 0.93671875 0.33125 0.0296875 0.029166666666666667

1 0.99296875 0.26145833333333335 0.0140625 0.022916666666666665



4 0.77265625 0.3145833333333333 0.0109375 0.0125
5 0.67734375 0.03125 0.0078125 0.008333333333333333
5 0.5109375 0.8729166666666667 0.015625 0.020833333333333332
5 0.58671875 0.965625 0.0171875 0.022916666666666665
4 0.528125 0.853125 0.009375 0.014583333333333334
4 0.378125 0.4625 0.009375 0.008333333333333333
4 0.41640625 0.21666666666666667 0.0109375 0.008333333333333333
4 0.4109375 0.48854166666666665 0.00625 0.014583333333333334
4 0.4109375 0.48020833333333335 0.009375 0.014583333333333334
4 0.7703125 0.13854166666666667 0.00625 0.00625
1 0.44140625 0.26666666666666666 0.0359375 0.020833333333333332
1 0.44296875 0.23958333333333334 0.0265625 0.020833333333333332
