1 0.60234375 0.41458333333333336 0.0140625 0.0125
1 0.95234375 0.4010416666666667 0.0203125 0.022916666666666665
1 0.60625 0.209375 0.015625 0.027083333333333334
1 0.60078125 0.21145833333333333 0.0171875 0.022916666666666665
1 0.95 0.4010416666666667 0.015625 0.01875
1 0.55625 0.128125 0.009375 0.014583333333333334
1 0.85625 0.4375 0.021875 0.016666666666666666
1 0.603125 0.20729166666666668 0.015625 0.027083333333333334
1 0.58984375 0.20729166666666668 0.0203125 0.022916666666666665
1 0.99453125 0.3802083333333333 0.0109375 0.010416666666666666
3 0.603125 0.21666666666666667 0.01875 0.03333333333333333
1 0.8296875 0.4197916666666667 0.003125 0.0020833333333333333
1 0.3859375 0.07916666666666666 0.03125 0.020833333333333332
1 0.384375 0.07083333333333333 0.034375 0.016666666666666666
1 0.83046875 0.4197916666666667 0.0078125 0.0020833333333333333
1 0.82890625 0.4197916666666667 0.0046875 0.0020833333333333333
1 0.53046875 0.06354166666666666 0.0140625 0.014583333333333334

1 0.7734375 0.009375 0.015625 0.01875
5 0.65625 0.115625 0.00625 0.01875
1 0.67109375 0.12395833333333334 0.0140625 0.022916666666666665
1 0.65546875 0.09270833333333334 0.0140625 0.014583333333333334
5 0.76484375 0.3072916666666667 0.0171875 0.022916666666666665
5 0.84453125 0.3572916666666667 0.0109375 0.014583333333333334
5 0.86796875 0.22708333333333333 0.0109375 0.0125
5 0.84921875 0.2125 0.0109375 0.0125
5 0.85859375 0.20208333333333334 0.0078125 0.008333333333333333
5 0.8828125 0.165625 0.00625 0.010416666666666666
1 0.82265625 0.27395833333333336 0.0265625 0.027083333333333334
1 0.8484375 0.25104166666666666 0.025 0.027083333333333334
1 0.853125 0.25 0.028125 0.029166666666666667
1 0.89609375 0.203125 0.0171875 0.022916666666666665
1 0.91171875 0.18333333333333332 0.0203125 0.029166666666666667
3 0.940625 0.14791666666666667 0.034375 0.05
1 0.94296875 0.11666666666666667 0.0171875 0.020833333333333332
1 0.9765625 0.10416666666666667 0.0125 0.008333333333333333
1 0.99140625 0.08958333333333333 0.0171875 0.0125
1 0.996875 0.10625 0.00625 0.0125
1 0.97734375 0.13645833333333332 0.0171875 0.027083333333333334
1 0.959375 0.16875 0.01875 0.025
1 0.93125 0.19375 0.015625 0.016666666666666666
1 0.89765625 0.20625 0.0171875 0.020833333333333332
1 0.8921875 0.23854166666666668 0.01875 0.01875
1 0.8640625 0.259375 0.01875 0.022916666666666665
1 0.8375 0.2875 0.028125 0.03333333333333333
1 0.84453125 0.3104166666666667 0.0296875 0.03333333333333333
3 0.878125 0.27708333333333335 0.034375 0.0375
1 0.90703125 0.2520833333333333 0.0234375 0.025
3 0.9453125 0.21354166666666666 0.04375 0.04375
1 0.9765625 0.17708333333333334 0.0125 0.016666666666666666
1 0.9875 0.15833333333333333 0.025 0.029166666666666667
1 0.878125 0.31666666666666665 0.025 0.029166666666666667
1 0.91015625 0.284375 0.0234375 0.027083333333333334
1 0.93046875 0.2625 0.0203125 0.020833333333333332
1 0.94921875 0.2375 0.0171875 0.025
1 0.975 0.21666666666666667 0.021875 0.03333333333333333
1 0.97734375 0.178125 0.0140625 0.01875
1 0.88203125 0.34791666666666665 0.0265625 0.03333333333333333
1 0.91640625 0.31979166666666664 0.0296875 0.03958333333333333
1 0.9390625 0.2864583333333333 0.025 0.03125
1 0.9625 0.25729166666666664 0.015625 0.014583333333333334
1 0.98125 0.2375 0.01875 0.020833333333333332
1 0.90625 0.3645833333333333 0.03125 0.03333333333333333
1 0.9375 0.33125 0.028125 0.029166666666666667

1 0.99296875 0.2552083333333333 0.0140625 0.022916666666666665



4 0.7671875 0.3177083333333333 0.009375 0.014583333333333334
5 0.67734375 0.034375 0.0078125 0.010416666666666666
5 0.51640625 0.8833333333333333 0.0171875 0.020833333333333332
5 0.6 0.9822916666666667 0.01875 0.022916666666666665
4 0.53359375 0.8677083333333333 0.0078125 0.014583333333333334
4 0.378125 0.4625 0.009375 0.008333333333333333
4 0.415625 0.21666666666666667 0.0125 0.0125
4 0.4109375 0.4875 0.00625 0.016666666666666666
4 0.41171875 0.4791666666666667 0.0078125 0.016666666666666666
4 0.7703125 0.13854166666666667 0.00625 0.00625
1 0.44140625 0.26666666666666666 0.0359375 0.020833333333333332
1 0.44375 0.23958333333333334 0.025 0.020833333333333332
