1 0.60234375 0.41458333333333336 0.0140625 0.0125
1 0.9671875 0.39479166666666665 0.028125 0.027083333333333334
1 0.60390625 0.2125 0.0171875 0.025
1 0.6015625 0.21145833333333333 0.015625 0.022916666666666665
1 0.96640625 0.39479166666666665 0.0265625 0.022916666666666665
1 0.56015625 0.1375 0.0109375 0.0125
1 0.8765625 0.43854166666666666 0.01875 0.01875
1 0.6046875 0.20729166666666668 0.015625 0.022916666666666665
1 0.5921875 0.209375 0.025 0.01875
1 0.99453125 0.378125 0.0109375 0.014583333333333334
3 0.60390625 0.21666666666666667 0.0203125 0.03333333333333333
1 0.85 0.42291666666666666 0.009375 0.008333333333333333
1 0.3859375 0.07916666666666666 0.03125 0.020833333333333332
1 0.38515625 0.07083333333333333 0.0328125 0.016666666666666666
1 0.85234375 0.4197916666666667 0.0078125 0.0020833333333333333
1 0.8484375 0.42291666666666666 0.009375 0.008333333333333333
1 0.53046875 0.06354166666666666 0.0140625 0.014583333333333334

1 0.7734375 0.009375 0.015625 0.01875
5 0.65625 0.115625 0.00625 0.01875
1 0.67109375 0.12395833333333334 0.0140625 0.022916666666666665
1 0.6546875 0.09270833333333334 0.015625 0.014583333333333334
5 0.76796875 0.30833333333333335 0.0140625 0.029166666666666667
5 0.8625 0.365625 0.009375 0.014583333333333334
5 0.86796875 0.22708333333333333 0.0109375 0.0125
5 0.84921875 0.2125 0.0109375 0.0125
5 0.85859375 0.203125 0.0078125 0.00625
5 0.8828125 0.165625 0.00625 0.010416666666666666
1 0.8234375 0.27395833333333336 0.028125 0.027083333333333334
1 0.8484375 0.25104166666666666 0.025 0.027083333333333334
1 0.85234375 0.2520833333333333 0.0265625 0.029166666666666667
1 0.89609375 0.20208333333333334 0.0171875 0.020833333333333332
1 0.91171875 0.18333333333333332 0.0203125 0.029166666666666667
3 0.93984375 0.14791666666666667 0.0328125 0.05
1 0.94375 0.128125 0.015625 0.03125
1 0.97734375 0.10416666666666667 0.0109375 0.008333333333333333
1 0.99140625 0.08958333333333333 0.0171875 0.0125
1 0.996875 0.10520833333333333 0.00625 0.014583333333333334
1 0.97734375 0.13645833333333332 0.0171875 0.027083333333333334
1 0.959375 0.16875 0.01875 0.025
1 0.93125 0.19375 0.015625 0.016666666666666666
1 0.8984375 0.20625 0.015625 0.020833333333333332
1 0.8921875 0.2375 0.01875 0.020833333333333332
1 0.86484375 0.2635416666666667 0.0203125 0.01875
1 0.8375 0.2875 0.028125 0.03333333333333333
1 0.84375 0.3104166666666667 0.028125 0.03333333333333333
3 0.878125 0.27708333333333335 0.034375 0.0375
1 0.88671875 0.25 0.0140625 0.029166666666666667
3 0.94453125 0.21666666666666667 0.0421875 0.041666666666666664
1 0.9765625 0.178125 0.0125 0.01875
1 0.98828125 0.15520833333333334 0.0234375 0.035416666666666666
1 0.878125 0.31666666666666665 0.025 0.029166666666666667
1 0.91015625 0.2833333333333333 0.0234375 0.029166666666666667
1 0.93046875 0.2625 0.0203125 0.020833333333333332
1 0.94921875 0.24479166666666666 0.0203125 0.027083333333333334
1 0.975 0.21666666666666667 0.021875 0.03333333333333333
1 0.97734375 0.178125 0.0140625 0.01875
1 0.88203125 0.3489583333333333 0.0265625 0.035416666666666666
1 0.91640625 0.31979166666666664 0.0296875 0.03958333333333333
1 0.9390625 0.28541666666666665 0.025 0.029166666666666667
1 0.9625 0.25729166666666664 0.015625 0.014583333333333334
1 0.9828125 0.2375 0.01875 0.020833333333333332
1 0.90703125 0.3645833333333333 0.0328125 0.03333333333333333
1 0.9375 0.33229166666666665 0.028125 0.03125

1 0.9953125 0.2552083333333333 0.009375 0.022916666666666665



4 0.76640625 0.31875 0.0109375 0.016666666666666666
5 0.67734375 0.03125 0.0078125 0.008333333333333333
5 0.52265625 0.890625 0.0140625 0.01875
5 0.61328125 0.9916666666666667 0.0203125 0.016666666666666666
4 0.53984375 0.8729166666666667 0.0078125 0.008333333333333333
4 0.378125 0.46145833333333336 0.009375 0.010416666666666666
4 0.4140625 0.21666666666666667 0.0125 0.0125
4 0.41171875 0.48541666666666666 0.0078125 0.016666666666666666
4 0.4125 0.478125 0.00625 0.014583333333333334
4 0.7703125 0.1375 0.00625 0.004166666666666667
1 0.44140625 0.26666666666666666 0.0359375 0.020833333333333332
1 0.44375 0.23958333333333334 0.025 0.020833333333333332
