1 0.60234375 0.41458333333333336 0.0140625 0.0125
1 0.9734375 0.390625 0.034375 0.022916666666666665
1 0.609375 0.21041666666666667 0.0125 0.025
1 0.60234375 0.21145833333333333 0.0171875 0.022916666666666665
1 0.98125 0.39375 0.025 0.025
1 0.56171875 0.14166666666666666 0.0109375 0.016666666666666666
1 0.88359375 0.43854166666666666 0.0234375 0.01875
1 0.60546875 0.20729166666666668 0.0140625 0.022916666666666665
1 0.59296875 0.209375 0.0234375 0.01875
1 0.9921875 0.37916666666666665 0.015625 0.016666666666666666
3 0.60390625 0.21770833333333334 0.0203125 0.035416666666666666
1 0.8640625 0.41875 0.0125 0.004166666666666667
1 0.3859375 0.07916666666666666 0.03125 0.020833333333333332
1 0.384375 0.07083333333333333 0.034375 0.016666666666666666
1 0.86484375 0.41875 0.0140625 0.004166666666666667
1 0.8640625 0.41875 0.0125 0.004166666666666667
1 0.53125 0.06354166666666666 0.0125 0.014583333333333334

1 0.7734375 0.009375 0.015625 0.01875
5 0.65625 0.115625 0.00625 0.01875
1 0.67109375 0.125 0.0140625 0.020833333333333332
1 0.65390625 0.09166666666666666 0.0140625 0.016666666666666666
5 0.76875 0.30833333333333335 0.015625 0.025
5 0.86640625 0.371875 0.0109375 0.01875
5 0.86875 0.22708333333333333 0.0125 0.0125
5 0.85 0.21145833333333333 0.009375 0.010416666666666666
5 0.85859375 0.20104166666666667 0.0078125 0.00625
5 0.8828125 0.165625 0.00625 0.010416666666666666
1 0.8234375 0.27395833333333336 0.028125 0.027083333333333334
1 0.8484375 0.25104166666666666 0.025 0.027083333333333334
1 0.85234375 0.2520833333333333 0.0265625 0.029166666666666667
1 0.896875 0.20208333333333334 0.01875 0.020833333333333332
1 0.91171875 0.18333333333333332 0.0203125 0.029166666666666667
3 0.9515625 0.14166666666666666 0.028125 0.041666666666666664
1 0.94375 0.13020833333333334 0.015625 0.03125
1 0.97734375 0.10416666666666667 0.0109375 0.008333333333333333
1 0.9921875 0.08958333333333333 0.015625 0.0125
1 0.996875 0.10520833333333333 0.00625 0.014583333333333334
1 0.978125 0.13645833333333332 0.01875 0.027083333333333334
1 0.96015625 0.16770833333333332 0.0203125 0.022916666666666665
1 0.93125 0.19375 0.015625 0.016666666666666666
1 0.8984375 0.20625 0.015625 0.020833333333333332
1 0.8921875 0.23854166666666668 0.01875 0.01875
1 0.8640625 0.2625 0.01875 0.016666666666666666
1 0.83828125 0.2875 0.0296875 0.03333333333333333
1 0.84453125 0.3104166666666667 0.0296875 0.03333333333333333
3 0.878125 0.27708333333333335 0.034375 0.0375
1 0.8875 0.2520833333333333 0.021875 0.025
3 0.94453125 0.21666666666666667 0.0421875 0.041666666666666664
1 0.9765625 0.178125 0.0125 0.01875
1 0.9890625 0.15520833333333334 0.021875 0.035416666666666666
1 0.878125 0.31666666666666665 0.025 0.029166666666666667
1 0.91015625 0.2833333333333333 0.0234375 0.029166666666666667
1 0.93046875 0.2625 0.0203125 0.020833333333333332
1 0.94921875 0.24583333333333332 0.0203125 0.029166666666666667
1 0.975 0.21666666666666667 0.021875 0.03333333333333333
1 0.97734375 0.178125 0.0140625 0.01875
1 0.88203125 0.34791666666666665 0.0265625 0.03333333333333333
1 0.91640625 0.32083333333333336 0.0296875 0.041666666666666664
1 0.93828125 0.28541666666666665 0.0265625 0.029166666666666667
1 0.9625 0.25625 0.015625 0.016666666666666666
1 0.98203125 0.2375 0.0171875 0.020833333333333332
1 0.90625 0.3645833333333333 0.03125 0.03333333333333333
1 0.9375 0.33229166666666665 0.028125 0.03125

1 0.99609375 0.2552083333333333 0.0078125 0.022916666666666665



4 0.7578125 0.31979166666666664 0.009375 0.014583333333333334
5 0.67734375 0.035416666666666666 0.0078125 0.0125
5 0.52265625 0.8958333333333334 0.0140625 0.020833333333333332
5 0.62265625 0.9947916666666666 0.0171875 0.010416666666666666
4 0.54296875 0.8791666666666667 0.0078125 0.008333333333333333
4 0.378125 0.46145833333333336 0.009375 0.010416666666666666
4 0.4140625 0.21666666666666667 0.0125 0.0125
4 0.41171875 0.48541666666666666 0.0078125 0.016666666666666666
4 0.4140625 0.478125 0.00625 0.014583333333333334
4 0.76953125 0.1375 0.0046875 0.004166666666666667
1 0.44140625 0.26666666666666666 0.0359375 0.020833333333333332
1 0.44375 0.23958333333333334 0.025 0.020833333333333332
