1 0.60234375 0.41458333333333336 0.0140625 0.0125
1 0.97578125 0.3927083333333333 0.0359375 0.022916666666666665
1 0.61015625 0.21041666666666667 0.0109375 0.025
1 0.60234375 0.21145833333333333 0.0171875 0.022916666666666665
1 0.98203125 0.3927083333333333 0.0265625 0.022916666666666665
1 0.5625 0.14583333333333334 0.0125 0.016666666666666666
1 0.88671875 0.43645833333333334 0.0265625 0.01875
1 0.60546875 0.20729166666666668 0.0140625 0.022916666666666665
1 0.59453125 0.209375 0.0234375 0.022916666666666665
1 0.9921875 0.3802083333333333 0.015625 0.01875
3 0.6046875 0.21770833333333334 0.01875 0.035416666666666666
1 0.86796875 0.41875 0.0109375 0.004166666666666667
1 0.3859375 0.07916666666666666 0.03125 0.020833333333333332
1 0.38515625 0.07083333333333333 0.0328125 0.016666666666666666
1 0.87109375 0.41875 0.0140625 0.004166666666666667
1 0.86875 0.41875 0.0125 0.004166666666666667
1 0.53125 0.0625 0.0125 0.0125

1 0.7734375 0.009375 0.015625 0.01875
5 0.65625 0.11875 0.00625 0.0125
1 0.67109375 0.125 0.0140625 0.020833333333333332
1 0.65390625 0.09270833333333334 0.0140625 0.014583333333333334
5 0.7703125 0.30833333333333335 0.015625 0.029166666666666667
5 0.86796875 0.37395833333333334 0.0109375 0.01875
5 0.86875 0.22708333333333333 0.0125 0.0125
5 0.84921875 0.2125 0.0109375 0.0125
5 0.85859375 0.2 0.0078125 0.008333333333333333
5 0.8828125 0.165625 0.00625 0.010416666666666666
1 0.8234375 0.27395833333333336 0.028125 0.027083333333333334
1 0.8484375 0.25104166666666666 0.025 0.027083333333333334
1 0.85234375 0.2520833333333333 0.0265625 0.029166666666666667
1 0.89609375 0.20208333333333334 0.0171875 0.020833333333333332
1 0.9125 0.18333333333333332 0.021875 0.029166666666666667
3 0.94140625 0.14791666666666667 0.0359375 0.05
1 0.9421875 0.128125 0.015625 0.03125
1 0.9765625 0.10416666666666667 0.0125 0.008333333333333333
1 0.99140625 0.08958333333333333 0.0171875 0.0125
1 0.996875 0.10520833333333333 0.00625 0.014583333333333334
1 0.97890625 0.13645833333333332 0.0171875 0.027083333333333334
1 0.96015625 0.16770833333333332 0.0203125 0.022916666666666665
1 0.93125 0.19375 0.015625 0.016666666666666666
1 0.8984375 0.20625 0.015625 0.020833333333333332
1 0.8921875 0.23854166666666668 0.01875 0.01875
1 0.8640625 0.2625 0.01875 0.016666666666666666
1 0.83828125 0.2875 0.0296875 0.03333333333333333
1 0.84453125 0.3104166666666667 0.0296875 0.03333333333333333
3 0.878125 0.27708333333333335 0.034375 0.0375
1 0.8875 0.253125 0.021875 0.027083333333333334
3 0.9453125 0.215625 0.04375 0.03958333333333333
1 0.9765625 0.178125 0.0125 0.01875
1 0.98828125 0.159375 0.0234375 0.027083333333333334
1 0.878125 0.31666666666666665 0.025 0.029166666666666667
1 0.91015625 0.2833333333333333 0.0234375 0.029166666666666667
1 0.93046875 0.2625 0.0203125 0.020833333333333332
1 0.94921875 0.24583333333333332 0.0203125 0.029166666666666667
1 0.975 0.21666666666666667 0.021875 0.03333333333333333
1 0.97734375 0.178125 0.0140625 0.01875
1 0.88203125 0.3489583333333333 0.0265625 0.035416666666666666
1 0.915625 0.31979166666666664 0.03125 0.03958333333333333
1 0.93828125 0.28541666666666665 0.0265625 0.029166666666666667
1 0.9625 0.25729166666666664 0.015625 0.014583333333333334
1 0.98125 0.2375 0.01875 0.020833333333333332
1 0.90625 0.365625 0.03125 0.035416666666666666
1 0.9359375 0.3333333333333333 0.028125 0.03333333333333333

1 0.99609375 0.25625 0.0078125 0.020833333333333332



4 0.7546875 0.3229166666666667 0.0125 0.016666666666666666
5 0.67734375 0.034375 0.0078125 0.010416666666666666
5 0.525 0.896875 0.0125 0.01875
5 0.6296875 0.996875 0.009375 0.00625
4 0.54375 0.88125 0.00625 0.008333333333333333
4 0.378125 0.46145833333333336 0.009375 0.010416666666666666
4 0.41328125 0.21666666666666667 0.0140625 0.0125
4 0.4125 0.484375 0.00625 0.01875
4 0.4140625 0.47708333333333336 0.00625 0.0125
4 0.7703125 0.1375 0.00625 0.004166666666666667
1 0.44140625 0.26666666666666666 0.0359375 0.020833333333333332
1 0.44375 0.23958333333333334 0.025 0.020833333333333332
