1 0.60234375 0.41458333333333336 0.0140625 0.0125
1 0.97734375 0.39166666666666666 0.0390625 0.025
1 0.6109375 0.21145833333333333 0.009375 0.022916666666666665
1 0.603125 0.21145833333333333 0.01875 0.022916666666666665
1 0.984375 0.3927083333333333 0.03125 0.022916666666666665
1 0.56328125 0.146875 0.0109375 0.014583333333333334
1 0.8890625 0.43645833333333334 0.025 0.01875
1 0.60546875 0.20729166666666668 0.0140625 0.022916666666666665
1 0.59453125 0.209375 0.0234375 0.022916666666666665
1 0.99140625 0.38333333333333336 0.0171875 0.020833333333333332
3 0.6046875 0.21770833333333334 0.01875 0.035416666666666666
1 0.8734375 0.41875 0.015625 0.004166666666666667
1 0.3859375 0.07916666666666666 0.03125 0.020833333333333332
1 0.384375 0.07083333333333333 0.034375 0.016666666666666666
1 0.87734375 0.41875 0.0140625 0.004166666666666667
1 0.86875 0.42291666666666666 0.009375 0.008333333333333333
1 0.53125 0.0625 0.0125 0.0125

1 0.7734375 0.009375 0.015625 0.01875
5 0.65625 0.115625 0.00625 0.01875
1 0.67109375 0.12395833333333334 0.0140625 0.022916666666666665
1 0.65390625 0.09166666666666666 0.0140625 0.016666666666666666
5 0.7703125 0.3072916666666667 0.015625 0.027083333333333334
5 0.86875 0.36770833333333336 0.009375 0.022916666666666665
5 0.86875 0.22708333333333333 0.0125 0.0125
5 0.84921875 0.2125 0.0109375 0.0125
5 0.85859375 0.20104166666666667 0.0078125 0.00625
5 0.8828125 0.165625 0.00625 0.010416666666666666
1 0.8234375 0.27395833333333336 0.028125 0.027083333333333334
1 0.8484375 0.25104166666666666 0.025 0.027083333333333334
1 0.85234375 0.2520833333333333 0.0265625 0.029166666666666667
1 0.896875 0.20208333333333334 0.01875 0.020833333333333332
1 0.91171875 0.18333333333333332 0.0203125 0.029166666666666667
3 0.940625 0.14791666666666667 0.034375 0.05
1 0.94296875 0.128125 0.0171875 0.03125
1 0.9765625 0.10416666666666667 0.0125 0.008333333333333333
1 0.9921875 0.08958333333333333 0.015625 0.0125
1 0.996875 0.10520833333333333 0.00625 0.014583333333333334
1 0.9796875 0.134375 0.015625 0.027083333333333334
1 0.96015625 0.16458333333333333 0.0171875 0.020833333333333332
1 0.93125 0.19375 0.015625 0.016666666666666666
1 0.8984375 0.20625 0.015625 0.020833333333333332
1 0.8921875 0.2375 0.01875 0.020833333333333332
1 0.8640625 0.2625 0.01875 0.016666666666666666
1 0.8375 0.2875 0.028125 0.03333333333333333
1 0.84375 0.3104166666666667 0.028125 0.03333333333333333
3 0.878125 0.27708333333333335 0.034375 0.0375
1 0.8875 0.253125 0.021875 0.027083333333333334
3 0.94453125 0.21666666666666667 0.0421875 0.041666666666666664
1 0.9765625 0.178125 0.0125 0.01875
1 0.98828125 0.15520833333333334 0.0234375 0.035416666666666666
1 0.878125 0.31666666666666665 0.025 0.029166666666666667
1 0.91015625 0.284375 0.0234375 0.027083333333333334
1 0.93046875 0.2625 0.0203125 0.020833333333333332
1 0.9484375 0.24583333333333332 0.021875 0.029166666666666667
1 0.975 0.21666666666666667 0.021875 0.03333333333333333
1 0.97734375 0.178125 0.0140625 0.01875
1 0.88203125 0.34791666666666665 0.0265625 0.03333333333333333
1 0.915625 0.32083333333333336 0.03125 0.041666666666666664
1 0.9390625 0.28541666666666665 0.025 0.029166666666666667
1 0.96171875 0.259375 0.0171875 0.01875
1 0.98125 0.2375 0.01875 0.020833333333333332
1 0.90703125 0.3645833333333333 0.0328125 0.03333333333333333
1 0.93671875 0.3333333333333333 0.0296875 0.03333333333333333

1 0.99453125 0.25625 0.0109375 0.020833333333333332



4 0.75625 0.32083333333333336 0.009375 0.016666666666666666
5 0.67734375 0.035416666666666666 0.0078125 0.0125
5 0.525 0.8989583333333333 0.0125 0.022916666666666665
5 0.63046875 0.996875 0.0140625 0.00625
4 0.54453125 0.88125 0.0078125 0.008333333333333333
4 0.378125 0.46145833333333336 0.009375 0.010416666666666666
4 0.41328125 0.21666666666666667 0.0140625 0.0125
4 0.4125 0.484375 0.00625 0.01875
4 0.4140625 0.47708333333333336 0.00625 0.0125
4 0.7703125 0.1375 0.00625 0.004166666666666667
1 0.44140625 0.26666666666666666 0.0359375 0.020833333333333332
1 0.44375 0.23958333333333334 0.025 0.020833333333333332
