1 0.5359375 0.13020833333333334 0.01875 0.027083333333333334
1 0.58671875 0.2625 0.0171875 0.029166666666666667
1 0.58046875 0.23125 0.0140625 0.020833333333333332
1 0.56953125 0.19270833333333334 0.0140625 0.027083333333333334
1 0.56484375 0.16145833333333334 0.0109375 0.01875
1 0.55546875 0.14479166666666668 0.0140625 0.014583333333333334
1 0.60703125 0.25104166666666666 0.0203125 0.035416666666666666
1 0.59609375 0.215625 0.0171875 0.027083333333333334
1 0.5890625 0.190625 0.01875 0.027083333333333334
1 0.584375 0.16458333333333333 0.015625 0.020833333333333332
3 0.57734375 0.13020833333333334 0.0171875 0.03958333333333333
1 0.565625 0.10729166666666666 0.015625 0.027083333333333334
1 0.38515625 0.078125 0.0328125 0.01875
1 0.3828125 0.06979166666666667 0.03125 0.01875
1 0.5796875 0.05520833333333333 0.015625 0.022916666666666665
1 0.59140625 0.003125 0.0109375 0.00625
1 0.565625 0.007291666666666667 0.021875 0.014583333333333334
1 0.578125 0.053125 0.0125 0.01875
1 0.590625 0.00625 0.0125 0.0125
5 0.65625 0.11875 0.00625 0.008333333333333333
1 0.6703125 0.12083333333333333 0.015625 0.020833333333333332
1 0.65390625 0.08854166666666667 0.0140625 0.014583333333333334
5 0.76328125 0.296875 0.0203125 0.014583333333333334
5 0.78828125 0.2875 0.0109375 0.025
5 0.80625 0.2552083333333333 0.0125 0.014583333333333334
5 0.80390625 0.259375 0.0109375 0.014583333333333334
5 0.86796875 0.19479166666666667 0.0078125 0.010416666666666666
5 0.8953125 0.16458333333333333 0.009375 0.0125
1 0.8234375 0.26875 0.028125 0.025
1 0.8484375 0.24583333333333332 0.025 0.029166666666666667
1 0.8703125 0.225 0.025 0.029166666666666667
1 0.89453125 0.2 0.0203125 0.020833333333333332
1 0.91328125 0.17395833333333333 0.0203125 0.022916666666666665
3 0.94140625 0.14166666666666666 0.0359375 0.04583333333333333
1 0.96484375 0.1125 0.0203125 0.020833333333333332
1 0.975 0.1 0.0125 0.016666666666666666
1 0.99296875 0.07395833333333333 0.0140625 0.014583333333333334
1 0.99765625 0.10104166666666667 0.0046875 0.014583333333333334
1 0.978125 0.13333333333333333 0.015625 0.025
1 0.959375 0.15833333333333333 0.01875 0.025
1 0.93515625 0.184375 0.0203125 0.01875
1 0.91328125 0.21354166666666666 0.0234375 0.027083333333333334
1 0.890625 0.23541666666666666 0.021875 0.025
1 0.86328125 0.2635416666666667 0.0234375 0.022916666666666665
1 0.83984375 0.28229166666666666 0.0296875 0.035416666666666666
1 0.8453125 0.3072916666666667 0.028125 0.035416666666666666
3 0.87890625 0.27291666666666664 0.0359375 0.041666666666666664
1 0.9109375 0.24791666666666667 0.021875 0.025
3 0.94921875 0.19791666666666666 0.0421875 0.05
1 0.97578125 0.171875 0.0140625 0.01875
1 0.99296875 0.14791666666666667 0.0140625 0.020833333333333332
1 0.87734375 0.3125 0.0265625 0.029166666666666667
1 0.9109375 0.278125 0.021875 0.03125
1 0.93046875 0.253125 0.0203125 0.022916666666666665
1 0.95078125 0.23854166666666668 0.0234375 0.022916666666666665
1 0.978125 0.20520833333333333 0.01875 0.027083333333333334
1 0.99140625 0.18020833333333333 0.0171875 0.022916666666666665
1 0.88203125 0.3416666666666667 0.0265625 0.03333333333333333
1 0.91484375 0.3104166666666667 0.0296875 0.03333333333333333
1 0.9375 0.2833333333333333 0.028125 0.03333333333333333
1 0.96328125 0.2520833333333333 0.0171875 0.020833333333333332
1 0.9828125 0.234375 0.01875 0.01875
1 0.90703125 0.35625 0.0328125 0.03333333333333333
1 0.934375 0.32916666666666666 0.025 0.029166666666666667

1 0.97265625 0.2947916666666667 0.0234375 0.035416666666666666

5 0.99609375 0.8333333333333334 0.0078125 0.020833333333333332
5 0.74609375 0.35 0.0078125 0.0125
4 0.7953125 0.34270833333333334 0.009375 0.01875
5 0.61484375 0.005208333333333333 0.0109375 0.010416666666666666
5 0.41953125 0.7760416666666666 0.0203125 0.014583333333333334
5 0.48515625 0.7947916666666667 0.0203125 0.03125
4 0.45859375 0.7677083333333333 0.0109375 0.022916666666666665
4 0.3796875 0.4625 0.009375 0.008333333333333333
4 0.42109375 0.23020833333333332 0.0078125 0.01875
4 0.41171875 0.4864583333333333 0.0078125 0.01875
4 0.4015625 0.48854166666666665 0.009375 0.014583333333333334
4 0.80390625 0.13229166666666667 0.0046875 0.010416666666666666
1 0.44140625 0.265625 0.0359375 0.022916666666666665
1 0.43828125 0.25 0.0296875 0.020833333333333332
