1 0.60234375 0.41458333333333336 0.0140625 0.0125
1 0.984375 0.390625 0.03125 0.022916666666666665
1 0.61015625 0.21145833333333333 0.0109375 0.022916666666666665
1 0.603125 0.21145833333333333 0.01875 0.022916666666666665
1 0.98515625 0.39166666666666666 0.0296875 0.025
1 0.56328125 0.14791666666666667 0.0109375 0.0125
1 0.89296875 0.4354166666666667 0.0265625 0.020833333333333332
1 0.60546875 0.20729166666666668 0.0140625 0.022916666666666665
1 0.596875 0.20833333333333334 0.021875 0.025
1 0.99375 0.3802083333333333 0.0125 0.01875
3 0.60546875 0.21875 0.0203125 0.0375
1 0.87890625 0.41875 0.0140625 0.004166666666666667
1 0.38671875 0.07916666666666666 0.0328125 0.020833333333333332
1 0.38515625 0.07083333333333333 0.0328125 0.016666666666666666
1 0.87890625 0.41875 0.0140625 0.004166666666666667
1 0.87890625 0.41875 0.0140625 0.004166666666666667
1 0.53125 0.0625 0.0125 0.0125

1 0.7734375 0.009375 0.015625 0.01875
5 0.65625 0.11875 0.00625 0.0125
1 0.67109375 0.12395833333333334 0.0140625 0.022916666666666665
1 0.65390625 0.09166666666666666 0.0140625 0.016666666666666666
5 0.77109375 0.3072916666666667 0.0171875 0.027083333333333334
5 0.86875 0.36875 0.009375 0.025
5 0.86875 0.22604166666666667 0.0125 0.010416666666666666
5 0.85 0.21145833333333333 0.009375 0.010416666666666666
5 0.85859375 0.2 0.0078125 0.008333333333333333
5 0.8828125 0.165625 0.00625 0.010416666666666666
1 0.8234375 0.27395833333333336 0.028125 0.027083333333333334
1 0.8484375 0.25104166666666666 0.025 0.027083333333333334
1 0.85234375 0.2520833333333333 0.0265625 0.029166666666666667
1 0.896875 0.20208333333333334 0.01875 0.020833333333333332
1 0.91171875 0.18333333333333332 0.0203125 0.029166666666666667
3 0.940625 0.14791666666666667 0.034375 0.05
1 0.94375 0.12916666666666668 0.015625 0.03333333333333333
1 0.97734375 0.10416666666666667 0.0109375 0.008333333333333333
1 0.9921875 0.08958333333333333 0.015625 0.0125
1 0.996875 0.10520833333333333 0.00625 0.014583333333333334
1 0.978125 0.13645833333333332 0.01875 0.027083333333333334
1 0.959375 0.16770833333333332 0.01875 0.022916666666666665
1 0.93125 0.19375 0.015625 0.016666666666666666
1 0.8984375 0.20625 0.015625 0.020833333333333332
1 0.89296875 0.23854166666666668 0.0203125 0.01875
1 0.86484375 0.2625 0.0203125 0.016666666666666666
1 0.8375 0.2875 0.028125 0.03333333333333333
1 0.84375 0.3104166666666667 0.028125 0.03333333333333333
3 0.87734375 0.27708333333333335 0.0359375 0.0375
1 0.8875 0.25416666666666665 0.021875 0.029166666666666667
3 0.94453125 0.21770833333333334 0.0421875 0.03958333333333333
1 0.9765625 0.178125 0.0125 0.01875
1 0.9890625 0.15625 0.021875 0.0375
1 0.87890625 0.31666666666666665 0.0234375 0.029166666666666667
1 0.9109375 0.284375 0.021875 0.027083333333333334
1 0.93046875 0.2625 0.0203125 0.020833333333333332
1 0.94921875 0.24583333333333332 0.0203125 0.029166666666666667
1 0.975 0.21666666666666667 0.021875 0.03333333333333333
1 0.97734375 0.178125 0.0140625 0.01875
1 0.88203125 0.34791666666666665 0.0265625 0.03333333333333333
1 0.91640625 0.31979166666666664 0.0296875 0.03958333333333333
1 0.93828125 0.28541666666666665 0.0265625 0.029166666666666667
1 0.9625 0.25729166666666664 0.015625 0.014583333333333334
1 0.98125 0.2375 0.01875 0.020833333333333332
1 0.90625 0.3645833333333333 0.03125 0.03333333333333333
1 0.9359375 0.33229166666666665 0.028125 0.03125

1 0.9953125 0.25416666666666665 0.009375 0.020833333333333332



4 0.75546875 0.321875 0.0109375 0.014583333333333334
5 0.67734375 0.03229166666666667 0.0078125 0.010416666666666666
5 0.52421875 0.9 0.0140625 0.020833333333333332

4 0.53984375 0.890625 0.0109375 0.00625
4 0.378125 0.46145833333333336 0.009375 0.010416666666666666
4 0.41328125 0.21666666666666667 0.0140625 0.0125
4 0.4125 0.484375 0.00625 0.01875
4 0.4140625 0.47708333333333336 0.00625 0.0125
4 0.7703125 0.1375 0.00625 0.004166666666666667
1 0.44140625 0.26666666666666666 0.0359375 0.020833333333333332
1 0.44375 0.23958333333333334 0.025 0.020833333333333332
