1 0.60234375 0.41458333333333336 0.0140625 0.0125
1 0.98671875 0.3885416666666667 0.0265625 0.027083333333333334
1 0.6109375 0.21145833333333333 0.009375 0.022916666666666665
1 0.603125 0.21145833333333333 0.01875 0.022916666666666665
1 0.98671875 0.39166666666666666 0.0265625 0.029166666666666667
1 0.56328125 0.14895833333333333 0.0109375 0.014583333333333334
1 0.89375 0.43645833333333334 0.028125 0.01875
1 0.60546875 0.20729166666666668 0.0140625 0.022916666666666665
1 0.5953125 0.209375 0.021875 0.022916666666666665
1 0.99453125 0.3770833333333333 0.0109375 0.025
3 0.60546875 0.21875 0.0203125 0.0375
1 0.878125 0.421875 0.0125 0.00625
1 0.3859375 0.07916666666666666 0.03125 0.020833333333333332
1 0.384375 0.06770833333333333 0.03125 0.01875
1 0.87890625 0.421875 0.0109375 0.00625
1 0.87890625 0.421875 0.0140625 0.00625
1 0.53125 0.0625 0.0125 0.0125

1 0.7734375 0.009375 0.015625 0.01875
5 0.65625 0.11979166666666667 0.00625 0.014583333333333334
1 0.67109375 0.125 0.0140625 0.020833333333333332
1 0.65390625 0.09270833333333334 0.0140625 0.014583333333333334
5 0.771875 0.30833333333333335 0.015625 0.029166666666666667
5 0.86953125 0.378125 0.0109375 0.01875
5 0.86875 0.22708333333333333 0.0125 0.0125
5 0.85 0.21145833333333333 0.009375 0.010416666666666666
5 0.85859375 0.2 0.0078125 0.008333333333333333
5 0.8828125 0.165625 0.00625 0.010416666666666666
1 0.82265625 0.27395833333333336 0.0265625 0.027083333333333334
1 0.8484375 0.25104166666666666 0.025 0.027083333333333334
1 0.85234375 0.25104166666666666 0.0265625 0.027083333333333334
1 0.896875 0.20208333333333334 0.01875 0.020833333333333332
1 0.9125 0.18333333333333332 0.021875 0.029166666666666667
3 0.940625 0.14791666666666667 0.034375 0.05
1 0.94375 0.11666666666666667 0.015625 0.020833333333333332
1 0.97734375 0.10416666666666667 0.0109375 0.008333333333333333
1 0.9921875 0.08958333333333333 0.015625 0.0125
1 0.996875 0.10520833333333333 0.00625 0.014583333333333334
1 0.97890625 0.13645833333333332 0.0171875 0.027083333333333334
1 0.96015625 0.16770833333333332 0.0171875 0.022916666666666665
1 0.93046875 0.19583333333333333 0.0171875 0.016666666666666666
1 0.8984375 0.20625 0.015625 0.020833333333333332
1 0.8921875 0.23854166666666668 0.01875 0.01875
1 0.8640625 0.2625 0.01875 0.016666666666666666
1 0.8375 0.2875 0.028125 0.03333333333333333
1 0.84375 0.3104166666666667 0.028125 0.03333333333333333
3 0.878125 0.27708333333333335 0.034375 0.0375
1 0.8875 0.253125 0.021875 0.027083333333333334
3 0.94453125 0.21770833333333334 0.0421875 0.03958333333333333
1 0.9765625 0.178125 0.0125 0.01875
1 0.9890625 0.15520833333333334 0.021875 0.035416666666666666
1 0.878125 0.31666666666666665 0.025 0.029166666666666667
1 0.9109375 0.284375 0.021875 0.027083333333333334
1 0.93046875 0.2625 0.0203125 0.020833333333333332
1 0.94921875 0.24583333333333332 0.0203125 0.029166666666666667
1 0.975 0.21666666666666667 0.021875 0.03333333333333333
1 0.97734375 0.178125 0.0140625 0.01875
1 0.88203125 0.3489583333333333 0.0265625 0.035416666666666666
1 0.91640625 0.31979166666666664 0.0296875 0.03958333333333333
1 0.93828125 0.28541666666666665 0.0265625 0.029166666666666667
1 0.9625 0.25729166666666664 0.015625 0.014583333333333334
1 0.98203125 0.2375 0.0171875 0.020833333333333332
1 0.909375 0.359375 0.028125 0.027083333333333334
1 0.93671875 0.33229166666666665 0.0296875 0.03125

1 0.9953125 0.25416666666666665 0.009375 0.020833333333333332



4 0.753125 0.3229166666666667 0.009375 0.016666666666666666
5 0.67734375 0.03333333333333333 0.0078125 0.008333333333333333
5 0.525 0.9020833333333333 0.0125 0.020833333333333332

4 0.5359375 0.8958333333333334 0.0125 0.008333333333333333
4 0.378125 0.46145833333333336 0.009375 0.010416666666666666
4 0.41328125 0.21666666666666667 0.0140625 0.0125
4 0.41171875 0.484375 0.0078125 0.01875
4 0.4140625 0.47708333333333336 0.00625 0.0125
4 0.7703125 0.1375 0.00625 0.004166666666666667
1 0.44140625 0.26666666666666666 0.0359375 0.020833333333333332
1 0.44375 0.240625 0.025 0.022916666666666665
