1 0.603125 0.41458333333333336 0.0125 0.0125
1 0.9921875 0.38645833333333335 0.015625 0.022916666666666665
1 0.6109375 0.21354166666666666 0.009375 0.022916666666666665
1 0.60234375 0.21145833333333333 0.0171875 0.022916666666666665
1 0.9890625 0.40208333333333335 0.021875 0.0375
1 0.56484375 0.15729166666666666 0.0109375 0.014583333333333334
1 0.9078125 0.434375 0.025 0.01875
1 0.60546875 0.20729166666666668 0.0140625 0.022916666666666665
1 0.5953125 0.21145833333333333 0.021875 0.01875

3 0.6125 0.22083333333333333 0.0125 0.025
1 0.8953125 0.42291666666666666 0.015625 0.0125
1 0.38671875 0.07916666666666666 0.0328125 0.020833333333333332
1 0.38515625 0.071875 0.0328125 0.014583333333333334
1 0.896875 0.421875 0.015625 0.010416666666666666
1 0.896875 0.41875 0.015625 0.008333333333333333
1 0.53046875 0.0625 0.0140625 0.0125

1 0.7734375 0.009375 0.015625 0.01875
5 0.65625 0.12083333333333333 0.00625 0.0125
1 0.67109375 0.125 0.0140625 0.020833333333333332
1 0.6546875 0.09166666666666666 0.015625 0.016666666666666666
5 0.76953125 0.309375 0.0203125 0.022916666666666665
5 0.878125 0.36354166666666665 0.0125 0.014583333333333334
5 0.86875 0.22708333333333333 0.0125 0.0125
5 0.85 0.21145833333333333 0.009375 0.010416666666666666
5 0.85859375 0.2 0.0078125 0.008333333333333333
5 0.8828125 0.165625 0.00625 0.010416666666666666
1 0.8234375 0.27395833333333336 0.028125 0.027083333333333334
1 0.8484375 0.25104166666666666 0.025 0.027083333333333334
1 0.84921875 0.25104166666666666 0.0234375 0.027083333333333334
1 0.896875 0.20208333333333334 0.015625 0.020833333333333332
1 0.91171875 0.18333333333333332 0.0203125 0.029166666666666667
3 0.9515625 0.14270833333333333 0.028125 0.04375
1 0.9453125 0.11666666666666667 0.015625 0.020833333333333332
1 0.97734375 0.10416666666666667 0.0109375 0.008333333333333333
1 0.99140625 0.08958333333333333 0.0171875 0.0125
1 0.996875 0.10520833333333333 0.00625 0.014583333333333334
1 0.9796875 0.13541666666666666 0.015625 0.025
1 0.959375 0.16875 0.01875 0.025
1 0.93125 0.19375 0.015625 0.016666666666666666
1 0.8984375 0.20625 0.015625 0.020833333333333332
1 0.89296875 0.23854166666666668 0.0203125 0.01875
1 0.86484375 0.2625 0.0203125 0.016666666666666666
1 0.8375 0.28854166666666664 0.028125 0.03125
1 0.84375 0.3104166666666667 0.028125 0.03333333333333333
3 0.87890625 0.27708333333333335 0.0359375 0.0375
1 0.88671875 0.25416666666666665 0.0203125 0.029166666666666667
3 0.94375 0.21875 0.040625 0.0375
1 0.9765625 0.178125 0.0125 0.01875
1 0.9890625 0.15625 0.021875 0.0375
1 0.87890625 0.31666666666666665 0.0234375 0.029166666666666667
1 0.9109375 0.284375 0.021875 0.027083333333333334
1 0.93046875 0.2625 0.0203125 0.020833333333333332
1 0.9484375 0.24583333333333332 0.021875 0.029166666666666667
1 0.975 0.21666666666666667 0.021875 0.03333333333333333
1 0.97734375 0.178125 0.0140625 0.01875
1 0.88125 0.34791666666666665 0.025 0.03333333333333333
1 0.91640625 0.31979166666666664 0.0296875 0.03958333333333333
1 0.93828125 0.28541666666666665 0.0265625 0.029166666666666667
1 0.9625 0.25729166666666664 0.015625 0.014583333333333334
1 0.98203125 0.2375 0.0171875 0.020833333333333332
1 0.909375 0.35833333333333334 0.028125 0.029166666666666667
1 0.93671875 0.33229166666666665 0.0296875 0.03125

1 0.99453125 0.25416666666666665 0.0109375 0.020833333333333332



4 0.7421875 0.3229166666666667 0.0125 0.016666666666666666
5 0.67734375 0.03333333333333333 0.0078125 0.008333333333333333
5 0.52890625 0.9083333333333333 0.0171875 0.020833333333333332

4 0.53046875 0.90625 0.0140625 0.016666666666666666
4 0.37890625 0.46145833333333336 0.0109375 0.010416666666666666
4 0.41171875 0.21666666666666667 0.0140625 0.0125
4 0.41328125 0.48541666666666666 0.0078125 0.016666666666666666
4 0.41328125 0.47708333333333336 0.0078125 0.0125
4 0.7703125 0.1375 0.00625 0.004166666666666667
1 0.44140625 0.26666666666666666 0.0359375 0.020833333333333332
1 0.44375 0.23958333333333334 0.025 0.020833333333333332
