1 0.603125 0.41458333333333336 0.0125 0.0125
1 0.97890625 0.38645833333333335 0.0171875 0.014583333333333334
1 0.6109375 0.21354166666666666 0.009375 0.022916666666666665
1 0.603125 0.21145833333333333 0.01875 0.022916666666666665
1 0.9828125 0.40625 0.009375 0.029166666666666667
1 0.56484375 0.159375 0.0109375 0.014583333333333334
1 0.91328125 0.43333333333333335 0.0265625 0.020833333333333332
1 0.60546875 0.20729166666666668 0.0140625 0.022916666666666665
1 0.59453125 0.21145833333333333 0.0203125 0.01875
1 0.56875 0.1625 0.015625 0.016666666666666666
3 0.61328125 0.21979166666666666 0.0109375 0.027083333333333334
1 0.903125 0.41770833333333335 0.01875 0.010416666666666666
1 0.3859375 0.07916666666666666 0.03125 0.020833333333333332
1 0.38515625 0.07083333333333333 0.0328125 0.016666666666666666
1 0.90859375 0.4166666666666667 0.0140625 0.008333333333333333
1 0.903125 0.41875 0.01875 0.008333333333333333
1 0.53046875 0.0625 0.0140625 0.0125

1 0.7734375 0.009375 0.015625 0.01875
5 0.65625 0.12083333333333333 0.00625 0.0125
1 0.67109375 0.125 0.0140625 0.020833333333333332
1 0.6546875 0.09166666666666666 0.015625 0.016666666666666666
5 0.77890625 0.3177083333333333 0.0109375 0.014583333333333334
5 0.88203125 0.365625 0.0015625 0.0020833333333333333
5 0.86875 0.22708333333333333 0.0125 0.0125
5 0.85 0.21145833333333333 0.009375 0.010416666666666666
5 0.859375 0.2 0.00625 0.008333333333333333
5 0.8828125 0.16666666666666666 0.00625 0.008333333333333333
1 0.82265625 0.27395833333333336 0.0265625 0.027083333333333334
1 0.8484375 0.25104166666666666 0.025 0.027083333333333334
1 0.84921875 0.25104166666666666 0.0234375 0.027083333333333334
1 0.896875 0.20208333333333334 0.015625 0.020833333333333332
1 0.91171875 0.18333333333333332 0.0203125 0.029166666666666667
3 0.94140625 0.14791666666666667 0.0359375 0.05
1 0.9453125 0.115625 0.015625 0.01875
1 0.97734375 0.10416666666666667 0.0109375 0.008333333333333333
1 0.99140625 0.08958333333333333 0.0171875 0.0125
1 0.996875 0.10520833333333333 0.00625 0.014583333333333334
1 0.97734375 0.13645833333333332 0.0171875 0.027083333333333334
1 0.959375 0.16979166666666667 0.01875 0.027083333333333334
1 0.93125 0.19375 0.015625 0.016666666666666666
1 0.8984375 0.20625 0.015625 0.020833333333333332
1 0.89296875 0.23854166666666668 0.0203125 0.01875
1 0.86484375 0.2625 0.0203125 0.016666666666666666
1 0.8375 0.28854166666666664 0.028125 0.03125
1 0.84453125 0.31145833333333334 0.0296875 0.03125
3 0.878125 0.27708333333333335 0.034375 0.0375
1 0.88671875 0.25729166666666664 0.0203125 0.022916666666666665
3 0.9484375 0.20729166666666668 0.0375 0.03958333333333333
1 0.9765625 0.178125 0.0125 0.01875
1 0.9890625 0.15625 0.021875 0.0375
1 0.878125 0.31666666666666665 0.025 0.029166666666666667
1 0.9109375 0.284375 0.021875 0.027083333333333334
1 0.93046875 0.2625 0.0203125 0.020833333333333332
1 0.94921875 0.246875 0.0234375 0.03125
1 0.97578125 0.21666666666666667 0.0234375 0.03333333333333333
1 0.97734375 0.178125 0.0140625 0.01875
1 0.88203125 0.34791666666666665 0.0265625 0.03333333333333333
1 0.91640625 0.31979166666666664 0.0296875 0.03958333333333333
1 0.9390625 0.28541666666666665 0.025 0.029166666666666667
1 0.96171875 0.259375 0.0171875 0.01875
1 0.9828125 0.2375 0.01875 0.020833333333333332
1 0.90859375 0.35833333333333334 0.0296875 0.029166666666666667
1 0.93671875 0.3333333333333333 0.0296875 0.03333333333333333

1 0.9953125 0.25416666666666665 0.009375 0.020833333333333332



4 0.73984375 0.325 0.0109375 0.016666666666666666
5 0.67734375 0.035416666666666666 0.0078125 0.0125
5 0.5296875 0.9072916666666667 0.015625 0.01875

4 0.53046875 0.909375 0.0140625 0.01875
4 0.378125 0.46145833333333336 0.009375 0.010416666666666666
4 0.41171875 0.21666666666666667 0.0140625 0.0125
4 0.41328125 0.48333333333333334 0.0078125 0.016666666666666666
4 0.4140625 0.47708333333333336 0.00625 0.0125
4 0.7703125 0.1375 0.00625 0.004166666666666667
1 0.44140625 0.26666666666666666 0.0359375 0.020833333333333332
1 0.44375 0.23958333333333334 0.025 0.020833333333333332
