1 0.603125 0.41458333333333336 0.0125 0.0125
1 0.98515625 0.384375 0.0109375 0.01875
1 0.6109375 0.21458333333333332 0.009375 0.020833333333333332
1 0.60234375 0.21145833333333333 0.0171875 0.022916666666666665
1 0.56796875 0.165625 0.0109375 0.010416666666666666
1 0.56484375 0.1625 0.0109375 0.016666666666666666
1 0.91640625 0.4322916666666667 0.0234375 0.01875
1 0.60546875 0.20729166666666668 0.0140625 0.022916666666666665
1 0.5921875 0.209375 0.01875 0.01875
1 0.56953125 0.16458333333333333 0.0140625 0.0125
3 0.61328125 0.21979166666666666 0.0109375 0.027083333333333334
1 0.9078125 0.42291666666666666 0.01875 0.0125
1 0.38671875 0.07916666666666666 0.0328125 0.020833333333333332
1 0.38515625 0.071875 0.0328125 0.014583333333333334
1 0.91171875 0.415625 0.0171875 0.010416666666666666
1 0.9078125 0.42291666666666666 0.015625 0.008333333333333333
1 0.53046875 0.0625 0.0140625 0.0125

1 0.7734375 0.009375 0.015625 0.01875
5 0.65625 0.11979166666666667 0.00625 0.010416666666666666
1 0.67109375 0.12395833333333334 0.0140625 0.022916666666666665
1 0.65390625 0.09270833333333334 0.0140625 0.014583333333333334
5 0.778125 0.31979166666666664 0.015625 0.01875
5 0.896875 0.3927083333333333 0.009375 0.014583333333333334
5 0.86875 0.22708333333333333 0.0125 0.0125
5 0.85 0.21145833333333333 0.009375 0.010416666666666666
5 0.859375 0.19791666666666666 0.00625 0.008333333333333333
5 0.88203125 0.16666666666666666 0.0078125 0.008333333333333333
1 0.82265625 0.27395833333333336 0.0265625 0.027083333333333334
1 0.8484375 0.25104166666666666 0.025 0.027083333333333334
1 0.8484375 0.2520833333333333 0.021875 0.025
1 0.89609375 0.20208333333333334 0.0171875 0.020833333333333332
1 0.91171875 0.18333333333333332 0.0203125 0.029166666666666667
3 0.9421875 0.14895833333333333 0.034375 0.04791666666666667
1 0.94609375 0.115625 0.0140625 0.01875
1 0.97734375 0.10416666666666667 0.0109375 0.008333333333333333
1 0.99140625 0.08958333333333333 0.0171875 0.0125
1 0.996875 0.10520833333333333 0.00625 0.014583333333333334
1 0.9796875 0.13541666666666666 0.015625 0.025
1 0.959375 0.16875 0.01875 0.025
1 0.93125 0.19375 0.015625 0.016666666666666666
1 0.8984375 0.20625 0.015625 0.020833333333333332
1 0.89296875 0.23854166666666668 0.0203125 0.01875
1 0.86484375 0.2635416666666667 0.0203125 0.01875
1 0.8375 0.28958333333333336 0.028125 0.03333333333333333
1 0.84453125 0.3104166666666667 0.0296875 0.03333333333333333
3 0.884375 0.27291666666666664 0.028125 0.03333333333333333
1 0.88671875 0.25729166666666664 0.0203125 0.022916666666666665
3 0.9484375 0.20833333333333334 0.0375 0.041666666666666664
1 0.9765625 0.17708333333333334 0.0125 0.016666666666666666
1 0.9890625 0.16041666666666668 0.021875 0.029166666666666667
1 0.878125 0.31666666666666665 0.025 0.029166666666666667
1 0.9109375 0.284375 0.021875 0.027083333333333334
1 0.93046875 0.2625 0.0203125 0.020833333333333332
1 0.94921875 0.24583333333333332 0.0203125 0.029166666666666667
1 0.975 0.21666666666666667 0.021875 0.03333333333333333
1 0.97734375 0.178125 0.0140625 0.01875
1 0.88125 0.346875 0.025 0.03125
1 0.91640625 0.31979166666666664 0.0296875 0.03958333333333333
1 0.9390625 0.28541666666666665 0.025 0.029166666666666667
1 0.9625 0.25729166666666664 0.015625 0.014583333333333334
1 0.98125 0.2375 0.01875 0.020833333333333332
1 0.90859375 0.359375 0.0296875 0.027083333333333334
1 0.9359375 0.33229166666666665 0.028125 0.03125

1 0.99296875 0.259375 0.0140625 0.022916666666666665



4 0.73828125 0.325 0.0109375 0.016666666666666666
5 0.67734375 0.035416666666666666 0.0078125 0.0125
5 0.534375 0.9114583333333334 0.0125 0.01875

4 0.5359375 0.909375 0.009375 0.014583333333333334
4 0.378125 0.46145833333333336 0.009375 0.010416666666666666
4 0.4109375 0.215625 0.0125 0.010416666666666666
4 0.41328125 0.48333333333333334 0.0078125 0.016666666666666666
4 0.4140625 0.47708333333333336 0.00625 0.0125
4 0.7703125 0.1375 0.00625 0.004166666666666667
1 0.44140625 0.26666666666666666 0.0359375 0.020833333333333332
1 0.44375 0.23958333333333334 0.025 0.020833333333333332
