1 0.5359375 0.13020833333333334 0.01875 0.027083333333333334
1 0.58671875 0.2635416666666667 0.0171875 0.027083333333333334
1 0.58046875 0.23229166666666667 0.0140625 0.022916666666666665
1 0.56953125 0.19270833333333334 0.0140625 0.027083333333333334
1 0.5640625 0.16145833333333334 0.009375 0.01875
1 0.55546875 0.14479166666666668 0.0140625 0.014583333333333334
1 0.60703125 0.25104166666666666 0.0203125 0.035416666666666666
1 0.59609375 0.215625 0.0171875 0.027083333333333334
1 0.5890625 0.190625 0.01875 0.027083333333333334
1 0.58359375 0.16458333333333333 0.0171875 0.020833333333333332
3 0.57734375 0.13125 0.0171875 0.0375
1 0.56640625 0.10729166666666666 0.0171875 0.027083333333333334
1 0.38515625 0.078125 0.0328125 0.01875
1 0.3828125 0.07083333333333333 0.03125 0.016666666666666666
1 0.57890625 0.04375 0.0140625 0.016666666666666666

1 0.57109375 0.046875 0.0140625 0.022916666666666665
1 0.57734375 0.042708333333333334 0.0140625 0.014583333333333334

5 0.65625 0.11979166666666667 0.00625 0.010416666666666666
1 0.6703125 0.12083333333333333 0.015625 0.020833333333333332
1 0.653125 0.08958333333333333 0.0125 0.016666666666666666
5 0.76328125 0.296875 0.0203125 0.014583333333333334
5 0.78671875 0.28958333333333336 0.0109375 0.025
5 0.8046875 0.25625 0.0125 0.016666666666666666
5 0.803125 0.25833333333333336 0.009375 0.0125
5 0.86484375 0.196875 0.0078125 0.010416666666666666
5 0.89296875 0.1625 0.0109375 0.0125
1 0.8234375 0.26875 0.028125 0.025
1 0.8484375 0.24583333333333332 0.025 0.029166666666666667
1 0.8703125 0.225 0.025 0.029166666666666667
1 0.89453125 0.2 0.0203125 0.020833333333333332
1 0.9109375 0.17395833333333333 0.021875 0.022916666666666665
3 0.94140625 0.14166666666666666 0.0359375 0.04583333333333333
1 0.9640625 0.1125 0.01875 0.020833333333333332
1 0.975 0.1 0.0125 0.016666666666666666
1 0.9921875 0.07395833333333333 0.015625 0.014583333333333334
1 0.99765625 0.10104166666666667 0.0046875 0.014583333333333334
1 0.97734375 0.13333333333333333 0.0171875 0.025
1 0.959375 0.15833333333333333 0.01875 0.025
1 0.934375 0.18541666666666667 0.01875 0.020833333333333332
1 0.91328125 0.21354166666666666 0.0234375 0.027083333333333334
1 0.890625 0.23541666666666666 0.021875 0.025
1 0.86328125 0.2635416666666667 0.0234375 0.022916666666666665
1 0.8390625 0.28229166666666666 0.03125 0.035416666666666666
1 0.8453125 0.3072916666666667 0.028125 0.035416666666666666
3 0.8796875 0.27291666666666664 0.034375 0.041666666666666664
1 0.9109375 0.24895833333333334 0.021875 0.027083333333333334
3 0.94921875 0.19791666666666666 0.0421875 0.05
1 0.97578125 0.171875 0.0140625 0.01875
1 0.99296875 0.14895833333333333 0.0140625 0.022916666666666665
1 0.87734375 0.3125 0.0265625 0.029166666666666667
1 0.9109375 0.278125 0.021875 0.03125
1 0.93046875 0.253125 0.0203125 0.022916666666666665
1 0.95 0.2375 0.01875 0.020833333333333332
1 0.978125 0.20520833333333333 0.01875 0.027083333333333334
1 0.99140625 0.18020833333333333 0.0171875 0.022916666666666665
1 0.88203125 0.3416666666666667 0.0265625 0.03333333333333333
1 0.9140625 0.3104166666666667 0.028125 0.03333333333333333
1 0.9375 0.2833333333333333 0.028125 0.03333333333333333
1 0.96171875 0.2520833333333333 0.0171875 0.020833333333333332
1 0.9828125 0.234375 0.01875 0.01875
1 0.90703125 0.3572916666666667 0.0328125 0.035416666666666666
1 0.934375 0.328125 0.025 0.03125

1 0.9703125 0.296875 0.025 0.035416666666666666


5 0.73984375 0.3375 0.0078125 0.0125
4 0.79140625 0.34270833333333334 0.0109375 0.01875
5 0.625 0.04583333333333333 0.009375 0.008333333333333333
5 0.40546875 0.7729166666666667 0.0203125 0.016666666666666666
5 0.484375 0.7947916666666667 0.01875 0.03125
4 0.453125 0.7666666666666667 0.0125 0.020833333333333332
4 0.378125 0.4625 0.009375 0.008333333333333333
4 0.421875 0.22916666666666666 0.009375 0.016666666666666666
4 0.41171875 0.4875 0.0078125 0.016666666666666666
4 0.4046875 0.484375 0.009375 0.010416666666666666
4 0.8 0.13229166666666667 0.00625 0.010416666666666666
1 0.44140625 0.265625 0.0359375 0.022916666666666665
1 0.43828125 0.25 0.0296875 0.020833333333333332
