1 0.53515625 0.13125 0.0171875 0.029166666666666667
1 0.5859375 0.265625 0.015625 0.027083333333333334
1 0.57734375 0.23333333333333334 0.0171875 0.025
1 0.56953125 0.19270833333333334 0.0140625 0.027083333333333334
1 0.56328125 0.16145833333333334 0.0109375 0.01875
1 0.55546875 0.14479166666666668 0.0140625 0.014583333333333334
1 0.60625 0.25104166666666666 0.01875 0.035416666666666666
1 0.59765625 0.21458333333333332 0.0171875 0.025
1 0.5890625 0.19166666666666668 0.01875 0.025
1 0.5828125 0.16458333333333333 0.015625 0.020833333333333332
3 0.57734375 0.13020833333333334 0.0171875 0.03958333333333333
1 0.56484375 0.10729166666666666 0.0171875 0.027083333333333334
1 0.38515625 0.07916666666666666 0.0328125 0.020833333333333332
1 0.3828125 0.07083333333333333 0.03125 0.016666666666666666
1 0.57578125 0.0375 0.0140625 0.016666666666666666
1 0.571875 0.041666666666666664 0.015625 0.016666666666666666
1 0.56953125 0.03958333333333333 0.0140625 0.020833333333333332
1 0.575 0.0375 0.015625 0.016666666666666666

5 0.65625 0.11770833333333333 0.00625 0.010416666666666666
1 0.6703125 0.12083333333333333 0.015625 0.020833333333333332
1 0.65234375 0.08958333333333333 0.0140625 0.016666666666666666
5 0.76640625 0.2947916666666667 0.0203125 0.014583333333333334
5 0.7890625 0.28020833333333334 0.0125 0.01875
5 0.80078125 0.259375 0.0078125 0.010416666666666666
5 0.80078125 0.2604166666666667 0.0078125 0.0125
5 0.86171875 0.20104166666666667 0.0078125 0.010416666666666666
5 0.8828125 0.175 0.009375 0.020833333333333332
1 0.8234375 0.26979166666666665 0.028125 0.027083333333333334
1 0.8484375 0.24583333333333332 0.025 0.029166666666666667
1 0.871875 0.221875 0.021875 0.022916666666666665
1 0.89375 0.2 0.021875 0.020833333333333332
1 0.91328125 0.17395833333333333 0.0203125 0.022916666666666665
3 0.94140625 0.14166666666666666 0.0359375 0.04583333333333333
1 0.9640625 0.1125 0.01875 0.020833333333333332
1 0.97578125 0.09895833333333333 0.0109375 0.014583333333333334
1 0.9921875 0.075 0.015625 0.016666666666666666
1 0.99765625 0.10104166666666667 0.0046875 0.014583333333333334
1 0.9765625 0.134375 0.015625 0.027083333333333334
1 0.9578125 0.159375 0.01875 0.022916666666666665
1 0.934375 0.18645833333333334 0.01875 0.01875
1 0.9125 0.21354166666666666 0.021875 0.027083333333333334
1 0.890625 0.23541666666666666 0.021875 0.025
1 0.8625 0.2625 0.021875 0.020833333333333332
1 0.83828125 0.28229166666666666 0.0296875 0.035416666666666666
1 0.8453125 0.3072916666666667 0.028125 0.035416666666666666
3 0.878125 0.27291666666666664 0.034375 0.041666666666666664
1 0.9109375 0.24791666666666667 0.021875 0.025
3 0.95 0.19791666666666666 0.04375 0.05
1 0.975 0.17291666666666666 0.015625 0.020833333333333332
1 0.9921875 0.14791666666666667 0.015625 0.020833333333333332
1 0.87734375 0.3125 0.0265625 0.029166666666666667
1 0.9109375 0.278125 0.021875 0.03125
1 0.9296875 0.253125 0.01875 0.022916666666666665
1 0.94921875 0.2375 0.0171875 0.020833333333333332
1 0.978125 0.20520833333333333 0.01875 0.027083333333333334
1 0.99140625 0.18020833333333333 0.0171875 0.022916666666666665
1 0.88203125 0.3416666666666667 0.0265625 0.03333333333333333
1 0.9140625 0.3104166666666667 0.028125 0.03333333333333333
1 0.93828125 0.28020833333333334 0.0234375 0.027083333333333334
1 0.96171875 0.25104166666666666 0.0171875 0.01875
1 0.98125 0.23645833333333333 0.01875 0.01875
1 0.90546875 0.3572916666666667 0.0328125 0.035416666666666666
1 0.934375 0.328125 0.025 0.03125

1 0.96875 0.3 0.025 0.029166666666666667


5 0.73671875 0.32708333333333334 0.0078125 0.0125
4 0.7890625 0.33645833333333336 0.009375 0.014583333333333334
5 0.62265625 0.040625 0.0078125 0.010416666666666666
5 0.396875 0.7708333333333334 0.01875 0.016666666666666666
5 0.48359375 0.790625 0.0171875 0.03125
4 0.45078125 0.765625 0.0140625 0.022916666666666665
4 0.378125 0.4625 0.009375 0.008333333333333333
4 0.42265625 0.22916666666666666 0.0078125 0.016666666666666666
4 0.41171875 0.48541666666666666 0.0078125 0.016666666666666666
4 0.409375 0.48125 0.00625 0.0125
4 0.79765625 0.13333333333333333 0.0078125 0.0125
1 0.44140625 0.265625 0.0359375 0.022916666666666665
1 0.44140625 0.24270833333333333 0.0265625 0.022916666666666665
