1 0.53515625 0.13125 0.0171875 0.029166666666666667
1 0.58671875 0.26666666666666666 0.0171875 0.025
1 0.58046875 0.23229166666666667 0.0140625 0.022916666666666665
1 0.56953125 0.19166666666666668 0.0140625 0.025
1 0.56328125 0.16145833333333334 0.0109375 0.01875
1 0.55546875 0.14479166666666668 0.0140625 0.014583333333333334
1 0.60546875 0.25104166666666666 0.0203125 0.035416666666666666
1 0.59765625 0.21458333333333332 0.0171875 0.025
1 0.58828125 0.19166666666666668 0.0171875 0.025
1 0.58359375 0.16458333333333333 0.0171875 0.020833333333333332
3 0.57734375 0.13125 0.0171875 0.0375
1 0.565625 0.10833333333333334 0.01875 0.029166666666666667
1 0.38515625 0.078125 0.0328125 0.01875
1 0.3828125 0.07083333333333333 0.03125 0.016666666666666666
1 0.57421875 0.0375 0.0140625 0.016666666666666666
1 0.571875 0.03958333333333333 0.015625 0.020833333333333332
1 0.56953125 0.03854166666666667 0.0140625 0.022916666666666665
1 0.575 0.035416666666666666 0.015625 0.016666666666666666

5 0.65546875 0.11770833333333333 0.0078125 0.010416666666666666
1 0.6703125 0.12083333333333333 0.015625 0.020833333333333332
1 0.653125 0.08958333333333333 0.0125 0.016666666666666666
5 0.76484375 0.2947916666666667 0.0203125 0.014583333333333334
5 0.7890625 0.28125 0.0125 0.020833333333333332
5 0.8 0.2604166666666667 0.00625 0.0125
5 0.8 0.2604166666666667 0.009375 0.0125
5 0.8609375 0.20104166666666667 0.00625 0.010416666666666666
5 0.88359375 0.16979166666666667 0.0109375 0.022916666666666665
1 0.8234375 0.26979166666666665 0.028125 0.027083333333333334
1 0.84765625 0.24583333333333332 0.0234375 0.029166666666666667
1 0.87109375 0.221875 0.0203125 0.022916666666666665
1 0.89375 0.2 0.021875 0.020833333333333332
1 0.9109375 0.17395833333333333 0.021875 0.022916666666666665
3 0.94140625 0.14166666666666666 0.0359375 0.04583333333333333
1 0.9640625 0.1125 0.01875 0.020833333333333332
1 0.97578125 0.09895833333333333 0.0109375 0.014583333333333334
1 0.9921875 0.07291666666666667 0.015625 0.016666666666666666
1 0.99765625 0.1 0.0046875 0.0125
1 0.9765625 0.134375 0.015625 0.027083333333333334
1 0.96015625 0.15833333333333333 0.0171875 0.025
1 0.934375 0.18541666666666667 0.01875 0.020833333333333332
1 0.9125 0.21354166666666666 0.021875 0.027083333333333334
1 0.8890625 0.23541666666666666 0.021875 0.025
1 0.8625 0.2635416666666667 0.021875 0.022916666666666665
1 0.83828125 0.28229166666666666 0.0296875 0.035416666666666666
1 0.8453125 0.3072916666666667 0.028125 0.035416666666666666
3 0.87890625 0.27291666666666664 0.0359375 0.041666666666666664
1 0.9140625 0.24375 0.01875 0.025
3 0.95 0.19791666666666666 0.04375 0.05
1 0.975 0.17291666666666666 0.015625 0.020833333333333332
1 0.9921875 0.14791666666666667 0.015625 0.020833333333333332
1 0.87734375 0.3125 0.0265625 0.029166666666666667
1 0.9109375 0.2791666666666667 0.021875 0.029166666666666667
1 0.92890625 0.253125 0.0203125 0.022916666666666665
1 0.94921875 0.2375 0.0171875 0.020833333333333332
1 0.978125 0.20520833333333333 0.01875 0.027083333333333334
1 0.99140625 0.18125 0.0171875 0.020833333333333332
1 0.88203125 0.3416666666666667 0.0265625 0.03333333333333333
1 0.9140625 0.3104166666666667 0.028125 0.03333333333333333
1 0.93671875 0.28020833333333334 0.0234375 0.027083333333333334
1 0.96171875 0.2520833333333333 0.0171875 0.020833333333333332
1 0.98125 0.23645833333333333 0.01875 0.01875
1 0.9046875 0.3572916666666667 0.034375 0.035416666666666666
1 0.93359375 0.328125 0.0265625 0.03125

1 0.96875 0.30104166666666665 0.025 0.03125


5 0.73046875 0.3260416666666667 0.0078125 0.014583333333333334
4 0.78828125 0.3385416666666667 0.0109375 0.01875
5 0.621875 0.03958333333333333 0.00625 0.008333333333333333
5 0.39140625 0.7697916666666667 0.0203125 0.014583333333333334
5 0.48359375 0.790625 0.0171875 0.03125
4 0.45078125 0.765625 0.0140625 0.022916666666666665
4 0.378125 0.4625 0.009375 0.008333333333333333
4 0.421875 0.228125 0.009375 0.014583333333333334
4 0.41171875 0.484375 0.0078125 0.01875
4 0.4109375 0.478125 0.00625 0.010416666666666666
4 0.7953125 0.134375 0.009375 0.010416666666666666
1 0.44140625 0.265625 0.0359375 0.022916666666666665
1 0.44140625 0.24270833333333333 0.0265625 0.022916666666666665
