1 0.53515625 0.13020833333333334 0.0171875 0.027083333333333334
1 0.5875 0.26875 0.015625 0.029166666666666667
1 0.5796875 0.23229166666666667 0.015625 0.022916666666666665
1 0.56953125 0.19270833333333334 0.0140625 0.027083333333333334
1 0.56328125 0.16145833333333334 0.0109375 0.01875
1 0.55546875 0.14479166666666668 0.0140625 0.014583333333333334
1 0.60546875 0.2520833333333333 0.0203125 0.0375
1 0.59765625 0.21458333333333332 0.0171875 0.025
1 0.58828125 0.190625 0.0171875 0.027083333333333334
1 0.5828125 0.16458333333333333 0.015625 0.020833333333333332
3 0.57734375 0.13020833333333334 0.0171875 0.03958333333333333
1 0.56484375 0.10729166666666666 0.0171875 0.027083333333333334
1 0.38515625 0.078125 0.0328125 0.01875
1 0.3828125 0.06875 0.03125 0.016666666666666666
1 0.57109375 0.03229166666666667 0.0140625 0.01875
1 0.509375 0.03854166666666667 0.015625 0.01875
1 0.5703125 0.035416666666666666 0.0125 0.020833333333333332
1 0.57265625 0.028125 0.0140625 0.014583333333333334

5 0.65546875 0.11770833333333333 0.0078125 0.010416666666666666
1 0.6703125 0.12083333333333333 0.015625 0.020833333333333332
1 0.65234375 0.08958333333333333 0.0140625 0.016666666666666666
5 0.7640625 0.2947916666666667 0.021875 0.014583333333333334
5 0.78828125 0.28229166666666666 0.0109375 0.022916666666666665
5 0.80078125 0.259375 0.0078125 0.010416666666666666
5 0.78984375 0.278125 0.0109375 0.022916666666666665
5 0.859375 0.19895833333333332 0.00625 0.010416666666666666
5 0.8828125 0.16354166666666667 0.0125 0.014583333333333334
1 0.8234375 0.26979166666666665 0.028125 0.027083333333333334
1 0.846875 0.24583333333333332 0.025 0.029166666666666667
1 0.87109375 0.221875 0.0203125 0.022916666666666665
1 0.89375 0.2 0.021875 0.020833333333333332
1 0.9109375 0.17395833333333333 0.021875 0.022916666666666665
3 0.940625 0.14166666666666666 0.034375 0.04583333333333333
1 0.9640625 0.1125 0.01875 0.020833333333333332
1 0.97421875 0.1 0.0109375 0.016666666666666666
1 0.9921875 0.07395833333333333 0.015625 0.014583333333333334
1 0.99765625 0.1 0.0046875 0.0125
1 0.9765625 0.134375 0.015625 0.027083333333333334
1 0.96015625 0.15833333333333333 0.0171875 0.025
1 0.934375 0.18541666666666667 0.01875 0.020833333333333332
1 0.91171875 0.21354166666666666 0.0234375 0.027083333333333334
1 0.8890625 0.23541666666666666 0.021875 0.025
1 0.8640625 0.259375 0.021875 0.01875
1 0.8375 0.2833333333333333 0.028125 0.03333333333333333
1 0.84453125 0.3072916666666667 0.0265625 0.035416666666666666
3 0.878125 0.27291666666666664 0.034375 0.041666666666666664
1 0.91328125 0.24479166666666666 0.0171875 0.022916666666666665
3 0.94609375 0.2 0.0421875 0.05
1 0.9765625 0.17083333333333334 0.0125 0.016666666666666666
1 0.99296875 0.146875 0.0140625 0.022916666666666665
1 0.87734375 0.3125 0.0265625 0.029166666666666667
1 0.91015625 0.2791666666666667 0.0234375 0.029166666666666667
1 0.92890625 0.253125 0.0203125 0.022916666666666665
1 0.9484375 0.2375 0.015625 0.020833333333333332
1 0.978125 0.20520833333333333 0.01875 0.027083333333333334
1 0.99140625 0.18125 0.0171875 0.020833333333333332
1 0.88125 0.3416666666666667 0.025 0.03333333333333333
1 0.9140625 0.3104166666666667 0.028125 0.03333333333333333
1 0.93828125 0.28020833333333334 0.0234375 0.027083333333333334
1 0.96171875 0.253125 0.0171875 0.01875
1 0.98125 0.23541666666666666 0.01875 0.020833333333333332
1 0.90546875 0.3572916666666667 0.0328125 0.035416666666666666
1 0.9328125 0.328125 0.025 0.03125

1 0.96875 0.3020833333333333 0.025 0.029166666666666667


5 0.72890625 0.315625 0.0078125 0.010416666666666666
4 0.7859375 0.334375 0.009375 0.01875
5 0.6203125 0.036458333333333336 0.00625 0.010416666666666666
5 0.38046875 0.76875 0.0171875 0.016666666666666666
5 0.4828125 0.7875 0.015625 0.029166666666666667
4 0.45078125 0.765625 0.0140625 0.022916666666666665
4 0.37890625 0.46145833333333336 0.0078125 0.010416666666666666
4 0.42109375 0.22916666666666666 0.0078125 0.016666666666666666
4 0.41171875 0.48854166666666665 0.0078125 0.01875
4 0.4109375 0.478125 0.00625 0.010416666666666666
4 0.79375 0.13229166666666667 0.00625 0.00625
1 0.440625 0.265625 0.034375 0.022916666666666665
1 0.440625 0.24166666666666667 0.028125 0.020833333333333332
