1 0.53828125 0.12395833333333334 0.0203125 0.03125
1 0.58671875 0.259375 0.0171875 0.027083333333333334
1 0.58046875 0.23125 0.0171875 0.025
1 0.5734375 0.19166666666666668 0.015625 0.025
1 0.56640625 0.16145833333333334 0.0109375 0.01875
1 0.55859375 0.14270833333333333 0.0140625 0.014583333333333334
1 0.6078125 0.24791666666666667 0.01875 0.03333333333333333
1 0.6 0.21354166666666666 0.01875 0.027083333333333334
1 0.59375 0.18958333333333333 0.015625 0.025
1 0.58359375 0.16354166666666667 0.0171875 0.022916666666666665
3 0.5796875 0.12916666666666668 0.015625 0.0375
1 0.56875 0.10416666666666667 0.01875 0.025
1 0.38515625 0.07708333333333334 0.0328125 0.016666666666666666
1 0.38515625 0.06875 0.0328125 0.016666666666666666
1 0.6046875 0.12708333333333333 0.015625 0.020833333333333332
1 0.61484375 0.06979166666666667 0.0109375 0.01875
1 0.57578125 0.051041666666666666 0.0140625 0.01875
1 0.5921875 0.04583333333333333 0.015625 0.016666666666666666
1 0.5625 0.008333333333333333 0.0125 0.016666666666666666
5 0.65078125 0.1125 0.0078125 0.0125
1 0.67109375 0.11875 0.0140625 0.020833333333333332
1 0.6578125 0.08645833333333333 0.0125 0.014583333333333334
5 0.7609375 0.29375 0.015625 0.016666666666666666
5 0.78828125 0.2791666666666667 0.0109375 0.016666666666666666
5 0.80859375 0.253125 0.0109375 0.014583333333333334
5 0.85078125 0.21770833333333334 0.0109375 0.01875
5 0.8546875 0.20104166666666667 0.009375 0.010416666666666666
5 0.90078125 0.159375 0.0109375 0.014583333333333334
1 0.8265625 0.26666666666666666 0.028125 0.025
1 0.85 0.24375 0.025 0.025
1 0.8734375 0.22083333333333333 0.025 0.025
1 0.89609375 0.196875 0.0203125 0.022916666666666665
1 0.915625 0.17291666666666666 0.021875 0.025
3 0.95 0.13854166666666667 0.034375 0.04375
1 0.9640625 0.11354166666666667 0.021875 0.022916666666666665
1 0.9765625 0.09791666666666667 0.0125 0.016666666666666666
1 0.9921875 0.078125 0.015625 0.014583333333333334
1 0.99375 0.10833333333333334 0.0125 0.0125
1 0.97890625 0.13229166666666667 0.0171875 0.022916666666666665
1 0.9609375 0.15833333333333333 0.01875 0.025
1 0.93671875 0.18333333333333332 0.0203125 0.020833333333333332
1 0.91484375 0.21145833333333333 0.0234375 0.027083333333333334
1 0.89296875 0.23333333333333334 0.0203125 0.025
1 0.86484375 0.2604166666666667 0.0234375 0.025
1 0.84296875 0.28020833333333334 0.0296875 0.035416666666666666
1 0.85 0.30520833333333336 0.028125 0.035416666666666666
3 0.88515625 0.26979166666666665 0.0328125 0.04375
1 0.9125 0.24583333333333332 0.025 0.029166666666666667
3 0.95 0.196875 0.040625 0.052083333333333336
1 0.9765625 0.16979166666666667 0.015625 0.01875
1 0.99296875 0.15 0.0140625 0.025
1 0.8796875 0.3104166666666667 0.028125 0.03333333333333333
1 0.9125 0.2760416666666667 0.025 0.03125
1 0.9328125 0.2520833333333333 0.021875 0.025
1 0.953125 0.23541666666666666 0.021875 0.025
1 0.97890625 0.20520833333333333 0.0203125 0.027083333333333334
1 0.98984375 0.18125 0.0203125 0.025
1 0.884375 0.340625 0.025 0.03125
1 0.91953125 0.30833333333333335 0.0265625 0.03333333333333333
1 0.9390625 0.28020833333333334 0.028125 0.035416666666666666
1 0.9625 0.253125 0.01875 0.022916666666666665
1 0.98828125 0.23333333333333334 0.0234375 0.020833333333333332
1 0.90859375 0.35520833333333335 0.0328125 0.035416666666666666
1 0.93984375 0.325 0.0234375 0.029166666666666667
1 0.98671875 0.3177083333333333 0.0265625 0.03125
1 0.9953125 0.2552083333333333 0.009375 0.01875
1 0.9765625 0.5020833333333333 0.025 0.03333333333333333
5 0.89921875 0.6958333333333333 0.0234375 0.025
5 0.79453125 0.459375 0.0109375 0.022916666666666665
4 0.81796875 0.3625 0.0109375 0.020833333333333332
5 0.62109375 0.030208333333333334 0.0046875 0.010416666666666666
5 0.45859375 0.809375 0.0140625 0.022916666666666665
5 0.49921875 0.8072916666666666 0.0171875 0.027083333333333334
4 0.4640625 0.7791666666666667 0.0125 0.020833333333333332
4 0.3796875 0.46145833333333336 0.009375 0.010416666666666666
4 0.421875 0.23020833333333332 0.00625 0.014583333333333334
4 0.41171875 0.48854166666666665 0.0078125 0.01875
4 0.403125 0.48333333333333334 0.00625 0.0125
4 0.82734375 0.13333333333333333 0.0078125 0.0125
1 0.44375 0.2635416666666667 0.034375 0.022916666666666665
1 0.44296875 0.246875 0.0265625 0.01875
