1 0.53515625 0.13125 0.0171875 0.029166666666666667
1 0.58828125 0.275 0.0171875 0.025
1 0.57890625 0.23333333333333334 0.0140625 0.025
1 0.56953125 0.19270833333333334 0.0140625 0.027083333333333334
1 0.5625 0.16145833333333334 0.0125 0.01875
1 0.5546875 0.14583333333333334 0.0125 0.016666666666666666
1 0.60390625 0.253125 0.0171875 0.03958333333333333
1 0.59609375 0.21458333333333332 0.0171875 0.025
1 0.58828125 0.18958333333333333 0.0171875 0.025
1 0.5828125 0.16458333333333333 0.015625 0.020833333333333332
3 0.5765625 0.13020833333333334 0.015625 0.03958333333333333
1 0.56484375 0.10729166666666666 0.0171875 0.027083333333333334
1 0.38515625 0.078125 0.0328125 0.01875
1 0.384375 0.06979166666666667 0.034375 0.01875
1 0.5671875 0.01875 0.0125 0.016666666666666666
1 0.56875 0.020833333333333332 0.009375 0.016666666666666666
1 0.5125 0.05 0.01875 0.020833333333333332
1 0.5671875 0.019791666666666666 0.0125 0.01875

5 0.65625 0.11770833333333333 0.00625 0.010416666666666666
1 0.66640625 0.12083333333333333 0.0140625 0.020833333333333332
1 0.65390625 0.08645833333333333 0.0140625 0.014583333333333334
5 0.76328125 0.2947916666666667 0.0203125 0.014583333333333334
5 0.7875 0.28229166666666666 0.009375 0.027083333333333334
5 0.8015625 0.2635416666666667 0.01875 0.01875
5 0.78203125 0.29583333333333334 0.0140625 0.025
5 0.85859375 0.19791666666666666 0.0078125 0.0125
5 0.88125 0.165625 0.009375 0.014583333333333334
1 0.82265625 0.26979166666666665 0.0265625 0.027083333333333334
1 0.846875 0.24583333333333332 0.025 0.029166666666666667
1 0.87109375 0.22083333333333333 0.0203125 0.020833333333333332
1 0.89296875 0.2 0.0203125 0.020833333333333332
1 0.9109375 0.17395833333333333 0.021875 0.022916666666666665
3 0.940625 0.14270833333333333 0.034375 0.04791666666666667
1 0.96328125 0.1125 0.0171875 0.020833333333333332
1 0.975 0.09895833333333333 0.0125 0.014583333333333334
1 0.99140625 0.075 0.0171875 0.016666666666666666
1 0.99765625 0.09895833333333333 0.0046875 0.014583333333333334
1 0.9765625 0.134375 0.015625 0.027083333333333334
1 0.96015625 0.15833333333333333 0.0171875 0.025
1 0.93359375 0.18541666666666667 0.0203125 0.020833333333333332
1 0.91171875 0.21354166666666666 0.0234375 0.027083333333333334
1 0.88828125 0.23541666666666666 0.0234375 0.025
1 0.86328125 0.25833333333333336 0.0203125 0.016666666666666666
1 0.8375 0.2833333333333333 0.028125 0.03333333333333333
1 0.84375 0.3072916666666667 0.028125 0.035416666666666666
3 0.878125 0.27291666666666664 0.034375 0.041666666666666664
1 0.9125 0.24270833333333333 0.01875 0.022916666666666665
3 0.94921875 0.19895833333333332 0.0453125 0.052083333333333336
1 0.9734375 0.17291666666666666 0.015625 0.020833333333333332
1 0.9921875 0.14791666666666667 0.015625 0.020833333333333332
1 0.87578125 0.3125 0.0265625 0.029166666666666667
1 0.91015625 0.2791666666666667 0.0234375 0.029166666666666667
1 0.92890625 0.253125 0.0203125 0.022916666666666665
1 0.9484375 0.2375 0.015625 0.020833333333333332
1 0.978125 0.20520833333333333 0.01875 0.027083333333333334
1 0.99140625 0.17916666666666667 0.0171875 0.020833333333333332
1 0.88046875 0.3416666666666667 0.0265625 0.03333333333333333
1 0.9140625 0.31145833333333334 0.028125 0.03125
1 0.9375 0.28125 0.028125 0.03333333333333333
1 0.9609375 0.2520833333333333 0.01875 0.020833333333333332
1 0.98125 0.23541666666666666 0.01875 0.020833333333333332
1 0.9046875 0.35625 0.034375 0.03333333333333333
1 0.9328125 0.328125 0.025 0.03125

1 0.96796875 0.30625 0.0296875 0.03333333333333333


5 0.72109375 0.296875 0.0078125 0.010416666666666666
4 0.77890625 0.33229166666666665 0.0109375 0.01875
5 0.6171875 0.026041666666666668 0.00625 0.010416666666666666
5 0.35546875 0.76875 0.0203125 0.020833333333333332
5 0.48125 0.7833333333333333 0.015625 0.029166666666666667
4 0.4484375 0.7635416666666667 0.0125 0.022916666666666665
4 0.37890625 0.46041666666666664 0.0078125 0.008333333333333333
4 0.4203125 0.228125 0.009375 0.014583333333333334
4 0.41171875 0.48854166666666665 0.0078125 0.01875
4 0.4109375 0.48020833333333335 0.009375 0.014583333333333334
4 0.7875 0.13229166666666667 0.00625 0.010416666666666666
1 0.43984375 0.26458333333333334 0.0359375 0.020833333333333332
1 0.43671875 0.25 0.0296875 0.016666666666666666
