1 0.53515625 0.13125 0.0171875 0.029166666666666667
1 0.590625 0.28229166666666666 0.01875 0.027083333333333334
1 0.57890625 0.234375 0.0140625 0.022916666666666665
1 0.56875 0.19270833333333334 0.015625 0.027083333333333334
1 0.5625 0.159375 0.0125 0.01875
1 0.5546875 0.14479166666666668 0.0125 0.014583333333333334
1 0.6046875 0.253125 0.01875 0.035416666666666666
1 0.59296875 0.21458333333333332 0.0171875 0.025
1 0.5875 0.18958333333333333 0.01875 0.025
1 0.5828125 0.16458333333333333 0.015625 0.020833333333333332
3 0.57578125 0.13020833333333334 0.0171875 0.03958333333333333
1 0.56484375 0.10729166666666666 0.0171875 0.027083333333333334
1 0.38515625 0.078125 0.0328125 0.01875
1 0.38125 0.06979166666666667 0.03125 0.01875
1 0.56171875 0.009375 0.0140625 0.01875
1 0.56484375 0.015625 0.0140625 0.022916666666666665
1 0.51953125 0.06041666666666667 0.0140625 0.020833333333333332
1 0.5625 0.013541666666666667 0.015625 0.027083333333333334
1 0.5625 0.009375 0.0125 0.01875
5 0.65546875 0.11875 0.0078125 0.0125
1 0.665625 0.12083333333333333 0.0125 0.020833333333333332
1 0.653125 0.08645833333333333 0.0125 0.014583333333333334
5 0.7640625 0.29583333333333334 0.021875 0.016666666666666666
5 0.7859375 0.28541666666666665 0.009375 0.025
5 0.825 0.25833333333333336 0.015625 0.0125
5 0.84921875 0.21041666666666667 0.0109375 0.020833333333333332
5 0.86015625 0.19791666666666666 0.0078125 0.008333333333333333
5 0.88203125 0.16145833333333334 0.0078125 0.010416666666666666
1 0.82265625 0.26979166666666665 0.0265625 0.027083333333333334
1 0.846875 0.24583333333333332 0.025 0.029166666666666667
1 0.87109375 0.221875 0.0203125 0.022916666666666665
1 0.89296875 0.2 0.0203125 0.020833333333333332
1 0.91015625 0.17395833333333333 0.0234375 0.022916666666666665
3 0.93984375 0.14270833333333333 0.0359375 0.04791666666666667
1 0.96328125 0.1125 0.0171875 0.020833333333333332
1 0.97421875 0.09895833333333333 0.0109375 0.014583333333333334
1 0.9921875 0.07291666666666667 0.015625 0.016666666666666666
1 0.99765625 0.09895833333333333 0.0046875 0.014583333333333334
1 0.9765625 0.13541666666666666 0.015625 0.029166666666666667
1 0.96015625 0.15833333333333333 0.0171875 0.025
1 0.93203125 0.1875 0.0171875 0.020833333333333332
1 0.9109375 0.21354166666666666 0.025 0.027083333333333334
1 0.88828125 0.23541666666666666 0.0234375 0.025
1 0.86328125 0.25833333333333336 0.0203125 0.016666666666666666
1 0.83671875 0.284375 0.0296875 0.035416666666666666
1 0.84375 0.3072916666666667 0.028125 0.035416666666666666
3 0.878125 0.27291666666666664 0.034375 0.041666666666666664
1 0.9125 0.24270833333333333 0.01875 0.022916666666666665
3 0.94375 0.20104166666666667 0.040625 0.04791666666666667
1 0.9734375 0.17291666666666666 0.015625 0.020833333333333332
1 0.9921875 0.14895833333333333 0.015625 0.022916666666666665
1 0.87578125 0.3125 0.0265625 0.029166666666666667
1 0.91015625 0.2791666666666667 0.0234375 0.029166666666666667
1 0.92890625 0.253125 0.0203125 0.022916666666666665
1 0.94765625 0.2375 0.0171875 0.020833333333333332
1 0.978125 0.20520833333333333 0.01875 0.027083333333333334
1 0.9875 0.18020833333333333 0.025 0.022916666666666665
1 0.88046875 0.3416666666666667 0.0265625 0.03333333333333333
1 0.91328125 0.31145833333333334 0.0265625 0.03125
1 0.93828125 0.28125 0.0234375 0.029166666666666667
1 0.959375 0.25416666666666665 0.01875 0.020833333333333332
1 0.98125 0.2375 0.01875 0.020833333333333332
1 0.90390625 0.3572916666666667 0.0328125 0.035416666666666666
1 0.93359375 0.32708333333333334 0.0265625 0.03333333333333333

1 0.96796875 0.309375 0.0296875 0.03958333333333333


5 0.7109375 0.27708333333333335 0.00625 0.008333333333333333
4 0.775 0.32708333333333334 0.009375 0.016666666666666666
5 0.615625 0.019791666666666666 0.00625 0.010416666666666666
5 0.32421875 0.7677083333333333 0.0234375 0.022916666666666665
5 0.4796875 0.7791666666666667 0.015625 0.029166666666666667
4 0.446875 0.7625 0.0125 0.020833333333333332
4 0.37890625 0.46041666666666664 0.0078125 0.008333333333333333
4 0.41953125 0.22916666666666666 0.0078125 0.016666666666666666
4 0.4109375 0.48854166666666665 0.00625 0.01875
4 0.41171875 0.48020833333333335 0.0078125 0.014583333333333334
4 0.78359375 0.13229166666666667 0.0046875 0.010416666666666666
1 0.43984375 0.265625 0.0359375 0.022916666666666665
1 0.4375 0.2520833333333333 0.03125 0.016666666666666666
