1 0.53515625 0.13125 0.0171875 0.029166666666666667
1 0.59140625 0.28541666666666665 0.0171875 0.025
1 0.57890625 0.234375 0.0140625 0.022916666666666665
1 0.56953125 0.190625 0.0140625 0.022916666666666665
1 0.5625 0.16145833333333334 0.0125 0.01875
1 0.5546875 0.14479166666666668 0.0125 0.014583333333333334
1 0.6046875 0.24895833333333334 0.01875 0.035416666666666666
1 0.59609375 0.21458333333333332 0.0171875 0.025
1 0.5875 0.18958333333333333 0.01875 0.025
1 0.5828125 0.16458333333333333 0.015625 0.020833333333333332
3 0.57578125 0.13020833333333334 0.0171875 0.03958333333333333
1 0.56484375 0.10729166666666666 0.0171875 0.027083333333333334
1 0.38515625 0.078125 0.0328125 0.01875
1 0.38125 0.06979166666666667 0.03125 0.014583333333333334
1 0.56171875 0.008333333333333333 0.0140625 0.016666666666666666
1 0.5640625 0.013541666666666667 0.015625 0.027083333333333334
1 0.51953125 0.06354166666666666 0.0140625 0.022916666666666665
1 0.5625 0.013541666666666667 0.015625 0.027083333333333334
1 0.5625 0.008333333333333333 0.0125 0.016666666666666666
5 0.65546875 0.11770833333333333 0.0078125 0.010416666666666666
1 0.665625 0.12083333333333333 0.0125 0.020833333333333332
1 0.65234375 0.08958333333333333 0.0140625 0.016666666666666666
5 0.76328125 0.29583333333333334 0.0203125 0.016666666666666666
5 0.7859375 0.28541666666666665 0.009375 0.025
5 0.83828125 0.253125 0.0015625 0.0020833333333333333
5 0.84921875 0.20833333333333334 0.0109375 0.016666666666666666
5 0.86015625 0.19895833333333332 0.0078125 0.010416666666666666
5 0.88203125 0.16145833333333334 0.0078125 0.010416666666666666
1 0.821875 0.26979166666666665 0.028125 0.027083333333333334
1 0.8484375 0.240625 0.021875 0.022916666666666665
1 0.87109375 0.221875 0.0203125 0.022916666666666665
1 0.89296875 0.2 0.0203125 0.020833333333333332
1 0.9109375 0.17395833333333333 0.021875 0.022916666666666665
3 0.93984375 0.14166666666666666 0.0359375 0.04583333333333333
1 0.96328125 0.1125 0.0171875 0.020833333333333332
1 0.97421875 0.09895833333333333 0.0109375 0.014583333333333334
1 0.9921875 0.07291666666666667 0.015625 0.016666666666666666
1 0.99765625 0.09895833333333333 0.0046875 0.014583333333333334
1 0.9765625 0.13645833333333332 0.015625 0.03125
1 0.96015625 0.15833333333333333 0.0171875 0.025
1 0.93203125 0.18541666666666667 0.0171875 0.020833333333333332
1 0.9109375 0.21354166666666666 0.025 0.027083333333333334
1 0.88828125 0.23541666666666666 0.0234375 0.025
1 0.86328125 0.25833333333333336 0.0203125 0.016666666666666666
1 0.83671875 0.284375 0.0296875 0.035416666666666666
1 0.84375 0.3072916666666667 0.028125 0.035416666666666666
3 0.878125 0.27291666666666664 0.034375 0.041666666666666664
1 0.9125 0.24270833333333333 0.01875 0.022916666666666665
3 0.94375 0.20104166666666667 0.040625 0.04791666666666667
1 0.9734375 0.17291666666666666 0.015625 0.020833333333333332
1 0.9921875 0.14895833333333333 0.015625 0.022916666666666665
1 0.87578125 0.3125 0.0265625 0.029166666666666667
1 0.91015625 0.278125 0.0234375 0.027083333333333334
1 0.92890625 0.253125 0.0203125 0.022916666666666665
1 0.9484375 0.2375 0.015625 0.020833333333333332
1 0.978125 0.20520833333333333 0.01875 0.027083333333333334
1 0.98671875 0.18020833333333333 0.0265625 0.022916666666666665
1 0.8796875 0.3416666666666667 0.028125 0.03333333333333333
1 0.91328125 0.31145833333333334 0.0296875 0.03125
1 0.9375 0.28125 0.028125 0.03333333333333333
1 0.959375 0.2552083333333333 0.01875 0.022916666666666665
1 0.98125 0.2375 0.01875 0.020833333333333332
1 0.909375 0.35520833333333335 0.028125 0.03125
1 0.93359375 0.32708333333333334 0.0265625 0.03333333333333333

1 0.9671875 0.3104166666666667 0.028125 0.041666666666666664


5 0.7078125 0.27708333333333335 0.00625 0.0125
4 0.775 0.32708333333333334 0.009375 0.016666666666666666
5 0.61484375 0.017708333333333333 0.0078125 0.010416666666666666
5 0.32265625 0.7677083333333333 0.0234375 0.022916666666666665
5 0.4796875 0.778125 0.015625 0.027083333333333334
4 0.44609375 0.7625 0.0109375 0.020833333333333332
4 0.37890625 0.46041666666666664 0.0078125 0.008333333333333333
4 0.4203125 0.228125 0.009375 0.014583333333333334
4 0.41015625 0.4895833333333333 0.0078125 0.016666666666666666
4 0.41171875 0.48020833333333335 0.0078125 0.014583333333333334
4 0.78359375 0.13229166666666667 0.0046875 0.010416666666666666
1 0.43984375 0.265625 0.0359375 0.022916666666666665
1 0.43671875 0.253125 0.0296875 0.01875
