1 0.5359375 0.125 0.01875 0.029166666666666667
1 0.5875 0.259375 0.01875 0.027083333333333334
1 0.5828125 0.22916666666666666 0.015625 0.025
1 0.57109375 0.19166666666666668 0.0140625 0.025
1 0.56640625 0.16145833333333334 0.0109375 0.01875
1 0.55859375 0.14270833333333333 0.0140625 0.014583333333333334
1 0.6078125 0.24791666666666667 0.01875 0.03333333333333333
1 0.6 0.21354166666666666 0.01875 0.027083333333333334
1 0.590625 0.18958333333333333 0.01875 0.025
1 0.58359375 0.16458333333333333 0.0171875 0.025
3 0.5796875 0.12916666666666668 0.015625 0.0375
1 0.56796875 0.10520833333333333 0.0171875 0.027083333333333334
1 0.384375 0.07708333333333334 0.03125 0.016666666666666666
1 0.384375 0.06875 0.03125 0.016666666666666666
1 0.603125 0.125 0.015625 0.020833333333333332
1 0.61484375 0.06770833333333333 0.0109375 0.01875
1 0.575 0.04895833333333333 0.015625 0.01875
1 0.5921875 0.04375 0.015625 0.016666666666666666
1 0.56328125 0.007291666666666667 0.0109375 0.014583333333333334
5 0.65 0.1125 0.009375 0.0125
1 0.67109375 0.11875 0.0140625 0.020833333333333332
1 0.65703125 0.08645833333333333 0.0140625 0.014583333333333334
5 0.7609375 0.29375 0.015625 0.016666666666666666
5 0.78828125 0.2791666666666667 0.0109375 0.016666666666666666
5 0.8078125 0.253125 0.009375 0.014583333333333334
5 0.85078125 0.21770833333333334 0.0109375 0.01875
5 0.8546875 0.20104166666666667 0.009375 0.010416666666666666
5 0.89921875 0.16041666666666668 0.0109375 0.0125
1 0.82578125 0.26666666666666666 0.0265625 0.025
1 0.85 0.24375 0.025 0.025
1 0.8734375 0.22083333333333333 0.025 0.025
1 0.89609375 0.196875 0.0203125 0.022916666666666665
1 0.915625 0.17291666666666666 0.021875 0.025
3 0.95 0.1375 0.034375 0.04583333333333333
1 0.9625 0.11354166666666667 0.021875 0.022916666666666665
1 0.9765625 0.09895833333333333 0.0125 0.014583333333333334
1 0.9921875 0.078125 0.015625 0.014583333333333334
1 0.99375 0.10833333333333334 0.0125 0.0125
1 0.97890625 0.13333333333333333 0.0171875 0.025
1 0.96171875 0.15833333333333333 0.0171875 0.025
1 0.93671875 0.18333333333333332 0.0203125 0.020833333333333332
1 0.91484375 0.21145833333333333 0.0234375 0.027083333333333334
1 0.89375 0.23333333333333334 0.021875 0.025
1 0.86484375 0.2604166666666667 0.0234375 0.025
1 0.84296875 0.28020833333333334 0.0296875 0.035416666666666666
1 0.85 0.30520833333333336 0.028125 0.035416666666666666
3 0.88515625 0.26979166666666665 0.0328125 0.04375
1 0.9125 0.24583333333333332 0.025 0.029166666666666667
3 0.95 0.196875 0.040625 0.052083333333333336
1 0.9765625 0.16979166666666667 0.015625 0.01875
1 0.99296875 0.15 0.0140625 0.025
1 0.87890625 0.3104166666666667 0.0296875 0.03333333333333333
1 0.9125 0.2760416666666667 0.025 0.03125
1 0.9328125 0.2520833333333333 0.021875 0.025
1 0.953125 0.23541666666666666 0.021875 0.025
1 0.97890625 0.20625 0.0203125 0.029166666666666667
1 0.990625 0.18125 0.01875 0.025
1 0.884375 0.340625 0.025 0.03125
1 0.91953125 0.30833333333333335 0.0265625 0.03333333333333333
1 0.93828125 0.28125 0.0296875 0.03333333333333333
1 0.9625 0.253125 0.01875 0.022916666666666665
1 0.984375 0.23229166666666667 0.021875 0.01875
1 0.90859375 0.3541666666666667 0.0328125 0.03333333333333333
1 0.93984375 0.325 0.0234375 0.029166666666666667
1 0.98671875 0.3177083333333333 0.0265625 0.03125
1 0.99453125 0.25625 0.0109375 0.020833333333333332
1 0.9796875 0.49895833333333334 0.025 0.035416666666666666
5 0.903125 0.7010416666666667 0.021875 0.027083333333333334
5 0.7921875 0.45625 0.0125 0.025
4 0.81796875 0.3625 0.0109375 0.020833333333333332
5 0.6203125 0.028125 0.00625 0.010416666666666666
5 0.45703125 0.8083333333333333 0.0140625 0.020833333333333332
5 0.49921875 0.8072916666666666 0.0171875 0.027083333333333334
4 0.4640625 0.7791666666666667 0.0125 0.020833333333333332
4 0.3796875 0.46145833333333336 0.009375 0.010416666666666666
4 0.421875 0.23020833333333332 0.00625 0.014583333333333334
4 0.41171875 0.48854166666666665 0.0078125 0.01875
4 0.403125 0.48333333333333334 0.00625 0.0125
4 0.82578125 0.134375 0.0078125 0.010416666666666666
1 0.44375 0.2635416666666667 0.034375 0.022916666666666665
1 0.4421875 0.246875 0.028125 0.01875
