1 0.534375 0.13125 0.01875 0.029166666666666667
1 0.5921875 0.29270833333333335 0.01875 0.027083333333333334
1 0.578125 0.23541666666666666 0.015625 0.020833333333333332
1 0.56875 0.19375 0.015625 0.025
1 0.5625 0.159375 0.0125 0.01875
1 0.5546875 0.14479166666666668 0.0125 0.014583333333333334
1 0.6046875 0.2552083333333333 0.01875 0.035416666666666666
1 0.59609375 0.21458333333333332 0.0171875 0.025
1 0.5875 0.18958333333333333 0.01875 0.025
1 0.58125 0.16458333333333333 0.015625 0.020833333333333332
3 0.57578125 0.13020833333333334 0.0171875 0.03958333333333333
1 0.56484375 0.10729166666666666 0.0171875 0.027083333333333334
1 0.384375 0.078125 0.03125 0.01875
1 0.38359375 0.06979166666666667 0.0328125 0.01875
1 0.55703125 0.007291666666666667 0.0171875 0.014583333333333334
1 0.5640625 0.011458333333333333 0.025 0.022916666666666665
1 0.51953125 0.06770833333333333 0.0140625 0.022916666666666665
1 0.56015625 0.013541666666666667 0.0203125 0.027083333333333334
1 0.559375 0.009375 0.01875 0.01875
5 0.65546875 0.11770833333333333 0.0078125 0.010416666666666666
1 0.66484375 0.12083333333333333 0.0140625 0.020833333333333332
1 0.653125 0.08645833333333333 0.0125 0.014583333333333334
5 0.7625 0.2989583333333333 0.021875 0.022916666666666665
5 0.7859375 0.284375 0.009375 0.022916666666666665
5 0.85390625 0.24166666666666667 0.0265625 0.020833333333333332
5 0.85 0.21041666666666667 0.0125 0.016666666666666666
5 0.85703125 0.20104166666666667 0.0078125 0.010416666666666666
5 0.88203125 0.16145833333333334 0.0078125 0.010416666666666666
1 0.821875 0.26979166666666665 0.028125 0.027083333333333334
1 0.846875 0.24479166666666666 0.025 0.027083333333333334
1 0.8703125 0.225 0.021875 0.025
1 0.89296875 0.2 0.0203125 0.020833333333333332
1 0.91015625 0.17395833333333333 0.0234375 0.022916666666666665
3 0.940625 0.14166666666666666 0.0375 0.04583333333333333
1 0.9625 0.1125 0.01875 0.020833333333333332
1 0.97421875 0.09895833333333333 0.0109375 0.014583333333333334
1 0.99140625 0.07395833333333333 0.0171875 0.01875
1 0.996875 0.09895833333333333 0.00625 0.014583333333333334
1 0.9765625 0.13645833333333332 0.015625 0.03125
1 0.96015625 0.15833333333333333 0.0171875 0.025
1 0.93203125 0.1875 0.0171875 0.020833333333333332
1 0.9109375 0.21354166666666666 0.025 0.027083333333333334
1 0.8875 0.23541666666666666 0.021875 0.025
1 0.86171875 0.2604166666666667 0.0234375 0.020833333333333332
1 0.83671875 0.284375 0.0296875 0.035416666666666666
1 0.84375 0.3072916666666667 0.028125 0.035416666666666666
3 0.878125 0.27291666666666664 0.034375 0.041666666666666664
1 0.9125 0.24270833333333333 0.01875 0.022916666666666665
3 0.94296875 0.20104166666666667 0.0390625 0.04791666666666667
1 0.9734375 0.17291666666666666 0.015625 0.020833333333333332
1 0.9921875 0.146875 0.015625 0.022916666666666665
1 0.87578125 0.3125 0.0265625 0.029166666666666667
1 0.909375 0.278125 0.021875 0.027083333333333334
1 0.92890625 0.253125 0.0203125 0.022916666666666665
1 0.94765625 0.2375 0.0171875 0.020833333333333332
1 0.978125 0.20520833333333333 0.01875 0.027083333333333334
1 0.9859375 0.18020833333333333 0.028125 0.022916666666666665
1 0.8796875 0.3416666666666667 0.028125 0.03333333333333333
1 0.9125 0.31145833333333334 0.028125 0.03125
1 0.93671875 0.2791666666666667 0.0234375 0.029166666666666667
1 0.959375 0.25416666666666665 0.01875 0.020833333333333332
1 0.9796875 0.2375 0.01875 0.020833333333333332
1 0.903125 0.3572916666666667 0.034375 0.035416666666666666
1 0.93359375 0.32708333333333334 0.0265625 0.03333333333333333

1 0.9671875 0.3104166666666667 0.028125 0.041666666666666664


5 0.70625 0.265625 0.00625 0.00625
4 0.771875 0.328125 0.0125 0.022916666666666665
5 0.6125 0.0125 0.00625 0.0125
5 0.30234375 0.7635416666666667 0.0140625 0.01875
5 0.47734375 0.7770833333333333 0.0171875 0.029166666666666667
4 0.4453125 0.7625 0.0125 0.020833333333333332
4 0.37890625 0.46041666666666664 0.0078125 0.008333333333333333
4 0.4203125 0.22708333333333333 0.009375 0.016666666666666666
4 0.41171875 0.48854166666666665 0.0078125 0.01875
4 0.4125 0.48020833333333335 0.009375 0.014583333333333334
4 0.77734375 0.13229166666666667 0.0046875 0.00625
1 0.43984375 0.265625 0.0359375 0.022916666666666665
1 0.4359375 0.253125 0.03125 0.01875
