1 0.534375 0.13125 0.01875 0.029166666666666667
1 0.5921875 0.2947916666666667 0.01875 0.027083333333333334
1 0.578125 0.2375 0.015625 0.020833333333333332
1 0.56875 0.19375 0.015625 0.025
1 0.5625 0.159375 0.0125 0.01875
1 0.5546875 0.14479166666666668 0.0125 0.014583333333333334
1 0.6046875 0.25625 0.01875 0.0375
1 0.59609375 0.21458333333333332 0.0171875 0.025
1 0.5875 0.18958333333333333 0.01875 0.025
1 0.58125 0.16458333333333333 0.015625 0.020833333333333332
3 0.57578125 0.13020833333333334 0.0171875 0.03958333333333333
1 0.5640625 0.10729166666666666 0.01875 0.027083333333333334
1 0.384375 0.07916666666666666 0.03125 0.020833333333333332
1 0.38359375 0.06979166666666667 0.0328125 0.01875
1 0.5578125 0.00625 0.015625 0.0125
1 0.5640625 0.009375 0.025 0.01875
1 0.52109375 0.058333333333333334 0.0171875 0.0125
1 0.56015625 0.010416666666666666 0.0203125 0.020833333333333332
1 0.55859375 0.009375 0.0171875 0.01875
5 0.65546875 0.11770833333333333 0.0078125 0.010416666666666666
1 0.66484375 0.12083333333333333 0.0140625 0.020833333333333332
1 0.65234375 0.08958333333333333 0.0140625 0.016666666666666666
5 0.7625 0.29583333333333334 0.021875 0.016666666666666666
5 0.7859375 0.284375 0.009375 0.022916666666666665
5 0.8515625 0.24375 0.028125 0.025
5 0.85078125 0.21145833333333333 0.0109375 0.014583333333333334
5 0.85546875 0.20104166666666667 0.0078125 0.010416666666666666
5 0.88203125 0.16145833333333334 0.0078125 0.010416666666666666
1 0.82265625 0.26875 0.0265625 0.029166666666666667
1 0.8484375 0.24166666666666667 0.021875 0.025
1 0.87109375 0.221875 0.0203125 0.022916666666666665
1 0.8921875 0.2 0.021875 0.020833333333333332
1 0.91015625 0.17395833333333333 0.0234375 0.022916666666666665
3 0.93984375 0.14270833333333333 0.0359375 0.04791666666666667
1 0.96171875 0.1125 0.0171875 0.020833333333333332
1 0.97421875 0.09895833333333333 0.0109375 0.014583333333333334
1 0.99140625 0.071875 0.0171875 0.01875
1 0.99765625 0.09895833333333333 0.0046875 0.014583333333333334
1 0.9765625 0.13645833333333332 0.015625 0.03125
1 0.96015625 0.15833333333333333 0.0171875 0.025
1 0.93203125 0.18645833333333334 0.0171875 0.01875
1 0.9109375 0.2125 0.025 0.029166666666666667
1 0.8875 0.23541666666666666 0.021875 0.025
1 0.86328125 0.25833333333333336 0.0203125 0.016666666666666666
1 0.83671875 0.2833333333333333 0.0296875 0.0375
1 0.84375 0.3072916666666667 0.028125 0.035416666666666666
3 0.878125 0.27291666666666664 0.034375 0.041666666666666664
1 0.91015625 0.24791666666666667 0.0234375 0.025
3 0.94375 0.20104166666666667 0.040625 0.04791666666666667
1 0.9734375 0.17291666666666666 0.015625 0.020833333333333332
1 0.9921875 0.146875 0.015625 0.022916666666666665
1 0.87578125 0.3125 0.0265625 0.029166666666666667
1 0.909375 0.278125 0.021875 0.027083333333333334
1 0.92890625 0.253125 0.0203125 0.022916666666666665
1 0.94765625 0.2375 0.0171875 0.020833333333333332
1 0.978125 0.20520833333333333 0.01875 0.027083333333333334
1 0.98515625 0.18020833333333333 0.0296875 0.022916666666666665
1 0.87890625 0.3416666666666667 0.0265625 0.03333333333333333
1 0.9125 0.31145833333333334 0.028125 0.03125
1 0.9375 0.28125 0.025 0.029166666666666667
1 0.9609375 0.253125 0.01875 0.022916666666666665
1 0.9796875 0.2375 0.01875 0.020833333333333332
1 0.90859375 0.35520833333333335 0.0265625 0.035416666666666666
1 0.93359375 0.3260416666666667 0.0265625 0.03125

1 0.96796875 0.31145833333333334 0.0296875 0.04375


5 0.7015625 0.2625 0.00625 0.0125
4 0.77109375 0.3260416666666667 0.0109375 0.022916666666666665
5 0.6125 0.010416666666666666 0.00625 0.0125
5 0.29140625 0.7677083333333333 0.0265625 0.022916666666666665
5 0.47734375 0.7770833333333333 0.0171875 0.029166666666666667
4 0.4453125 0.7625 0.0125 0.020833333333333332
4 0.37890625 0.46145833333333336 0.0078125 0.010416666666666666
4 0.4203125 0.22604166666666667 0.009375 0.014583333333333334
4 0.41171875 0.4875 0.0078125 0.020833333333333332
4 0.41328125 0.478125 0.0078125 0.010416666666666666
4 0.77734375 0.13333333333333333 0.0046875 0.0125
1 0.43984375 0.265625 0.0359375 0.022916666666666665
1 0.4359375 0.253125 0.03125 0.01875
