1 0.534375 0.13125 0.01875 0.029166666666666667
1 0.596875 0.2989583333333333 0.015625 0.022916666666666665
1 0.5796875 0.240625 0.015625 0.01875
1 0.56953125 0.19479166666666667 0.0140625 0.027083333333333334
1 0.5625 0.159375 0.0125 0.01875
1 0.5546875 0.14583333333333334 0.0125 0.016666666666666666
1 0.60546875 0.25729166666666664 0.0203125 0.035416666666666666
1 0.59609375 0.21354166666666666 0.0171875 0.027083333333333334
1 0.5875 0.18958333333333333 0.01875 0.025
1 0.58125 0.16458333333333333 0.015625 0.020833333333333332
3 0.5765625 0.13020833333333334 0.01875 0.03958333333333333
1 0.5640625 0.10729166666666666 0.01875 0.027083333333333334
1 0.384375 0.078125 0.03125 0.01875
1 0.38125 0.06875 0.03125 0.016666666666666666
1 0.5546875 0.003125 0.0125 0.00625
1 0.55859375 0.007291666666666667 0.0234375 0.014583333333333334
1 0.525 0.06666666666666667 0.0125 0.020833333333333332
1 0.55625 0.009375 0.025 0.01875
1 0.5578125 0.008333333333333333 0.01875 0.016666666666666666
5 0.65390625 0.11875 0.0078125 0.0125
1 0.66484375 0.11979166666666667 0.0140625 0.022916666666666665
1 0.65234375 0.08854166666666667 0.0140625 0.014583333333333334
5 0.7578125 0.296875 0.01875 0.014583333333333334
5 0.784375 0.2833333333333333 0.009375 0.025
5 0.86328125 0.240625 0.0140625 0.01875
5 0.84921875 0.21145833333333333 0.0109375 0.014583333333333334
5 0.85390625 0.20104166666666667 0.0109375 0.010416666666666666
5 0.8828125 0.16145833333333334 0.00625 0.010416666666666666
1 0.82265625 0.26666666666666666 0.0265625 0.025
1 0.846875 0.24479166666666666 0.025 0.027083333333333334
1 0.8703125 0.221875 0.021875 0.022916666666666665
1 0.8921875 0.2 0.021875 0.020833333333333332
1 0.909375 0.175 0.021875 0.025
3 0.93984375 0.14166666666666666 0.0359375 0.04583333333333333
1 0.96171875 0.1125 0.0171875 0.020833333333333332
1 0.97421875 0.09895833333333333 0.0109375 0.014583333333333334
1 0.9921875 0.071875 0.015625 0.01875
1 0.996875 0.09895833333333333 0.00625 0.014583333333333334
1 0.9765625 0.13645833333333332 0.015625 0.03125
1 0.96015625 0.15833333333333333 0.0171875 0.025
1 0.93125 0.1875 0.01875 0.020833333333333332
1 0.9109375 0.2125 0.025 0.029166666666666667
1 0.8875 0.23541666666666666 0.021875 0.025
1 0.8625 0.25833333333333336 0.021875 0.016666666666666666
1 0.8359375 0.2833333333333333 0.028125 0.0375
1 0.84375 0.3072916666666667 0.028125 0.035416666666666666
3 0.878125 0.27291666666666664 0.034375 0.041666666666666664
1 0.9125 0.24375 0.01875 0.025
3 0.94296875 0.203125 0.0421875 0.04375
1 0.9734375 0.17291666666666666 0.015625 0.020833333333333332
1 0.9921875 0.14791666666666667 0.015625 0.020833333333333332
1 0.87578125 0.3125 0.0265625 0.029166666666666667
1 0.909375 0.278125 0.021875 0.027083333333333334
1 0.92890625 0.253125 0.0203125 0.022916666666666665
1 0.94765625 0.2375 0.0171875 0.020833333333333332
1 0.97734375 0.20520833333333333 0.0203125 0.027083333333333334
1 0.984375 0.18020833333333333 0.03125 0.022916666666666665
1 0.87890625 0.3416666666666667 0.0265625 0.03333333333333333
1 0.91015625 0.31145833333333334 0.0296875 0.03125
1 0.93671875 0.28125 0.0234375 0.029166666666666667
1 0.96015625 0.2520833333333333 0.0171875 0.020833333333333332
1 0.9796875 0.2375 0.01875 0.020833333333333332
1 0.903125 0.35625 0.034375 0.03333333333333333
1 0.934375 0.32708333333333334 0.028125 0.03333333333333333

1 0.96796875 0.3072916666666667 0.0296875 0.05625


5 0.696875 0.25 0.00625 0.008333333333333333
4 0.77109375 0.321875 0.0109375 0.022916666666666665
5 0.6078125 0.00625 0.009375 0.0125
5 0.27421875 0.76875 0.0234375 0.025
5 0.4765625 0.775 0.01875 0.029166666666666667
4 0.4453125 0.7625 0.0125 0.020833333333333332
4 0.37890625 0.46041666666666664 0.0078125 0.008333333333333333
4 0.4203125 0.22604166666666667 0.009375 0.014583333333333334
4 0.41171875 0.484375 0.0078125 0.01875
4 0.4140625 0.47708333333333336 0.00625 0.0125
4 0.775 0.13229166666666667 0.003125 0.014583333333333334
1 0.43984375 0.265625 0.0359375 0.022916666666666665
1 0.43671875 0.24375 0.0265625 0.016666666666666666
