1 0.5375 0.12395833333333334 0.015625 0.027083333333333334
1 0.5875 0.259375 0.01875 0.027083333333333334
1 0.58046875 0.23125 0.0171875 0.025
1 0.57109375 0.19270833333333334 0.0140625 0.027083333333333334
1 0.56640625 0.16145833333333334 0.0109375 0.01875
1 0.55859375 0.14270833333333333 0.0140625 0.014583333333333334
1 0.6078125 0.24791666666666667 0.01875 0.03333333333333333
1 0.6 0.21354166666666666 0.01875 0.027083333333333334
1 0.590625 0.18958333333333333 0.01875 0.025
1 0.58359375 0.16458333333333333 0.0171875 0.025
3 0.5765625 0.128125 0.015625 0.035416666666666666
1 0.56875 0.10520833333333333 0.01875 0.027083333333333334
1 0.38359375 0.07708333333333334 0.0328125 0.016666666666666666
1 0.384375 0.06875 0.03125 0.016666666666666666
1 0.60234375 0.12291666666666666 0.0140625 0.020833333333333332
1 0.6140625 0.06666666666666667 0.0125 0.020833333333333332
1 0.5734375 0.04583333333333333 0.015625 0.016666666666666666
1 0.5921875 0.03958333333333333 0.0125 0.0125
1 0.5625 0.00625 0.0125 0.0125
5 0.65 0.11145833333333334 0.009375 0.014583333333333334
1 0.67109375 0.11875 0.0140625 0.020833333333333332
1 0.65625 0.08541666666666667 0.0125 0.0125
5 0.76171875 0.2947916666666667 0.0171875 0.01875
5 0.78828125 0.2791666666666667 0.0109375 0.016666666666666666
5 0.80703125 0.25416666666666665 0.0109375 0.016666666666666666
5 0.84921875 0.215625 0.0109375 0.01875
5 0.85390625 0.2 0.0078125 0.008333333333333333
5 0.9 0.159375 0.009375 0.014583333333333334
1 0.8265625 0.2677083333333333 0.028125 0.027083333333333334
1 0.85078125 0.24479166666666666 0.0265625 0.027083333333333334
1 0.8734375 0.22083333333333333 0.025 0.025
1 0.89609375 0.196875 0.0203125 0.022916666666666665
1 0.915625 0.17291666666666666 0.021875 0.025
3 0.95 0.13854166666666667 0.034375 0.04375
1 0.9625 0.11354166666666667 0.021875 0.022916666666666665
1 0.9765625 0.09895833333333333 0.0125 0.014583333333333334
1 0.9921875 0.078125 0.015625 0.014583333333333334
1 0.9953125 0.10520833333333333 0.009375 0.014583333333333334
1 0.97890625 0.13333333333333333 0.0171875 0.025
1 0.9609375 0.15833333333333333 0.01875 0.025
1 0.93671875 0.18333333333333332 0.0203125 0.020833333333333332
1 0.91484375 0.21145833333333333 0.0234375 0.027083333333333334
1 0.89296875 0.23333333333333334 0.0203125 0.025
1 0.86484375 0.2604166666666667 0.0234375 0.025
1 0.83984375 0.28020833333333334 0.0296875 0.035416666666666666
1 0.84765625 0.30520833333333336 0.0296875 0.035416666666666666
3 0.88515625 0.26979166666666665 0.0328125 0.04375
1 0.9125 0.24583333333333332 0.025 0.029166666666666667
3 0.95078125 0.196875 0.0421875 0.052083333333333336
1 0.9765625 0.16979166666666667 0.015625 0.01875
1 0.99296875 0.15104166666666666 0.0140625 0.027083333333333334
1 0.87890625 0.3104166666666667 0.0296875 0.03333333333333333
1 0.91328125 0.2760416666666667 0.0234375 0.03125
1 0.93203125 0.2520833333333333 0.0234375 0.025
1 0.953125 0.23541666666666666 0.021875 0.025
1 0.97890625 0.20625 0.0203125 0.029166666666666667
1 0.990625 0.18125 0.01875 0.025
1 0.884375 0.33958333333333335 0.025 0.03333333333333333
1 0.91953125 0.30833333333333335 0.0265625 0.03333333333333333
1 0.9390625 0.28125 0.028125 0.03333333333333333
1 0.9625 0.253125 0.01875 0.022916666666666665
1 0.984375 0.23333333333333334 0.021875 0.020833333333333332
1 0.90859375 0.35520833333333335 0.0328125 0.035416666666666666
1 0.93984375 0.325 0.0234375 0.029166666666666667
1 0.98671875 0.31875 0.0265625 0.029166666666666667
1 0.99375 0.259375 0.0125 0.027083333333333334
1 0.98671875 0.48854166666666665 0.0265625 0.03125
5 0.90859375 0.70625 0.0203125 0.025
5 0.78984375 0.4510416666666667 0.0109375 0.01875
4 0.8171875 0.3625 0.009375 0.020833333333333332
5 0.62109375 0.027083333333333334 0.0046875 0.008333333333333333
5 0.45546875 0.80625 0.0140625 0.020833333333333332
5 0.4984375 0.8052083333333333 0.015625 0.027083333333333334
4 0.4640625 0.7791666666666667 0.0125 0.020833333333333332
4 0.38046875 0.46145833333333336 0.0109375 0.010416666666666666
4 0.42109375 0.23020833333333332 0.0078125 0.014583333333333334
4 0.4109375 0.48854166666666665 0.00625 0.01875
4 0.403125 0.48333333333333334 0.00625 0.0125
4 0.82578125 0.13333333333333333 0.0078125 0.0125
1 0.44296875 0.2635416666666667 0.0359375 0.022916666666666665
1 0.4421875 0.246875 0.028125 0.01875
