1 0.53515625 0.13125 0.0171875 0.029166666666666667
1 0.603125 0.3125 0.015625 0.020833333333333332
1 0.58125 0.24375 0.015625 0.0125
1 0.56875 0.19895833333333332 0.015625 0.027083333333333334
1 0.5609375 0.159375 0.0125 0.01875
1 0.5546875 0.14375 0.0125 0.016666666666666666
1 0.60625 0.2604166666666667 0.021875 0.03333333333333333
1 0.59765625 0.215625 0.0171875 0.027083333333333334
1 0.58828125 0.19270833333333334 0.0171875 0.027083333333333334
1 0.58203125 0.16458333333333333 0.0140625 0.020833333333333332
3 0.57578125 0.13020833333333334 0.0171875 0.03958333333333333
1 0.5640625 0.10729166666666666 0.01875 0.027083333333333334
1 0.384375 0.078125 0.03125 0.01875
1 0.38125 0.06875 0.03125 0.016666666666666666
1 0.64140625 0.23541666666666666 0.0140625 0.016666666666666666
1 0.63984375 0.23854166666666668 0.0140625 0.014583333333333334
1 0.5265625 0.06770833333333333 0.0125 0.01875
1 0.5234375 0.078125 0.0125 0.014583333333333334
1 0.77109375 0.005208333333333333 0.0109375 0.010416666666666666
5 0.6546875 0.12083333333333333 0.009375 0.016666666666666666
1 0.66484375 0.12083333333333333 0.0140625 0.020833333333333332
1 0.653125 0.08541666666666667 0.0125 0.0125
5 0.75546875 0.2989583333333333 0.0171875 0.01875
5 0.784375 0.2833333333333333 0.009375 0.025
5 0.865625 0.23854166666666668 0.0125 0.01875
5 0.84921875 0.21145833333333333 0.0109375 0.01875
5 0.853125 0.2 0.009375 0.008333333333333333
5 0.88359375 0.16041666666666668 0.0078125 0.008333333333333333
1 0.821875 0.26875 0.028125 0.029166666666666667
1 0.84609375 0.24583333333333332 0.0265625 0.029166666666666667
1 0.87109375 0.22083333333333333 0.0203125 0.020833333333333332
1 0.8921875 0.2 0.021875 0.020833333333333332
1 0.909375 0.17395833333333333 0.021875 0.022916666666666665
3 0.93828125 0.14270833333333333 0.0328125 0.04791666666666667
1 0.9625 0.1125 0.01875 0.020833333333333332
1 0.97421875 0.09895833333333333 0.0109375 0.014583333333333334
1 0.99140625 0.07395833333333333 0.0171875 0.01875
1 0.996875 0.09895833333333333 0.00625 0.014583333333333334
1 0.9765625 0.13645833333333332 0.015625 0.03125
1 0.959375 0.15833333333333333 0.01875 0.025
1 0.93046875 0.1875 0.0171875 0.020833333333333332
1 0.9109375 0.21354166666666666 0.025 0.027083333333333334
1 0.8875 0.23541666666666666 0.021875 0.025
1 0.8609375 0.2604166666666667 0.025 0.020833333333333332
1 0.8359375 0.28229166666666666 0.028125 0.035416666666666666
1 0.84375 0.3072916666666667 0.028125 0.035416666666666666
3 0.878125 0.27291666666666664 0.034375 0.041666666666666664
1 0.91015625 0.24791666666666667 0.0234375 0.025
3 0.9421875 0.203125 0.040625 0.04375
1 0.9734375 0.17291666666666666 0.015625 0.020833333333333332
1 0.9921875 0.14791666666666667 0.015625 0.020833333333333332
1 0.875 0.3125 0.028125 0.029166666666666667
1 0.909375 0.278125 0.021875 0.027083333333333334
1 0.92890625 0.253125 0.0203125 0.022916666666666665
1 0.9484375 0.2375 0.015625 0.020833333333333332
1 0.97734375 0.20520833333333333 0.0203125 0.027083333333333334
1 0.97578125 0.17395833333333333 0.0140625 0.014583333333333334
1 0.878125 0.3416666666666667 0.028125 0.03333333333333333
1 0.91015625 0.31145833333333334 0.0296875 0.03125
1 0.93671875 0.28125 0.0234375 0.029166666666666667
1 0.96015625 0.2520833333333333 0.0171875 0.020833333333333332
1 0.97890625 0.2375 0.0171875 0.020833333333333332
1 0.90390625 0.35625 0.0328125 0.03333333333333333
1 0.934375 0.32708333333333334 0.028125 0.03333333333333333

1 0.97265625 0.309375 0.0359375 0.06041666666666667


5 0.690625 0.23125 0.00625 0.008333333333333333
4 0.7703125 0.31875 0.0125 0.020833333333333332
5 0.603125 0.005208333333333333 0.009375 0.010416666666666666
5 0.240625 0.7645833333333333 0.015625 0.0125
5 0.47578125 0.775 0.0171875 0.029166666666666667
4 0.4453125 0.7604166666666666 0.0125 0.020833333333333332
4 0.37734375 0.4625 0.0109375 0.008333333333333333
4 0.4203125 0.22604166666666667 0.009375 0.014583333333333334
4 0.4125 0.484375 0.009375 0.01875
4 0.4140625 0.47604166666666664 0.00625 0.010416666666666666
4 0.77109375 0.13229166666666667 0.0046875 0.010416666666666666
1 0.43984375 0.265625 0.0359375 0.022916666666666665
1 0.43671875 0.24479166666666666 0.0265625 0.01875
