1 0.53515625 0.13125 0.0171875 0.029166666666666667
1 0.60546875 0.31875 0.0171875 0.020833333333333332
1 0.584375 0.2625 0.015625 0.025
1 0.5703125 0.20416666666666666 0.0125 0.025
1 0.56171875 0.159375 0.0140625 0.01875
1 0.5546875 0.14583333333333334 0.0125 0.016666666666666666
1 0.6078125 0.26458333333333334 0.021875 0.03333333333333333
1 0.59921875 0.21770833333333334 0.0171875 0.03125
1 0.58828125 0.19270833333333334 0.0171875 0.027083333333333334
1 0.58203125 0.16458333333333333 0.0140625 0.020833333333333332
3 0.57578125 0.13020833333333334 0.0171875 0.03958333333333333
1 0.56328125 0.10729166666666666 0.0171875 0.027083333333333334
1 0.384375 0.078125 0.03125 0.01875
1 0.38125 0.06875 0.03125 0.016666666666666666
1 0.6328125 0.21458333333333332 0.0125 0.016666666666666666
1 0.63203125 0.21354166666666666 0.0109375 0.01875
1 0.52109375 0.07708333333333334 0.0140625 0.020833333333333332
1 0.52421875 0.084375 0.0109375 0.01875
1 0.77265625 0.007291666666666667 0.0140625 0.014583333333333334
5 0.65546875 0.11770833333333333 0.0078125 0.010416666666666666
1 0.66484375 0.11979166666666667 0.0140625 0.022916666666666665
1 0.653125 0.08541666666666667 0.0125 0.0125
5 0.7546875 0.2989583333333333 0.015625 0.01875
5 0.784375 0.2833333333333333 0.009375 0.020833333333333332
5 0.8640625 0.23958333333333334 0.015625 0.020833333333333332
5 0.84921875 0.21041666666666667 0.0109375 0.020833333333333332
5 0.853125 0.19791666666666666 0.009375 0.008333333333333333
5 0.88515625 0.16041666666666668 0.0078125 0.0125
1 0.821875 0.2677083333333333 0.028125 0.027083333333333334
1 0.84609375 0.24583333333333332 0.0265625 0.029166666666666667
1 0.8703125 0.221875 0.021875 0.022916666666666665
1 0.8921875 0.2 0.021875 0.020833333333333332
1 0.909375 0.175 0.021875 0.025
3 0.9390625 0.14270833333333333 0.034375 0.04791666666666667
1 0.9625 0.1125 0.01875 0.020833333333333332
1 0.97421875 0.09895833333333333 0.0109375 0.014583333333333334
1 0.99140625 0.07083333333333333 0.0171875 0.020833333333333332
1 0.996875 0.09895833333333333 0.00625 0.014583333333333334
1 0.97578125 0.13645833333333332 0.0171875 0.03125
1 0.95859375 0.15833333333333333 0.0171875 0.025
1 0.93046875 0.1875 0.0171875 0.020833333333333332
1 0.909375 0.21354166666666666 0.025 0.027083333333333334
1 0.8875 0.23541666666666666 0.021875 0.025
1 0.8625 0.25833333333333336 0.021875 0.016666666666666666
1 0.8359375 0.2833333333333333 0.028125 0.03333333333333333
1 0.84375 0.3072916666666667 0.028125 0.035416666666666666
3 0.87734375 0.27291666666666664 0.0328125 0.041666666666666664
1 0.909375 0.24791666666666667 0.021875 0.025
3 0.9421875 0.203125 0.040625 0.04375
1 0.97265625 0.17291666666666666 0.0140625 0.020833333333333332
1 0.9921875 0.14791666666666667 0.015625 0.020833333333333332
1 0.875 0.31145833333333334 0.028125 0.03125
1 0.909375 0.278125 0.021875 0.027083333333333334
1 0.92890625 0.253125 0.0203125 0.022916666666666665
1 0.94765625 0.2375 0.0171875 0.020833333333333332
1 0.978125 0.20520833333333333 0.01875 0.027083333333333334
1 0.97578125 0.175 0.0140625 0.016666666666666666
1 0.878125 0.3416666666666667 0.028125 0.03333333333333333
1 0.91015625 0.31145833333333334 0.0296875 0.03125
1 0.93671875 0.28125 0.0234375 0.029166666666666667
1 0.96015625 0.2520833333333333 0.0171875 0.020833333333333332
1 0.97890625 0.2375 0.0171875 0.020833333333333332
1 0.903125 0.35625 0.034375 0.03333333333333333
1 0.934375 0.3260416666666667 0.028125 0.03125

1 0.97265625 0.3104166666666667 0.0359375 0.06666666666666667


5 0.6828125 0.221875 0.00625 0.00625
4 0.77109375 0.31666666666666665 0.0109375 0.020833333333333332
5 0.63984375 0.007291666666666667 0.0140625 0.014583333333333334
5 0.21875 0.765625 0.0125 0.014583333333333334
5 0.4796875 0.771875 0.015625 0.027083333333333334
4 0.4453125 0.7614583333333333 0.0125 0.022916666666666665
4 0.3765625 0.4625 0.009375 0.008333333333333333
4 0.42109375 0.22708333333333333 0.0078125 0.0125
4 0.41328125 0.48333333333333334 0.0078125 0.016666666666666666
4 0.4140625 0.47604166666666664 0.00625 0.010416666666666666
4 0.77109375 0.13333333333333333 0.0046875 0.0125
1 0.440625 0.265625 0.034375 0.022916666666666665
1 0.4359375 0.24270833333333333 0.028125 0.01875
