1 0.534375 0.13125 0.015625 0.029166666666666667
1 0.61171875 0.334375 0.0171875 0.022916666666666665
1 0.58515625 0.2677083333333333 0.0140625 0.027083333333333334
1 0.57109375 0.20416666666666666 0.0140625 0.025
1 0.56171875 0.159375 0.0140625 0.01875
1 0.5546875 0.14583333333333334 0.0125 0.016666666666666666
1 0.609375 0.265625 0.021875 0.03125
1 0.59921875 0.21875 0.0171875 0.03333333333333333
1 0.58828125 0.19375 0.0171875 0.029166666666666667
1 0.58125 0.16458333333333333 0.015625 0.020833333333333332
3 0.57578125 0.13125 0.0171875 0.0375
1 0.56328125 0.10729166666666666 0.0171875 0.027083333333333334
1 0.3796875 0.08020833333333334 0.03125 0.01875
1 0.38046875 0.06875 0.0328125 0.016666666666666666
1 0.6296875 0.20104166666666667 0.0125 0.014583333333333334
1 0.63046875 0.21041666666666667 0.0140625 0.020833333333333332
1 0.521875 0.08125 0.015625 0.025
1 0.5234375 0.08541666666666667 0.0125 0.020833333333333332
1 0.771875 0.007291666666666667 0.015625 0.014583333333333334
5 0.65390625 0.121875 0.0078125 0.014583333333333334
1 0.6640625 0.12083333333333333 0.0125 0.020833333333333332
1 0.65234375 0.08541666666666667 0.0140625 0.0125
5 0.75234375 0.30104166666666665 0.0140625 0.01875
5 0.78359375 0.28125 0.0109375 0.020833333333333332
5 0.86484375 0.23958333333333334 0.0171875 0.020833333333333332
5 0.84921875 0.209375 0.0109375 0.01875
5 0.85390625 0.196875 0.0078125 0.010416666666666666
5 0.884375 0.159375 0.009375 0.010416666666666666
1 0.821875 0.26666666666666666 0.025 0.025
1 0.8453125 0.24583333333333332 0.025 0.029166666666666667
1 0.86953125 0.22083333333333333 0.0203125 0.020833333333333332
1 0.89140625 0.2 0.0203125 0.020833333333333332
1 0.909375 0.175 0.021875 0.025
3 0.93828125 0.14270833333333333 0.0328125 0.04791666666666667
1 0.9625 0.1125 0.01875 0.020833333333333332
1 0.97421875 0.09895833333333333 0.0109375 0.014583333333333334
1 0.99140625 0.071875 0.0171875 0.022916666666666665
1 0.996875 0.09895833333333333 0.00625 0.014583333333333334
1 0.9765625 0.1375 0.015625 0.03333333333333333
1 0.95859375 0.15833333333333333 0.0171875 0.025
1 0.92890625 0.18854166666666666 0.0171875 0.01875
1 0.909375 0.21458333333333332 0.025 0.029166666666666667
1 0.8875 0.23541666666666666 0.021875 0.025
1 0.8625 0.25833333333333336 0.021875 0.016666666666666666
1 0.8359375 0.2833333333333333 0.028125 0.03333333333333333
1 0.84375 0.3072916666666667 0.028125 0.035416666666666666
3 0.87734375 0.27291666666666664 0.0328125 0.041666666666666664
1 0.909375 0.24791666666666667 0.021875 0.025
3 0.94140625 0.20520833333333333 0.0421875 0.04375
1 0.97265625 0.17291666666666666 0.0140625 0.020833333333333332
1 0.9921875 0.14791666666666667 0.015625 0.020833333333333332
1 0.875 0.31145833333333334 0.028125 0.03125
1 0.90859375 0.278125 0.0234375 0.027083333333333334
1 0.92890625 0.253125 0.0203125 0.022916666666666665
1 0.94765625 0.2375 0.0171875 0.020833333333333332
1 0.97734375 0.20520833333333333 0.0203125 0.027083333333333334
1 0.9765625 0.17395833333333333 0.0125 0.014583333333333334
1 0.878125 0.3416666666666667 0.028125 0.03333333333333333
1 0.91015625 0.31145833333333334 0.0296875 0.03125
1 0.93671875 0.28125 0.0234375 0.029166666666666667
1 0.96015625 0.2520833333333333 0.0171875 0.020833333333333332
1 0.97890625 0.2375 0.0171875 0.020833333333333332
1 0.90859375 0.35520833333333335 0.0265625 0.035416666666666666
1 0.934375 0.3260416666666667 0.028125 0.03125

1 0.9734375 0.303125 0.0375 0.08125


5 0.68515625 0.21458333333333332 0.0015625 0.004166666666666667
4 0.7703125 0.31666666666666665 0.0125 0.020833333333333332

5 0.20625 0.7697916666666667 0.0125 0.014583333333333334
5 0.478125 0.7697916666666667 0.015625 0.027083333333333334
4 0.44453125 0.759375 0.0109375 0.022916666666666665
4 0.3765625 0.4625 0.009375 0.008333333333333333
4 0.4203125 0.22604166666666667 0.009375 0.014583333333333334
4 0.41328125 0.4822916666666667 0.0078125 0.01875
4 0.4140625 0.47708333333333336 0.00625 0.0125
4 0.7703125 0.13333333333333333 0.00625 0.0125
1 0.43984375 0.265625 0.0359375 0.022916666666666665
1 0.43671875 0.24270833333333333 0.0265625 0.01875
