1 0.53359375 0.13125 0.0171875 0.029166666666666667
1 0.61328125 0.33541666666666664 0.0140625 0.025
1 0.5859375 0.2677083333333333 0.015625 0.027083333333333334
1 0.5703125 0.209375 0.0125 0.027083333333333334
1 0.5609375 0.159375 0.015625 0.01875
1 0.5546875 0.14583333333333334 0.0125 0.016666666666666666
1 0.6109375 0.26875 0.021875 0.029166666666666667
1 0.59921875 0.21979166666666666 0.0171875 0.035416666666666666
1 0.5890625 0.18958333333333333 0.015625 0.025
1 0.58125 0.16458333333333333 0.015625 0.020833333333333332
3 0.57578125 0.13125 0.0171875 0.0375
1 0.56328125 0.10729166666666666 0.0171875 0.027083333333333334
1 0.3796875 0.08020833333333334 0.03125 0.01875
1 0.38046875 0.06979166666666667 0.0328125 0.014583333333333334
1 0.62734375 0.190625 0.0109375 0.014583333333333334
1 0.628125 0.19166666666666668 0.009375 0.016666666666666666
1 0.521875 0.084375 0.015625 0.027083333333333334
1 0.5234375 0.090625 0.0125 0.014583333333333334
1 0.771875 0.007291666666666667 0.015625 0.014583333333333334
5 0.6546875 0.11666666666666667 0.00625 0.0125
1 0.6640625 0.12083333333333333 0.0125 0.020833333333333332
1 0.65234375 0.08541666666666667 0.0140625 0.0125
5 0.75234375 0.2989583333333333 0.0140625 0.01875
5 0.784375 0.28125 0.009375 0.020833333333333332
5 0.86640625 0.23125 0.0140625 0.016666666666666666
5 0.84921875 0.209375 0.0109375 0.01875
5 0.8546875 0.19791666666666666 0.00625 0.008333333333333333
5 0.88515625 0.16041666666666668 0.0078125 0.0125
1 0.821875 0.26666666666666666 0.025 0.025
1 0.8453125 0.24583333333333332 0.025 0.029166666666666667
1 0.86875 0.221875 0.01875 0.022916666666666665
1 0.89140625 0.2 0.0203125 0.020833333333333332
1 0.909375 0.175 0.021875 0.025
3 0.9375 0.14270833333333333 0.03125 0.04791666666666667
1 0.9625 0.1125 0.01875 0.020833333333333332
1 0.97421875 0.09895833333333333 0.0109375 0.014583333333333334
1 0.99296875 0.07083333333333333 0.0140625 0.020833333333333332
1 0.996875 0.09895833333333333 0.00625 0.014583333333333334
1 0.97578125 0.13645833333333332 0.0171875 0.03125
1 0.95859375 0.15833333333333333 0.0171875 0.025
1 0.928125 0.18854166666666666 0.01875 0.01875
1 0.90859375 0.21458333333333332 0.0265625 0.029166666666666667
1 0.8875 0.23541666666666666 0.021875 0.025
1 0.8625 0.25833333333333336 0.021875 0.016666666666666666
1 0.83515625 0.2833333333333333 0.0296875 0.03333333333333333
1 0.84375 0.3072916666666667 0.028125 0.035416666666666666
3 0.87734375 0.27395833333333336 0.0328125 0.04375
1 0.90859375 0.24791666666666667 0.0234375 0.025
3 0.94140625 0.20520833333333333 0.0421875 0.04375
1 0.971875 0.17291666666666666 0.015625 0.020833333333333332
1 0.9921875 0.14791666666666667 0.015625 0.020833333333333332
1 0.875 0.31145833333333334 0.028125 0.03125
1 0.90859375 0.278125 0.0234375 0.027083333333333334
1 0.92890625 0.253125 0.0203125 0.022916666666666665
1 0.94765625 0.23854166666666668 0.0171875 0.01875
1 0.97734375 0.20520833333333333 0.0203125 0.027083333333333334
1 0.9765625 0.17291666666666666 0.0125 0.016666666666666666
1 0.878125 0.3416666666666667 0.028125 0.03333333333333333
1 0.909375 0.3125 0.03125 0.03333333333333333
1 0.93671875 0.28125 0.0234375 0.029166666666666667
1 0.96015625 0.2520833333333333 0.0171875 0.020833333333333332
1 0.97890625 0.2375 0.0171875 0.020833333333333332
1 0.90859375 0.35520833333333335 0.0265625 0.035416666666666666
1 0.934375 0.32708333333333334 0.028125 0.03333333333333333

1 0.97421875 0.30104166666666665 0.0359375 0.07708333333333334



4 0.7703125 0.315625 0.0125 0.022916666666666665

5 0.19375 0.7697916666666667 0.009375 0.014583333333333334
5 0.478125 0.7697916666666667 0.015625 0.027083333333333334
4 0.44453125 0.7604166666666666 0.0109375 0.025
4 0.3765625 0.46145833333333336 0.009375 0.010416666666666666
4 0.4203125 0.22708333333333333 0.009375 0.016666666666666666
4 0.41328125 0.4822916666666667 0.0078125 0.01875
4 0.4140625 0.47604166666666664 0.00625 0.010416666666666666
4 0.76875 0.13229166666666667 0.00625 0.010416666666666666
1 0.43984375 0.265625 0.0359375 0.022916666666666665
1 0.434375 0.24479166666666666 0.028125 0.01875
