1 0.53359375 0.13125 0.0171875 0.029166666666666667
1 0.61328125 0.3489583333333333 0.0171875 0.022916666666666665
1 0.61640625 0.28125 0.0140625 0.020833333333333332
1 0.57109375 0.2125 0.0140625 0.025
1 0.5609375 0.16041666666666668 0.015625 0.020833333333333332
1 0.5546875 0.14583333333333334 0.0125 0.016666666666666666
1 0.61171875 0.271875 0.0234375 0.03125
1 0.59609375 0.20625 0.0171875 0.025
1 0.5890625 0.18958333333333333 0.015625 0.025
1 0.58046875 0.16458333333333333 0.0140625 0.020833333333333332
3 0.57578125 0.13229166666666667 0.0171875 0.03958333333333333
1 0.56328125 0.10729166666666666 0.0171875 0.027083333333333334
1 0.38359375 0.078125 0.0328125 0.01875
1 0.38046875 0.06979166666666667 0.0328125 0.014583333333333334
1 0.6203125 0.175 0.015625 0.016666666666666666
1 0.61953125 0.17604166666666668 0.0140625 0.014583333333333334
1 0.5234375 0.08854166666666667 0.015625 0.027083333333333334
1 0.5234375 0.09270833333333334 0.0125 0.014583333333333334
1 0.77109375 0.007291666666666667 0.0171875 0.014583333333333334
5 0.65390625 0.115625 0.0078125 0.014583333333333334
1 0.66484375 0.12083333333333333 0.0140625 0.020833333333333332
1 0.65234375 0.08541666666666667 0.0140625 0.0125
5 0.75390625 0.3 0.0140625 0.020833333333333332
5 0.784375 0.28125 0.009375 0.020833333333333332
5 0.86640625 0.23229166666666667 0.0140625 0.014583333333333334
5 0.84921875 0.209375 0.0109375 0.01875
5 0.8546875 0.19791666666666666 0.00625 0.008333333333333333
5 0.8859375 0.159375 0.009375 0.014583333333333334
1 0.821875 0.26666666666666666 0.025 0.025
1 0.8453125 0.24479166666666666 0.025 0.027083333333333334
1 0.86875 0.221875 0.01875 0.022916666666666665
1 0.89140625 0.2 0.0203125 0.020833333333333332
1 0.909375 0.175 0.021875 0.025
3 0.93828125 0.14270833333333333 0.0328125 0.04791666666666667
1 0.9625 0.1125 0.01875 0.020833333333333332
1 0.97421875 0.09895833333333333 0.0109375 0.014583333333333334
1 0.99140625 0.06979166666666667 0.0171875 0.022916666666666665
1 0.996875 0.09895833333333333 0.00625 0.014583333333333334
1 0.97578125 0.13645833333333332 0.0171875 0.03125
1 0.95703125 0.16041666666666668 0.0203125 0.025
1 0.928125 0.18958333333333333 0.01875 0.020833333333333332
1 0.90859375 0.21458333333333332 0.0265625 0.029166666666666667
1 0.88671875 0.23541666666666666 0.0203125 0.025
1 0.8625 0.25833333333333336 0.021875 0.016666666666666666
1 0.83515625 0.284375 0.0296875 0.035416666666666666
1 0.84375 0.3072916666666667 0.028125 0.035416666666666666
3 0.87734375 0.27395833333333336 0.0328125 0.04375
1 0.90859375 0.24791666666666667 0.0234375 0.025
3 0.94140625 0.20520833333333333 0.0390625 0.04375
1 0.971875 0.17291666666666666 0.015625 0.020833333333333332
1 0.9921875 0.14791666666666667 0.015625 0.020833333333333332
1 0.875 0.31145833333333334 0.028125 0.03125
1 0.90859375 0.278125 0.0234375 0.027083333333333334
1 0.928125 0.253125 0.01875 0.022916666666666665
1 0.94765625 0.23854166666666668 0.0171875 0.01875
1 0.978125 0.20520833333333333 0.01875 0.027083333333333334
1 0.9765625 0.17291666666666666 0.0125 0.016666666666666666
1 0.878125 0.3416666666666667 0.028125 0.03333333333333333
1 0.90859375 0.31354166666666666 0.0328125 0.03125
1 0.93671875 0.28125 0.0234375 0.029166666666666667
1 0.96015625 0.2520833333333333 0.0171875 0.020833333333333332
1 0.97890625 0.2375 0.0171875 0.020833333333333332
1 0.9078125 0.35520833333333335 0.028125 0.035416666666666666
1 0.9359375 0.321875 0.025 0.022916666666666665

1 0.97421875 0.303125 0.0359375 0.08125


5 0.6796875 0.20520833333333333 0.00625 0.00625
4 0.77109375 0.3145833333333333 0.0109375 0.020833333333333332

5 0.175 0.7729166666666667 0.009375 0.0125
5 0.4765625 0.7708333333333334 0.015625 0.029166666666666667
4 0.44453125 0.7583333333333333 0.0109375 0.025
4 0.3765625 0.46145833333333336 0.009375 0.010416666666666666
4 0.4203125 0.22604166666666667 0.009375 0.014583333333333334
4 0.41328125 0.484375 0.0078125 0.01875
4 0.4140625 0.47708333333333336 0.00625 0.0125
4 0.76875 0.13333333333333333 0.00625 0.0125
1 0.4390625 0.265625 0.034375 0.022916666666666665
1 0.43359375 0.2520833333333333 0.0296875 0.016666666666666666
