1 0.53359375 0.134375 0.0171875 0.03125
1 0.6203125 0.365625 0.01875 0.022916666666666665
1 0.61796875 0.2864583333333333 0.0140625 0.01875
1 0.571875 0.221875 0.015625 0.027083333333333334
1 0.56015625 0.16041666666666668 0.0171875 0.020833333333333332
1 0.5546875 0.146875 0.0125 0.01875
1 0.61484375 0.28020833333333334 0.0203125 0.03125
1 0.59609375 0.20833333333333334 0.0171875 0.025
1 0.590625 0.203125 0.01875 0.027083333333333334
1 0.58046875 0.16458333333333333 0.0140625 0.020833333333333332
3 0.57578125 0.134375 0.0171875 0.03958333333333333
1 0.56328125 0.109375 0.0171875 0.027083333333333334
1 0.38359375 0.07916666666666666 0.0328125 0.016666666666666666
1 0.38046875 0.07083333333333333 0.0328125 0.016666666666666666
1 0.61171875 0.15520833333333334 0.0140625 0.01875
1 0.6125 0.15104166666666666 0.0125 0.014583333333333334
1 0.52265625 0.09166666666666666 0.0140625 0.03333333333333333
1 0.525 0.1 0.015625 0.016666666666666666
1 0.77109375 0.005208333333333333 0.0109375 0.010416666666666666
5 0.6546875 0.11354166666666667 0.00625 0.014583333333333334
1 0.6640625 0.12083333333333333 0.0125 0.020833333333333332
1 0.6515625 0.08645833333333333 0.0125 0.014583333333333334
5 0.75546875 0.3020833333333333 0.0171875 0.016666666666666666
5 0.784375 0.2791666666666667 0.009375 0.016666666666666666
5 0.865625 0.23020833333333332 0.0125 0.014583333333333334
5 0.84921875 0.209375 0.0109375 0.01875
5 0.8546875 0.19791666666666666 0.00625 0.008333333333333333
5 0.884375 0.16041666666666668 0.009375 0.0125
1 0.821875 0.26666666666666666 0.025 0.025
1 0.8453125 0.246875 0.025 0.027083333333333334
1 0.86796875 0.22291666666666668 0.0203125 0.020833333333333332
1 0.890625 0.2 0.021875 0.020833333333333332
1 0.909375 0.175 0.021875 0.025
3 0.93828125 0.14479166666666668 0.0328125 0.04791666666666667
1 0.9625 0.1125 0.01875 0.020833333333333332
1 0.9734375 0.09895833333333333 0.009375 0.014583333333333334
1 0.984375 0.08229166666666667 0.0125 0.014583333333333334
1 0.996875 0.09895833333333333 0.00625 0.014583333333333334
1 0.97578125 0.13645833333333332 0.0171875 0.03125
1 0.95546875 0.16041666666666668 0.0203125 0.025
1 0.9296875 0.18854166666666666 0.015625 0.01875
1 0.90859375 0.21458333333333332 0.0265625 0.029166666666666667
1 0.88671875 0.23645833333333333 0.0203125 0.022916666666666665
1 0.86171875 0.25833333333333336 0.0203125 0.016666666666666666
1 0.834375 0.284375 0.028125 0.035416666666666666
1 0.84375 0.3072916666666667 0.028125 0.035416666666666666
3 0.87734375 0.27395833333333336 0.0328125 0.04375
1 0.90859375 0.24895833333333334 0.0234375 0.027083333333333334
3 0.9421875 0.20625 0.040625 0.041666666666666664
1 0.971875 0.17291666666666666 0.015625 0.020833333333333332
1 0.99140625 0.14895833333333333 0.0171875 0.022916666666666665
1 0.875 0.3125 0.028125 0.029166666666666667
1 0.90859375 0.278125 0.0234375 0.027083333333333334
1 0.92890625 0.25416666666666665 0.0203125 0.020833333333333332
1 0.94765625 0.23854166666666668 0.0171875 0.01875
1 0.97734375 0.20520833333333333 0.0203125 0.027083333333333334
1 0.9765625 0.17291666666666666 0.0125 0.016666666666666666
1 0.878125 0.3416666666666667 0.028125 0.03333333333333333
1 0.9078125 0.31354166666666666 0.03125 0.03125
1 0.93671875 0.28125 0.0234375 0.029166666666666667
1 0.96015625 0.2520833333333333 0.0171875 0.020833333333333332
1 0.97890625 0.2375 0.0171875 0.020833333333333332
1 0.90703125 0.35520833333333335 0.0265625 0.035416666666666666
1 0.9328125 0.3260416666666667 0.028125 0.03125

1 0.9734375 0.303125 0.034375 0.08125


5 0.67734375 0.19270833333333334 0.0015625 0.0020833333333333333
4 0.77109375 0.3125 0.0109375 0.020833333333333332

5 0.14375 0.78125 0.009375 0.0125
5 0.4765625 0.7677083333333333 0.0125 0.027083333333333334
4 0.44375 0.75625 0.0125 0.029166666666666667
4 0.3765625 0.46145833333333336 0.009375 0.010416666666666666
4 0.4203125 0.22604166666666667 0.009375 0.014583333333333334
4 0.41328125 0.484375 0.0078125 0.01875
4 0.4140625 0.47708333333333336 0.00625 0.0125
4 0.76875 0.13333333333333333 0.00625 0.0125
1 0.4390625 0.265625 0.034375 0.022916666666666665
1 0.43515625 0.253125 0.0328125 0.01875
