1 0.53359375 0.134375 0.0171875 0.03125
1 0.621875 0.3625 0.01875 0.020833333333333332
1 0.61953125 0.29375 0.0171875 0.016666666666666666
1 0.57265625 0.22291666666666668 0.0140625 0.025
1 0.559375 0.16770833333333332 0.015625 0.022916666666666665
1 0.5546875 0.14583333333333334 0.0125 0.016666666666666666
1 0.61875 0.284375 0.01875 0.03125
1 0.596875 0.209375 0.015625 0.027083333333333334
1 0.590625 0.20520833333333333 0.01875 0.027083333333333334
1 0.58046875 0.16458333333333333 0.0140625 0.020833333333333332
3 0.57265625 0.134375 0.0171875 0.03958333333333333
1 0.56328125 0.109375 0.0171875 0.027083333333333334
1 0.3796875 0.08020833333333334 0.03125 0.01875
1 0.38046875 0.07083333333333333 0.0328125 0.016666666666666666
1 0.60859375 0.146875 0.0140625 0.01875
1 0.60859375 0.146875 0.0140625 0.01875
1 0.525 0.09895833333333333 0.01875 0.01875
1 0.52578125 0.1 0.0171875 0.016666666666666666
1 0.77109375 0.004166666666666667 0.0109375 0.008333333333333333
5 0.6546875 0.11354166666666667 0.00625 0.014583333333333334
1 0.66484375 0.12083333333333333 0.0140625 0.020833333333333332
1 0.6515625 0.08645833333333333 0.0125 0.014583333333333334
5 0.75859375 0.303125 0.0140625 0.01875
5 0.784375 0.2791666666666667 0.009375 0.016666666666666666
5 0.865625 0.23020833333333332 0.0125 0.014583333333333334
5 0.8484375 0.20833333333333334 0.009375 0.016666666666666666
5 0.8546875 0.196875 0.00625 0.010416666666666666
5 0.88515625 0.16041666666666668 0.0078125 0.0125
1 0.8203125 0.26979166666666665 0.028125 0.027083333333333334
1 0.8484375 0.24166666666666667 0.021875 0.020833333333333332
1 0.86796875 0.22291666666666668 0.0203125 0.020833333333333332
1 0.890625 0.20104166666666667 0.021875 0.022916666666666665
1 0.909375 0.175 0.021875 0.025
3 0.9375 0.14479166666666668 0.03125 0.04791666666666667
1 0.96328125 0.1125 0.0203125 0.020833333333333332
1 0.9734375 0.09895833333333333 0.009375 0.014583333333333334
1 0.98671875 0.08229166666666667 0.0171875 0.01875
1 0.996875 0.09895833333333333 0.00625 0.014583333333333334
1 0.97578125 0.13645833333333332 0.0171875 0.03125
1 0.95625 0.16041666666666668 0.021875 0.025
1 0.92890625 0.18854166666666666 0.0171875 0.01875
1 0.90859375 0.21458333333333332 0.0265625 0.029166666666666667
1 0.88671875 0.23645833333333333 0.0203125 0.022916666666666665
1 0.86171875 0.25833333333333336 0.0203125 0.016666666666666666
1 0.834375 0.284375 0.028125 0.035416666666666666
1 0.84453125 0.3072916666666667 0.0296875 0.035416666666666666
3 0.87734375 0.27395833333333336 0.0328125 0.04375
1 0.9078125 0.24895833333333334 0.025 0.027083333333333334
3 0.9421875 0.20520833333333333 0.040625 0.03958333333333333
1 0.971875 0.17291666666666666 0.015625 0.020833333333333332
1 0.99140625 0.14895833333333333 0.0171875 0.022916666666666665
1 0.87421875 0.3125 0.0296875 0.029166666666666667
1 0.90859375 0.278125 0.0234375 0.027083333333333334
1 0.928125 0.25416666666666665 0.01875 0.020833333333333332
1 0.946875 0.23958333333333334 0.01875 0.020833333333333332
1 0.978125 0.20520833333333333 0.01875 0.027083333333333334
1 0.9765625 0.17291666666666666 0.0125 0.016666666666666666
1 0.878125 0.3416666666666667 0.028125 0.03333333333333333
1 0.9078125 0.31354166666666666 0.03125 0.03125
1 0.93671875 0.28020833333333334 0.0234375 0.027083333333333334
1 0.9578125 0.2552083333333333 0.01875 0.022916666666666665
1 0.978125 0.2375 0.015625 0.020833333333333332
1 0.90859375 0.35520833333333335 0.0265625 0.035416666666666666
1 0.93203125 0.3260416666666667 0.0265625 0.03125

1 0.9734375 0.30833333333333335 0.034375 0.07083333333333333


5 0.66875 0.19270833333333334 0.003125 0.00625
4 0.77109375 0.3125 0.0109375 0.020833333333333332

5 0.13046875 0.784375 0.0078125 0.010416666666666666
5 0.475 0.765625 0.0125 0.03125
4 0.4421875 0.75625 0.0125 0.029166666666666667
4 0.3765625 0.46145833333333336 0.009375 0.010416666666666666
4 0.4203125 0.22604166666666667 0.009375 0.014583333333333334
4 0.41328125 0.484375 0.0078125 0.01875
4 0.41328125 0.47708333333333336 0.0046875 0.0125
4 0.76875 0.13333333333333333 0.00625 0.0125
1 0.4390625 0.265625 0.034375 0.022916666666666665
1 0.43515625 0.253125 0.0328125 0.01875
