1 0.53359375 0.134375 0.0171875 0.03125
1 0.62265625 0.36666666666666664 0.0171875 0.020833333333333332
1 0.61953125 0.2947916666666667 0.0171875 0.01875
1 0.5734375 0.22708333333333333 0.015625 0.025
1 0.559375 0.16770833333333332 0.015625 0.022916666666666665
1 0.5546875 0.14583333333333334 0.0125 0.016666666666666666
1 0.61875 0.2864583333333333 0.01875 0.03125
1 0.5953125 0.20833333333333334 0.015625 0.025
1 0.59140625 0.20520833333333333 0.0171875 0.027083333333333334
1 0.58046875 0.16458333333333333 0.0140625 0.020833333333333332
3 0.57265625 0.13541666666666666 0.0171875 0.0375
1 0.56328125 0.109375 0.0171875 0.027083333333333334
1 0.3796875 0.08020833333333334 0.03125 0.01875
1 0.38046875 0.07083333333333333 0.0328125 0.016666666666666666
1 0.6078125 0.14166666666666666 0.015625 0.020833333333333332
1 0.6046875 0.1375 0.0125 0.0125
1 0.525 0.1 0.01875 0.016666666666666666
1 0.52578125 0.10104166666666667 0.0171875 0.014583333333333334
1 0.771875 0.004166666666666667 0.0125 0.008333333333333333
5 0.65390625 0.11979166666666667 0.0078125 0.014583333333333334
1 0.66484375 0.12083333333333333 0.0140625 0.020833333333333332
1 0.6515625 0.08645833333333333 0.0125 0.014583333333333334
5 0.75703125 0.3020833333333333 0.0171875 0.016666666666666666
5 0.784375 0.2791666666666667 0.009375 0.016666666666666666
5 0.865625 0.22916666666666666 0.0125 0.0125
5 0.84921875 0.209375 0.0109375 0.01875
5 0.8546875 0.19791666666666666 0.00625 0.008333333333333333
5 0.88359375 0.16041666666666668 0.0078125 0.0125
1 0.821875 0.26666666666666666 0.025 0.025
1 0.8484375 0.24166666666666667 0.021875 0.020833333333333332
1 0.86796875 0.22291666666666668 0.0203125 0.020833333333333332
1 0.890625 0.20104166666666667 0.021875 0.022916666666666665
1 0.909375 0.175 0.021875 0.025
3 0.9375 0.14375 0.03125 0.04583333333333333
1 0.9625 0.1125 0.01875 0.020833333333333332
1 0.9734375 0.09895833333333333 0.009375 0.014583333333333334
1 0.98671875 0.08229166666666667 0.0171875 0.01875
1 0.996875 0.09895833333333333 0.00625 0.014583333333333334
1 0.97578125 0.13645833333333332 0.0171875 0.03125
1 0.95546875 0.16041666666666668 0.0203125 0.025
1 0.92890625 0.18854166666666666 0.0171875 0.01875
1 0.90859375 0.21458333333333332 0.0265625 0.029166666666666667
1 0.88671875 0.23645833333333333 0.0203125 0.022916666666666665
1 0.86171875 0.25833333333333336 0.0203125 0.016666666666666666
1 0.834375 0.284375 0.028125 0.035416666666666666
1 0.84375 0.3072916666666667 0.028125 0.035416666666666666
3 0.87734375 0.27395833333333336 0.0328125 0.04375
1 0.9078125 0.25 0.025 0.025
3 0.9421875 0.20416666666666666 0.040625 0.041666666666666664
1 0.971875 0.17291666666666666 0.015625 0.020833333333333332
1 0.99140625 0.14895833333333333 0.0171875 0.022916666666666665
1 0.8765625 0.3104166666666667 0.025 0.029166666666666667
1 0.90859375 0.2791666666666667 0.0234375 0.025
1 0.928125 0.25416666666666665 0.01875 0.020833333333333332
1 0.94765625 0.23854166666666668 0.0171875 0.01875
1 0.97734375 0.20520833333333333 0.0203125 0.027083333333333334
1 0.975 0.175 0.015625 0.020833333333333332
1 0.878125 0.3416666666666667 0.028125 0.03333333333333333
1 0.9078125 0.31354166666666666 0.03125 0.03125
1 0.93515625 0.28229166666666666 0.0265625 0.03125
1 0.959375 0.2520833333333333 0.01875 0.020833333333333332
1 0.97890625 0.23854166666666668 0.0171875 0.022916666666666665
1 0.9078125 0.35520833333333335 0.025 0.035416666666666666
1 0.9328125 0.3260416666666667 0.028125 0.03125

1 0.97265625 0.30833333333333335 0.0359375 0.07083333333333333


5 0.66796875 0.190625 0.0046875 0.00625
4 0.77109375 0.3125 0.0109375 0.020833333333333332

5 0.1234375 0.7864583333333334 0.009375 0.010416666666666666
5 0.475 0.765625 0.0125 0.03125
4 0.44296875 0.7520833333333333 0.0109375 0.025
4 0.3765625 0.4625 0.009375 0.008333333333333333
4 0.4203125 0.22604166666666667 0.009375 0.014583333333333334
4 0.41328125 0.484375 0.0078125 0.01875
4 0.4125 0.47708333333333336 0.00625 0.0125
4 0.76875 0.13333333333333333 0.00625 0.0125
1 0.4390625 0.265625 0.034375 0.022916666666666665
1 0.43515625 0.253125 0.0328125 0.01875
