1 0.53359375 0.13333333333333333 0.0171875 0.03333333333333333
1 0.625 0.37395833333333334 0.015625 0.01875
1 0.6203125 0.296875 0.01875 0.022916666666666665
1 0.57421875 0.23229166666666667 0.0171875 0.027083333333333334
1 0.559375 0.16875 0.015625 0.025
1 0.5546875 0.14583333333333334 0.0125 0.016666666666666666
1 0.6203125 0.28854166666666664 0.021875 0.03125
1 0.5921875 0.21979166666666666 0.015625 0.01875
1 0.59296875 0.20416666666666666 0.0171875 0.025
1 0.58046875 0.165625 0.0140625 0.022916666666666665
3 0.57265625 0.13541666666666666 0.0171875 0.0375
1 0.56328125 0.109375 0.0171875 0.027083333333333334
1 0.3796875 0.08020833333333334 0.03125 0.01875
1 0.38046875 0.06979166666666667 0.0328125 0.01875
1 0.60234375 0.13541666666666666 0.0140625 0.020833333333333332
1 0.6015625 0.13125 0.0125 0.016666666666666666
1 0.5265625 0.08333333333333333 0.021875 0.03333333333333333
1 0.52578125 0.10208333333333333 0.0171875 0.016666666666666666
1 0.771875 0.004166666666666667 0.0125 0.008333333333333333
5 0.65390625 0.11979166666666667 0.0078125 0.014583333333333334
1 0.66484375 0.12083333333333333 0.0140625 0.020833333333333332
1 0.6515625 0.08645833333333333 0.0125 0.014583333333333334
5 0.759375 0.303125 0.015625 0.01875
5 0.78359375 0.2760416666666667 0.0109375 0.01875
5 0.865625 0.22916666666666666 0.0125 0.0125
5 0.8484375 0.20833333333333334 0.009375 0.016666666666666666
5 0.8546875 0.196875 0.00625 0.010416666666666666
5 0.88515625 0.159375 0.0078125 0.014583333333333334
1 0.8203125 0.26666666666666666 0.025 0.025
1 0.8484375 0.24166666666666667 0.021875 0.020833333333333332
1 0.8671875 0.22291666666666668 0.01875 0.020833333333333332
1 0.890625 0.20104166666666667 0.021875 0.022916666666666665
1 0.909375 0.175 0.021875 0.025
3 0.9375 0.14583333333333334 0.03125 0.05
1 0.9625 0.1125 0.01875 0.020833333333333332
1 0.9734375 0.1 0.009375 0.0125
1 0.98671875 0.08229166666666667 0.0171875 0.01875
1 0.996875 0.09895833333333333 0.00625 0.014583333333333334
1 0.97578125 0.1375 0.0171875 0.03333333333333333
1 0.95703125 0.15833333333333333 0.0203125 0.025
1 0.92890625 0.18854166666666666 0.0171875 0.01875
1 0.90859375 0.21458333333333332 0.0265625 0.029166666666666667
1 0.88671875 0.23645833333333333 0.0203125 0.022916666666666665
1 0.8609375 0.25833333333333336 0.021875 0.016666666666666666
1 0.83359375 0.284375 0.0296875 0.035416666666666666
1 0.84296875 0.3072916666666667 0.0296875 0.035416666666666666
3 0.8765625 0.27395833333333336 0.034375 0.04375
1 0.91171875 0.24479166666666666 0.0203125 0.022916666666666665
3 0.94296875 0.20416666666666666 0.0421875 0.041666666666666664
1 0.97421875 0.17291666666666666 0.0171875 0.020833333333333332
1 0.99140625 0.14895833333333333 0.0171875 0.022916666666666665
1 0.875 0.3125 0.028125 0.029166666666666667
1 0.90859375 0.2791666666666667 0.0234375 0.025
1 0.9265625 0.2552083333333333 0.021875 0.022916666666666665
1 0.94765625 0.23854166666666668 0.0171875 0.01875
1 0.97734375 0.20520833333333333 0.0171875 0.027083333333333334
1 0.9765625 0.17291666666666666 0.0125 0.016666666666666666
1 0.878125 0.3416666666666667 0.028125 0.03333333333333333
1 0.9078125 0.31354166666666666 0.03125 0.03125
1 0.9359375 0.28125 0.025 0.029166666666666667
1 0.959375 0.253125 0.01875 0.01875
1 0.978125 0.23854166666666668 0.015625 0.022916666666666665
1 0.9078125 0.35520833333333335 0.028125 0.035416666666666666
1 0.93203125 0.3260416666666667 0.0296875 0.03125

1 0.97265625 0.303125 0.0359375 0.08125


5 0.6640625 0.190625 0.0125 0.00625
4 0.77109375 0.3125 0.0109375 0.020833333333333332
5 0.63515625 0.019791666666666666 0.0109375 0.014583333333333334
5 0.10859375 0.790625 0.0109375 0.010416666666666666
5 0.475 0.7635416666666667 0.0125 0.03125
4 0.44296875 0.7510416666666667 0.0109375 0.027083333333333334
4 0.3765625 0.46145833333333336 0.009375 0.010416666666666666
4 0.4203125 0.22604166666666667 0.009375 0.014583333333333334
4 0.4125 0.484375 0.00625 0.01875
4 0.41171875 0.47708333333333336 0.0046875 0.0125
4 0.76875 0.13333333333333333 0.00625 0.0125
1 0.4390625 0.265625 0.034375 0.022916666666666665
1 0.434375 0.24479166666666666 0.028125 0.01875
