1 0.53359375 0.13333333333333333 0.0171875 0.03333333333333333
1 0.6296875 0.38333333333333336 0.01875 0.016666666666666666
1 0.61875 0.3020833333333333 0.015625 0.016666666666666666
1 0.575 0.23645833333333333 0.01875 0.027083333333333334
1 0.55859375 0.16979166666666667 0.0171875 0.027083333333333334
1 0.5546875 0.14583333333333334 0.0125 0.016666666666666666
1 0.62109375 0.29375 0.0203125 0.03333333333333333
1 0.5921875 0.221875 0.01875 0.022916666666666665
1 0.59375 0.20416666666666666 0.015625 0.025
1 0.58203125 0.16666666666666666 0.0140625 0.025
3 0.57265625 0.134375 0.0171875 0.035416666666666666
1 0.56328125 0.109375 0.0171875 0.027083333333333334
1 0.3796875 0.08020833333333334 0.03125 0.01875
1 0.38046875 0.07083333333333333 0.0328125 0.016666666666666666
1 0.59921875 0.125 0.0140625 0.020833333333333332
1 0.60078125 0.11770833333333333 0.0109375 0.014583333333333334
1 0.52578125 0.07395833333333333 0.0234375 0.014583333333333334
1 0.528125 0.10520833333333333 0.01875 0.014583333333333334
1 0.771875 0.004166666666666667 0.0125 0.008333333333333333
5 0.6546875 0.115625 0.00625 0.014583333333333334
1 0.6640625 0.12083333333333333 0.0125 0.020833333333333332
1 0.65 0.090625 0.0125 0.014583333333333334
5 0.7609375 0.303125 0.015625 0.01875
5 0.7828125 0.2760416666666667 0.009375 0.01875
5 0.86484375 0.22708333333333333 0.0109375 0.0125
5 0.8484375 0.209375 0.009375 0.01875
5 0.8546875 0.19791666666666666 0.00625 0.008333333333333333
5 0.884375 0.1625 0.009375 0.016666666666666666
1 0.8203125 0.2677083333333333 0.025 0.022916666666666665
1 0.8453125 0.24583333333333332 0.025 0.025
1 0.8671875 0.22291666666666668 0.01875 0.020833333333333332
1 0.89296875 0.20104166666666667 0.0203125 0.022916666666666665
1 0.90859375 0.175 0.0234375 0.025
3 0.9375 0.14583333333333334 0.03125 0.05
1 0.9625 0.1125 0.01875 0.020833333333333332
1 0.9734375 0.1 0.009375 0.0125
1 0.9859375 0.084375 0.01875 0.01875
1 0.996875 0.09895833333333333 0.00625 0.014583333333333334
1 0.97578125 0.1375 0.0171875 0.03333333333333333
1 0.95546875 0.16041666666666668 0.0203125 0.025
1 0.92890625 0.18958333333333333 0.0171875 0.016666666666666666
1 0.90859375 0.21458333333333332 0.0265625 0.029166666666666667
1 0.88671875 0.2375 0.0203125 0.025
1 0.86015625 0.25833333333333336 0.0203125 0.016666666666666666
1 0.83359375 0.284375 0.0296875 0.035416666666666666
1 0.84296875 0.3072916666666667 0.0296875 0.035416666666666666
3 0.8765625 0.27395833333333336 0.03125 0.04375
1 0.9078125 0.25 0.025 0.025
3 0.94296875 0.20520833333333333 0.0421875 0.03958333333333333
1 0.97265625 0.17395833333333333 0.0140625 0.01875
1 0.99140625 0.14895833333333333 0.0171875 0.022916666666666665
1 0.87421875 0.3125 0.0296875 0.029166666666666667
1 0.90859375 0.2791666666666667 0.0234375 0.025
1 0.9265625 0.2552083333333333 0.021875 0.022916666666666665
1 0.94765625 0.23854166666666668 0.0171875 0.01875
1 0.9765625 0.20520833333333333 0.01875 0.027083333333333334
1 0.9765625 0.17395833333333333 0.0125 0.014583333333333334
1 0.878125 0.3416666666666667 0.028125 0.03333333333333333
1 0.9078125 0.31354166666666666 0.03125 0.03125
1 0.9359375 0.28125 0.021875 0.029166666666666667
1 0.9578125 0.25416666666666665 0.01875 0.020833333333333332
1 0.97734375 0.23854166666666668 0.0171875 0.022916666666666665
1 0.90703125 0.35520833333333335 0.0265625 0.035416666666666666
1 0.93125 0.32708333333333334 0.028125 0.03333333333333333

1 0.97109375 0.309375 0.0328125 0.06875


5 0.659375 0.1875 0.009375 0.0125
4 0.77109375 0.31145833333333334 0.0109375 0.01875
5 0.65390625 0.015625 0.0171875 0.00625
5 0.0890625 0.7979166666666667 0.0125 0.0125
5 0.47421875 0.7614583333333333 0.0140625 0.03125
4 0.4421875 0.7510416666666667 0.0125 0.027083333333333334
4 0.3765625 0.46145833333333336 0.009375 0.010416666666666666
4 0.4203125 0.22604166666666667 0.009375 0.014583333333333334
4 0.41171875 0.484375 0.0078125 0.01875
4 0.41171875 0.47708333333333336 0.0046875 0.0125
4 0.7671875 0.13333333333333333 0.00625 0.0125
1 0.4390625 0.265625 0.034375 0.022916666666666665
1 0.4359375 0.24479166666666666 0.028125 0.01875
