1 0.0515625 0.9333333333333333 0.071875 0.0625
1 0.38203125 0.9739583333333334 0.0671875 0.052083333333333336
1 0.4515625 0.9239583333333333 0.053125 0.04375
1 0.23984375 0.990625 0.0484375 0.01875
1 0.31875 0.9572916666666667 0.065625 0.052083333333333336
1 0.40546875 0.909375 0.0578125 0.04791666666666667
1 0.16328125 0.9864583333333333 0.0671875 0.027083333333333334
1 0.2578125 0.94375 0.0625 0.04583333333333333
1 0.33359375 0.8979166666666667 0.0484375 0.041666666666666664
1 0.40625 0.8583333333333333 0.05625 0.041666666666666664
1 0.1203125 0.9760416666666667 0.065625 0.04791666666666667
1 0.2015625 0.928125 0.0625 0.052083333333333336
1 0.28984375 0.8822916666666667 0.0703125 0.052083333333333336
1 0.36875 0.8385416666666666 0.05625 0.04375
1 0.2 0.8229166666666666 0.0625 0.05
1 0.146875 0.7552083333333334 0.05625 0.04791666666666667
1 0.26171875 0.740625 0.0578125 0.04791666666666667
1 0.415625 0.7427083333333333 0.05625 0.04375
1 0.4265625 0.65625 0.059375 0.0375
1 0.52421875 0.68125 0.0515625 0.03333333333333333
1 0.54140625 0.7458333333333333 0.0578125 0.0375
1 0.62421875 0.715625 0.0515625 0.03958333333333333
1 0.70546875 0.73125 0.0515625 0.04583333333333333
1 0.7203125 0.834375 0.053125 0.05625
1 0.82421875 0.7875 0.0578125 0.058333333333333334
1 0.8875 0.8875 0.04375 0.0625
5 0.0359375 0.7666666666666667 0.025 0.025
5 0.27578125 0.615625 0.0234375 0.022916666666666665
4 0.35 0.5604166666666667 0.009375 0.020833333333333332
4 0.36953125 0.55 0.0109375 0.016666666666666666
5 0.40625 0.5416666666666666 0.009375 0.025
5 0.4203125 0.5395833333333333 0.009375 0.025
4 0.39765625 0.53125 0.0078125 0.016666666666666666
4 0.36484375 0.5145833333333333 0.0109375 0.020833333333333332
4 0.3734375 0.5 0.009375 0.0125
5 0.52265625 0.415625 0.0109375 0.027083333333333334
1 0.57265625 0.396875 0.0234375 0.035416666666666666
5 0.5359375 0.41770833333333335 0.009375 0.022916666666666665
5 0.55625 0.41041666666666665 0.009375 0.020833333333333332
5 0.55546875 0.43020833333333336 0.0109375 0.022916666666666665
5 0.5703125 0.43020833333333336 0.0125 0.01875
5 0.59140625 0.38958333333333334 0.0171875 0.020833333333333332
5 0.6140625 0.40208333333333335 0.0125 0.020833333333333332
5 0.61328125 0.3854166666666667 0.0109375 0.016666666666666666
5 0.64375 0.371875 0.009375 0.01875
5 0.61875 0.36666666666666664 0.009375 0.020833333333333332
5 0.6171875 0.34270833333333334 0.0125 0.01875
5 0.5921875 0.3625 0.015625 0.016666666666666666
5 0.56953125 0.36041666666666666 0.0109375 0.016666666666666666
5 0.55390625 0.36875 0.0078125 0.016666666666666666
5 0.53046875 0.35625 0.0078125 0.016666666666666666
5 0.53828125 0.35625 0.0078125 0.016666666666666666
1 0.5265625 0.29270833333333335 0.01875 0.03125
3 0.54609375 0.2552083333333333 0.0296875 0.06458333333333334
1 0.53125 0.215625 0.0125 0.01875
1 0.53046875 0.18645833333333334 0.0140625 0.022916666666666665
3 0.52421875 0.14375 0.0203125 0.04583333333333333
1 0.5171875 0.11354166666666667 0.0125 0.01875
1 0.51328125 0.084375 0.0140625 0.022916666666666665
1 0.50546875 0.057291666666666664 0.0109375 0.014583333333333334
1 0.49453125 0.009375 0.0140625 0.01875
1 0.38203125 0.246875 0.0171875 0.022916666666666665
1 0.3609375 0.24479166666666666 0.015625 0.027083333333333334
1 0.38046875 0.22395833333333334 0.0171875 0.022916666666666665
1 0.36015625 0.221875 0.0203125 0.022916666666666665
1 0.3421875 0.22291666666666668 0.01875 0.025
1 0.32421875 0.22604166666666667 0.0203125 0.022916666666666665
1 0.32421875 0.25416666666666665 0.0203125 0.029166666666666667
1 0.3046875 0.22916666666666666 0.01875 0.025
1 0.284375 0.22395833333333334 0.015625 0.01875
1 0.38984375 0.18333333333333332 0.0171875 0.020833333333333332
1 0.371875 0.1875 0.015625 0.020833333333333332
1 0.33515625 0.18541666666666667 0.0140625 0.020833333333333332
1 0.3171875 0.18854166666666666 0.015625 0.027083333333333334
1 0.303125 0.16770833333333332 0.01875 0.027083333333333334
1 0.490625 0.07395833333333333 0.015625 0.01875
1 0.56484375 0.25416666666666665 0.0171875 0.029166666666666667
1 0.55859375 0.21979166666666666 0.0171875 0.027083333333333334
1 0.5515625 0.18958333333333333 0.015625 0.025
1 0.54453125 0.16041666666666668 0.0171875 0.025
