1 0.04140625 0.9375 0.0640625 0.058333333333333334
1 0.3828125 0.975 0.059375 0.05
1 0.45234375 0.9239583333333333 0.0515625 0.04375
1 0.2421875 0.990625 0.046875 0.01875
1 0.31953125 0.9572916666666667 0.0640625 0.052083333333333336
1 0.40546875 0.909375 0.0546875 0.04791666666666667
1 0.165625 0.9864583333333333 0.065625 0.027083333333333334
1 0.25859375 0.94375 0.0609375 0.04583333333333333
1 0.33359375 0.8979166666666667 0.0484375 0.041666666666666664
1 0.40625 0.859375 0.053125 0.04375
1 0.1203125 0.9760416666666667 0.065625 0.04791666666666667
1 0.20078125 0.9270833333333334 0.0609375 0.05
1 0.290625 0.8822916666666667 0.06875 0.052083333333333336
1 0.36875 0.8395833333333333 0.053125 0.04583333333333333
1 0.19140625 0.8291666666666667 0.0609375 0.05
1 0.13203125 0.7645833333333333 0.0515625 0.04583333333333333
1 0.25078125 0.7447916666666666 0.0546875 0.04375
1 0.409375 0.74375 0.05 0.041666666666666664
1 0.41796875 0.659375 0.0546875 0.035416666666666666
1 0.51796875 0.68125 0.0515625 0.03333333333333333
1 0.5375 0.7458333333333333 0.05625 0.0375
1 0.62109375 0.7145833333333333 0.0515625 0.0375
1 0.70078125 0.7291666666666666 0.0484375 0.04583333333333333
1 0.71875 0.8333333333333334 0.05 0.05416666666666667
1 0.81953125 0.7822916666666667 0.0578125 0.05625
1 0.8828125 0.8770833333333333 0.040625 0.0625
5 0.028125 0.7708333333333334 0.025 0.025
5 0.27890625 0.6145833333333334 0.0234375 0.025
4 0.35078125 0.5583333333333333 0.0078125 0.020833333333333332
4 0.37109375 0.5520833333333334 0.0078125 0.016666666666666666
5 0.4078125 0.54375 0.009375 0.025
5 0.4203125 0.540625 0.009375 0.027083333333333334
4 0.39921875 0.5322916666666667 0.0078125 0.014583333333333334
4 0.36640625 0.5114583333333333 0.0078125 0.01875
4 0.37578125 0.5 0.0109375 0.0125
5 0.521875 0.4166666666666667 0.009375 0.025
1 0.5734375 0.39791666666666664 0.021875 0.03333333333333333
5 0.5359375 0.41770833333333335 0.00625 0.01875
5 0.55703125 0.41041666666666665 0.0078125 0.020833333333333332
5 0.55703125 0.43020833333333336 0.0109375 0.022916666666666665
5 0.56953125 0.43125 0.0109375 0.020833333333333332
5 0.590625 0.390625 0.015625 0.01875
5 0.61640625 0.403125 0.0140625 0.01875
5 0.6140625 0.3875 0.009375 0.016666666666666666
5 0.64453125 0.37083333333333335 0.0078125 0.016666666666666666
5 0.61875 0.36666666666666664 0.009375 0.020833333333333332
5 0.6171875 0.34479166666666666 0.0125 0.01875
5 0.59296875 0.3625 0.0140625 0.016666666666666666
5 0.5703125 0.3614583333333333 0.009375 0.014583333333333334
5 0.553125 0.36875 0.00625 0.0125
5 0.53125 0.35520833333333335 0.00625 0.014583333333333334
5 0.5390625 0.35625 0.00625 0.016666666666666666
1 0.52734375 0.2947916666666667 0.0203125 0.03125
3 0.546875 0.25625 0.028125 0.0625
1 0.53046875 0.215625 0.0140625 0.01875
1 0.53203125 0.1875 0.0140625 0.025
3 0.525 0.14375 0.021875 0.04583333333333333
1 0.5171875 0.11354166666666667 0.0125 0.01875
1 0.51328125 0.08645833333333333 0.0140625 0.022916666666666665
1 0.50625 0.05625 0.009375 0.0125
1 0.49375 0.011458333333333333 0.0125 0.01875
1 0.3828125 0.24791666666666667 0.015625 0.020833333333333332
1 0.3625 0.24479166666666666 0.015625 0.027083333333333334
1 0.38046875 0.225 0.0171875 0.025
1 0.36171875 0.22291666666666668 0.0171875 0.020833333333333332
1 0.34375 0.221875 0.015625 0.022916666666666665
1 0.3234375 0.228125 0.015625 0.022916666666666665
1 0.32265625 0.25729166666666664 0.0171875 0.03125
1 0.30234375 0.23020833333333332 0.0203125 0.022916666666666665
1 0.284375 0.225 0.015625 0.016666666666666666
1 0.390625 0.18333333333333332 0.015625 0.020833333333333332
1 0.3734375 0.1875 0.015625 0.020833333333333332
1 0.3359375 0.18541666666666667 0.0125 0.020833333333333332
1 0.31796875 0.18958333333333333 0.0171875 0.029166666666666667
1 0.3046875 0.16770833333333332 0.01875 0.027083333333333334
1 0.49296875 0.07604166666666666 0.0140625 0.01875
1 0.565625 0.25416666666666665 0.015625 0.029166666666666667
1 0.56015625 0.22083333333333333 0.0171875 0.029166666666666667
1 0.5515625 0.19166666666666668 0.015625 0.025
1 0.54609375 0.16145833333333334 0.0140625 0.022916666666666665
