
1 0.38125 0.975 0.059375 0.05
1 0.45078125 0.925 0.0515625 0.041666666666666664
1 0.2421875 0.9916666666666667 0.04375 0.016666666666666666
1 0.31875 0.9572916666666667 0.065625 0.052083333333333336
1 0.4046875 0.9104166666666667 0.05625 0.05
1 0.16875 0.9854166666666667 0.065625 0.029166666666666667
1 0.2578125 0.9458333333333333 0.0625 0.04583333333333333
1 0.33359375 0.8989583333333333 0.0484375 0.03958333333333333
1 0.40546875 0.859375 0.0546875 0.04375
1 0.11875 0.9770833333333333 0.065625 0.04583333333333333
1 0.2015625 0.9291666666666667 0.0625 0.05
1 0.2890625 0.8822916666666667 0.06875 0.052083333333333336
1 0.3671875 0.8395833333333333 0.053125 0.04583333333333333
1 0.10390625 0.8760416666666667 0.0640625 0.05625
1 0.0140625 0.828125 0.028125 0.04791666666666667
1 0.16484375 0.7895833333333333 0.0578125 0.05
1 0.34765625 0.7666666666666667 0.0515625 0.04583333333333333
1 0.35 0.6739583333333333 0.053125 0.03958333333333333
1 0.45390625 0.6833333333333333 0.0515625 0.03333333333333333
1 0.4875 0.7395833333333334 0.053125 0.0375
1 0.575 0.6979166666666666 0.05625 0.0375
1 0.65234375 0.696875 0.0515625 0.04791666666666667
1 0.6890625 0.8083333333333333 0.05 0.05416666666666667
1 0.75390625 0.721875 0.0546875 0.052083333333333336
1 0.846875 0.8010416666666667 0.040625 0.06875

5 0.30546875 0.6020833333333333 0.0234375 0.020833333333333332
4 0.34921875 0.5583333333333333 0.0078125 0.020833333333333332
4 0.36953125 0.55 0.0078125 0.016666666666666666
5 0.40625 0.54375 0.009375 0.025
5 0.41953125 0.5416666666666666 0.0109375 0.025
4 0.39609375 0.5291666666666667 0.0078125 0.016666666666666666
4 0.365625 0.5104166666666666 0.009375 0.029166666666666667
4 0.3734375 0.4979166666666667 0.0125 0.016666666666666666
5 0.5203125 0.41770833333333335 0.009375 0.027083333333333334
1 0.5734375 0.39791666666666664 0.021875 0.03333333333333333
5 0.534375 0.4166666666666667 0.00625 0.016666666666666666
5 0.5546875 0.4114583333333333 0.009375 0.01875
5 0.55390625 0.43125 0.0109375 0.025
5 0.57109375 0.434375 0.0140625 0.01875
5 0.590625 0.3927083333333333 0.015625 0.01875
5 0.61640625 0.403125 0.0109375 0.01875
5 0.6125 0.384375 0.009375 0.014583333333333334
5 0.64296875 0.371875 0.0078125 0.01875
5 0.61875 0.3645833333333333 0.009375 0.016666666666666666
5 0.61640625 0.34375 0.0109375 0.016666666666666666
5 0.61171875 0.36354166666666665 0.0109375 0.014583333333333334
5 0.56875 0.359375 0.00625 0.014583333333333334
5 0.55234375 0.3697916666666667 0.0046875 0.014583333333333334
5 0.53125 0.35625 0.00625 0.016666666666666666
5 0.5375 0.35625 0.00625 0.016666666666666666
1 0.5328125 0.315625 0.025 0.03125
3 0.54453125 0.25729166666666664 0.0265625 0.06458333333333334
1 0.52890625 0.21770833333333334 0.0140625 0.01875
1 0.52890625 0.18958333333333333 0.0171875 0.025
3 0.52421875 0.14270833333333333 0.0203125 0.04791666666666667
1 0.51640625 0.11458333333333333 0.0109375 0.016666666666666666
1 0.51171875 0.09166666666666666 0.0140625 0.029166666666666667
1 0.50390625 0.06145833333333333 0.0078125 0.00625
1 0.4921875 0.027083333333333334 0.0125 0.020833333333333332
1 0.38046875 0.24895833333333334 0.0171875 0.01875
1 0.36328125 0.24791666666666667 0.0171875 0.029166666666666667
1 0.3796875 0.22291666666666668 0.015625 0.020833333333333332
1 0.36171875 0.22395833333333334 0.0171875 0.022916666666666665
1 0.340625 0.22291666666666668 0.015625 0.025
1 0.32265625 0.22604166666666667 0.0140625 0.01875
1 0.32265625 0.25729166666666664 0.0171875 0.03125
1 0.30078125 0.23020833333333332 0.0203125 0.022916666666666665
1 0.28359375 0.225 0.0140625 0.016666666666666666
1 0.38828125 0.184375 0.0171875 0.01875
1 0.3734375 0.1875 0.015625 0.020833333333333332
1 0.33359375 0.18645833333333334 0.0140625 0.01875
1 0.315625 0.18958333333333333 0.015625 0.029166666666666667
1 0.30390625 0.16770833333333332 0.0171875 0.027083333333333334
1 0.490625 0.07083333333333333 0.01875 0.016666666666666666
1 0.5640625 0.2552083333333333 0.015625 0.027083333333333334
1 0.55703125 0.22083333333333333 0.0171875 0.029166666666666667
1 0.55078125 0.190625 0.0140625 0.022916666666666665
1 0.54296875 0.1625 0.0171875 0.025
