
1 0.37421875 0.975 0.0609375 0.05
1 0.44375 0.925 0.053125 0.041666666666666664
1 0.23203125 0.990625 0.0484375 0.01875
1 0.3109375 0.9572916666666667 0.0625 0.052083333333333336
1 0.39765625 0.9114583333333334 0.0546875 0.04791666666666667
1 0.16171875 0.9854166666666667 0.0671875 0.029166666666666667
1 0.25 0.9447916666666667 0.059375 0.04375
1 0.32578125 0.8989583333333333 0.0484375 0.03958333333333333
1 0.39921875 0.859375 0.0546875 0.03958333333333333
1 0.11171875 0.9760416666666667 0.0671875 0.04791666666666667
1 0.19296875 0.9270833333333334 0.0609375 0.05
1 0.28203125 0.8833333333333333 0.0703125 0.05
1 0.35859375 0.8385416666666666 0.0546875 0.04375

1 0.17890625 0.840625 0.0828125 0.22291666666666668

1 0.29296875 0.7552083333333334 0.0578125 0.03958333333333333
1 0.15859375 0.7458333333333333 0.0421875 0.04583333333333333
1 0.45234375 0.7083333333333334 0.0515625 0.029166666666666667
1 0.45234375 0.7145833333333333 0.0546875 0.041666666666666664
1 0.4515625 0.7125 0.053125 0.0375
1 0.453125 0.7125 0.053125 0.0375
1 0.4546875 0.7104166666666667 0.040625 0.029166666666666667
1 0.83515625 0.7864583333333334 0.0609375 0.04791666666666667
1 0.9328125 0.7427083333333333 0.025 0.04375

5 0.44453125 0.6229166666666667 0.0140625 0.025
4 0.3671875 0.565625 0.009375 0.022916666666666665
4 0.37109375 0.5833333333333334 0.0140625 0.025
5 0.42578125 0.5989583333333334 0.0078125 0.01875
5 0.45625 0.63125 0.009375 0.020833333333333332
4 0.42734375 0.5947916666666667 0.0109375 0.01875
4 0.3640625 0.5083333333333333 0.009375 0.020833333333333332
4 0.36640625 0.503125 0.0109375 0.014583333333333334
5 0.52890625 0.5333333333333333 0.0234375 0.1125
1 0.596875 0.5125 0.021875 0.041666666666666664
5 0.53984375 0.4791666666666667 0.0109375 0.025
5 0.5859375 0.5020833333333333 0.00625 0.008333333333333333
5 0.57265625 0.5354166666666667 0.0109375 0.020833333333333332
5 0.709375 0.9229166666666667 0.009375 0.020833333333333332
5 0.62109375 0.48854166666666665 0.0109375 0.022916666666666665
5 0.72734375 0.8885416666666667 0.0109375 0.010416666666666666
5 0.64140625 0.503125 0.0078125 0.00625
5 0.64140625 0.5072916666666667 0.0078125 0.014583333333333334
5 0.75078125 0.45416666666666666 0.0078125 0.0125
5 0.73828125 0.4708333333333333 0.0296875 0.041666666666666664
5 0.65703125 0.38645833333333335 0.0140625 0.022916666666666665
5 0.62109375 0.4864583333333333 0.0078125 0.014583333333333334
5 0.5328125 0.40729166666666666 0.0125 0.010416666666666666
5 0.528125 0.4166666666666667 0.01875 0.025
5 0.5265625 0.425 0.021875 0.041666666666666664
1 0.5265625 0.4239583333333333 0.021875 0.035416666666666666
3 0.57109375 0.3645833333333333 0.0390625 0.07916666666666666
1 0.5390625 0.28229166666666666 0.0125 0.01875
1 0.52890625 0.29375 0.0203125 0.025
3 0.5203125 0.15520833333333334 0.021875 0.052083333333333336
1 0.5109375 0.11666666666666667 0.0125 0.016666666666666666
1 0.53046875 0.103125 0.0109375 0.014583333333333334
1 0.52265625 0.0875 0.0140625 0.041666666666666664
1 0.525 0.057291666666666664 0.0125 0.010416666666666666
1 0.37890625 0.24895833333333334 0.0140625 0.01875
1 0.35546875 0.25104166666666666 0.0171875 0.035416666666666666
1 0.37421875 0.22604166666666667 0.0171875 0.022916666666666665
1 0.353125 0.22395833333333334 0.015625 0.01875
1 0.3359375 0.221875 0.0125 0.022916666666666665
1 0.31796875 0.22604166666666667 0.0140625 0.01875
1 0.31875 0.25416666666666665 0.015625 0.029166666666666667
1 0.29765625 0.23125 0.0203125 0.020833333333333332
1 0.278125 0.225 0.015625 0.016666666666666666
1 0.38359375 0.184375 0.0140625 0.01875
1 0.36640625 0.18958333333333333 0.0140625 0.020833333333333332
1 0.33203125 0.1875 0.0140625 0.020833333333333332
1 0.31328125 0.19166666666666668 0.0171875 0.029166666666666667
1 0.29921875 0.17083333333333334 0.0234375 0.029166666666666667
1 0.48984375 0.071875 0.0171875 0.014583333333333334
1 0.59765625 0.334375 0.0140625 0.027083333333333334
1 0.565625 0.3 0.021875 0.0375
1 0.5546875 0.26145833333333335 0.0125 0.03125
1 0.54375 0.19375 0.01875 0.029166666666666667
