
1 0.37421875 0.975 0.0609375 0.05
1 0.44453125 0.925 0.0546875 0.041666666666666664
1 0.23203125 0.990625 0.0484375 0.01875
1 0.3109375 0.9572916666666667 0.0625 0.052083333333333336
1 0.39765625 0.9104166666666667 0.0546875 0.05
1 0.16171875 0.9854166666666667 0.0671875 0.029166666666666667
1 0.25 0.9447916666666667 0.059375 0.04375
1 0.32578125 0.8989583333333333 0.0484375 0.03958333333333333
1 0.39921875 0.859375 0.0546875 0.03958333333333333
1 0.11171875 0.9760416666666667 0.0671875 0.04791666666666667
1 0.19296875 0.9270833333333334 0.0609375 0.05
1 0.28125 0.8833333333333333 0.06875 0.05
1 0.35859375 0.8385416666666666 0.0546875 0.04375

1 0.178125 0.8416666666666667 0.08125 0.22083333333333333

1 0.15078125 0.7552083333333334 0.0421875 0.04791666666666667
1 0.1546875 0.7479166666666667 0.05 0.041666666666666664
1 0.44453125 0.709375 0.0515625 0.03125
1 0.44609375 0.7145833333333333 0.0546875 0.041666666666666664
1 0.4453125 0.7145833333333333 0.053125 0.0375
1 0.44609375 0.7145833333333333 0.0546875 0.0375
1 0.43984375 0.7104166666666667 0.0421875 0.029166666666666667
1 0.83359375 0.7875 0.0640625 0.05
1 0.9296875 0.7364583333333333 0.034375 0.04791666666666667

5 0.4453125 0.6239583333333333 0.0125 0.022916666666666665
4 0.36875 0.565625 0.009375 0.022916666666666665
4 0.371875 0.584375 0.0125 0.027083333333333334
5 0.428125 0.596875 0.009375 0.01875
5 0.4578125 0.6364583333333333 0.009375 0.022916666666666665
4 0.428125 0.5958333333333333 0.009375 0.016666666666666666
4 0.36484375 0.5083333333333333 0.0078125 0.020833333333333332
4 0.36640625 0.503125 0.0109375 0.014583333333333334
5 0.528125 0.4864583333333333 0.0125 0.01875
1 0.5953125 0.515625 0.021875 0.03958333333333333
5 0.5390625 0.484375 0.0125 0.022916666666666665
5 0.58671875 0.5052083333333334 0.0046875 0.010416666666666666
5 0.5765625 0.5385416666666667 0.009375 0.01875
5 0.7109375 0.9375 0.0125 0.020833333333333332
5 0.621875 0.490625 0.009375 0.01875
5 0.73203125 0.90625 0.0140625 0.0125
5 0.64140625 0.50625 0.0078125 0.008333333333333333
5 0.640625 0.5125 0.009375 0.016666666666666666
5 0.75546875 0.45625 0.0078125 0.0125
5 0.74765625 0.4708333333333333 0.0234375 0.03333333333333333
5 0.66015625 0.38645833333333335 0.0140625 0.022916666666666665
5 0.621875 0.4895833333333333 0.00625 0.016666666666666666
5 0.53046875 0.4125 0.0140625 0.008333333333333333
5 0.52734375 0.4197916666666667 0.0171875 0.022916666666666665
5 0.5234375 0.42916666666666664 0.021875 0.0375
1 0.525 0.428125 0.021875 0.035416666666666666
3 0.571875 0.36875 0.040625 0.07916666666666666
1 0.5390625 0.284375 0.0125 0.01875
1 0.528125 0.2916666666666667 0.021875 0.025
3 0.5203125 0.15520833333333334 0.021875 0.052083333333333336
1 0.5109375 0.11666666666666667 0.0125 0.016666666666666666
1 0.53046875 0.10416666666666667 0.0109375 0.0125
1 0.52265625 0.07395833333333333 0.0140625 0.014583333333333334
1 0.525 0.057291666666666664 0.009375 0.010416666666666666
1 0.37890625 0.25 0.0140625 0.020833333333333332
1 0.3546875 0.24895833333333334 0.01875 0.03125
1 0.37421875 0.22604166666666667 0.0171875 0.022916666666666665
1 0.353125 0.22395833333333334 0.015625 0.01875
1 0.3359375 0.221875 0.0125 0.022916666666666665
1 0.31796875 0.22604166666666667 0.0140625 0.01875
1 0.31875 0.25416666666666665 0.015625 0.029166666666666667
1 0.29765625 0.23125 0.0203125 0.020833333333333332
1 0.27734375 0.225 0.0140625 0.016666666666666666
1 0.38359375 0.184375 0.0140625 0.01875
1 0.36640625 0.18958333333333333 0.0140625 0.020833333333333332
1 0.33203125 0.1875 0.0140625 0.020833333333333332
1 0.31328125 0.19166666666666668 0.0171875 0.029166666666666667
1 0.29921875 0.17083333333333334 0.0234375 0.029166666666666667
1 0.48671875 0.071875 0.0171875 0.014583333333333334
1 0.59921875 0.3375 0.0140625 0.029166666666666667
1 0.56484375 0.303125 0.0234375 0.03958333333333333
1 0.55546875 0.26145833333333335 0.0140625 0.03125
1 0.54375 0.19479166666666667 0.01875 0.027083333333333334
