
1 0.3734375 0.975 0.0625 0.05
1 0.44375 0.925 0.053125 0.041666666666666664
1 0.23203125 0.990625 0.0484375 0.01875
1 0.3109375 0.9572916666666667 0.0625 0.052083333333333336
1 0.39765625 0.9114583333333334 0.0546875 0.04791666666666667
1 0.16171875 0.9854166666666667 0.0671875 0.029166666666666667
1 0.25 0.94375 0.059375 0.04583333333333333
1 0.32578125 0.8989583333333333 0.0484375 0.03958333333333333
1 0.39921875 0.859375 0.0546875 0.03958333333333333
1 0.1109375 0.9760416666666667 0.065625 0.04791666666666667
1 0.19296875 0.9270833333333334 0.0609375 0.05
1 0.28203125 0.8822916666666667 0.0703125 0.052083333333333336
1 0.359375 0.8385416666666666 0.05625 0.04375

1 0.17421875 0.8427083333333333 0.0921875 0.21875

1 0.14921875 0.759375 0.0578125 0.05625
1 0.15 0.75625 0.05625 0.05
1 0.43984375 0.7104166666666667 0.0515625 0.029166666666666667
1 0.440625 0.7166666666666667 0.053125 0.041666666666666664
1 0.43984375 0.7145833333333333 0.0515625 0.0375
1 0.44140625 0.715625 0.0515625 0.03958333333333333
1 0.43828125 0.7104166666666667 0.0453125 0.029166666666666667
1 0.83359375 0.7875 0.0640625 0.05
1 0.9296875 0.7291666666666666 0.03125 0.05

5 0.44609375 0.6260416666666667 0.0140625 0.022916666666666665
4 0.36953125 0.56875 0.0109375 0.020833333333333332
4 0.37265625 0.5822916666666667 0.0140625 0.027083333333333334
5 0.42890625 0.596875 0.0078125 0.01875
5 0.45703125 0.6354166666666666 0.0109375 0.025
4 0.42890625 0.5947916666666667 0.0078125 0.014583333333333334
4 0.3640625 0.5083333333333333 0.009375 0.020833333333333332
4 0.36640625 0.503125 0.0109375 0.014583333333333334
5 0.53046875 0.5302083333333333 0.0234375 0.10208333333333333
1 0.596875 0.51875 0.021875 0.0375
5 0.53828125 0.48854166666666665 0.0109375 0.022916666666666665
5 0.58828125 0.509375 0.0046875 0.010416666666666666
5 0.57578125 0.54375 0.0109375 0.020833333333333332
5 0.71640625 0.9427083333333334 0.0109375 0.01875
5 0.621875 0.49375 0.009375 0.020833333333333332
5 0.7359375 0.9145833333333333 0.009375 0.008333333333333333
5 0.64140625 0.5083333333333333 0.0078125 0.008333333333333333
5 0.64140625 0.515625 0.0078125 0.01875
5 0.75546875 0.45625 0.0078125 0.0125
5 0.74765625 0.4708333333333333 0.0234375 0.03333333333333333
5 0.66015625 0.38645833333333335 0.0140625 0.022916666666666665
5 0.6234375 0.49270833333333336 0.00625 0.014583333333333334
5 0.528125 0.42083333333333334 0.015625 0.016666666666666666
5 0.5265625 0.42916666666666664 0.01875 0.03333333333333333
5 0.52265625 0.434375 0.0234375 0.04375
1 0.52578125 0.43020833333333336 0.0203125 0.035416666666666666
3 0.571875 0.3697916666666667 0.040625 0.08125
1 0.5390625 0.2864583333333333 0.0125 0.01875
1 0.528125 0.2916666666666667 0.021875 0.025
3 0.5203125 0.15520833333333334 0.021875 0.052083333333333336
1 0.5109375 0.11666666666666667 0.0125 0.016666666666666666
1 0.53046875 0.10520833333333333 0.0109375 0.014583333333333334
1 0.52265625 0.07291666666666667 0.0140625 0.0125
1 0.525 0.057291666666666664 0.0125 0.010416666666666666
1 0.37890625 0.24895833333333334 0.0140625 0.01875
1 0.3546875 0.24895833333333334 0.01875 0.03125
1 0.37421875 0.22604166666666667 0.0171875 0.022916666666666665
1 0.353125 0.22395833333333334 0.015625 0.01875
1 0.3359375 0.221875 0.0125 0.022916666666666665
1 0.31796875 0.22604166666666667 0.0140625 0.01875
1 0.31875 0.253125 0.015625 0.03125
1 0.29765625 0.23125 0.0203125 0.020833333333333332
1 0.27890625 0.225 0.0140625 0.016666666666666666
1 0.38359375 0.18541666666666667 0.0140625 0.016666666666666666
1 0.36640625 0.18958333333333333 0.0140625 0.020833333333333332
1 0.33203125 0.1875 0.0140625 0.020833333333333332
1 0.31328125 0.19166666666666668 0.0171875 0.029166666666666667
1 0.29921875 0.17083333333333334 0.0234375 0.029166666666666667
1 0.4859375 0.07083333333333333 0.015625 0.0125
1 0.60078125 0.33958333333333335 0.0140625 0.029166666666666667
1 0.56953125 0.3020833333333333 0.0171875 0.03333333333333333
1 0.55546875 0.259375 0.0140625 0.03958333333333333
1 0.54453125 0.19479166666666667 0.0203125 0.027083333333333334
