
1 0.37265625 0.975 0.0609375 0.05
1 0.44375 0.925 0.053125 0.041666666666666664
1 0.23203125 0.990625 0.0484375 0.01875
1 0.3109375 0.9572916666666667 0.0625 0.052083333333333336
1 0.396875 0.9114583333333334 0.05625 0.04791666666666667
1 0.16171875 0.9854166666666667 0.0671875 0.029166666666666667
1 0.25 0.9447916666666667 0.059375 0.04375
1 0.32578125 0.8989583333333333 0.0484375 0.03958333333333333
1 0.39921875 0.859375 0.0546875 0.03958333333333333
1 0.11171875 0.975 0.0671875 0.05
1 0.19296875 0.9270833333333334 0.0609375 0.05
1 0.28203125 0.8822916666666667 0.0703125 0.052083333333333336
1 0.359375 0.8385416666666666 0.05625 0.04375

1 0.17265625 0.8458333333333333 0.0953125 0.2125

1 0.146875 0.7635416666666667 0.05 0.05625
1 0.1390625 0.759375 0.05 0.04791666666666667
1 0.43359375 0.7114583333333333 0.0515625 0.03125
1 0.4328125 0.7197916666666667 0.053125 0.04375
1 0.43125 0.71875 0.053125 0.0375
1 0.43359375 0.7166666666666667 0.0515625 0.0375
1 0.4328125 0.7166666666666667 0.046875 0.03333333333333333
1 0.83359375 0.7875 0.0640625 0.05
1 0.9296875 0.721875 0.03125 0.04791666666666667

5 0.44765625 0.628125 0.0140625 0.022916666666666665
4 0.37265625 0.5697916666666667 0.0109375 0.01875
4 0.3703125 0.5822916666666667 0.015625 0.027083333333333334
5 0.42890625 0.5979166666666667 0.0078125 0.016666666666666666
5 0.4578125 0.6385416666666667 0.009375 0.027083333333333334
4 0.42890625 0.6 0.0078125 0.016666666666666666
4 0.36484375 0.5083333333333333 0.0078125 0.020833333333333332
4 0.36640625 0.503125 0.0109375 0.014583333333333334
5 0.534375 0.5364583333333334 0.021875 0.10208333333333333
1 0.5984375 0.5229166666666667 0.021875 0.0375
5 0.5390625 0.49270833333333336 0.0125 0.022916666666666665
5 0.5890625 0.5145833333333333 0.00625 0.008333333333333333
5 0.575 0.5479166666666667 0.0125 0.020833333333333332
5 0.72109375 0.9552083333333333 0.0078125 0.01875
5 0.6234375 0.49895833333333334 0.009375 0.01875
5 0.7390625 0.9291666666666667 0.009375 0.008333333333333333
5 0.6421875 0.5145833333333333 0.009375 0.008333333333333333
5 0.64296875 0.51875 0.0078125 0.016666666666666666
5 0.759375 0.459375 0.009375 0.010416666666666666
5 0.7484375 0.47291666666666665 0.025 0.029166666666666667
5 0.65859375 0.38645833333333335 0.0109375 0.022916666666666665
5 0.6234375 0.49583333333333335 0.00625 0.0125
5 0.52578125 0.428125 0.0171875 0.022916666666666665
5 0.52734375 0.425 0.0171875 0.020833333333333332
5 0.5203125 0.4395833333333333 0.025 0.041666666666666664
1 0.52265625 0.4354166666666667 0.0234375 0.0375
3 0.571875 0.3729166666666667 0.04375 0.07916666666666666
1 0.5390625 0.290625 0.0125 0.022916666666666665
1 0.52734375 0.2947916666666667 0.0203125 0.03125
3 0.52109375 0.15520833333333334 0.0234375 0.052083333333333336
1 0.51171875 0.115625 0.0140625 0.01875
1 0.53125 0.10520833333333333 0.0125 0.014583333333333334
1 0.521875 0.071875 0.015625 0.014583333333333334
1 0.52421875 0.057291666666666664 0.0109375 0.010416666666666666
1 0.37890625 0.24895833333333334 0.0140625 0.01875
1 0.3546875 0.24895833333333334 0.01875 0.03125
1 0.37421875 0.22604166666666667 0.0171875 0.022916666666666665
1 0.353125 0.22395833333333334 0.015625 0.01875
1 0.3359375 0.221875 0.0125 0.022916666666666665
1 0.31796875 0.22604166666666667 0.0140625 0.01875
1 0.31875 0.25416666666666665 0.015625 0.029166666666666667
1 0.29765625 0.23125 0.0203125 0.020833333333333332
1 0.27890625 0.225 0.0140625 0.016666666666666666
1 0.38359375 0.184375 0.0140625 0.01875
1 0.36640625 0.18958333333333333 0.0140625 0.020833333333333332
1 0.33203125 0.1875 0.0140625 0.020833333333333332
1 0.31328125 0.19166666666666668 0.0171875 0.029166666666666667
1 0.2984375 0.17083333333333334 0.025 0.029166666666666667
1 0.4828125 0.07083333333333333 0.015625 0.0125
1 0.60078125 0.34270833333333334 0.0140625 0.03125
1 0.56953125 0.30416666666666664 0.0171875 0.03333333333333333
1 0.55546875 0.259375 0.0140625 0.03958333333333333
1 0.54453125 0.19791666666666666 0.0203125 0.029166666666666667
