
1 0.3734375 0.975 0.0625 0.05
1 0.44375 0.925 0.053125 0.041666666666666664
1 0.23203125 0.990625 0.0484375 0.01875
1 0.3109375 0.9572916666666667 0.0625 0.052083333333333336
1 0.396875 0.9114583333333334 0.05625 0.04791666666666667
1 0.16171875 0.9854166666666667 0.0671875 0.029166666666666667
1 0.25 0.9447916666666667 0.059375 0.04375
1 0.32578125 0.8989583333333333 0.0484375 0.03958333333333333
1 0.39921875 0.859375 0.0546875 0.03958333333333333
1 0.11171875 0.975 0.0671875 0.05
1 0.1921875 0.9270833333333334 0.0625 0.05
1 0.28203125 0.8833333333333333 0.0703125 0.05
1 0.359375 0.8385416666666666 0.05625 0.04375

1 0.1734375 0.8489583333333334 0.096875 0.20625

1 0.140625 0.7708333333333334 0.053125 0.058333333333333334
1 0.1375 0.7677083333333333 0.053125 0.05625
1 0.42890625 0.71875 0.0515625 0.0375
1 0.42734375 0.7208333333333333 0.0515625 0.04583333333333333
1 0.4265625 0.71875 0.05 0.0375
1 0.42890625 0.7177083333333333 0.0484375 0.035416666666666666
1 0.42421875 0.7166666666666667 0.0421875 0.03333333333333333
1 0.82890625 0.7885416666666667 0.0453125 0.04791666666666667
1 0.92890625 0.7145833333333333 0.0328125 0.04583333333333333

5 0.4484375 0.628125 0.015625 0.022916666666666665
4 0.37421875 0.571875 0.0109375 0.01875
4 0.3734375 0.5854166666666667 0.0125 0.029166666666666667
5 0.43125 0.6010416666666667 0.009375 0.01875
5 0.4578125 0.6395833333333333 0.009375 0.029166666666666667
4 0.43125 0.6041666666666666 0.009375 0.016666666666666666
4 0.36484375 0.5083333333333333 0.0078125 0.020833333333333332
4 0.365625 0.503125 0.009375 0.014583333333333334
5 0.53515625 0.5427083333333333 0.0203125 0.10625
1 0.5984375 0.5270833333333333 0.021875 0.0375
5 0.53828125 0.4979166666666667 0.0140625 0.016666666666666666
5 0.58984375 0.5177083333333333 0.0046875 0.010416666666666666
5 0.57734375 0.5520833333333334 0.0109375 0.020833333333333332
5 0.7234375 0.9635416666666666 0.009375 0.01875
5 0.62421875 0.5010416666666667 0.0109375 0.01875
5 0.7421875 0.9385416666666667 0.009375 0.010416666666666666
5 0.64296875 0.515625 0.0078125 0.00625
5 0.64296875 0.521875 0.0078125 0.01875
5 0.76171875 0.46041666666666664 0.0078125 0.0125
5 0.746875 0.4739583333333333 0.021875 0.027083333333333334
5 0.65859375 0.38645833333333335 0.0109375 0.022916666666666665
5 0.6234375 0.49895833333333334 0.00625 0.010416666666666666
5 0.5265625 0.4239583333333333 0.015625 0.010416666666666666
5 0.52578125 0.428125 0.0171875 0.01875
5 0.5171875 0.440625 0.025 0.04375
1 0.5203125 0.4375 0.021875 0.0375
3 0.571875 0.375 0.04375 0.08333333333333333
1 0.5390625 0.28854166666666664 0.0125 0.01875
1 0.5390625 0.29583333333333334 0.0125 0.025
3 0.5203125 0.15625 0.021875 0.05416666666666667
1 0.5109375 0.11666666666666667 0.0125 0.016666666666666666
1 0.53046875 0.10520833333333333 0.0109375 0.014583333333333334
1 0.525 0.07083333333333333 0.0125 0.016666666666666666
1 0.525 0.057291666666666664 0.009375 0.010416666666666666
1 0.37890625 0.24895833333333334 0.0140625 0.01875
1 0.35546875 0.2520833333333333 0.0171875 0.03333333333333333
1 0.37421875 0.22604166666666667 0.0171875 0.022916666666666665
1 0.353125 0.22395833333333334 0.015625 0.01875
1 0.3359375 0.22291666666666668 0.0125 0.020833333333333332
1 0.31796875 0.22604166666666667 0.0140625 0.01875
1 0.31875 0.25416666666666665 0.015625 0.029166666666666667
1 0.29765625 0.23125 0.0203125 0.020833333333333332
1 0.278125 0.225 0.015625 0.016666666666666666
1 0.38359375 0.18541666666666667 0.0140625 0.020833333333333332
1 0.36640625 0.18958333333333333 0.0140625 0.020833333333333332
1 0.33203125 0.1875 0.0140625 0.020833333333333332
1 0.31328125 0.19166666666666668 0.0171875 0.029166666666666667
1 0.2984375 0.17083333333333334 0.025 0.029166666666666667
1 0.48203125 0.07395833333333333 0.0203125 0.01875
1 0.60078125 0.34479166666666666 0.0140625 0.027083333333333334
1 0.56796875 0.30833333333333335 0.0171875 0.0375
1 0.55546875 0.2604166666666667 0.0140625 0.041666666666666664
1 0.5453125 0.2 0.01875 0.029166666666666667
