
1 0.37265625 0.975 0.0609375 0.05
1 0.44375 0.925 0.053125 0.041666666666666664
1 0.23203125 0.990625 0.0484375 0.01875
1 0.3109375 0.9572916666666667 0.0625 0.052083333333333336
1 0.396875 0.9114583333333334 0.05625 0.04791666666666667
1 0.16171875 0.9854166666666667 0.0671875 0.029166666666666667
1 0.25 0.9447916666666667 0.059375 0.04375
1 0.32578125 0.8989583333333333 0.0484375 0.03958333333333333
1 0.39921875 0.859375 0.0546875 0.03958333333333333
1 0.11171875 0.975 0.0671875 0.05
1 0.1921875 0.9270833333333334 0.0625 0.05
1 0.28203125 0.8822916666666667 0.0703125 0.052083333333333336
1 0.359375 0.8385416666666666 0.05625 0.04375

1 0.17265625 0.85 0.0984375 0.20416666666666666

1 0.13828125 0.7739583333333333 0.0484375 0.052083333333333336
1 0.13828125 0.7697916666666667 0.0484375 0.052083333333333336
1 0.4203125 0.721875 0.053125 0.04375
1 0.4203125 0.7239583333333334 0.053125 0.04791666666666667
1 0.4203125 0.721875 0.053125 0.03958333333333333
1 0.421875 0.721875 0.053125 0.03958333333333333
1 0.41875 0.7177083333333333 0.05 0.035416666666666666
1 0.82890625 0.7895833333333333 0.0453125 0.04583333333333333
1 0.92890625 0.7072916666666667 0.0328125 0.04375

5 0.4515625 0.63125 0.015625 0.020833333333333332
4 0.37578125 0.571875 0.0109375 0.01875
4 0.3734375 0.5854166666666667 0.0125 0.029166666666666667
5 0.43203125 0.6 0.0078125 0.016666666666666666
5 0.45546875 0.6364583333333333 0.0078125 0.022916666666666665
4 0.43125 0.6041666666666666 0.009375 0.016666666666666666
4 0.36484375 0.509375 0.0078125 0.022916666666666665
4 0.36640625 0.503125 0.0109375 0.014583333333333334
5 0.53671875 0.5458333333333333 0.0203125 0.10833333333333334
1 0.59921875 0.5322916666666667 0.0234375 0.03958333333333333
5 0.54765625 0.4979166666666667 0.0078125 0.016666666666666666
5 0.58984375 0.5239583333333333 0.0046875 0.010416666666666666
5 0.57890625 0.5583333333333333 0.0109375 0.020833333333333332
5 0.7265625 0.975 0.009375 0.016666666666666666
5 0.62578125 0.50625 0.0078125 0.016666666666666666
5 0.74765625 0.9552083333333333 0.0109375 0.010416666666666666
5 0.64375 0.5208333333333334 0.00625 0.008333333333333333
5 0.6421875 0.5270833333333333 0.009375 0.016666666666666666
5 0.76484375 0.4625 0.0078125 0.0125
5 0.76875 0.46875 0.015625 0.020833333333333332
5 0.6578125 0.3854166666666667 0.0125 0.025
5 0.625 0.5052083333333334 0.00625 0.010416666666666666
5 0.52109375 0.440625 0.0171875 0.03125
5 0.5234375 0.43020833333333336 0.015625 0.014583333333333334
5 0.5171875 0.446875 0.025 0.03958333333333333
1 0.51875 0.44375 0.021875 0.0375
3 0.57421875 0.37916666666666665 0.0421875 0.08333333333333333
1 0.5390625 0.290625 0.0125 0.01875

3 0.5203125 0.15729166666666666 0.021875 0.052083333333333336
1 0.51171875 0.12395833333333334 0.0140625 0.01875
1 0.5296875 0.10520833333333333 0.0125 0.014583333333333334
1 0.52265625 0.06979166666666667 0.0140625 0.01875
1 0.525 0.057291666666666664 0.009375 0.010416666666666666
1 0.37890625 0.24895833333333334 0.0140625 0.01875
1 0.35390625 0.24895833333333334 0.0171875 0.03125
1 0.37421875 0.22604166666666667 0.0171875 0.022916666666666665
1 0.353125 0.22395833333333334 0.015625 0.01875
1 0.3359375 0.22291666666666668 0.0125 0.020833333333333332
1 0.31796875 0.22604166666666667 0.0140625 0.01875
1 0.31875 0.253125 0.015625 0.027083333333333334
1 0.29765625 0.23125 0.0203125 0.020833333333333332
1 0.27734375 0.225 0.0140625 0.016666666666666666
1 0.38359375 0.18645833333333334 0.0140625 0.01875
1 0.36640625 0.18958333333333333 0.0140625 0.020833333333333332
1 0.33125 0.1875 0.015625 0.020833333333333332
1 0.31328125 0.19166666666666668 0.0171875 0.029166666666666667
1 0.2984375 0.17083333333333334 0.025 0.029166666666666667
1 0.4828125 0.075 0.01875 0.016666666666666666
1 0.60234375 0.346875 0.0140625 0.027083333333333334
1 0.5703125 0.30833333333333335 0.015625 0.03333333333333333
1 0.55625 0.2635416666666667 0.015625 0.035416666666666666
1 0.5546875 0.16875 0.0125 0.0125
