
1 0.37265625 0.975 0.0609375 0.05
1 0.44375 0.925 0.053125 0.041666666666666664
1 0.23203125 0.990625 0.0484375 0.01875
1 0.3109375 0.9572916666666667 0.0625 0.052083333333333336
1 0.396875 0.9104166666666667 0.05625 0.05
1 0.16171875 0.9854166666666667 0.0671875 0.029166666666666667
1 0.25 0.9447916666666667 0.059375 0.04375
1 0.32578125 0.8989583333333333 0.0484375 0.03958333333333333
1 0.39921875 0.859375 0.0546875 0.03958333333333333
1 0.11171875 0.9760416666666667 0.0671875 0.04791666666666667
1 0.1921875 0.9270833333333334 0.0625 0.05
1 0.28203125 0.8833333333333333 0.0703125 0.05
1 0.359375 0.8385416666666666 0.05625 0.04375

1 0.16953125 0.8520833333333333 0.1046875 0.2

1 0.128125 0.775 0.040625 0.05416666666666667

1 0.41796875 0.7239583333333334 0.0546875 0.03958333333333333
1 0.41640625 0.7260416666666667 0.0546875 0.04791666666666667
1 0.41484375 0.7239583333333334 0.0515625 0.03958333333333333
1 0.41640625 0.7239583333333334 0.0515625 0.03958333333333333
1 0.4140625 0.7229166666666667 0.053125 0.0375
1 0.83046875 0.7895833333333333 0.0421875 0.04583333333333333
1 0.9296875 0.7 0.03125 0.041666666666666664

5 0.4515625 0.63125 0.015625 0.020833333333333332
4 0.37578125 0.571875 0.0109375 0.01875
4 0.37265625 0.5885416666666666 0.0171875 0.035416666666666666
5 0.43359375 0.6020833333333333 0.0078125 0.016666666666666666
5 0.45625 0.6375 0.009375 0.025
4 0.43359375 0.6010416666666667 0.0078125 0.014583333333333334
4 0.36484375 0.5083333333333333 0.0078125 0.020833333333333332
4 0.365625 0.5041666666666667 0.009375 0.0125
5 0.5359375 0.5583333333333333 0.01875 0.10833333333333334
1 0.6 0.5364583333333334 0.021875 0.03958333333333333
5 0.54921875 0.5020833333333333 0.0046875 0.016666666666666666
5 0.5921875 0.525 0.003125 0.008333333333333333
5 0.57890625 0.5614583333333333 0.0109375 0.022916666666666665
5 0.7265625 0.9885416666666667 0.0125 0.022916666666666665
5 0.62578125 0.5083333333333333 0.0078125 0.016666666666666666
5 0.75234375 0.965625 0.0109375 0.010416666666666666
5 0.64296875 0.5229166666666667 0.0078125 0.008333333333333333
5 0.6421875 0.5302083333333333 0.009375 0.01875
5 0.765625 0.4666666666666667 0.009375 0.0125
5 0.7703125 0.46770833333333334 0.015625 0.01875
5 0.65546875 0.38333333333333336 0.0171875 0.020833333333333332
5 0.62578125 0.5072916666666667 0.0046875 0.010416666666666666
5 0.52109375 0.44375 0.0171875 0.03333333333333333
5 0.52265625 0.43333333333333335 0.0140625 0.0125
5 0.51640625 0.4479166666666667 0.0234375 0.041666666666666664
1 0.51796875 0.44583333333333336 0.0234375 0.0375
3 0.575 0.38333333333333336 0.040625 0.08333333333333333
1 0.5390625 0.2916666666666667 0.0125 0.016666666666666666
1 0.54375 0.20104166666666667 0.00625 0.01875
3 0.52109375 0.15729166666666666 0.0234375 0.052083333333333336
1 0.51171875 0.12395833333333334 0.0140625 0.01875
1 0.5296875 0.11041666666666666 0.0125 0.016666666666666666
1 0.521875 0.06979166666666667 0.015625 0.01875
1 0.52421875 0.057291666666666664 0.0109375 0.010416666666666666
1 0.37890625 0.24895833333333334 0.0140625 0.01875
1 0.3546875 0.25104166666666666 0.01875 0.035416666666666666
1 0.37421875 0.22604166666666667 0.0171875 0.022916666666666665
1 0.353125 0.22395833333333334 0.015625 0.01875
1 0.3359375 0.22291666666666668 0.0125 0.020833333333333332
1 0.31796875 0.22604166666666667 0.0140625 0.01875
1 0.31875 0.25416666666666665 0.015625 0.029166666666666667
1 0.29765625 0.23125 0.0203125 0.020833333333333332
1 0.27734375 0.225 0.0140625 0.016666666666666666
1 0.38359375 0.18645833333333334 0.0140625 0.01875
1 0.36640625 0.18958333333333333 0.0140625 0.020833333333333332
1 0.33125 0.1875 0.015625 0.020833333333333332
1 0.31328125 0.19166666666666668 0.0171875 0.029166666666666667
1 0.2984375 0.17083333333333334 0.025 0.029166666666666667
1 0.48203125 0.075 0.0203125 0.016666666666666666
1 0.6015625 0.35 0.015625 0.029166666666666667
1 0.57109375 0.3104166666666667 0.0140625 0.03333333333333333
1 0.55625 0.2635416666666667 0.015625 0.035416666666666666
1 0.55546875 0.16354166666666667 0.0140625 0.022916666666666665
