
1 0.371875 0.975 0.059375 0.05
1 0.44375 0.925 0.053125 0.041666666666666664
1 0.23203125 0.990625 0.0484375 0.01875
1 0.3109375 0.9583333333333334 0.0625 0.05
1 0.396875 0.9104166666666667 0.05625 0.05
1 0.1609375 0.9854166666666667 0.06875 0.029166666666666667
1 0.25 0.9447916666666667 0.059375 0.04375
1 0.32578125 0.8989583333333333 0.0484375 0.03958333333333333
1 0.3984375 0.859375 0.05625 0.03958333333333333
1 0.11171875 0.9760416666666667 0.0671875 0.04791666666666667
1 0.1921875 0.9270833333333334 0.0625 0.05
1 0.28125 0.8833333333333333 0.06875 0.05
1 0.359375 0.8385416666666666 0.053125 0.04375

1 0.1671875 0.859375 0.109375 0.18541666666666667

1 0.1203125 0.7875 0.053125 0.058333333333333334
1 0.396875 0.7291666666666666 0.009375 0.016666666666666666
1 0.409375 0.7260416666666667 0.053125 0.03958333333333333
1 0.4078125 0.728125 0.053125 0.04375
1 0.40703125 0.7260416666666667 0.0515625 0.03958333333333333
1 0.4078125 0.7260416666666667 0.05 0.03958333333333333
1 0.4046875 0.7291666666666666 0.05 0.041666666666666664
1 0.83046875 0.7895833333333333 0.0421875 0.04583333333333333
1 0.92890625 0.69375 0.0328125 0.04583333333333333

5 0.45234375 0.6322916666666667 0.0140625 0.01875
4 0.3765625 0.571875 0.0125 0.022916666666666665
4 0.37421875 0.584375 0.0109375 0.027083333333333334
5 0.43515625 0.6041666666666666 0.0078125 0.016666666666666666
5 0.45703125 0.6385416666666667 0.0078125 0.027083333333333334
4 0.4359375 0.603125 0.009375 0.014583333333333334
4 0.36484375 0.509375 0.0078125 0.022916666666666665
4 0.36640625 0.5010416666666667 0.0109375 0.010416666666666666
5 0.5375 0.559375 0.021875 0.10625
1 0.6015625 0.5416666666666666 0.021875 0.0375
5 0.5484375 0.5052083333333334 0.00625 0.01875
5 0.59140625 0.534375 0.0046875 0.010416666666666666
5 0.58125 0.5645833333333333 0.009375 0.020833333333333332
5 0.73203125 0.99375 0.0140625 0.0125
5 0.62734375 0.5135416666666667 0.0078125 0.01875
5 0.75625 0.984375 0.015625 0.014583333333333334
5 0.64375 0.5260416666666666 0.00625 0.00625
5 0.64296875 0.534375 0.0078125 0.01875
5 0.76953125 0.4666666666666667 0.0078125 0.0125
5 0.77265625 0.4666666666666667 0.0140625 0.016666666666666666
5 0.65390625 0.38333333333333336 0.0171875 0.020833333333333332
5 0.62734375 0.5104166666666666 0.0046875 0.0125
5 0.521875 0.43645833333333334 0.015625 0.010416666666666666
5 0.52109375 0.4375 0.0171875 0.0125
5 0.5140625 0.453125 0.025 0.04375
1 0.51640625 0.4510416666666667 0.0234375 0.03958333333333333
3 0.57890625 0.3875 0.0390625 0.08333333333333333
1 0.5390625 0.29375 0.0125 0.016666666666666666
1 0.54375 0.20208333333333334 0.009375 0.020833333333333332
3 0.521875 0.159375 0.021875 0.052083333333333336
1 0.5109375 0.125 0.015625 0.020833333333333332
1 0.5296875 0.11041666666666666 0.0125 0.016666666666666666
1 0.52265625 0.06875 0.0140625 0.016666666666666666
1 0.525 0.057291666666666664 0.009375 0.010416666666666666
1 0.37890625 0.24895833333333334 0.0140625 0.01875
1 0.3546875 0.25104166666666666 0.01875 0.035416666666666666
1 0.3734375 0.22604166666666667 0.015625 0.022916666666666665
1 0.353125 0.22395833333333334 0.015625 0.01875
1 0.3359375 0.22291666666666668 0.0125 0.020833333333333332
1 0.31796875 0.22604166666666667 0.0140625 0.01875
1 0.31875 0.25416666666666665 0.015625 0.029166666666666667
1 0.29765625 0.23125 0.0203125 0.020833333333333332
1 0.27890625 0.225 0.0140625 0.016666666666666666
1 0.38359375 0.18541666666666667 0.0140625 0.016666666666666666
1 0.36640625 0.18958333333333333 0.0140625 0.020833333333333332
1 0.33125 0.1875 0.015625 0.020833333333333332
1 0.31328125 0.19166666666666668 0.0171875 0.029166666666666667
1 0.2984375 0.17083333333333334 0.025 0.029166666666666667
1 0.48203125 0.075 0.0203125 0.016666666666666666
1 0.60078125 0.353125 0.0140625 0.03125
1 0.5703125 0.3177083333333333 0.015625 0.035416666666666666
1 0.55625 0.26458333333333334 0.015625 0.03333333333333333
1 0.553125 0.16458333333333333 0.015625 0.020833333333333332
