
1 0.371875 0.975 0.059375 0.05
1 0.44375 0.925 0.053125 0.041666666666666664
1 0.23203125 0.990625 0.0484375 0.01875
1 0.3109375 0.9572916666666667 0.0625 0.052083333333333336
1 0.396875 0.9114583333333334 0.05625 0.04791666666666667
1 0.1609375 0.9854166666666667 0.06875 0.029166666666666667
1 0.25 0.9447916666666667 0.059375 0.04375
1 0.32578125 0.8989583333333333 0.0484375 0.03958333333333333
1 0.3984375 0.859375 0.05625 0.03958333333333333
1 0.11015625 0.9760416666666667 0.0671875 0.04791666666666667
1 0.1921875 0.9270833333333334 0.0625 0.05
1 0.28125 0.8822916666666667 0.06875 0.052083333333333336
1 0.359375 0.8395833333333333 0.053125 0.041666666666666664

1 0.16796875 0.8614583333333333 0.1078125 0.18125

1 0.11015625 0.7927083333333333 0.0453125 0.06041666666666667
1 0.2953125 0.7135416666666666 0.165625 0.04791666666666667
1 0.40234375 0.728125 0.0515625 0.03958333333333333
1 0.4015625 0.73125 0.053125 0.04583333333333333
1 0.4015625 0.728125 0.053125 0.03958333333333333
1 0.40234375 0.7291666666666666 0.0515625 0.041666666666666664
1 0.38828125 0.7291666666666666 0.0515625 0.041666666666666664
1 0.83203125 0.7895833333333333 0.0390625 0.04583333333333333
1 0.9296875 0.6885416666666667 0.034375 0.04791666666666667

5 0.45390625 0.6333333333333333 0.0140625 0.016666666666666666
4 0.37890625 0.575 0.0140625 0.020833333333333332
4 0.37734375 0.590625 0.0109375 0.03125
5 0.4359375 0.60625 0.009375 0.016666666666666666
5 0.4578125 0.640625 0.009375 0.027083333333333334
4 0.4359375 0.6041666666666666 0.009375 0.0125
4 0.36484375 0.509375 0.0078125 0.022916666666666665
4 0.365625 0.503125 0.009375 0.014583333333333334
5 0.53828125 0.5645833333333333 0.0203125 0.10416666666666667
1 0.6015625 0.5458333333333333 0.021875 0.0375
5 0.54765625 0.509375 0.0078125 0.022916666666666665
5 0.59375 0.5375 0.00625 0.008333333333333333
5 0.5828125 0.5666666666666667 0.009375 0.020833333333333332
5 0.73984375 0.9979166666666667 0.0078125 0.004166666666666667
5 0.62734375 0.515625 0.0078125 0.01875
5 0.759375 0.9947916666666666 0.0125 0.010416666666666666
5 0.64453125 0.5291666666666667 0.0078125 0.004166666666666667
5 0.64453125 0.5364583333333334 0.0078125 0.01875
5 0.77109375 0.46770833333333334 0.0078125 0.010416666666666666
5 0.76953125 0.47708333333333336 0.0203125 0.029166666666666667
5 0.65390625 0.38333333333333336 0.0171875 0.020833333333333332
5 0.6265625 0.5135416666666667 0.00625 0.010416666666666666
5 0.515625 0.44895833333333335 0.01875 0.027083333333333334
5 0.5203125 0.44166666666666665 0.015625 0.016666666666666666
5 0.51328125 0.4552083333333333 0.0234375 0.03958333333333333
1 0.5140625 0.45416666666666666 0.021875 0.0375
3 0.578125 0.390625 0.0375 0.08541666666666667
1 0.53984375 0.29583333333333334 0.0109375 0.016666666666666666
1 0.54453125 0.20208333333333334 0.0140625 0.020833333333333332
3 0.521875 0.159375 0.021875 0.052083333333333336
1 0.5109375 0.12604166666666666 0.015625 0.01875
1 0.53203125 0.11354166666666667 0.0140625 0.01875
1 0.51953125 0.06875 0.0140625 0.016666666666666666
1 0.525 0.057291666666666664 0.009375 0.010416666666666666
1 0.37890625 0.24895833333333334 0.0140625 0.01875
1 0.35390625 0.24895833333333334 0.0171875 0.03125
1 0.37421875 0.22604166666666667 0.0171875 0.022916666666666665
1 0.353125 0.22395833333333334 0.015625 0.01875
1 0.3359375 0.22291666666666668 0.0125 0.020833333333333332
1 0.31796875 0.22604166666666667 0.0140625 0.01875
1 0.31875 0.2520833333333333 0.015625 0.029166666666666667
1 0.29765625 0.23125 0.0203125 0.020833333333333332
1 0.278125 0.225 0.0125 0.016666666666666666
1 0.38359375 0.18645833333333334 0.0140625 0.01875
1 0.36640625 0.18958333333333333 0.0140625 0.020833333333333332
1 0.33125 0.1875 0.015625 0.020833333333333332
1 0.31328125 0.19166666666666668 0.0171875 0.029166666666666667
1 0.2984375 0.17083333333333334 0.025 0.029166666666666667
1 0.48359375 0.075 0.0203125 0.016666666666666666
1 0.6015625 0.35520833333333335 0.015625 0.03125
1 0.5703125 0.31979166666666664 0.015625 0.035416666666666666
1 0.55625 0.26458333333333334 0.015625 0.03333333333333333
1 0.553125 0.16354166666666667 0.015625 0.022916666666666665
