
1 0.37265625 0.975 0.0609375 0.05
1 0.44375 0.925 0.053125 0.041666666666666664
1 0.23203125 0.990625 0.0484375 0.01875
1 0.3109375 0.9572916666666667 0.0625 0.052083333333333336
1 0.396875 0.9114583333333334 0.05625 0.04791666666666667
1 0.1609375 0.9854166666666667 0.06875 0.029166666666666667
1 0.24921875 0.9447916666666667 0.0609375 0.04375
1 0.32578125 0.8989583333333333 0.0484375 0.03958333333333333
1 0.39765625 0.859375 0.0546875 0.03958333333333333
1 0.11015625 0.9760416666666667 0.0671875 0.04791666666666667
1 0.1921875 0.9270833333333334 0.0625 0.05
1 0.28125 0.8822916666666667 0.06875 0.052083333333333336
1 0.359375 0.8395833333333333 0.053125 0.041666666666666664

1 0.16640625 0.86875 0.1078125 0.16666666666666666

1 0.3953125 0.734375 0.05 0.03958333333333333
1 0.390625 0.740625 0.04375 0.027083333333333334
1 0.3953125 0.7333333333333333 0.05 0.041666666666666664
1 0.39375 0.734375 0.053125 0.04791666666666667
1 0.39375 0.7322916666666667 0.053125 0.03958333333333333
1 0.39453125 0.7322916666666667 0.0515625 0.03958333333333333
1 0.37109375 0.7354166666666667 0.0515625 0.041666666666666664
1 0.8390625 0.7895833333333333 0.053125 0.04583333333333333
1 0.9296875 0.6791666666666667 0.034375 0.04583333333333333

5 0.45546875 0.6354166666666666 0.0140625 0.016666666666666666
4 0.378125 0.5760416666666667 0.0125 0.01875
4 0.3765625 0.5895833333333333 0.0125 0.03333333333333333
5 0.43671875 0.6083333333333333 0.0078125 0.016666666666666666
5 0.45859375 0.6416666666666667 0.0109375 0.025
4 0.4375 0.6072916666666667 0.009375 0.014583333333333334
4 0.3640625 0.509375 0.009375 0.022916666666666665
4 0.365625 0.5020833333333333 0.009375 0.0125
5 0.54140625 0.565625 0.0171875 0.10625
1 0.603125 0.553125 0.021875 0.035416666666666666
5 0.5484375 0.5114583333333333 0.009375 0.022916666666666665
5 0.59375 0.540625 0.00625 0.010416666666666666
5 0.5828125 0.5739583333333333 0.009375 0.022916666666666665

5 0.62734375 0.5208333333333334 0.0078125 0.016666666666666666

5 0.64375 0.5354166666666667 0.009375 0.008333333333333333
5 0.64296875 0.540625 0.0078125 0.01875
5 0.77265625 0.4666666666666667 0.0078125 0.008333333333333333
5 0.7734375 0.47604166666666664 0.015625 0.022916666666666665
5 0.65390625 0.38333333333333336 0.0171875 0.020833333333333332
5 0.62734375 0.5197916666666667 0.0046875 0.014583333333333334
5 0.5140625 0.459375 0.01875 0.035416666666666666
5 0.51875 0.44583333333333336 0.015625 0.0125
5 0.51171875 0.46145833333333336 0.0234375 0.03958333333333333
1 0.5125 0.459375 0.021875 0.035416666666666666
3 0.578125 0.39479166666666665 0.0375 0.08958333333333333
1 0.53984375 0.29791666666666666 0.0109375 0.020833333333333332
1 0.54765625 0.209375 0.0140625 0.022916666666666665
3 0.521875 0.16145833333333334 0.021875 0.052083333333333336
1 0.51171875 0.12604166666666666 0.0140625 0.01875
1 0.53203125 0.11041666666666666 0.0109375 0.016666666666666666
1 0.51953125 0.06875 0.0140625 0.016666666666666666
1 0.525 0.057291666666666664 0.009375 0.010416666666666666
1 0.37890625 0.24895833333333334 0.0140625 0.01875
1 0.35390625 0.24895833333333334 0.0171875 0.03125
1 0.37421875 0.22604166666666667 0.0171875 0.022916666666666665
1 0.35234375 0.22395833333333334 0.0140625 0.01875
1 0.3359375 0.22291666666666668 0.0125 0.020833333333333332
1 0.31796875 0.22604166666666667 0.0140625 0.01875
1 0.31875 0.2520833333333333 0.015625 0.029166666666666667
1 0.29765625 0.23125 0.0203125 0.020833333333333332
1 0.27890625 0.225 0.0140625 0.016666666666666666
1 0.38359375 0.18645833333333334 0.0140625 0.01875
1 0.36640625 0.18958333333333333 0.0140625 0.020833333333333332
1 0.33125 0.1875 0.015625 0.020833333333333332
1 0.31328125 0.19166666666666668 0.0171875 0.029166666666666667
1 0.2984375 0.17083333333333334 0.021875 0.029166666666666667
1 0.484375 0.075 0.021875 0.016666666666666666
1 0.6015625 0.3572916666666667 0.015625 0.03125
1 0.57265625 0.321875 0.0171875 0.035416666666666666
1 0.55703125 0.26458333333333334 0.0171875 0.03333333333333333
1 0.553125 0.16354166666666667 0.015625 0.022916666666666665
