
1 0.37265625 0.975 0.0609375 0.05
1 0.44375 0.925 0.053125 0.041666666666666664
1 0.23203125 0.990625 0.0484375 0.01875
1 0.31015625 0.9572916666666667 0.0609375 0.052083333333333336
1 0.396875 0.9114583333333334 0.05625 0.04791666666666667
1 0.1609375 0.9854166666666667 0.06875 0.029166666666666667
1 0.24921875 0.9447916666666667 0.0609375 0.04375
1 0.32578125 0.8989583333333333 0.0484375 0.03958333333333333
1 0.3984375 0.859375 0.05625 0.03958333333333333
1 0.1109375 0.9760416666666667 0.065625 0.04791666666666667
1 0.1921875 0.9270833333333334 0.0625 0.05
1 0.28125 0.8833333333333333 0.06875 0.05
1 0.359375 0.8395833333333333 0.053125 0.041666666666666664

1 0.1578125 0.8677083333333333 0.109375 0.16875

1 0.3921875 0.7364583333333333 0.040625 0.03958333333333333
1 0.39453125 0.73125 0.0359375 0.029166666666666667
1 0.38828125 0.7364583333333333 0.0515625 0.04375
1 0.3875 0.7375 0.053125 0.04583333333333333
1 0.3875 0.7364583333333333 0.053125 0.04375
1 0.3875 0.7364583333333333 0.053125 0.04375
1 0.37109375 0.7385416666666667 0.0515625 0.052083333333333336
1 0.82890625 0.7895833333333333 0.0453125 0.04583333333333333
1 0.92734375 0.675 0.0390625 0.04583333333333333

5 0.4578125 0.6395833333333333 0.0125 0.020833333333333332
4 0.37890625 0.5770833333333333 0.0109375 0.020833333333333332
4 0.37734375 0.590625 0.0109375 0.035416666666666666
5 0.43828125 0.6114583333333333 0.0078125 0.01875
5 0.459375 0.6427083333333333 0.0125 0.022916666666666665
4 0.4390625 0.6125 0.009375 0.016666666666666666
4 0.36484375 0.5083333333333333 0.0078125 0.020833333333333332
4 0.365625 0.5010416666666667 0.009375 0.010416666666666666
5 0.54140625 0.6104166666666667 0.0171875 0.025
1 0.6046875 0.55625 0.021875 0.0375
5 0.54921875 0.515625 0.0078125 0.022916666666666665
5 0.59453125 0.5479166666666667 0.0078125 0.008333333333333333
5 0.584375 0.578125 0.009375 0.022916666666666665

5 0.62734375 0.5229166666666667 0.0078125 0.016666666666666666

5 0.64453125 0.5354166666666667 0.0078125 0.004166666666666667
5 0.64375 0.5447916666666667 0.009375 0.01875
5 0.7734375 0.46770833333333334 0.00625 0.00625
5 0.77421875 0.47604166666666664 0.0171875 0.022916666666666665
5 0.6515625 0.38229166666666664 0.015625 0.022916666666666665
5 0.62734375 0.5229166666666667 0.0046875 0.0125
5 0.5125 0.4583333333333333 0.01875 0.025
5 0.51796875 0.45 0.0140625 0.0125
5 0.51015625 0.4635416666666667 0.0265625 0.03958333333333333
1 0.5109375 0.4635416666666667 0.025 0.035416666666666666
3 0.5796875 0.396875 0.0375 0.08958333333333333
1 0.53984375 0.30520833333333336 0.0140625 0.022916666666666665
1 0.54921875 0.21145833333333333 0.0140625 0.022916666666666665
3 0.52109375 0.1625 0.0234375 0.05416666666666667
1 0.5125 0.12291666666666666 0.0125 0.016666666666666666
1 0.53046875 0.11354166666666667 0.0140625 0.01875
1 0.51640625 0.06875 0.0140625 0.016666666666666666
1 0.525 0.057291666666666664 0.009375 0.010416666666666666
1 0.378125 0.25104166666666666 0.01875 0.022916666666666665
1 0.35390625 0.24895833333333334 0.0171875 0.03125
1 0.3734375 0.22604166666666667 0.015625 0.022916666666666665
1 0.353125 0.22395833333333334 0.015625 0.01875
1 0.3359375 0.22291666666666668 0.0125 0.020833333333333332
1 0.31796875 0.22604166666666667 0.0140625 0.01875
1 0.31875 0.2520833333333333 0.015625 0.029166666666666667
1 0.29765625 0.23125 0.0203125 0.020833333333333332
1 0.27890625 0.225 0.0140625 0.016666666666666666
1 0.38359375 0.18645833333333334 0.0140625 0.01875
1 0.36640625 0.18958333333333333 0.0140625 0.020833333333333332
1 0.33125 0.1875 0.015625 0.020833333333333332
1 0.31328125 0.19166666666666668 0.0171875 0.029166666666666667
1 0.29765625 0.17083333333333334 0.0234375 0.029166666666666667
1 0.484375 0.07708333333333334 0.021875 0.020833333333333332
1 0.60234375 0.35520833333333335 0.0140625 0.022916666666666665
1 0.57265625 0.32395833333333335 0.0171875 0.035416666666666666
1 0.55703125 0.26666666666666666 0.0171875 0.029166666666666667
1 0.553125 0.16354166666666667 0.015625 0.022916666666666665
