
1 0.371875 0.975 0.059375 0.05
1 0.44375 0.925 0.053125 0.041666666666666664
1 0.23203125 0.990625 0.0484375 0.01875
1 0.31015625 0.9583333333333334 0.0609375 0.05
1 0.39609375 0.9114583333333334 0.0546875 0.04791666666666667
1 0.1609375 0.9854166666666667 0.06875 0.029166666666666667
1 0.24921875 0.9447916666666667 0.0609375 0.04375
1 0.32578125 0.8989583333333333 0.0484375 0.03958333333333333
1 0.39765625 0.859375 0.0546875 0.03958333333333333
1 0.1109375 0.9760416666666667 0.065625 0.04791666666666667
1 0.1921875 0.9270833333333334 0.0625 0.05
1 0.28046875 0.8833333333333333 0.0703125 0.05
1 0.359375 0.8395833333333333 0.053125 0.041666666666666664

1 0.1546875 0.8666666666666667 0.1125 0.1625

1 0.384375 0.7416666666666667 0.040625 0.0375
1 0.3828125 0.7395833333333334 0.04375 0.03333333333333333
1 0.3796875 0.7395833333333334 0.05 0.041666666666666664
1 0.378125 0.7416666666666667 0.053125 0.05
1 0.37890625 0.7395833333333334 0.0515625 0.041666666666666664
1 0.37890625 0.7395833333333334 0.0515625 0.041666666666666664
1 0.35546875 0.7395833333333334 0.0515625 0.05416666666666667
1 0.82890625 0.7895833333333333 0.0453125 0.04583333333333333
1 0.928125 0.6666666666666666 0.040625 0.041666666666666664

5 0.46015625 0.64375 0.0140625 0.020833333333333332
4 0.378125 0.5791666666666667 0.009375 0.016666666666666666
4 0.37734375 0.590625 0.0109375 0.03125
5 0.43984375 0.6125 0.0078125 0.016666666666666666
5 0.4609375 0.6458333333333334 0.0125 0.020833333333333332
4 0.44140625 0.6177083333333333 0.0109375 0.022916666666666665
4 0.3640625 0.509375 0.009375 0.022916666666666665
4 0.36640625 0.5010416666666667 0.0109375 0.010416666666666666
5 0.54296875 0.578125 0.0171875 0.10208333333333333
1 0.6078125 0.5635416666666667 0.021875 0.03958333333333333
5 0.54921875 0.5197916666666667 0.0078125 0.022916666666666665
5 0.5984375 0.5520833333333334 0.00625 0.008333333333333333
5 0.584375 0.5822916666666667 0.009375 0.022916666666666665

5 0.628125 0.528125 0.00625 0.01875

5 0.6453125 0.5385416666666667 0.00625 0.00625
5 0.64453125 0.5489583333333333 0.0078125 0.01875
5 0.7734375 0.4708333333333333 0.00625 0.008333333333333333
5 0.778125 0.4739583333333333 0.01875 0.01875
5 0.65078125 0.38229166666666664 0.0171875 0.022916666666666665
5 0.628125 0.5260416666666666 0.00625 0.010416666666666666
5 0.509375 0.4666666666666667 0.025 0.03333333333333333
5 0.51171875 0.46041666666666664 0.0203125 0.020833333333333332
5 0.5078125 0.46770833333333334 0.028125 0.03958333333333333
1 0.50703125 0.46770833333333334 0.0234375 0.035416666666666666
3 0.58203125 0.40208333333333335 0.0390625 0.0875
1 0.540625 0.30416666666666664 0.0125 0.016666666666666666
1 0.55078125 0.215625 0.0140625 0.027083333333333334
3 0.521875 0.16354166666666667 0.021875 0.052083333333333336
1 0.5125 0.12395833333333334 0.0125 0.014583333333333334
1 0.53203125 0.11354166666666667 0.0109375 0.01875
1 0.51875 0.06770833333333333 0.015625 0.01875
1 0.52421875 0.057291666666666664 0.0109375 0.010416666666666666
1 0.37890625 0.24895833333333334 0.0140625 0.01875
1 0.35390625 0.24479166666666666 0.0140625 0.027083333333333334
1 0.3734375 0.22604166666666667 0.015625 0.022916666666666665
1 0.35234375 0.22395833333333334 0.0140625 0.01875
1 0.3359375 0.22291666666666668 0.0125 0.020833333333333332
1 0.31796875 0.22604166666666667 0.0140625 0.01875
1 0.31875 0.2520833333333333 0.015625 0.029166666666666667
1 0.29765625 0.23125 0.0203125 0.020833333333333332
1 0.27734375 0.22604166666666667 0.0140625 0.01875
1 0.38359375 0.18645833333333334 0.0140625 0.01875
1 0.36640625 0.18958333333333333 0.0140625 0.020833333333333332
1 0.33125 0.1875 0.015625 0.020833333333333332
1 0.31328125 0.19166666666666668 0.0171875 0.029166666666666667
1 0.2984375 0.17083333333333334 0.025 0.029166666666666667
1 0.4828125 0.07604166666666666 0.021875 0.01875
1 0.603125 0.35833333333333334 0.015625 0.020833333333333332
1 0.5734375 0.32708333333333334 0.01875 0.03333333333333333
1 0.55859375 0.2677083333333333 0.0203125 0.027083333333333334
1 0.55390625 0.1625 0.0140625 0.025
