
1 0.371875 0.975 0.059375 0.05
1 0.44375 0.925 0.053125 0.041666666666666664
1 0.23203125 0.990625 0.0484375 0.01875
1 0.31015625 0.9572916666666667 0.0609375 0.052083333333333336
1 0.396875 0.9114583333333334 0.05625 0.04791666666666667
1 0.1609375 0.9854166666666667 0.06875 0.029166666666666667
1 0.24921875 0.9447916666666667 0.0609375 0.04375
1 0.32578125 0.8989583333333333 0.0484375 0.03958333333333333
1 0.39765625 0.859375 0.0546875 0.03958333333333333
1 0.11015625 0.975 0.0671875 0.05
1 0.1921875 0.9270833333333334 0.0625 0.05
1 0.28046875 0.8833333333333333 0.0703125 0.05
1 0.359375 0.8395833333333333 0.053125 0.041666666666666664

1 0.1921875 0.925 0.05625 0.041666666666666664

1 0.3671875 0.7458333333333333 0.046875 0.041666666666666664
1 0.36328125 0.746875 0.0453125 0.04375
1 0.36171875 0.7479166666666667 0.0484375 0.041666666666666664
1 0.36328125 0.7479166666666667 0.0515625 0.04583333333333333
1 0.36171875 0.7479166666666667 0.0484375 0.041666666666666664
1 0.36171875 0.746875 0.0484375 0.04375
1 0.34140625 0.7354166666666667 0.0484375 0.04583333333333333
1 0.82890625 0.7895833333333333 0.0453125 0.04583333333333333
1 0.9390625 0.6520833333333333 0.025 0.0375

5 0.46328125 0.6479166666666667 0.0140625 0.016666666666666666
4 0.37890625 0.5822916666666667 0.0078125 0.01875
4 0.378125 0.5927083333333333 0.009375 0.03125
5 0.44296875 0.615625 0.0078125 0.01875
5 0.46484375 0.6489583333333333 0.0109375 0.01875
4 0.44296875 0.615625 0.0078125 0.014583333333333334
4 0.3640625 0.509375 0.009375 0.022916666666666665
4 0.36640625 0.5 0.0109375 0.0125
5 0.54453125 0.6270833333333333 0.0203125 0.03333333333333333
1 0.61015625 0.575 0.0234375 0.041666666666666664
5 0.55078125 0.5260416666666666 0.0078125 0.01875
5 0.60078125 0.5635416666666667 0.0046875 0.00625
5 0.58515625 0.59375 0.0109375 0.020833333333333332

5 0.62890625 0.534375 0.0078125 0.01875

5 0.64609375 0.5489583333333333 0.0078125 0.010416666666666666
5 0.64453125 0.5572916666666666 0.0078125 0.022916666666666665
5 0.778125 0.47291666666666665 0.00625 0.0125
5 0.78046875 0.478125 0.0140625 0.01875
5 0.65078125 0.38333333333333336 0.0171875 0.025
5 0.6296875 0.53125 0.00625 0.0125
5 0.50546875 0.475 0.0234375 0.03333333333333333
5 0.509375 0.4625 0.01875 0.0125
5 0.50390625 0.4791666666666667 0.0296875 0.041666666666666664
1 0.503125 0.47708333333333336 0.025 0.0375
3 0.584375 0.409375 0.0375 0.08958333333333333
1 0.54140625 0.30833333333333335 0.0140625 0.016666666666666666
1 0.54921875 0.21979166666666666 0.0171875 0.03125
3 0.52109375 0.16458333333333333 0.0203125 0.05416666666666667
1 0.5140625 0.125 0.0125 0.016666666666666666
1 0.53203125 0.11458333333333333 0.0109375 0.016666666666666666
1 0.51796875 0.06875 0.0140625 0.016666666666666666
1 0.52421875 0.057291666666666664 0.0109375 0.010416666666666666
1 0.3796875 0.24895833333333334 0.015625 0.01875
1 0.35390625 0.25 0.0171875 0.029166666666666667
1 0.3734375 0.22604166666666667 0.015625 0.022916666666666665
1 0.353125 0.22395833333333334 0.015625 0.01875
1 0.3359375 0.22291666666666668 0.0125 0.020833333333333332
1 0.31796875 0.22604166666666667 0.0140625 0.01875
1 0.31875 0.2520833333333333 0.015625 0.029166666666666667
1 0.29765625 0.23125 0.0203125 0.020833333333333332
1 0.27890625 0.22395833333333334 0.0140625 0.01875
1 0.38359375 0.18645833333333334 0.0140625 0.01875
1 0.36640625 0.18958333333333333 0.0140625 0.020833333333333332
1 0.33125 0.1875 0.015625 0.020833333333333332
1 0.31328125 0.19166666666666668 0.0171875 0.029166666666666667
1 0.29921875 0.17083333333333334 0.0234375 0.029166666666666667
1 0.48359375 0.078125 0.0234375 0.022916666666666665
1 0.6046875 0.3625 0.0125 0.020833333333333332
1 0.575 0.3375 0.01875 0.041666666666666664
1 0.55859375 0.27291666666666664 0.0203125 0.020833333333333332
1 0.55390625 0.16354166666666667 0.0140625 0.027083333333333334
