
1 0.37109375 0.975 0.0609375 0.05
1 0.44375 0.925 0.053125 0.041666666666666664
1 0.23203125 0.990625 0.0484375 0.01875
1 0.31015625 0.9583333333333334 0.0609375 0.05
1 0.39609375 0.9114583333333334 0.0546875 0.04791666666666667
1 0.16015625 0.9854166666666667 0.0671875 0.029166666666666667
1 0.24921875 0.9447916666666667 0.0609375 0.04375
1 0.32578125 0.8989583333333333 0.0484375 0.03958333333333333
1 0.39765625 0.859375 0.0546875 0.03958333333333333
1 0.1109375 0.9760416666666667 0.065625 0.04791666666666667
1 0.1921875 0.9270833333333334 0.0625 0.05
1 0.28046875 0.8833333333333333 0.0703125 0.05
1 0.359375 0.8395833333333333 0.053125 0.041666666666666664

1 0.08203125 0.8041666666666667 0.0390625 0.0375

1 0.36171875 0.7489583333333333 0.0453125 0.04375
1 0.35703125 0.7520833333333333 0.0484375 0.041666666666666664
1 0.35625 0.7510416666666667 0.053125 0.04375
1 0.35625 0.7510416666666667 0.053125 0.04375
1 0.35703125 0.7489583333333333 0.0515625 0.03958333333333333
1 0.35625 0.75 0.05 0.041666666666666664
1 0.3328125 0.725 0.0375 0.05
1 0.82890625 0.7885416666666667 0.0484375 0.04791666666666667
1 0.940625 0.6458333333333334 0.025 0.0375

5 0.46640625 0.65625 0.0140625 0.020833333333333332
4 0.37890625 0.5833333333333334 0.0078125 0.016666666666666666
4 0.378125 0.59375 0.009375 0.03333333333333333
5 0.44296875 0.6166666666666667 0.0078125 0.016666666666666666
5 0.465625 0.653125 0.0125 0.022916666666666665
4 0.44296875 0.6177083333333333 0.0078125 0.014583333333333334
4 0.3640625 0.509375 0.009375 0.022916666666666665
4 0.365625 0.5 0.009375 0.0125
5 0.54375 0.5875 0.01875 0.11666666666666667
1 0.6109375 0.5791666666666667 0.025 0.041666666666666664
5 0.5515625 0.528125 0.00625 0.022916666666666665
5 0.6015625 0.5677083333333334 0.00625 0.00625
5 0.58671875 0.5958333333333333 0.0109375 0.020833333333333332

5 0.62890625 0.5364583333333334 0.0078125 0.01875

5 0.64609375 0.55 0.0046875 0.008333333333333333
5 0.6453125 0.5604166666666667 0.009375 0.020833333333333332
5 0.77890625 0.475 0.0046875 0.0125
5 0.78125 0.48125 0.015625 0.020833333333333332
5 0.65078125 0.384375 0.0171875 0.027083333333333334
5 0.6296875 0.5354166666666667 0.00625 0.0125
5 0.50234375 0.48020833333333335 0.0265625 0.035416666666666666
5 0.5078125 0.465625 0.015625 0.010416666666666666
5 0.50078125 0.4822916666666667 0.0296875 0.03958333333333333
1 0.5015625 0.4791666666666667 0.025 0.03333333333333333
3 0.584375 0.4114583333333333 0.0375 0.08958333333333333
1 0.54140625 0.3104166666666667 0.0140625 0.016666666666666666
1 0.55078125 0.225 0.0171875 0.03333333333333333
3 0.52109375 0.165625 0.0203125 0.05625
1 0.5140625 0.12604166666666666 0.0125 0.014583333333333334
1 0.53046875 0.115625 0.0140625 0.01875
1 0.51875 0.06875 0.015625 0.016666666666666666
1 0.52421875 0.057291666666666664 0.0109375 0.010416666666666666
1 0.37890625 0.24895833333333334 0.0140625 0.01875
1 0.35390625 0.25 0.0171875 0.029166666666666667
1 0.3734375 0.22604166666666667 0.015625 0.022916666666666665
1 0.353125 0.225 0.015625 0.020833333333333332
1 0.3359375 0.22291666666666668 0.0125 0.020833333333333332
1 0.31796875 0.22708333333333333 0.0140625 0.016666666666666666
1 0.31875 0.253125 0.015625 0.027083333333333334
1 0.29765625 0.23125 0.0203125 0.020833333333333332
1 0.27890625 0.22395833333333334 0.0140625 0.01875
1 0.38359375 0.18645833333333334 0.0140625 0.01875
1 0.36640625 0.18958333333333333 0.0140625 0.020833333333333332
1 0.33125 0.1875 0.015625 0.020833333333333332
1 0.31328125 0.19166666666666668 0.0171875 0.029166666666666667
1 0.2984375 0.17083333333333334 0.021875 0.029166666666666667
1 0.48359375 0.078125 0.0234375 0.022916666666666665
1 0.60546875 0.3645833333333333 0.0140625 0.020833333333333332
1 0.57578125 0.3385416666666667 0.0203125 0.03958333333333333
1 0.56015625 0.27708333333333335 0.0203125 0.029166666666666667
1 0.55390625 0.16458333333333333 0.0140625 0.029166666666666667
