
1 0.37109375 0.975 0.0609375 0.05
1 0.44375 0.925 0.053125 0.041666666666666664
1 0.23203125 0.990625 0.0484375 0.01875
1 0.31015625 0.9583333333333334 0.0609375 0.05
1 0.39609375 0.9114583333333334 0.0546875 0.04791666666666667
1 0.16015625 0.9854166666666667 0.0671875 0.029166666666666667
1 0.2484375 0.9447916666666667 0.059375 0.04375
1 0.32578125 0.8989583333333333 0.0484375 0.03958333333333333
1 0.39765625 0.859375 0.0546875 0.03958333333333333
1 0.11015625 0.9760416666666667 0.0671875 0.04791666666666667
1 0.1921875 0.9270833333333334 0.0625 0.05
1 0.28046875 0.8833333333333333 0.0703125 0.05
1 0.3578125 0.8395833333333333 0.053125 0.041666666666666664

1 0.19453125 0.9239583333333333 0.0484375 0.03958333333333333

1 0.346875 0.7572916666666667 0.046875 0.04375
1 0.34140625 0.7572916666666667 0.0484375 0.035416666666666666
1 0.3390625 0.7625 0.053125 0.04583333333333333
1 0.3390625 0.759375 0.053125 0.04791666666666667
1 0.340625 0.75625 0.053125 0.041666666666666664
1 0.33984375 0.75625 0.0515625 0.041666666666666664

1 0.82890625 0.790625 0.0484375 0.04791666666666667
1 0.94375 0.6354166666666666 0.025 0.0375

5 0.47421875 0.6625 0.0109375 0.016666666666666666
4 0.37890625 0.5854166666666667 0.0078125 0.016666666666666666
4 0.3796875 0.5916666666666667 0.009375 0.025
5 0.44609375 0.621875 0.0078125 0.014583333333333334
5 0.475 0.6625 0.009375 0.016666666666666666
4 0.44609375 0.6197916666666666 0.0078125 0.010416666666666666
4 0.3640625 0.509375 0.009375 0.022916666666666665
4 0.36640625 0.5 0.0109375 0.0125
5 0.54609375 0.5958333333333333 0.0234375 0.10416666666666667
1 0.61328125 0.5916666666666667 0.0234375 0.041666666666666664
5 0.55234375 0.5354166666666667 0.0078125 0.020833333333333332
5 0.6046875 0.5802083333333333 0.00625 0.00625
5 0.5875 0.6072916666666667 0.009375 0.022916666666666665

5 0.63046875 0.54375 0.0078125 0.020833333333333332

5 0.646875 0.55625 0.00625 0.008333333333333333
5 0.646875 0.5645833333333333 0.009375 0.020833333333333332
5 0.7828125 0.4739583333333333 0.00625 0.00625
5 0.78046875 0.48125 0.0140625 0.020833333333333332
5 0.65 0.384375 0.01875 0.027083333333333334
5 0.6296875 0.5395833333333333 0.00625 0.0125
5 0.49453125 0.49375 0.0234375 0.03333333333333333
5 0.503125 0.4739583333333333 0.015625 0.010416666666666666
5 0.49375 0.4979166666666667 0.025 0.041666666666666664
1 0.49140625 0.49270833333333336 0.0234375 0.03125
3 0.5859375 0.41770833333333335 0.0375 0.08958333333333333
1 0.5421875 0.315625 0.0125 0.01875
1 0.55078125 0.22604166666666667 0.0203125 0.035416666666666666
3 0.52109375 0.16666666666666666 0.0203125 0.04583333333333333
1 0.5140625 0.12708333333333333 0.0125 0.016666666666666666
1 0.53203125 0.11666666666666667 0.0109375 0.016666666666666666
1 0.5203125 0.06875 0.0125 0.016666666666666666
1 0.52421875 0.057291666666666664 0.0109375 0.010416666666666666
1 0.37890625 0.24895833333333334 0.0140625 0.01875
1 0.35390625 0.25 0.0171875 0.029166666666666667
1 0.3734375 0.22604166666666667 0.015625 0.022916666666666665
1 0.3546875 0.22291666666666668 0.0125 0.016666666666666666
1 0.3359375 0.22291666666666668 0.0125 0.020833333333333332
1 0.31796875 0.22604166666666667 0.0140625 0.01875
1 0.31796875 0.253125 0.0171875 0.027083333333333334
1 0.29765625 0.23125 0.0203125 0.020833333333333332
1 0.2765625 0.22708333333333333 0.015625 0.020833333333333332
1 0.38359375 0.18645833333333334 0.0140625 0.01875
1 0.36640625 0.18958333333333333 0.0140625 0.020833333333333332
1 0.33125 0.1875 0.015625 0.020833333333333332
1 0.31328125 0.19166666666666668 0.0171875 0.029166666666666667
1 0.2984375 0.17083333333333334 0.025 0.029166666666666667
1 0.48515625 0.078125 0.0234375 0.022916666666666665
1 0.60859375 0.36770833333333336 0.0140625 0.014583333333333334
1 0.5765625 0.34270833333333334 0.01875 0.035416666666666666
1 0.5625 0.28125 0.01875 0.029166666666666667
1 0.553125 0.165625 0.015625 0.027083333333333334
