
1 0.37109375 0.975 0.0609375 0.05
1 0.44375 0.925 0.053125 0.041666666666666664
1 0.23203125 0.990625 0.0484375 0.01875
1 0.31015625 0.9583333333333334 0.0609375 0.05
1 0.39609375 0.9114583333333334 0.0546875 0.04791666666666667
1 0.16015625 0.9854166666666667 0.0671875 0.029166666666666667
1 0.2484375 0.9447916666666667 0.059375 0.04375
1 0.32578125 0.8989583333333333 0.0484375 0.03958333333333333
1 0.39765625 0.859375 0.0546875 0.03958333333333333
1 0.11015625 0.9760416666666667 0.0671875 0.04791666666666667
1 0.1921875 0.9270833333333334 0.0625 0.05
1 0.28046875 0.8833333333333333 0.0703125 0.05
1 0.3578125 0.8395833333333333 0.053125 0.041666666666666664

1 0.190625 0.928125 0.05625 0.04791666666666667

1 0.33359375 0.7614583333333333 0.0484375 0.04375
1 0.32890625 0.7625 0.0484375 0.04583333333333333
1 0.328125 0.7635416666666667 0.05 0.04791666666666667
1 0.32890625 0.7635416666666667 0.0546875 0.04791666666666667
1 0.3296875 0.7625 0.053125 0.04583333333333333
1 0.328125 0.7625 0.05 0.04583333333333333
1 0.68359375 0.8927083333333333 0.0046875 0.010416666666666666
1 0.83046875 0.790625 0.0484375 0.04791666666666667
1 0.94453125 0.6260416666666667 0.0265625 0.035416666666666666

5 0.475 0.6635416666666667 0.0125 0.01875
4 0.38046875 0.5854166666666667 0.0078125 0.020833333333333332
4 0.3796875 0.5947916666666667 0.009375 0.03125
5 0.44765625 0.6239583333333333 0.0078125 0.014583333333333334
5 0.47578125 0.6635416666666667 0.0109375 0.01875
4 0.44609375 0.625 0.0078125 0.0125
4 0.36328125 0.5104166666666666 0.0078125 0.020833333333333332
4 0.36640625 0.5 0.0109375 0.0125
5 0.546875 0.6 0.021875 0.1125
1 0.615625 0.6 0.021875 0.041666666666666664
5 0.553125 0.540625 0.00625 0.01875
5 0.60703125 0.5875 0.0046875 0.008333333333333333
5 0.5890625 0.6125 0.0125 0.025

5 0.63046875 0.5479166666666667 0.0078125 0.020833333333333332

5 0.646875 0.5635416666666667 0.009375 0.010416666666666666
5 0.64765625 0.56875 0.0078125 0.020833333333333332
5 0.784375 0.475 0.00625 0.008333333333333333
5 0.7890625 0.478125 0.0125 0.010416666666666666
5 0.65 0.38958333333333334 0.01875 0.03333333333333333
5 0.63125 0.5427083333333333 0.00625 0.010416666666666666
5 0.48984375 0.5 0.0265625 0.0375
5 0.4953125 0.484375 0.021875 0.01875
5 0.48984375 0.5010416666666667 0.0265625 0.04375
1 0.48828125 0.496875 0.0234375 0.035416666666666666
3 0.5859375 0.42291666666666666 0.0375 0.09166666666666666
1 0.54296875 0.3177083333333333 0.0140625 0.01875
1 0.5515625 0.228125 0.01875 0.035416666666666666
3 0.52109375 0.16458333333333333 0.0203125 0.041666666666666664
1 0.5140625 0.12708333333333333 0.0125 0.0125
1 0.53203125 0.11666666666666667 0.0109375 0.016666666666666666
1 0.51953125 0.06875 0.0140625 0.016666666666666666
1 0.52421875 0.057291666666666664 0.0109375 0.010416666666666666
1 0.37890625 0.24895833333333334 0.0140625 0.01875
1 0.35390625 0.24583333333333332 0.0140625 0.025
1 0.3734375 0.22604166666666667 0.015625 0.022916666666666665
1 0.353125 0.22395833333333334 0.015625 0.01875
1 0.3359375 0.22291666666666668 0.0125 0.020833333333333332
1 0.31796875 0.22604166666666667 0.0140625 0.01875
1 0.31796875 0.253125 0.0171875 0.027083333333333334
1 0.29765625 0.23125 0.0203125 0.020833333333333332
1 0.2765625 0.22708333333333333 0.015625 0.020833333333333332
1 0.38359375 0.18645833333333334 0.0140625 0.01875
1 0.36640625 0.18958333333333333 0.0140625 0.020833333333333332
1 0.33125 0.1875 0.015625 0.020833333333333332
1 0.31328125 0.19166666666666668 0.0171875 0.029166666666666667
1 0.29921875 0.17083333333333334 0.0234375 0.029166666666666667
1 0.48671875 0.071875 0.0203125 0.014583333333333334
1 0.6109375 0.371875 0.015625 0.014583333333333334
1 0.57734375 0.34479166666666666 0.0171875 0.03125
1 0.56171875 0.2833333333333333 0.0203125 0.025
1 0.55390625 0.16770833333333332 0.0140625 0.03125
