
1 0.37109375 0.975 0.0609375 0.05
1 0.44375 0.925 0.053125 0.041666666666666664
1 0.23203125 0.990625 0.0484375 0.01875
1 0.31015625 0.9583333333333334 0.0609375 0.05
1 0.39609375 0.9114583333333334 0.0546875 0.04791666666666667
1 0.16015625 0.9854166666666667 0.0671875 0.029166666666666667
1 0.2484375 0.9447916666666667 0.059375 0.04375
1 0.325 0.8989583333333333 0.05 0.03958333333333333
1 0.39765625 0.859375 0.0546875 0.03958333333333333
1 0.11015625 0.9760416666666667 0.0671875 0.04791666666666667
1 0.1921875 0.9270833333333334 0.0625 0.05
1 0.28046875 0.8833333333333333 0.0703125 0.05
1 0.3578125 0.8395833333333333 0.053125 0.041666666666666664

1 0.19140625 0.9270833333333334 0.0578125 0.04583333333333333

1 0.31796875 0.7697916666666667 0.0421875 0.04375
1 0.31328125 0.775 0.0453125 0.03333333333333333
1 0.31171875 0.7739583333333333 0.0515625 0.052083333333333336
1 0.31015625 0.7708333333333334 0.0515625 0.04583333333333333
1 0.3140625 0.7697916666666667 0.053125 0.04375
1 0.3109375 0.76875 0.05 0.041666666666666664
1 0.69296875 0.9260416666666667 0.0171875 0.022916666666666665
1 0.83046875 0.7895833333333333 0.0484375 0.04583333333333333
1 0.94765625 0.6145833333333334 0.0265625 0.03333333333333333

5 0.47734375 0.665625 0.0140625 0.014583333333333334
4 0.3796875 0.590625 0.009375 0.01875
4 0.38125 0.5927083333333333 0.009375 0.022916666666666665
5 0.45078125 0.6291666666666667 0.0078125 0.016666666666666666
5 0.478125 0.665625 0.0125 0.014583333333333334
4 0.45078125 0.6260416666666667 0.0078125 0.010416666666666666
4 0.36328125 0.5104166666666666 0.0078125 0.020833333333333332
4 0.365625 0.5 0.009375 0.0125
5 0.5375 0.55625 0.009375 0.025
1 0.61953125 0.6135416666666667 0.0234375 0.04375
5 0.5546875 0.5489583333333333 0.00625 0.01875
5 0.61015625 0.6 0.0046875 0.004166666666666667
5 0.596875 0.6229166666666667 0.009375 0.020833333333333332

5 0.63203125 0.553125 0.0078125 0.01875

5 0.6484375 0.5677083333333334 0.00625 0.00625
5 0.64921875 0.5760416666666667 0.0078125 0.01875
5 0.78515625 0.47604166666666664 0.0046875 0.00625
5 0.7890625 0.48541666666666666 0.015625 0.020833333333333332
5 0.64921875 0.390625 0.0203125 0.035416666666666666
5 0.63125 0.5489583333333333 0.00625 0.010416666666666666
5 0.48125 0.5083333333333333 0.021875 0.0375
5 0.49296875 0.48541666666666666 0.0140625 0.008333333333333333
5 0.484375 0.5114583333333333 0.021875 0.04375
1 0.48203125 0.5041666666666667 0.0234375 0.03333333333333333
3 0.58828125 0.42916666666666664 0.0390625 0.09166666666666666
1 0.54296875 0.321875 0.0140625 0.014583333333333334
1 0.55234375 0.23125 0.0203125 0.0375
3 0.5203125 0.16041666666666668 0.021875 0.04583333333333333
1 0.5140625 0.12708333333333333 0.0125 0.0125
1 0.53203125 0.11666666666666667 0.0109375 0.016666666666666666
1 0.51953125 0.06979166666666667 0.0140625 0.014583333333333334
1 0.52421875 0.058333333333333334 0.0109375 0.0125
1 0.37890625 0.25104166666666666 0.0171875 0.022916666666666665
1 0.35390625 0.24583333333333332 0.0140625 0.025
1 0.3734375 0.22604166666666667 0.015625 0.022916666666666665
1 0.353125 0.225 0.015625 0.020833333333333332
1 0.3359375 0.22291666666666668 0.0125 0.020833333333333332
1 0.31796875 0.22708333333333333 0.0140625 0.016666666666666666
1 0.31796875 0.253125 0.0171875 0.027083333333333334
1 0.30078125 0.23229166666666667 0.0203125 0.022916666666666665
1 0.2765625 0.22708333333333333 0.015625 0.020833333333333332
1 0.38359375 0.18645833333333334 0.0140625 0.01875
1 0.36640625 0.18958333333333333 0.0140625 0.020833333333333332
1 0.33125 0.1875 0.015625 0.020833333333333332
1 0.31328125 0.19166666666666668 0.0171875 0.029166666666666667
1 0.29921875 0.17083333333333334 0.0234375 0.029166666666666667
1 0.48828125 0.07291666666666667 0.0203125 0.016666666666666666
1 0.6140625 0.3770833333333333 0.0125 0.0125
1 0.58046875 0.35625 0.0203125 0.0375
1 0.56796875 0.29375 0.0171875 0.03333333333333333
1 0.546875 0.171875 0.021875 0.03125
