
1 0.38125 0.975 0.059375 0.05
1 0.45078125 0.925 0.0515625 0.041666666666666664
1 0.2421875 0.9916666666666667 0.04375 0.016666666666666666
1 0.31875 0.9572916666666667 0.065625 0.052083333333333336
1 0.4046875 0.9104166666666667 0.05625 0.05
1 0.16875 0.9854166666666667 0.065625 0.029166666666666667
1 0.2578125 0.9447916666666667 0.0625 0.04791666666666667
1 0.33359375 0.9 0.0484375 0.041666666666666664
1 0.40546875 0.859375 0.0546875 0.04375
1 0.11875 0.9770833333333333 0.065625 0.04583333333333333
1 0.2 0.928125 0.0625 0.04791666666666667
1 0.2890625 0.8833333333333333 0.06875 0.05
1 0.3671875 0.8395833333333333 0.053125 0.04583333333333333
1 0.08359375 0.8854166666666666 0.0671875 0.058333333333333334

1 0.1421875 0.8010416666666667 0.059375 0.052083333333333336
1 0.33203125 0.7760416666666666 0.0515625 0.04791666666666667
1 0.3328125 0.6791666666666667 0.053125 0.041666666666666664
1 0.4390625 0.6864583333333333 0.05 0.035416666666666666
1 0.48046875 0.7395833333333334 0.0578125 0.0375
1 0.56484375 0.6958333333333333 0.0546875 0.0375
1 0.640625 0.6916666666666667 0.053125 0.05
1 0.68515625 0.8041666666666667 0.0515625 0.05416666666666667
1 0.7390625 0.709375 0.053125 0.04791666666666667
1 0.8390625 0.7833333333333333 0.040625 0.07083333333333333

5 0.309375 0.6010416666666667 0.021875 0.022916666666666665
4 0.34921875 0.5583333333333333 0.0078125 0.020833333333333332
4 0.36953125 0.55 0.0078125 0.016666666666666666
5 0.40625 0.54375 0.009375 0.025
5 0.41953125 0.5416666666666666 0.0109375 0.025
4 0.39609375 0.528125 0.0078125 0.01875
4 0.365625 0.509375 0.009375 0.027083333333333334
4 0.37265625 0.4979166666666667 0.0140625 0.016666666666666666
5 0.521875 0.4166666666666667 0.009375 0.025
1 0.5734375 0.39791666666666664 0.021875 0.03333333333333333
5 0.534375 0.4166666666666667 0.00625 0.016666666666666666
5 0.55390625 0.4114583333333333 0.0078125 0.01875
5 0.55390625 0.43125 0.0109375 0.025
5 0.5734375 0.4322916666666667 0.0125 0.022916666666666665
5 0.590625 0.3927083333333333 0.015625 0.01875
5 0.61640625 0.39895833333333336 0.0109375 0.022916666666666665
5 0.61328125 0.38125 0.0109375 0.016666666666666666
5 0.64296875 0.371875 0.0078125 0.01875
5 0.61875 0.3645833333333333 0.009375 0.016666666666666666
5 0.6171875 0.34479166666666666 0.0125 0.01875
5 0.615625 0.3645833333333333 0.0125 0.016666666666666666
5 0.56796875 0.3614583333333333 0.0078125 0.014583333333333334
5 0.5515625 0.3697916666666667 0.00625 0.014583333333333334
5 0.53125 0.35625 0.00625 0.016666666666666666
5 0.5375 0.35625 0.00625 0.016666666666666666
1 0.534375 0.3177083333333333 0.025 0.03125
3 0.54453125 0.25833333333333336 0.0265625 0.06666666666666667
1 0.52890625 0.21770833333333334 0.0140625 0.01875
1 0.52890625 0.18958333333333333 0.0171875 0.025
3 0.52421875 0.14270833333333333 0.0203125 0.04791666666666667
1 0.51640625 0.11666666666666667 0.0109375 0.016666666666666666
1 0.51171875 0.09166666666666666 0.0140625 0.03333333333333333
1 0.50390625 0.06041666666666667 0.0078125 0.008333333333333333
1 0.4921875 0.029166666666666667 0.0125 0.020833333333333332
1 0.38046875 0.24895833333333334 0.0171875 0.01875
1 0.36484375 0.25 0.0171875 0.025
1 0.3796875 0.22291666666666668 0.015625 0.020833333333333332
1 0.359375 0.22291666666666668 0.015625 0.020833333333333332
1 0.33984375 0.22291666666666668 0.0171875 0.025
1 0.32265625 0.22604166666666667 0.0140625 0.01875
1 0.321875 0.25729166666666664 0.015625 0.03125
1 0.30078125 0.23020833333333332 0.0203125 0.022916666666666665
1 0.28359375 0.225 0.0140625 0.016666666666666666
1 0.38828125 0.184375 0.0171875 0.01875
1 0.3734375 0.1875 0.015625 0.020833333333333332
1 0.33359375 0.18645833333333334 0.0140625 0.01875
1 0.315625 0.190625 0.015625 0.027083333333333334
1 0.30390625 0.16770833333333332 0.0171875 0.027083333333333334
1 0.48984375 0.07395833333333333 0.0171875 0.01875
1 0.5640625 0.2552083333333333 0.015625 0.027083333333333334
1 0.55703125 0.22083333333333333 0.0171875 0.029166666666666667
1 0.55078125 0.190625 0.0140625 0.022916666666666665
1 0.54296875 0.1625 0.0171875 0.025
