
1 0.37109375 0.975 0.0609375 0.05
1 0.44375 0.925 0.053125 0.041666666666666664
1 0.23203125 0.990625 0.0484375 0.01875
1 0.31015625 0.9583333333333334 0.0609375 0.05
1 0.39609375 0.9114583333333334 0.0546875 0.04791666666666667
1 0.16015625 0.9854166666666667 0.0671875 0.029166666666666667
1 0.2484375 0.9447916666666667 0.059375 0.04375
1 0.325 0.8989583333333333 0.05 0.03958333333333333
1 0.39765625 0.859375 0.0546875 0.03958333333333333
1 0.11015625 0.9760416666666667 0.0671875 0.04791666666666667
1 0.1921875 0.9270833333333334 0.0625 0.05
1 0.28046875 0.8833333333333333 0.0703125 0.05
1 0.3578125 0.840625 0.053125 0.04375

1 0.190625 0.928125 0.059375 0.04375

1 0.31015625 0.7708333333333334 0.0484375 0.041666666666666664
1 0.30390625 0.7739583333333333 0.0453125 0.03125
1 0.29765625 0.7770833333333333 0.0453125 0.04583333333333333
1 0.29765625 0.7760416666666666 0.0453125 0.04375
1 0.30625 0.7729166666666667 0.05625 0.04583333333333333
1 0.2984375 0.7739583333333333 0.04375 0.03958333333333333
1 0.69453125 0.9375 0.0171875 0.029166666666666667
1 0.8265625 0.790625 0.05 0.04791666666666667
1 0.946875 0.6104166666666667 0.03125 0.0375

5 0.48125 0.6729166666666667 0.0125 0.020833333333333332
4 0.3796875 0.590625 0.009375 0.01875
4 0.38125 0.5916666666666667 0.009375 0.020833333333333332
5 0.45234375 0.6302083333333334 0.0078125 0.014583333333333334
5 0.48359375 0.6760416666666667 0.0078125 0.01875
4 0.45234375 0.628125 0.0078125 0.010416666666666666
4 0.36171875 0.509375 0.0078125 0.01875
4 0.365625 0.5 0.009375 0.0125
5 0.5375 0.5739583333333333 0.009375 0.03958333333333333
1 0.6203125 0.6197916666666666 0.021875 0.04375
5 0.5546875 0.5520833333333334 0.00625 0.016666666666666666
5 0.61015625 0.6083333333333333 0.0078125 0.008333333333333333
5 0.59765625 0.6260416666666667 0.0109375 0.022916666666666665

5 0.63203125 0.5552083333333333 0.0078125 0.01875

5 0.64921875 0.571875 0.0078125 0.00625
5 0.64921875 0.5791666666666667 0.0078125 0.020833333333333332
5 0.78671875 0.47604166666666664 0.0046875 0.00625
5 0.78828125 0.4875 0.0140625 0.016666666666666666
5 0.65078125 0.38958333333333334 0.0234375 0.0375
5 0.63203125 0.553125 0.0046875 0.010416666666666666
5 0.47890625 0.5135416666666667 0.0234375 0.03958333333333333
5 0.490625 0.48854166666666665 0.015625 0.00625
5 0.48125 0.5208333333333334 0.021875 0.03333333333333333
1 0.47890625 0.5083333333333333 0.0234375 0.03333333333333333
3 0.58828125 0.4322916666666667 0.0390625 0.08958333333333333
1 0.54375 0.32395833333333335 0.0125 0.014583333333333334
1 0.5703125 0.225 0.0125 0.025
3 0.5203125 0.16041666666666668 0.021875 0.04583333333333333
1 0.51484375 0.128125 0.0109375 0.014583333333333334
1 0.53203125 0.11770833333333333 0.0109375 0.014583333333333334
1 0.51953125 0.06875 0.0140625 0.016666666666666666
1 0.52421875 0.058333333333333334 0.0109375 0.0125
1 0.37890625 0.25104166666666666 0.0171875 0.022916666666666665
1 0.35390625 0.24583333333333332 0.0140625 0.025
1 0.3734375 0.22604166666666667 0.015625 0.022916666666666665
1 0.3546875 0.22291666666666668 0.0125 0.016666666666666666
1 0.3359375 0.22291666666666668 0.0125 0.020833333333333332
1 0.31796875 0.22708333333333333 0.0140625 0.016666666666666666
1 0.31796875 0.253125 0.0171875 0.027083333333333334
1 0.29765625 0.23125 0.0203125 0.020833333333333332
1 0.2765625 0.22708333333333333 0.015625 0.020833333333333332
1 0.38359375 0.18645833333333334 0.0140625 0.01875
1 0.36640625 0.18958333333333333 0.0140625 0.020833333333333332
1 0.33125 0.1875 0.015625 0.020833333333333332
1 0.31328125 0.19166666666666668 0.0171875 0.029166666666666667
1 0.29921875 0.17083333333333334 0.0234375 0.029166666666666667
1 0.4890625 0.071875 0.021875 0.014583333333333334
1 0.6140625 0.37916666666666665 0.0125 0.0125
1 0.5796875 0.35520833333333335 0.01875 0.03125
1 0.5671875 0.29375 0.015625 0.0375
1 0.546875 0.17291666666666666 0.021875 0.029166666666666667
