
1 0.37109375 0.975 0.0609375 0.05
1 0.44375 0.925 0.053125 0.041666666666666664
1 0.23203125 0.990625 0.0484375 0.01875
1 0.309375 0.9583333333333334 0.0625 0.05
1 0.39609375 0.9114583333333334 0.0546875 0.04791666666666667
1 0.16015625 0.9854166666666667 0.0671875 0.029166666666666667
1 0.2484375 0.9447916666666667 0.059375 0.04375
1 0.325 0.8989583333333333 0.05 0.03958333333333333
1 0.39765625 0.859375 0.0546875 0.03958333333333333
1 0.11015625 0.9760416666666667 0.0671875 0.04791666666666667
1 0.1921875 0.9270833333333334 0.0625 0.05
1 0.28046875 0.8833333333333333 0.0703125 0.05
1 0.3578125 0.840625 0.053125 0.04375

1 0.190625 0.928125 0.059375 0.04375

1 0.30078125 0.7760416666666666 0.0453125 0.04375
1 0.29296875 0.7791666666666667 0.0515625 0.041666666666666664
1 0.2921875 0.78125 0.053125 0.04583333333333333
1 0.2921875 0.778125 0.05625 0.04375
1 0.2953125 0.778125 0.05625 0.04791666666666667
1 0.2921875 0.7791666666666667 0.053125 0.041666666666666664
1 0.6984375 0.95 0.021875 0.0375
1 0.8296875 0.790625 0.046875 0.04791666666666667
1 0.9515625 0.6041666666666666 0.025 0.03333333333333333

5 0.4875 0.68125 0.009375 0.020833333333333332
4 0.38125 0.5927083333333333 0.009375 0.01875
4 0.38125 0.59375 0.009375 0.020833333333333332
5 0.45390625 0.63125 0.0078125 0.0125
5 0.48671875 0.68125 0.0078125 0.020833333333333332
4 0.45546875 0.6302083333333334 0.0078125 0.010416666666666666
4 0.3609375 0.509375 0.009375 0.01875
4 0.365625 0.5 0.009375 0.0125
5 0.53671875 0.5760416666666667 0.0078125 0.035416666666666666
1 0.621875 0.6260416666666667 0.021875 0.03958333333333333
5 0.55546875 0.55625 0.0078125 0.016666666666666666
5 0.61328125 0.6145833333333334 0.0046875 0.008333333333333333
5 0.596875 0.63125 0.009375 0.020833333333333332

5 0.63359375 0.5604166666666667 0.0078125 0.016666666666666666

5 0.64921875 0.575 0.0078125 0.008333333333333333
5 0.65 0.5833333333333334 0.009375 0.020833333333333332
5 0.78828125 0.47708333333333336 0.0046875 0.004166666666666667
5 0.7921875 0.4864583333333333 0.015625 0.01875
5 0.6484375 0.3875 0.021875 0.041666666666666664
5 0.6328125 0.5572916666666666 0.00625 0.010416666666666666
5 0.46953125 0.5177083333333333 0.0171875 0.03958333333333333
5 0.484375 0.4979166666666667 0.021875 0.016666666666666666
5 0.4765625 0.5229166666666667 0.021875 0.029166666666666667
1 0.4734375 0.5125 0.01875 0.029166666666666667
3 0.58984375 0.4375 0.0359375 0.09166666666666666
1 0.54375 0.32708333333333334 0.0125 0.016666666666666666
1 0.5703125 0.215625 0.0125 0.022916666666666665
3 0.51875 0.15833333333333333 0.021875 0.04583333333333333
1 0.5140625 0.12708333333333333 0.0125 0.0125
1 0.53203125 0.11770833333333333 0.0109375 0.014583333333333334
1 0.51953125 0.06875 0.0140625 0.016666666666666666
1 0.52421875 0.058333333333333334 0.0109375 0.0125
1 0.37890625 0.25104166666666666 0.0171875 0.022916666666666665
1 0.35390625 0.24895833333333334 0.0171875 0.027083333333333334
1 0.3734375 0.22604166666666667 0.015625 0.022916666666666665
1 0.35390625 0.225 0.0140625 0.020833333333333332
1 0.3359375 0.22291666666666668 0.0125 0.020833333333333332
1 0.31796875 0.22708333333333333 0.0140625 0.016666666666666666
1 0.3171875 0.253125 0.015625 0.027083333333333334
1 0.29765625 0.23229166666666667 0.0203125 0.022916666666666665
1 0.2765625 0.22708333333333333 0.015625 0.020833333333333332
1 0.38359375 0.18645833333333334 0.0140625 0.01875
1 0.36640625 0.18958333333333333 0.0140625 0.020833333333333332
1 0.33125 0.1875 0.015625 0.020833333333333332
1 0.31328125 0.19166666666666668 0.0171875 0.029166666666666667
1 0.29921875 0.17083333333333334 0.0234375 0.029166666666666667
1 0.4890625 0.071875 0.021875 0.014583333333333334
1 0.61484375 0.3885416666666667 0.0140625 0.01875
1 0.58203125 0.3645833333333333 0.0203125 0.0375
1 0.5671875 0.296875 0.015625 0.03125
1 0.546875 0.171875 0.021875 0.03125
