
1 0.37109375 0.975 0.0609375 0.05
1 0.44375 0.925 0.053125 0.041666666666666664
1 0.23203125 0.990625 0.0484375 0.01875
1 0.309375 0.9583333333333334 0.0625 0.05
1 0.39609375 0.9114583333333334 0.0546875 0.04791666666666667
1 0.16015625 0.9854166666666667 0.0671875 0.029166666666666667
1 0.2484375 0.9447916666666667 0.059375 0.04375
1 0.325 0.8989583333333333 0.05 0.03958333333333333
1 0.39765625 0.859375 0.0546875 0.03958333333333333
1 0.11015625 0.975 0.0671875 0.05
1 0.1921875 0.9270833333333334 0.0625 0.05
1 0.28046875 0.8833333333333333 0.0703125 0.05
1 0.3578125 0.8395833333333333 0.053125 0.041666666666666664

1 0.19140625 0.9270833333333334 0.0609375 0.041666666666666664

1 0.2921875 0.78125 0.046875 0.04583333333333333
1 0.28671875 0.7802083333333333 0.0390625 0.03958333333333333
1 0.28203125 0.7833333333333333 0.0453125 0.04583333333333333
1 0.28046875 0.7833333333333333 0.0484375 0.05
1 0.28828125 0.78125 0.0546875 0.04583333333333333
1 0.28203125 0.7822916666666667 0.0453125 0.04375
1 0.69296875 0.9625 0.0328125 0.03333333333333333
1 0.8265625 0.790625 0.05 0.04791666666666667
1 0.953125 0.5989583333333334 0.025 0.03125

5 0.4890625 0.684375 0.009375 0.01875
4 0.38125 0.5927083333333333 0.009375 0.01875
4 0.38125 0.59375 0.009375 0.020833333333333332
5 0.45390625 0.6333333333333333 0.0078125 0.0125
5 0.4890625 0.684375 0.00625 0.014583333333333334
4 0.45546875 0.63125 0.0078125 0.008333333333333333
4 0.359375 0.509375 0.009375 0.01875
4 0.36484375 0.5 0.0109375 0.0125
5 0.51953125 0.5052083333333334 0.0140625 0.14375
1 0.6234375 0.6354166666666666 0.025 0.04583333333333333
5 0.55625 0.5604166666666667 0.00625 0.016666666666666666
5 0.615625 0.6239583333333333 0.00625 0.010416666666666666
5 0.59765625 0.6354166666666666 0.0078125 0.020833333333333332

5 0.63359375 0.5625 0.0078125 0.020833333333333332

5 0.64921875 0.578125 0.0078125 0.00625
5 0.65078125 0.5864583333333333 0.0078125 0.01875
5 0.7890625 0.47604166666666664 0.00625 0.00625
5 0.7953125 0.48333333333333334 0.015625 0.016666666666666666
5 0.64765625 0.3875 0.0234375 0.04583333333333333
5 0.63359375 0.5583333333333333 0.0046875 0.008333333333333333
5 0.465625 0.5197916666666667 0.021875 0.03125
5 0.48515625 0.49583333333333335 0.0171875 0.008333333333333333
5 0.478125 0.53125 0.025 0.04583333333333333
1 0.4703125 0.515625 0.025 0.035416666666666666
3 0.590625 0.440625 0.0375 0.09375
1 0.54375 0.32916666666666666 0.0125 0.016666666666666666
1 0.5703125 0.23541666666666666 0.015625 0.029166666666666667
3 0.52265625 0.15729166666666666 0.0171875 0.04375
1 0.51484375 0.12708333333333333 0.0140625 0.0125
1 0.53203125 0.11770833333333333 0.0109375 0.014583333333333334
1 0.51953125 0.06875 0.0140625 0.016666666666666666
1 0.52421875 0.058333333333333334 0.0109375 0.0125
1 0.37890625 0.25104166666666666 0.0171875 0.022916666666666665
1 0.35390625 0.24895833333333334 0.0171875 0.027083333333333334
1 0.3734375 0.22604166666666667 0.015625 0.022916666666666665
1 0.353125 0.22395833333333334 0.015625 0.01875
1 0.3359375 0.22291666666666668 0.0125 0.020833333333333332
1 0.31796875 0.22708333333333333 0.0140625 0.016666666666666666
1 0.31796875 0.253125 0.0171875 0.027083333333333334
1 0.30078125 0.23229166666666667 0.0203125 0.022916666666666665
1 0.27578125 0.22708333333333333 0.0171875 0.020833333333333332
1 0.38359375 0.18645833333333334 0.0140625 0.01875
1 0.36640625 0.18958333333333333 0.0140625 0.020833333333333332
1 0.33125 0.18854166666666666 0.015625 0.022916666666666665
1 0.31328125 0.19166666666666668 0.0171875 0.029166666666666667
1 0.29921875 0.17083333333333334 0.0234375 0.029166666666666667
1 0.4890625 0.071875 0.021875 0.014583333333333334
1 0.6171875 0.3854166666666667 0.015625 0.0125
1 0.58203125 0.36666666666666664 0.0203125 0.0375
1 0.5671875 0.29791666666666666 0.015625 0.03333333333333333
1 0.5484375 0.17083333333333334 0.025 0.03333333333333333
