
1 0.37109375 0.975 0.0609375 0.05
1 0.44375 0.925 0.053125 0.041666666666666664
1 0.23203125 0.990625 0.0484375 0.01875
1 0.309375 0.9583333333333334 0.0625 0.05
1 0.39609375 0.9114583333333334 0.0546875 0.04791666666666667
1 0.16015625 0.9854166666666667 0.0671875 0.029166666666666667
1 0.2484375 0.9447916666666667 0.059375 0.04375
1 0.325 0.8989583333333333 0.05 0.03958333333333333
1 0.39765625 0.859375 0.0546875 0.03958333333333333
1 0.11015625 0.9760416666666667 0.0671875 0.04791666666666667
1 0.1921875 0.9270833333333334 0.0625 0.05
1 0.28046875 0.8833333333333333 0.0703125 0.05
1 0.35859375 0.8395833333333333 0.0546875 0.041666666666666664

1 0.1921875 0.9270833333333334 0.059375 0.041666666666666664

1 0.28125 0.7833333333333333 0.04375 0.041666666666666664
1 0.2765625 0.7833333333333333 0.046875 0.041666666666666664
1 0.265625 0.7854166666666667 0.04375 0.04583333333333333
1 0.26640625 0.7875 0.0453125 0.05
1 0.27578125 0.7854166666666667 0.0546875 0.04583333333333333
1 0.26796875 0.7833333333333333 0.0421875 0.041666666666666664
1 0.69765625 0.9791666666666666 0.0421875 0.041666666666666664
1 0.82734375 0.790625 0.0515625 0.04791666666666667
1 0.9578125 0.590625 0.025 0.03125

5 0.48984375 0.6802083333333333 0.0109375 0.014583333333333334
4 0.38125 0.5947916666666667 0.009375 0.01875
4 0.38203125 0.5958333333333333 0.0078125 0.016666666666666666
5 0.45703125 0.6354166666666666 0.0078125 0.0125
5 0.48984375 0.68125 0.0078125 0.0125
4 0.45703125 0.6333333333333333 0.0078125 0.008333333333333333
4 0.35859375 0.509375 0.0109375 0.01875
4 0.36484375 0.5 0.0109375 0.0125
5 0.51484375 0.5072916666666667 0.0140625 0.13958333333333334
1 0.62421875 0.640625 0.0234375 0.03958333333333333
5 0.55546875 0.5614583333333333 0.0046875 0.010416666666666666
5 0.61796875 0.6291666666666667 0.0046875 0.004166666666666667
5 0.59921875 0.6427083333333333 0.0078125 0.022916666666666665
5 0.59921875 0.45208333333333334 0.0171875 0.020833333333333332
5 0.63359375 0.565625 0.0078125 0.01875

5 0.64921875 0.584375 0.0078125 0.00625
5 0.6515625 0.590625 0.009375 0.01875
5 0.790625 0.478125 0.00625 0.00625
5 0.79765625 0.48541666666666666 0.0140625 0.016666666666666666
5 0.6484375 0.3885416666666667 0.021875 0.04791666666666667
5 0.634375 0.5625 0.00625 0.008333333333333333
5 0.4828125 0.5114583333333333 0.015625 0.01875
5 0.47734375 0.503125 0.0203125 0.010416666666666666
5 0.4765625 0.5354166666666667 0.028125 0.04583333333333333
1 0.46328125 0.5239583333333333 0.0234375 0.035416666666666666
3 0.59296875 0.44479166666666664 0.0390625 0.08958333333333333
1 0.54375 0.334375 0.0125 0.01875
1 0.57109375 0.23541666666666666 0.0140625 0.025
3 0.52265625 0.15833333333333333 0.0171875 0.041666666666666664
1 0.51484375 0.128125 0.0109375 0.014583333333333334
1 0.5328125 0.121875 0.0125 0.01875
1 0.51953125 0.06354166666666666 0.0140625 0.010416666666666666
1 0.52421875 0.057291666666666664 0.0109375 0.010416666666666666
1 0.37890625 0.25104166666666666 0.0171875 0.022916666666666665
1 0.35390625 0.24895833333333334 0.0171875 0.027083333333333334
1 0.3734375 0.22604166666666667 0.015625 0.022916666666666665
1 0.353125 0.225 0.015625 0.020833333333333332
1 0.3359375 0.22291666666666668 0.0125 0.020833333333333332
1 0.31796875 0.22708333333333333 0.0140625 0.016666666666666666
1 0.31875 0.253125 0.015625 0.027083333333333334
1 0.29765625 0.23125 0.0203125 0.020833333333333332
1 0.27578125 0.228125 0.0171875 0.01875
1 0.38359375 0.18645833333333334 0.0140625 0.01875
1 0.36640625 0.18958333333333333 0.0140625 0.020833333333333332
1 0.33125 0.1875 0.015625 0.020833333333333332
1 0.3125 0.19270833333333334 0.015625 0.03125
1 0.29921875 0.17083333333333334 0.0234375 0.029166666666666667
1 0.48984375 0.071875 0.0203125 0.014583333333333334
1 0.61796875 0.3885416666666667 0.0140625 0.010416666666666666
1 0.58203125 0.37083333333333335 0.0203125 0.0375
1 0.5671875 0.3020833333333333 0.015625 0.03333333333333333
1 0.5484375 0.171875 0.025 0.03125
