
1 0.37109375 0.975 0.0609375 0.05
1 0.44375 0.925 0.053125 0.041666666666666664
1 0.23203125 0.990625 0.0484375 0.01875
1 0.309375 0.9583333333333334 0.0625 0.05
1 0.39609375 0.9114583333333334 0.0546875 0.04791666666666667
1 0.16015625 0.9854166666666667 0.0671875 0.029166666666666667
1 0.2484375 0.9447916666666667 0.059375 0.04375
1 0.325 0.8989583333333333 0.05 0.03958333333333333
1 0.39765625 0.859375 0.0546875 0.03958333333333333
1 0.11015625 0.9760416666666667 0.0671875 0.04791666666666667
1 0.1921875 0.9270833333333334 0.0625 0.05
1 0.28046875 0.8833333333333333 0.0703125 0.05
1 0.35859375 0.8395833333333333 0.0546875 0.041666666666666664

1 0.1921875 0.9270833333333334 0.059375 0.041666666666666664

1 0.27109375 0.7885416666666667 0.0390625 0.035416666666666666
1 0.2671875 0.7885416666666667 0.046875 0.035416666666666666
1 0.2640625 0.79375 0.046875 0.04583333333333333
1 0.2546875 0.7927083333333333 0.0375 0.04375
1 0.26875 0.7895833333333333 0.053125 0.04583333333333333
1 0.26484375 0.7885416666666667 0.0453125 0.035416666666666666
1 0.7046875 0.9833333333333333 0.040625 0.03333333333333333
1 0.82734375 0.790625 0.0515625 0.04791666666666667
1 0.95859375 0.5854166666666667 0.0234375 0.029166666666666667

5 0.48984375 0.6822916666666666 0.0109375 0.014583333333333334
4 0.38125 0.596875 0.009375 0.01875
4 0.3828125 0.596875 0.009375 0.01875
5 0.45859375 0.6385416666666667 0.0078125 0.014583333333333334
5 0.490625 0.6854166666666667 0.009375 0.0125
4 0.45859375 0.640625 0.0078125 0.014583333333333334
4 0.35859375 0.509375 0.0109375 0.01875
4 0.36484375 0.5010416666666667 0.0109375 0.010416666666666666
5 0.5140625 0.5145833333333333 0.015625 0.15833333333333333
1 0.6265625 0.6489583333333333 0.025 0.04375
5 0.55390625 0.5645833333333333 0.0078125 0.0125
5 0.61953125 0.6354166666666666 0.0046875 0.008333333333333333
5 0.6 0.6458333333333334 0.009375 0.020833333333333332
5 0.5984375 0.4510416666666667 0.021875 0.035416666666666666
5 0.63515625 0.5677083333333334 0.0078125 0.01875
5 0.62734375 0.4083333333333333 0.0171875 0.025
5 0.65078125 0.584375 0.0078125 0.00625
5 0.65234375 0.5916666666666667 0.0078125 0.016666666666666666
5 0.7921875 0.478125 0.00625 0.00625
5 0.8 0.4864583333333333 0.0125 0.01875
5 0.646875 0.38645833333333335 0.025 0.052083333333333336
5 0.63515625 0.5625 0.0046875 0.008333333333333333
5 0.4640625 0.53125 0.021875 0.0375
5 0.4765625 0.5041666666666667 0.01875 0.008333333333333333
5 0.4796875 0.5354166666666667 0.021875 0.04583333333333333
1 0.45859375 0.528125 0.0203125 0.03125
3 0.59375 0.44895833333333335 0.0375 0.08958333333333333
1 0.54453125 0.33541666666666664 0.0140625 0.016666666666666666
1 0.57109375 0.23854166666666668 0.0140625 0.022916666666666665
3 0.52265625 0.15729166666666666 0.0171875 0.04375
1 0.515625 0.12916666666666668 0.0125 0.0125
1 0.5328125 0.121875 0.0125 0.01875
1 0.51796875 0.06875 0.0140625 0.016666666666666666
1 0.52421875 0.057291666666666664 0.0109375 0.010416666666666666
1 0.37890625 0.2520833333333333 0.0171875 0.025
1 0.35390625 0.24895833333333334 0.0171875 0.027083333333333334
1 0.3734375 0.22604166666666667 0.015625 0.022916666666666665
1 0.353125 0.225 0.015625 0.020833333333333332
1 0.3359375 0.22291666666666668 0.0125 0.020833333333333332
1 0.31796875 0.22708333333333333 0.0140625 0.016666666666666666
1 0.31796875 0.253125 0.0171875 0.027083333333333334
1 0.29765625 0.23125 0.0203125 0.020833333333333332
1 0.27734375 0.225 0.0140625 0.016666666666666666
1 0.38359375 0.18645833333333334 0.0140625 0.01875
1 0.36640625 0.18958333333333333 0.0140625 0.020833333333333332
1 0.33125 0.18854166666666666 0.015625 0.022916666666666665
1 0.3125 0.19375 0.015625 0.03333333333333333
1 0.29921875 0.17083333333333334 0.0234375 0.029166666666666667
1 0.48984375 0.071875 0.0203125 0.014583333333333334
1 0.61796875 0.390625 0.0109375 0.010416666666666666
1 0.584375 0.37083333333333335 0.015625 0.03333333333333333
1 0.5671875 0.30833333333333335 0.015625 0.029166666666666667
1 0.5453125 0.17291666666666666 0.025 0.029166666666666667
