
1 0.37109375 0.975 0.0609375 0.05
1 0.44375 0.925 0.053125 0.041666666666666664
1 0.23125 0.990625 0.046875 0.01875
1 0.309375 0.9583333333333334 0.0625 0.05
1 0.39609375 0.9114583333333334 0.0546875 0.04791666666666667
1 0.16015625 0.9854166666666667 0.0671875 0.029166666666666667
1 0.2484375 0.9447916666666667 0.059375 0.04375
1 0.325 0.8989583333333333 0.05 0.03958333333333333
1 0.39765625 0.859375 0.0546875 0.03958333333333333
1 0.1109375 0.9760416666666667 0.065625 0.04791666666666667
1 0.1921875 0.9270833333333334 0.0625 0.05
1 0.28046875 0.8833333333333333 0.0703125 0.05
1 0.35859375 0.8395833333333333 0.0546875 0.041666666666666664

1 0.1921875 0.9260416666666667 0.059375 0.04375

1 0.2609375 0.79375 0.04375 0.04583333333333333
1 0.25625 0.7958333333333333 0.0375 0.041666666666666664
1 0.2515625 0.7979166666666667 0.04375 0.04583333333333333
1 0.25 0.8010416666666667 0.04375 0.04791666666666667
1 0.25546875 0.7947916666666667 0.0484375 0.04791666666666667
1 0.25234375 0.7958333333333333 0.0421875 0.041666666666666664
1 0.70859375 0.990625 0.0328125 0.01875
1 0.83046875 0.790625 0.0484375 0.04791666666666667
1 0.9625 0.578125 0.025 0.03125

5 0.4921875 0.6885416666666667 0.0125 0.014583333333333334
4 0.3828125 0.5958333333333333 0.009375 0.016666666666666666
4 0.3828125 0.596875 0.009375 0.01875
5 0.4609375 0.6395833333333333 0.00625 0.0125
5 0.49453125 0.6916666666666667 0.0078125 0.0125
4 0.46015625 0.6375 0.0078125 0.008333333333333333
4 0.3578125 0.509375 0.009375 0.01875
4 0.3640625 0.5010416666666667 0.009375 0.010416666666666666
5 0.54296875 0.5802083333333333 0.0171875 0.03125
1 0.62890625 0.6583333333333333 0.0234375 0.041666666666666664
5 0.55859375 0.571875 0.0046875 0.010416666666666666
5 0.62109375 0.6458333333333334 0.0046875 0.008333333333333333
5 0.6 0.6552083333333333 0.009375 0.022916666666666665
5 0.6 0.45208333333333334 0.01875 0.03333333333333333
5 0.634375 0.5760416666666667 0.009375 0.01875
5 0.625 0.41041666666666665 0.021875 0.03333333333333333
5 0.65078125 0.5875 0.0046875 0.004166666666666667
5 0.65234375 0.59375 0.0078125 0.0125
5 0.79296875 0.48020833333333335 0.0046875 0.00625
5 0.79609375 0.4895833333333333 0.0140625 0.020833333333333332
5 0.64921875 0.3854166666666667 0.0203125 0.041666666666666664
5 0.6359375 0.5677083333333334 0.00625 0.00625
5 0.45390625 0.5333333333333333 0.0140625 0.041666666666666664
5 0.46875 0.5135416666666667 0.021875 0.014583333333333334
5 0.47265625 0.546875 0.0359375 0.022916666666666665
1 0.45546875 0.5291666666666667 0.0234375 0.03333333333333333
3 0.5953125 0.4552083333333333 0.0375 0.09375
1 0.5453125 0.3385416666666667 0.0125 0.014583333333333334
1 0.57109375 0.23854166666666668 0.0140625 0.01875
3 0.5234375 0.15833333333333333 0.015625 0.04583333333333333
1 0.515625 0.128125 0.0125 0.014583333333333334
1 0.5328125 0.12291666666666666 0.0125 0.020833333333333332
1 0.51875 0.06875 0.0125 0.016666666666666666
1 0.52421875 0.057291666666666664 0.0109375 0.010416666666666666
1 0.3796875 0.25104166666666666 0.01875 0.022916666666666665
1 0.35390625 0.24895833333333334 0.0171875 0.027083333333333334
1 0.3734375 0.22604166666666667 0.015625 0.022916666666666665
1 0.3546875 0.22291666666666668 0.0125 0.016666666666666666
1 0.3359375 0.22291666666666668 0.0125 0.020833333333333332
1 0.31796875 0.22604166666666667 0.0140625 0.01875
1 0.31875 0.253125 0.015625 0.027083333333333334
1 0.29765625 0.23125 0.0203125 0.020833333333333332
1 0.27734375 0.225 0.0140625 0.016666666666666666
1 0.38359375 0.18645833333333334 0.0140625 0.01875
1 0.36640625 0.18958333333333333 0.0140625 0.020833333333333332
1 0.33125 0.18854166666666666 0.015625 0.022916666666666665
1 0.31328125 0.19270833333333334 0.0171875 0.03125
1 0.29921875 0.17083333333333334 0.0234375 0.029166666666666667
1 0.48984375 0.071875 0.0203125 0.014583333333333334
1 0.61875 0.39791666666666664 0.0125 0.0125
1 0.584375 0.3729166666666667 0.01875 0.03333333333333333
1 0.56875 0.30833333333333335 0.015625 0.0375
1 0.54375 0.17083333333333334 0.021875 0.03333333333333333
