
1 0.37109375 0.975 0.0609375 0.05
1 0.44375 0.925 0.053125 0.041666666666666664
1 0.23203125 0.990625 0.0484375 0.01875
1 0.309375 0.9583333333333334 0.0625 0.05
1 0.39609375 0.9114583333333334 0.0546875 0.04791666666666667
1 0.16015625 0.9854166666666667 0.0671875 0.029166666666666667
1 0.2484375 0.9447916666666667 0.059375 0.04375
1 0.32578125 0.8989583333333333 0.0484375 0.03958333333333333
1 0.39765625 0.859375 0.0546875 0.03958333333333333
1 0.1109375 0.9760416666666667 0.065625 0.04791666666666667
1 0.1921875 0.9270833333333334 0.0625 0.05
1 0.28125 0.8833333333333333 0.06875 0.05
1 0.35859375 0.8395833333333333 0.0546875 0.041666666666666664

1 0.1921875 0.9270833333333334 0.059375 0.041666666666666664

1 0.253125 0.7989583333333333 0.040625 0.04791666666666667
1 0.25234375 0.7979166666666667 0.0421875 0.04583333333333333
1 0.2375 0.8 0.04375 0.04583333333333333
1 0.23515625 0.8 0.0421875 0.04583333333333333
1 0.2484375 0.7979166666666667 0.05 0.04583333333333333
1 0.24765625 0.7947916666666667 0.0484375 0.035416666666666666
1 0.709375 0.9947916666666666 0.034375 0.010416666666666666
1 0.83359375 0.7895833333333333 0.0484375 0.05
1 0.96328125 0.5739583333333333 0.0234375 0.03125

5 0.4953125 0.69375 0.0125 0.016666666666666666
4 0.38359375 0.5958333333333333 0.0078125 0.016666666666666666
4 0.38359375 0.5979166666666667 0.0078125 0.016666666666666666
5 0.46171875 0.6427083333333333 0.0046875 0.010416666666666666
5 0.49921875 0.696875 0.0078125 0.014583333333333334
4 0.4609375 0.6395833333333333 0.00625 0.004166666666666667
4 0.35703125 0.509375 0.0109375 0.01875
4 0.3640625 0.5 0.009375 0.0125
5 0.54765625 0.5802083333333333 0.0109375 0.022916666666666665
1 0.63125 0.665625 0.025 0.04375
5 0.559375 0.575 0.00625 0.008333333333333333
5 0.62421875 0.65 0.0046875 0.008333333333333333
5 0.6015625 0.6583333333333333 0.009375 0.025
5 0.6015625 0.46875 0.015625 0.029166666666666667
5 0.6359375 0.5770833333333333 0.009375 0.020833333333333332
5 0.62890625 0.4125 0.0203125 0.03333333333333333
5 0.65 0.59375 0.00625 0.004166666666666667
5 0.653125 0.5958333333333333 0.009375 0.0125
5 0.79296875 0.48020833333333335 0.0046875 0.00625
5 0.79609375 0.4895833333333333 0.0140625 0.020833333333333332
5 0.646875 0.38645833333333335 0.025 0.04375
5 0.6375 0.5708333333333333 0.00625 0.008333333333333333
5 0.4734375 0.5229166666666667 0.00625 0.0125
5 0.46796875 0.5104166666666666 0.0203125 0.008333333333333333

1 0.44765625 0.534375 0.0171875 0.027083333333333334
3 0.59609375 0.45729166666666665 0.0390625 0.09375
1 0.5453125 0.33958333333333335 0.0125 0.0125
1 0.57421875 0.23854166666666668 0.0140625 0.014583333333333334
3 0.5234375 0.15729166666666666 0.015625 0.04375
1 0.51640625 0.128125 0.0109375 0.014583333333333334
1 0.53359375 0.125 0.0140625 0.020833333333333332
1 0.51953125 0.06875 0.0140625 0.016666666666666666
1 0.52421875 0.057291666666666664 0.0109375 0.010416666666666666
1 0.3796875 0.25104166666666666 0.01875 0.022916666666666665
1 0.35390625 0.25 0.0171875 0.029166666666666667
1 0.3734375 0.22604166666666667 0.015625 0.022916666666666665
1 0.35390625 0.22395833333333334 0.0140625 0.01875
1 0.3359375 0.22291666666666668 0.0125 0.020833333333333332
1 0.31796875 0.22604166666666667 0.0140625 0.01875
1 0.31796875 0.253125 0.0171875 0.027083333333333334
1 0.296875 0.23125 0.021875 0.020833333333333332
1 0.27734375 0.225 0.0140625 0.016666666666666666
1 0.38359375 0.18645833333333334 0.0140625 0.01875
1 0.36640625 0.18958333333333333 0.0140625 0.020833333333333332
1 0.33125 0.18854166666666666 0.015625 0.022916666666666665
1 0.31328125 0.19270833333333334 0.0171875 0.03125
1 0.29921875 0.17083333333333334 0.0234375 0.029166666666666667
1 0.490625 0.071875 0.01875 0.014583333333333334
1 0.6203125 0.39895833333333336 0.0125 0.010416666666666666
1 0.5859375 0.375 0.01875 0.029166666666666667
1 0.56953125 0.31145833333333334 0.0140625 0.03125
1 0.55390625 0.16458333333333333 0.0140625 0.029166666666666667
