
1 0.37109375 0.975 0.0609375 0.05
1 0.44375 0.925 0.053125 0.041666666666666664
1 0.23203125 0.990625 0.0484375 0.01875
1 0.309375 0.9583333333333334 0.0625 0.05
1 0.39609375 0.9114583333333334 0.0546875 0.04791666666666667
1 0.16015625 0.9854166666666667 0.0671875 0.029166666666666667
1 0.2484375 0.9447916666666667 0.059375 0.04375
1 0.325 0.8989583333333333 0.05 0.03958333333333333
1 0.39765625 0.859375 0.0546875 0.03958333333333333
1 0.11015625 0.9760416666666667 0.0671875 0.04791666666666667
1 0.1921875 0.9270833333333334 0.0625 0.05
1 0.28125 0.8833333333333333 0.06875 0.05
1 0.35859375 0.8395833333333333 0.0546875 0.041666666666666664

1 0.19140625 0.9270833333333334 0.0578125 0.041666666666666664

1 0.23984375 0.803125 0.0484375 0.04791666666666667
1 0.2375 0.803125 0.04375 0.04791666666666667
1 0.225 0.8052083333333333 0.040625 0.03958333333333333
1 0.2203125 0.809375 0.040625 0.035416666666666666
1 0.23359375 0.8041666666666667 0.0484375 0.0375
1 0.2328125 0.8041666666666667 0.046875 0.03333333333333333

1 0.83046875 0.7895833333333333 0.0484375 0.05
1 0.96484375 0.5677083333333334 0.0234375 0.027083333333333334

5 0.49921875 0.6989583333333333 0.0109375 0.014583333333333334
4 0.384375 0.5979166666666667 0.009375 0.016666666666666666
4 0.38515625 0.6 0.0078125 0.016666666666666666
5 0.4625 0.646875 0.009375 0.014583333333333334
5 0.5 0.7 0.00625 0.0125
4 0.46328125 0.6427083333333333 0.0046875 0.00625
4 0.3578125 0.5083333333333333 0.009375 0.016666666666666666
4 0.36484375 0.5 0.0109375 0.0125
5 0.54296875 0.5927083333333333 0.0203125 0.03125
1 0.634375 0.6739583333333333 0.025 0.04375
5 0.5640625 0.584375 0.00625 0.014583333333333334
5 0.625 0.6604166666666667 0.00625 0.008333333333333333
5 0.603125 0.6635416666666667 0.009375 0.022916666666666665
5 0.60234375 0.47291666666666665 0.0140625 0.020833333333333332
5 0.6359375 0.58125 0.009375 0.020833333333333332
5 0.6296875 0.41770833333333335 0.01875 0.035416666666666666
5 0.65078125 0.5989583333333334 0.0078125 0.00625
5 0.6546875 0.6010416666666667 0.009375 0.014583333333333334
5 0.79453125 0.48020833333333335 0.0046875 0.00625
5 0.79765625 0.4895833333333333 0.0140625 0.020833333333333332
5 0.64375 0.38125 0.028125 0.0375
5 0.63828125 0.5739583333333333 0.0078125 0.00625
5 0.446875 0.5447916666666667 0.025 0.04791666666666667
5 0.4609375 0.51875 0.021875 0.0125

1 0.44296875 0.5375 0.0234375 0.03333333333333333
3 0.596875 0.4625 0.0375 0.09583333333333334
1 0.54453125 0.346875 0.0140625 0.01875
1 0.56796875 0.240625 0.0015625 0.0020833333333333333
3 0.5203125 0.15520833333333334 0.01875 0.04375
1 0.515625 0.128125 0.0125 0.014583333333333334
1 0.53359375 0.125 0.0140625 0.020833333333333332
1 0.51953125 0.06875 0.0140625 0.016666666666666666
1 0.52421875 0.057291666666666664 0.0109375 0.010416666666666666
1 0.37734375 0.25 0.0171875 0.020833333333333332
1 0.35390625 0.246875 0.0140625 0.022916666666666665
1 0.3734375 0.22604166666666667 0.015625 0.022916666666666665
1 0.3546875 0.22291666666666668 0.0125 0.016666666666666666
1 0.3359375 0.22291666666666668 0.0125 0.020833333333333332
1 0.31796875 0.22604166666666667 0.0140625 0.01875
1 0.31796875 0.253125 0.0171875 0.027083333333333334
1 0.29765625 0.23125 0.0203125 0.020833333333333332
1 0.27734375 0.225 0.0140625 0.016666666666666666
1 0.38359375 0.18645833333333334 0.0140625 0.01875
1 0.36640625 0.18958333333333333 0.0140625 0.020833333333333332
1 0.33125 0.18854166666666666 0.015625 0.022916666666666665
1 0.3125 0.19270833333333334 0.015625 0.03125
1 0.2984375 0.17083333333333334 0.021875 0.029166666666666667
1 0.490625 0.071875 0.01875 0.014583333333333334
1 0.62109375 0.40729166666666666 0.0140625 0.014583333333333334
1 0.58828125 0.38125 0.0171875 0.03333333333333333
1 0.56953125 0.3125 0.0140625 0.029166666666666667
1 0.55390625 0.16458333333333333 0.0140625 0.029166666666666667
