
1 0.37109375 0.975 0.0609375 0.05
1 0.44375 0.925 0.053125 0.041666666666666664
1 0.23125 0.990625 0.046875 0.01875
1 0.309375 0.9583333333333334 0.0625 0.05
1 0.39609375 0.9114583333333334 0.0546875 0.04791666666666667
1 0.16015625 0.9854166666666667 0.0671875 0.029166666666666667
1 0.2484375 0.9447916666666667 0.059375 0.04375
1 0.325 0.8989583333333333 0.05 0.03958333333333333
1 0.39765625 0.859375 0.0546875 0.03958333333333333
1 0.11015625 0.9760416666666667 0.0671875 0.04791666666666667
1 0.1921875 0.9270833333333334 0.0625 0.05
1 0.28125 0.8833333333333333 0.06875 0.05
1 0.35859375 0.8395833333333333 0.0546875 0.041666666666666664

1 0.19140625 0.9270833333333334 0.0578125 0.041666666666666664

1 0.23515625 0.8083333333333333 0.0453125 0.04583333333333333
1 0.23671875 0.80625 0.0421875 0.041666666666666664
1 0.22109375 0.8104166666666667 0.0421875 0.041666666666666664
1 0.2203125 0.809375 0.040625 0.035416666666666666
1 0.2296875 0.809375 0.053125 0.04375
1 0.22890625 0.8052083333333333 0.0546875 0.03125
1 0.5984375 0.80625 0.05 0.041666666666666664
1 0.828125 0.7895833333333333 0.05 0.05
1 0.96796875 0.5635416666666667 0.0234375 0.027083333333333334

5 0.50078125 0.7 0.0109375 0.0125
4 0.38515625 0.6 0.0078125 0.016666666666666666
4 0.38515625 0.6 0.0078125 0.016666666666666666
5 0.46484375 0.6479166666666667 0.0078125 0.0125
5 0.50234375 0.70625 0.0078125 0.0125
4 0.46484375 0.6447916666666667 0.0046875 0.00625
4 0.3578125 0.5083333333333333 0.009375 0.016666666666666666
4 0.36484375 0.5 0.0109375 0.0125
5 0.54296875 0.5947916666666667 0.0203125 0.027083333333333334
1 0.6375 0.6833333333333333 0.025 0.04583333333333333
5 0.56484375 0.5895833333333333 0.0078125 0.016666666666666666
5 0.62734375 0.6697916666666667 0.0078125 0.010416666666666666
5 0.603125 0.66875 0.009375 0.020833333333333332
5 0.6046875 0.46770833333333334 0.021875 0.035416666666666666
5 0.63828125 0.5833333333333334 0.0078125 0.016666666666666666
5 0.63125 0.42291666666666666 0.01875 0.03333333333333333
5 0.65234375 0.5979166666666667 0.0078125 0.004166666666666667
5 0.6546875 0.6020833333333333 0.009375 0.0125
5 0.79453125 0.48125 0.0046875 0.004166666666666667
5 0.80234375 0.4875 0.0140625 0.016666666666666666
5 0.640625 0.38229166666666664 0.028125 0.035416666666666666
5 0.63671875 0.5802083333333333 0.0046875 0.010416666666666666
5 0.4453125 0.5395833333333333 0.021875 0.029166666666666667
5 0.45859375 0.515625 0.0140625 0.010416666666666666
5 0.5484375 0.35833333333333334 0.009375 0.0125
1 0.440625 0.5395833333333333 0.025 0.03333333333333333
3 0.59765625 0.4666666666666667 0.0390625 0.09583333333333334
1 0.54453125 0.35 0.0140625 0.020833333333333332

3 0.5203125 0.153125 0.01875 0.04375
1 0.51640625 0.128125 0.0109375 0.014583333333333334
1 0.534375 0.12395833333333334 0.0125 0.01875
1 0.51953125 0.06875 0.0140625 0.016666666666666666
1 0.525 0.057291666666666664 0.009375 0.010416666666666666
1 0.3796875 0.2520833333333333 0.01875 0.025
1 0.35390625 0.25 0.0171875 0.029166666666666667
1 0.3734375 0.22604166666666667 0.015625 0.022916666666666665
1 0.3546875 0.22291666666666668 0.0125 0.016666666666666666
1 0.3359375 0.22291666666666668 0.0125 0.020833333333333332
1 0.31796875 0.22708333333333333 0.0140625 0.020833333333333332
1 0.31796875 0.253125 0.0171875 0.027083333333333334
1 0.29765625 0.23125 0.0203125 0.020833333333333332
1 0.27734375 0.225 0.0140625 0.016666666666666666
1 0.38359375 0.18645833333333334 0.0140625 0.01875
1 0.36640625 0.18958333333333333 0.0140625 0.020833333333333332
1 0.33125 0.18854166666666666 0.015625 0.022916666666666665
1 0.3125 0.19479166666666667 0.015625 0.03125
1 0.29921875 0.17083333333333334 0.0234375 0.029166666666666667
1 0.490625 0.071875 0.01875 0.014583333333333334
1 0.6234375 0.41041666666666665 0.015625 0.0125
1 0.5875 0.38125 0.01875 0.025
1 0.56953125 0.32083333333333336 0.0140625 0.029166666666666667
1 0.5546875 0.16354166666666667 0.0125 0.03125
