
1 0.37109375 0.975 0.0609375 0.05
1 0.44375 0.925 0.053125 0.041666666666666664
1 0.23125 0.990625 0.046875 0.01875
1 0.309375 0.9583333333333334 0.0625 0.05
1 0.39609375 0.9114583333333334 0.0546875 0.04791666666666667
1 0.16015625 0.9854166666666667 0.0671875 0.029166666666666667
1 0.2484375 0.9447916666666667 0.059375 0.04375
1 0.325 0.8989583333333333 0.05 0.03958333333333333
1 0.39765625 0.859375 0.0546875 0.03958333333333333
1 0.11015625 0.9760416666666667 0.0671875 0.04791666666666667
1 0.1921875 0.9270833333333334 0.0625 0.05
1 0.28046875 0.8833333333333333 0.0703125 0.05
1 0.35859375 0.8395833333333333 0.0546875 0.041666666666666664

1 0.19140625 0.9270833333333334 0.0578125 0.041666666666666664

1 0.22421875 0.8135416666666667 0.0421875 0.04791666666666667
1 0.2171875 0.8114583333333333 0.05 0.035416666666666666
1 0.20703125 0.8145833333333333 0.0390625 0.041666666666666664
1 0.20859375 0.8114583333333333 0.0640625 0.035416666666666666
1 0.215625 0.8145833333333333 0.053125 0.041666666666666664
1 0.215625 0.8114583333333333 0.053125 0.035416666666666666
1 0.60703125 0.8052083333333333 0.0640625 0.04375
1 0.82734375 0.7895833333333333 0.0515625 0.05
1 0.96796875 0.5572916666666666 0.0203125 0.027083333333333334

5 0.50234375 0.7052083333333333 0.0109375 0.014583333333333334
4 0.3859375 0.6010416666666667 0.009375 0.014583333333333334
4 0.38671875 0.6010416666666667 0.0078125 0.014583333333333334
5 0.46796875 0.6510416666666666 0.0078125 0.010416666666666666
5 0.50546875 0.715625 0.0078125 0.01875
4 0.465625 0.6489583333333333 0.00625 0.00625
4 0.35703125 0.509375 0.0109375 0.01875
4 0.3640625 0.5 0.0125 0.0125
5 0.54375 0.5979166666666667 0.01875 0.029166666666666667
1 0.640625 0.696875 0.025 0.04791666666666667
5 0.565625 0.5958333333333333 0.00625 0.016666666666666666
5 0.63203125 0.6791666666666667 0.0078125 0.008333333333333333
5 0.60546875 0.6760416666666667 0.0109375 0.022916666666666665
5 0.6046875 0.47291666666666665 0.021875 0.05416666666666667
5 0.640625 0.5875 0.009375 0.016666666666666666
5 0.63203125 0.428125 0.0203125 0.03125
5 0.65 0.6020833333333333 0.009375 0.008333333333333333
5 0.6546875 0.6104166666666667 0.009375 0.0125
5 0.796875 0.48125 0.00625 0.004166666666666667
5 0.7984375 0.49166666666666664 0.0125 0.020833333333333332
5 0.6390625 0.37916666666666665 0.025 0.0375
5 0.6390625 0.584375 0.00625 0.00625
5 0.44140625 0.546875 0.0296875 0.04375
5 0.45078125 0.5270833333333333 0.0171875 0.016666666666666666
5 0.546875 0.3572916666666667 0.015625 0.022916666666666665
1 0.4328125 0.5489583333333333 0.01875 0.022916666666666665
3 0.59921875 0.4708333333333333 0.0390625 0.09583333333333334
1 0.5453125 0.35104166666666664 0.0125 0.01875
1 0.5828125 0.2604166666666667 0.00625 0.008333333333333333
3 0.52265625 0.16770833333333332 0.0171875 0.04375
1 0.5171875 0.12708333333333333 0.009375 0.0125
1 0.534375 0.125 0.0125 0.020833333333333332
1 0.51953125 0.06770833333333333 0.0140625 0.01875
1 0.52421875 0.057291666666666664 0.0109375 0.010416666666666666
1 0.37890625 0.2520833333333333 0.0171875 0.025
1 0.35390625 0.25 0.0171875 0.029166666666666667
1 0.3734375 0.22604166666666667 0.015625 0.022916666666666665
1 0.35390625 0.225 0.0140625 0.020833333333333332
1 0.3359375 0.22291666666666668 0.0125 0.020833333333333332
1 0.31796875 0.22604166666666667 0.0140625 0.01875
1 0.31875 0.253125 0.015625 0.027083333333333334
1 0.296875 0.23125 0.021875 0.020833333333333332
1 0.27734375 0.225 0.0140625 0.016666666666666666
1 0.38359375 0.18645833333333334 0.0140625 0.01875
1 0.36640625 0.18958333333333333 0.0140625 0.020833333333333332
1 0.33125 0.18854166666666666 0.015625 0.022916666666666665
1 0.3109375 0.19270833333333334 0.015625 0.03125
1 0.2984375 0.17083333333333334 0.021875 0.029166666666666667
1 0.490625 0.071875 0.01875 0.014583333333333334
1 0.62578125 0.4125 0.0140625 0.0125
1 0.58828125 0.384375 0.0171875 0.022916666666666665
1 0.5703125 0.3260416666666667 0.0125 0.03125
1 0.5546875 0.16354166666666667 0.0125 0.03125
