
1 0.37109375 0.975 0.0609375 0.05
1 0.44375 0.925 0.053125 0.041666666666666664
1 0.23125 0.990625 0.046875 0.01875
1 0.309375 0.9583333333333334 0.0625 0.05
1 0.39609375 0.9114583333333334 0.0546875 0.04791666666666667
1 0.16015625 0.9854166666666667 0.0671875 0.029166666666666667
1 0.2484375 0.9447916666666667 0.059375 0.04375
1 0.325 0.8989583333333333 0.05 0.03958333333333333
1 0.39765625 0.859375 0.0546875 0.03958333333333333
1 0.11015625 0.9760416666666667 0.0671875 0.04791666666666667
1 0.19140625 0.9270833333333334 0.0609375 0.05
1 0.28046875 0.8833333333333333 0.0703125 0.05
1 0.35859375 0.8395833333333333 0.0546875 0.041666666666666664

1 0.1921875 0.9270833333333334 0.05625 0.041666666666666664

1 0.21640625 0.8135416666666667 0.0484375 0.04375
1 0.2109375 0.8125 0.053125 0.0375
1 0.203125 0.8145833333333333 0.046875 0.041666666666666664
1 0.1953125 0.8395833333333333 0.021875 0.016666666666666666
1 0.21015625 0.8197916666666667 0.0546875 0.052083333333333336
1 0.209375 0.8125 0.05625 0.0375
1 0.64609375 0.7072916666666667 0.0109375 0.052083333333333336
1 0.828125 0.7895833333333333 0.046875 0.05
1 0.971875 0.553125 0.021875 0.027083333333333334

5 0.50546875 0.709375 0.0109375 0.014583333333333334
4 0.38828125 0.6010416666666667 0.0109375 0.014583333333333334
4 0.3875 0.6010416666666667 0.009375 0.014583333333333334
5 0.46796875 0.6510416666666666 0.0078125 0.010416666666666666
5 0.5078125 0.7135416666666666 0.00625 0.010416666666666666
4 0.465625 0.65 0.00625 0.008333333333333333
4 0.35625 0.5083333333333333 0.0125 0.016666666666666666
4 0.3625 0.5010416666666667 0.0125 0.010416666666666666
5 0.54296875 0.6020833333333333 0.0203125 0.029166666666666667
1 0.6421875 0.7020833333333333 0.025 0.04583333333333333
5 0.5671875 0.5958333333333333 0.00625 0.0125
5 0.63359375 0.6895833333333333 0.0078125 0.008333333333333333
5 0.6078125 0.6791666666666667 0.009375 0.020833333333333332
5 0.60390625 0.475 0.0234375 0.05
5 0.63828125 0.59375 0.0109375 0.020833333333333332
5 0.6328125 0.43333333333333335 0.021875 0.029166666666666667
5 0.64921875 0.609375 0.0078125 0.00625
5 0.65546875 0.6125 0.0078125 0.0125
5 0.79296875 0.4875 0.0046875 0.008333333333333333
5 0.8015625 0.49270833333333336 0.015625 0.022916666666666665
5 0.63828125 0.3802083333333333 0.0265625 0.03958333333333333
5 0.63828125 0.5875 0.0046875 0.008333333333333333
5 0.44296875 0.5604166666666667 0.0328125 0.03333333333333333
5 0.44921875 0.5291666666666667 0.0203125 0.0125
5 0.54453125 0.359375 0.0171875 0.022916666666666665
1 0.428125 0.5510416666666667 0.021875 0.027083333333333334
3 0.6 0.4739583333333333 0.040625 0.09791666666666667
1 0.5453125 0.353125 0.0125 0.014583333333333334

3 0.5234375 0.17916666666666667 0.01875 0.029166666666666667
1 0.5171875 0.12708333333333333 0.009375 0.0125
1 0.534375 0.12604166666666666 0.0125 0.01875
1 0.51796875 0.06875 0.0140625 0.016666666666666666
1 0.52421875 0.057291666666666664 0.0109375 0.010416666666666666
1 0.3796875 0.2520833333333333 0.01875 0.025
1 0.35390625 0.25 0.0171875 0.029166666666666667
1 0.3734375 0.22604166666666667 0.015625 0.022916666666666665
1 0.35390625 0.225 0.0140625 0.020833333333333332
1 0.3359375 0.22291666666666668 0.0125 0.020833333333333332
1 0.3171875 0.22604166666666667 0.0125 0.01875
1 0.31875 0.253125 0.015625 0.027083333333333334
1 0.296875 0.23229166666666667 0.021875 0.022916666666666665
1 0.27734375 0.225 0.0140625 0.016666666666666666
1 0.38359375 0.18645833333333334 0.0140625 0.01875
1 0.36640625 0.18958333333333333 0.0140625 0.020833333333333332
1 0.33203125 0.18854166666666666 0.0140625 0.022916666666666665
1 0.3109375 0.19270833333333334 0.015625 0.03125
1 0.29921875 0.171875 0.0234375 0.027083333333333334
1 0.490625 0.071875 0.01875 0.014583333333333334
1 0.62734375 0.415625 0.0171875 0.010416666666666666
1 0.590625 0.38645833333333335 0.01875 0.022916666666666665
1 0.57109375 0.32708333333333334 0.0140625 0.029166666666666667
1 0.5546875 0.159375 0.0125 0.022916666666666665
