
1 0.37109375 0.975 0.0609375 0.05
1 0.44375 0.925 0.053125 0.041666666666666664
1 0.23125 0.990625 0.046875 0.01875
1 0.309375 0.9583333333333334 0.0625 0.05
1 0.39609375 0.9114583333333334 0.0546875 0.04791666666666667
1 0.16015625 0.9854166666666667 0.0671875 0.029166666666666667
1 0.2484375 0.9447916666666667 0.059375 0.04375
1 0.325 0.8989583333333333 0.05 0.03958333333333333
1 0.39765625 0.859375 0.0546875 0.03958333333333333
1 0.11015625 0.9760416666666667 0.0671875 0.04791666666666667
1 0.1921875 0.9270833333333334 0.0625 0.05
1 0.28046875 0.8833333333333333 0.0703125 0.05
1 0.35859375 0.8395833333333333 0.0546875 0.041666666666666664

1 0.19140625 0.9270833333333334 0.0578125 0.041666666666666664

1 0.20625 0.8229166666666666 0.046875 0.05
1 0.196875 0.8229166666666666 0.05625 0.041666666666666664
1 0.1828125 0.8239583333333333 0.0375 0.04375
1 0.18203125 0.8447916666666667 0.0265625 0.01875
1 0.196875 0.825 0.05625 0.04583333333333333
1 0.19765625 0.8208333333333333 0.0578125 0.04583333333333333
1 0.6515625 0.7145833333333333 0.021875 0.0375
1 0.8265625 0.7895833333333333 0.05 0.05
1 0.9765625 0.5458333333333333 0.021875 0.029166666666666667

5 0.50703125 0.7125 0.0109375 0.0125
4 0.39140625 0.6020833333333333 0.0078125 0.0125
4 0.3890625 0.6020833333333333 0.009375 0.0125
5 0.46953125 0.6520833333333333 0.0078125 0.008333333333333333
5 0.51015625 0.71875 0.0078125 0.0125
4 0.46640625 0.6510416666666666 0.0046875 0.00625
4 0.35625 0.5083333333333333 0.0125 0.016666666666666666
4 0.36171875 0.5010416666666667 0.0109375 0.010416666666666666
5 0.55390625 0.6020833333333333 0.0109375 0.025
1 0.64609375 0.7145833333333333 0.0265625 0.04583333333333333
5 0.5671875 0.6010416666666667 0.00625 0.014583333333333334
5 0.63671875 0.7041666666666667 0.0078125 0.0125
5 0.6109375 0.6875 0.009375 0.020833333333333332
5 0.6 0.484375 0.034375 0.07708333333333334
5 0.6390625 0.596875 0.009375 0.01875
5 0.63359375 0.4375 0.0234375 0.0375
5 0.65 0.6114583333333333 0.009375 0.00625
5 0.65703125 0.6145833333333334 0.0078125 0.008333333333333333
5 0.80078125 0.4822916666666667 0.0078125 0.0020833333333333333
5 0.803125 0.49375 0.01875 0.025
5 0.63984375 0.38125 0.0296875 0.041666666666666664
5 0.63984375 0.5927083333333333 0.0046875 0.00625
5 0.43515625 0.5604166666666667 0.0171875 0.03333333333333333
5 0.4453125 0.5333333333333333 0.01875 0.0125
5 0.54453125 0.36354166666666665 0.0171875 0.027083333333333334
1 0.425 0.5520833333333334 0.021875 0.03333333333333333
3 0.6 0.47708333333333336 0.040625 0.1
1 0.5453125 0.35520833333333335 0.0125 0.010416666666666666

3 0.5265625 0.1875 0.021875 0.0375
1 0.5171875 0.12708333333333333 0.009375 0.0125
1 0.534375 0.12604166666666666 0.0125 0.01875
1 0.5171875 0.06875 0.015625 0.016666666666666666
1 0.52421875 0.057291666666666664 0.0109375 0.010416666666666666
1 0.3796875 0.2520833333333333 0.01875 0.025
1 0.35390625 0.25 0.0171875 0.029166666666666667
1 0.3734375 0.22604166666666667 0.015625 0.022916666666666665
1 0.35390625 0.225 0.0140625 0.020833333333333332
1 0.3359375 0.22291666666666668 0.0125 0.020833333333333332
1 0.31796875 0.22708333333333333 0.0140625 0.020833333333333332
1 0.31875 0.253125 0.015625 0.027083333333333334
1 0.29765625 0.23125 0.0203125 0.020833333333333332
1 0.27734375 0.225 0.0140625 0.016666666666666666
1 0.38359375 0.18645833333333334 0.0140625 0.01875
1 0.36640625 0.18958333333333333 0.0140625 0.020833333333333332
1 0.33125 0.18645833333333334 0.0125 0.01875
1 0.31015625 0.19270833333333334 0.0171875 0.03125
1 0.29921875 0.17083333333333334 0.0234375 0.029166666666666667
1 0.490625 0.071875 0.01875 0.014583333333333334
1 0.6296875 0.41875 0.015625 0.008333333333333333
1 0.5921875 0.39166666666666666 0.01875 0.025
1 0.57265625 0.32916666666666666 0.0171875 0.025
1 0.5546875 0.16145833333333334 0.0125 0.027083333333333334
