
1 0.37109375 0.975 0.0609375 0.05
1 0.44375 0.925 0.053125 0.041666666666666664
1 0.23125 0.990625 0.046875 0.01875
1 0.309375 0.9583333333333334 0.0625 0.05
1 0.39609375 0.9114583333333334 0.0546875 0.04791666666666667
1 0.16015625 0.9854166666666667 0.0671875 0.029166666666666667
1 0.2484375 0.9447916666666667 0.059375 0.04375
1 0.325 0.8989583333333333 0.05 0.03958333333333333
1 0.39765625 0.859375 0.0546875 0.03958333333333333
1 0.11015625 0.9760416666666667 0.0671875 0.04791666666666667
1 0.19140625 0.9270833333333334 0.0609375 0.05
1 0.28046875 0.8833333333333333 0.0703125 0.05
1 0.35859375 0.8395833333333333 0.0546875 0.041666666666666664

1 0.19140625 0.9270833333333334 0.0578125 0.041666666666666664

1 0.19609375 0.828125 0.0578125 0.052083333333333336
1 0.19140625 0.8239583333333333 0.0609375 0.04375
1 0.171875 0.8302083333333333 0.03125 0.03958333333333333
1 0.1765625 0.8489583333333334 0.01875 0.01875
1 0.18515625 0.828125 0.0484375 0.03958333333333333
1 0.18984375 0.8229166666666666 0.0640625 0.041666666666666664
1 0.65234375 0.7239583333333334 0.0234375 0.04791666666666667
1 0.8265625 0.7895833333333333 0.05 0.05
1 0.97578125 0.5416666666666666 0.0203125 0.025

5 0.50859375 0.7166666666666667 0.0109375 0.0125
4 0.39140625 0.6020833333333333 0.0078125 0.0125
4 0.3890625 0.6041666666666666 0.009375 0.016666666666666666
5 0.4703125 0.6520833333333333 0.009375 0.008333333333333333
5 0.51484375 0.725 0.0046875 0.0125
4 0.46875 0.653125 0.00625 0.00625
4 0.35625 0.5083333333333333 0.0125 0.016666666666666666
4 0.3625 0.5010416666666667 0.0125 0.010416666666666666
5 0.54375 0.6114583333333333 0.021875 0.027083333333333334
1 0.64921875 0.7239583333333334 0.0265625 0.04791666666666667
5 0.56875 0.6052083333333333 0.00625 0.010416666666666666
5 0.6375 0.7072916666666667 0.00625 0.010416666666666666
5 0.61171875 0.6927083333333334 0.0078125 0.022916666666666665
5 0.6015625 0.48020833333333335 0.028125 0.06875
5 0.640625 0.5989583333333334 0.009375 0.01875
5 0.63515625 0.4427083333333333 0.0234375 0.035416666666666666
5 0.6484375 0.6125 0.0125 0.008333333333333333
5 0.65703125 0.6177083333333333 0.0078125 0.010416666666666666
5 0.8015625 0.48333333333333334 0.00625 0.004166666666666667
5 0.80234375 0.49375 0.0171875 0.025
5 0.63828125 0.38125 0.0265625 0.041666666666666664
5 0.6390625 0.5947916666666667 0.003125 0.00625
5 0.43359375 0.5604166666666667 0.0203125 0.03333333333333333
5 0.4453125 0.53125 0.00625 0.004166666666666667
5 0.54609375 0.3645833333333333 0.0140625 0.025
1 0.4203125 0.55625 0.021875 0.03333333333333333
3 0.6 0.48020833333333335 0.040625 0.10208333333333333
1 0.54375 0.3614583333333333 0.015625 0.01875
1 0.6 0.26458333333333334 0.003125 0.004166666666666667
3 0.52890625 0.20208333333333334 0.0234375 0.05
1 0.5171875 0.128125 0.009375 0.014583333333333334
1 0.534375 0.128125 0.0125 0.01875
1 0.51796875 0.06875 0.0140625 0.016666666666666666
1 0.52421875 0.057291666666666664 0.0109375 0.010416666666666666
1 0.37890625 0.25 0.0140625 0.020833333333333332
1 0.35390625 0.24895833333333334 0.0171875 0.027083333333333334
1 0.3734375 0.22604166666666667 0.015625 0.022916666666666665
1 0.3546875 0.22291666666666668 0.0125 0.016666666666666666
1 0.3359375 0.22291666666666668 0.0125 0.020833333333333332
1 0.31796875 0.22708333333333333 0.0140625 0.020833333333333332
1 0.31796875 0.253125 0.0171875 0.027083333333333334
1 0.29765625 0.23125 0.0203125 0.020833333333333332
1 0.27734375 0.225 0.0140625 0.016666666666666666
1 0.38359375 0.18645833333333334 0.0140625 0.01875
1 0.36640625 0.18958333333333333 0.0140625 0.020833333333333332
1 0.33125 0.1875 0.0125 0.020833333333333332
1 0.31015625 0.19270833333333334 0.0171875 0.03125
1 0.2984375 0.17083333333333334 0.025 0.029166666666666667
1 0.490625 0.071875 0.01875 0.014583333333333334
1 0.6296875 0.4239583333333333 0.015625 0.010416666666666666
1 0.5921875 0.39375 0.01875 0.020833333333333332
1 0.571875 0.32916666666666666 0.015625 0.025
1 0.5546875 0.16145833333333334 0.0125 0.027083333333333334
