
1 0.37109375 0.975 0.0609375 0.05
1 0.44375 0.925 0.053125 0.041666666666666664
1 0.23125 0.990625 0.046875 0.01875
1 0.309375 0.9583333333333334 0.0625 0.05
1 0.39609375 0.9114583333333334 0.0546875 0.04791666666666667
1 0.16015625 0.9854166666666667 0.0671875 0.029166666666666667
1 0.2484375 0.9447916666666667 0.059375 0.04375
1 0.325 0.8989583333333333 0.05 0.03958333333333333
1 0.396875 0.859375 0.05625 0.03958333333333333
1 0.11015625 0.9760416666666667 0.0671875 0.04791666666666667
1 0.19140625 0.9270833333333334 0.0609375 0.05
1 0.28046875 0.8833333333333333 0.0703125 0.05
1 0.3578125 0.8395833333333333 0.053125 0.041666666666666664

1 0.19140625 0.9270833333333334 0.0578125 0.041666666666666664

1 0.1796875 0.8291666666666667 0.053125 0.04583333333333333
1 0.1734375 0.8291666666666667 0.040625 0.041666666666666664
1 0.16484375 0.83125 0.0296875 0.0375
1 0.1640625 0.8395833333333333 0.028125 0.03333333333333333
1 0.1734375 0.828125 0.040625 0.03958333333333333
1 0.1703125 0.828125 0.05 0.04375
1 0.653125 0.7395833333333334 0.025 0.05
1 0.82578125 0.7895833333333333 0.0484375 0.05
1 0.97734375 0.5333333333333333 0.0203125 0.025

5 0.5109375 0.7208333333333333 0.009375 0.0125
4 0.390625 0.6041666666666666 0.00625 0.0125
4 0.38984375 0.6052083333333333 0.0078125 0.014583333333333334
5 0.47265625 0.6552083333333333 0.0078125 0.00625
5 0.51640625 0.7291666666666666 0.0046875 0.016666666666666666
4 0.471875 0.65625 0.00625 0.004166666666666667
4 0.35546875 0.5083333333333333 0.0109375 0.016666666666666666
4 0.3625 0.5 0.0125 0.0125
5 0.55546875 0.6114583333333333 0.0109375 0.022916666666666665
1 0.65234375 0.734375 0.0265625 0.04375
5 0.5703125 0.6114583333333333 0.00625 0.010416666666666666
5 0.6453125 0.7197916666666667 0.009375 0.00625
5 0.6140625 0.7 0.009375 0.020833333333333332
5 0.59921875 0.4166666666666667 0.0171875 0.0125
5 0.64296875 0.603125 0.0078125 0.01875
5 0.6359375 0.44479166666666664 0.021875 0.035416666666666666
5 0.6484375 0.621875 0.0125 0.010416666666666666
5 0.65859375 0.621875 0.0078125 0.010416666666666666
5 0.803125 0.48333333333333334 0.00625 0.004166666666666667
5 0.81015625 0.49166666666666664 0.0171875 0.020833333333333332
5 0.6375 0.38229166666666664 0.025 0.03958333333333333
5 0.63984375 0.6 0.0046875 0.004166666666666667
5 0.5421875 0.3697916666666667 0.00625 0.00625
5 0.4328125 0.546875 0.025 0.022916666666666665
5 0.54453125 0.36770833333333336 0.0140625 0.022916666666666665
1 0.41328125 0.5635416666666667 0.0234375 0.03125
3 0.6015625 0.48541666666666666 0.04375 0.1
1 0.54296875 0.3645833333333333 0.0140625 0.016666666666666666
1 0.59921875 0.26875 0.0015625 0.0125
3 0.5296875 0.20729166666666668 0.025 0.04791666666666667
1 0.51796875 0.128125 0.0078125 0.014583333333333334
1 0.534375 0.128125 0.0125 0.01875
1 0.51640625 0.06875 0.0140625 0.016666666666666666
1 0.52421875 0.057291666666666664 0.0109375 0.010416666666666666
1 0.37890625 0.25 0.0140625 0.020833333333333332
1 0.35390625 0.25 0.0171875 0.029166666666666667
1 0.3734375 0.22604166666666667 0.015625 0.022916666666666665
1 0.3546875 0.22291666666666668 0.0125 0.016666666666666666
1 0.3359375 0.22291666666666668 0.0125 0.020833333333333332
1 0.31796875 0.22708333333333333 0.0140625 0.020833333333333332
1 0.3171875 0.253125 0.015625 0.027083333333333334
1 0.29765625 0.23229166666666667 0.0203125 0.022916666666666665
1 0.27734375 0.225 0.0140625 0.016666666666666666
1 0.38359375 0.18645833333333334 0.0140625 0.01875
1 0.36640625 0.18958333333333333 0.0140625 0.020833333333333332
1 0.33125 0.1875 0.0125 0.020833333333333332
1 0.31015625 0.19270833333333334 0.0171875 0.03125
1 0.29921875 0.171875 0.0234375 0.027083333333333334
1 0.490625 0.071875 0.01875 0.014583333333333334
1 0.63203125 0.4270833333333333 0.0140625 0.008333333333333333
1 0.59453125 0.39791666666666664 0.0171875 0.020833333333333332
1 0.571875 0.3333333333333333 0.015625 0.03333333333333333
1 0.55390625 0.16458333333333333 0.0140625 0.029166666666666667
