
1 0.37109375 0.975 0.0609375 0.05
1 0.44375 0.925 0.053125 0.041666666666666664
1 0.23125 0.990625 0.046875 0.01875
1 0.309375 0.9583333333333334 0.0625 0.05
1 0.39609375 0.9114583333333334 0.0546875 0.04791666666666667
1 0.16015625 0.9854166666666667 0.0671875 0.029166666666666667
1 0.2484375 0.9447916666666667 0.059375 0.04375
1 0.325 0.8989583333333333 0.05 0.03958333333333333
1 0.39765625 0.859375 0.0546875 0.03958333333333333
1 0.11015625 0.9760416666666667 0.0671875 0.04791666666666667
1 0.19140625 0.9270833333333334 0.0609375 0.05
1 0.28046875 0.8822916666666667 0.0703125 0.052083333333333336
1 0.3578125 0.8395833333333333 0.053125 0.041666666666666664

1 0.19140625 0.9270833333333334 0.0578125 0.041666666666666664

1 0.16953125 0.8385416666666666 0.0484375 0.03958333333333333
1 0.16171875 0.8395833333333333 0.0328125 0.0375
1 0.15625 0.8375 0.021875 0.0375
1 0.15234375 0.840625 0.0234375 0.035416666666666666
1 0.15546875 0.8364583333333333 0.0203125 0.03125
1 0.16171875 0.8229166666666666 0.0328125 0.025
1 0.65625 0.753125 0.028125 0.052083333333333336
1 0.82578125 0.7895833333333333 0.0484375 0.05
1 0.9828125 0.53125 0.025 0.029166666666666667

5 0.515625 0.7239583333333334 0.009375 0.010416666666666666
4 0.3921875 0.6041666666666666 0.00625 0.016666666666666666
4 0.38984375 0.6052083333333333 0.0078125 0.014583333333333334
5 0.4734375 0.6583333333333333 0.00625 0.008333333333333333
5 0.51875 0.728125 0.00625 0.010416666666666666
4 0.4734375 0.659375 0.00625 0.00625
4 0.35546875 0.5083333333333333 0.0109375 0.016666666666666666
4 0.3625 0.5 0.0125 0.0125
5 0.55546875 0.615625 0.0109375 0.022916666666666665
1 0.65546875 0.74375 0.0265625 0.04583333333333333
5 0.57109375 0.6145833333333334 0.0078125 0.0125
5 0.64609375 0.728125 0.0078125 0.010416666666666666
5 0.6140625 0.7020833333333333 0.009375 0.020833333333333332
5 0.59765625 0.42291666666666666 0.0140625 0.016666666666666666
5 0.64296875 0.6052083333333333 0.0078125 0.01875
5 0.63671875 0.4510416666666667 0.0234375 0.03958333333333333
5 0.64921875 0.6239583333333333 0.0140625 0.010416666666666666
5 0.659375 0.6260416666666667 0.00625 0.010416666666666666
5 0.80390625 0.48333333333333334 0.0046875 0.004166666666666667
5 0.815625 0.49583333333333335 0.009375 0.016666666666666666
5 0.6359375 0.384375 0.025 0.04375
5 0.6421875 0.6020833333333333 0.003125 0.008333333333333333
5 0.53671875 0.37395833333333334 0.0015625 0.0020833333333333333
5 0.428125 0.55 0.025 0.020833333333333332
5 0.54453125 0.3697916666666667 0.0140625 0.022916666666666665
1 0.40859375 0.5666666666666667 0.0203125 0.029166666666666667
3 0.6015625 0.48854166666666665 0.04375 0.09791666666666667
1 0.54296875 0.36666666666666664 0.0140625 0.016666666666666666
1 0.60078125 0.27395833333333336 0.0046875 0.010416666666666666
3 0.5296875 0.21041666666666667 0.025 0.04583333333333333
1 0.51796875 0.128125 0.0078125 0.014583333333333334
1 0.534375 0.128125 0.0125 0.01875
1 0.5140625 0.06979166666666667 0.015625 0.014583333333333334
1 0.52421875 0.057291666666666664 0.0109375 0.010416666666666666
1 0.37890625 0.25 0.0140625 0.020833333333333332
1 0.35390625 0.25 0.0171875 0.029166666666666667
1 0.3734375 0.22604166666666667 0.015625 0.022916666666666665
1 0.3546875 0.22291666666666668 0.0125 0.016666666666666666
1 0.3359375 0.22291666666666668 0.0125 0.020833333333333332
1 0.31796875 0.228125 0.0140625 0.01875
1 0.3171875 0.253125 0.015625 0.027083333333333334
1 0.29765625 0.23229166666666667 0.0203125 0.022916666666666665
1 0.27734375 0.225 0.0140625 0.016666666666666666
1 0.38359375 0.18645833333333334 0.0140625 0.01875
1 0.36640625 0.18958333333333333 0.0140625 0.020833333333333332
1 0.33125 0.1875 0.0125 0.020833333333333332
1 0.31015625 0.19270833333333334 0.0171875 0.03125
1 0.2984375 0.17083333333333334 0.025 0.029166666666666667
1 0.490625 0.071875 0.01875 0.014583333333333334
1 0.63203125 0.43125 0.0140625 0.008333333333333333
1 0.5953125 0.4 0.01875 0.020833333333333332
1 0.5734375 0.33958333333333335 0.015625 0.029166666666666667
1 0.55390625 0.165625 0.0140625 0.027083333333333334
