
1 0.37109375 0.975 0.0609375 0.05
1 0.44375 0.925 0.053125 0.041666666666666664
1 0.23125 0.990625 0.046875 0.01875
1 0.309375 0.9583333333333334 0.0625 0.05
1 0.39609375 0.9114583333333334 0.0546875 0.04791666666666667
1 0.16015625 0.9854166666666667 0.0671875 0.029166666666666667
1 0.2484375 0.9447916666666667 0.059375 0.04375
1 0.325 0.8989583333333333 0.05 0.03958333333333333
1 0.39765625 0.859375 0.0546875 0.03958333333333333
1 0.11015625 0.9760416666666667 0.0671875 0.04791666666666667
1 0.19140625 0.928125 0.0609375 0.04791666666666667
1 0.28046875 0.8833333333333333 0.0703125 0.05
1 0.36015625 0.8395833333333333 0.0546875 0.041666666666666664

1 0.19140625 0.9270833333333334 0.0578125 0.041666666666666664

1 0.15703125 0.840625 0.0453125 0.035416666666666666
1 0.4140625 0.5666666666666667 0.021875 0.020833333333333332
1 0.146875 0.8395833333333333 0.034375 0.0375
1 0.1421875 0.8416666666666667 0.009375 0.03333333333333333
1 0.14609375 0.8364583333333333 0.0234375 0.027083333333333334
1 0.40859375 0.7875 0.5109375 0.07916666666666666
1 0.6578125 0.765625 0.03125 0.06041666666666667
1 0.82578125 0.7895833333333333 0.0484375 0.05
1 0.98515625 0.5260416666666666 0.0234375 0.03125

5 0.515625 0.728125 0.009375 0.010416666666666666
4 0.39296875 0.60625 0.0078125 0.016666666666666666
4 0.39140625 0.6052083333333333 0.0078125 0.014583333333333334
5 0.4765625 0.6614583333333334 0.00625 0.00625
5 0.5203125 0.740625 0.009375 0.01875
4 0.47421875 0.6635416666666667 0.0046875 0.00625
4 0.35625 0.5083333333333333 0.009375 0.016666666666666666
4 0.3625 0.5 0.0125 0.0125
5 0.55625 0.621875 0.0125 0.022916666666666665
1 0.66015625 0.759375 0.0296875 0.052083333333333336
5 0.57265625 0.6197916666666666 0.0078125 0.010416666666666666
5 0.64921875 0.7427083333333333 0.0078125 0.010416666666666666
5 0.61640625 0.7104166666666667 0.0078125 0.020833333333333332
5 0.6 0.4270833333333333 0.0125 0.016666666666666666
5 0.64453125 0.6114583333333333 0.0078125 0.01875
5 0.63828125 0.45416666666666666 0.0234375 0.0375
5 0.64765625 0.628125 0.0140625 0.010416666666666666
5 0.66015625 0.6302083333333334 0.0078125 0.00625
5 0.8046875 0.48854166666666665 0.00625 0.00625
5 0.8171875 0.49583333333333335 0.0125 0.016666666666666666
5 0.6328125 0.38229166666666664 0.028125 0.052083333333333336
5 0.63984375 0.609375 0.0046875 0.00625
5 0.53984375 0.37604166666666666 0.0109375 0.014583333333333334
5 0.41640625 0.55625 0.0265625 0.025
5 0.54140625 0.37395833333333334 0.0171875 0.022916666666666665
1 0.4015625 0.5708333333333333 0.021875 0.029166666666666667
3 0.603125 0.4947916666666667 0.04375 0.10208333333333333
1 0.54296875 0.36875 0.0140625 0.0125
1 0.6 0.275 0.00625 0.0125
3 0.53046875 0.21145833333333333 0.0265625 0.04375
1 0.51796875 0.128125 0.0078125 0.014583333333333334
1 0.534375 0.13020833333333334 0.0125 0.01875
1 0.515625 0.06875 0.015625 0.016666666666666666
1 0.52421875 0.057291666666666664 0.0109375 0.010416666666666666
1 0.37890625 0.25 0.0140625 0.020833333333333332
1 0.35390625 0.25 0.0171875 0.029166666666666667
1 0.375 0.22395833333333334 0.015625 0.01875
1 0.3546875 0.22291666666666668 0.0125 0.016666666666666666
1 0.3359375 0.22291666666666668 0.0125 0.020833333333333332
1 0.3171875 0.228125 0.0125 0.01875
1 0.3171875 0.253125 0.015625 0.027083333333333334
1 0.296875 0.23229166666666667 0.021875 0.022916666666666665
1 0.27734375 0.225 0.0140625 0.016666666666666666
1 0.38359375 0.18645833333333334 0.0140625 0.01875
1 0.36640625 0.18958333333333333 0.0140625 0.020833333333333332
1 0.33125 0.1875 0.0125 0.020833333333333332
1 0.31015625 0.19270833333333334 0.0171875 0.03125
1 0.2984375 0.171875 0.025 0.027083333333333334
1 0.490625 0.071875 0.01875 0.014583333333333334
1 0.63515625 0.43854166666666666 0.0171875 0.010416666666666666
1 0.5953125 0.40625 0.01875 0.020833333333333332
1 0.57421875 0.34479166666666666 0.0140625 0.022916666666666665
1 0.5421875 0.16666666666666666 0.015625 0.029166666666666667
