
1 0.37109375 0.975 0.0609375 0.05
1 0.44296875 0.925 0.0515625 0.041666666666666664
1 0.23203125 0.990625 0.0484375 0.01875
1 0.309375 0.9583333333333334 0.0625 0.05
1 0.39609375 0.9114583333333334 0.0546875 0.04791666666666667
1 0.16015625 0.9854166666666667 0.0671875 0.029166666666666667
1 0.2484375 0.9447916666666667 0.059375 0.04375
1 0.325 0.8989583333333333 0.05 0.03958333333333333
1 0.39765625 0.859375 0.0546875 0.03958333333333333
1 0.11015625 0.9760416666666667 0.0671875 0.04791666666666667
1 0.1921875 0.928125 0.0625 0.04791666666666667
1 0.28046875 0.8833333333333333 0.0703125 0.05
1 0.36015625 0.840625 0.0546875 0.03958333333333333

1 0.19140625 0.928125 0.0578125 0.04375

1 0.15234375 0.8427083333333333 0.0515625 0.03958333333333333
1 0.4125 0.5625 0.040625 0.029166666666666667
1 0.1421875 0.84375 0.040625 0.0375
1 0.134375 0.8510416666666667 0.025 0.052083333333333336
1 0.146875 0.834375 0.034375 0.01875
1 0.66171875 0.7677083333333333 0.0328125 0.05625
1 0.65859375 0.775 0.0390625 0.058333333333333334
1 0.825 0.7895833333333333 0.05 0.05
1 0.9890625 0.5197916666666667 0.021875 0.027083333333333334

5 0.5203125 0.73125 0.0125 0.008333333333333333
4 0.39453125 0.6072916666666667 0.0078125 0.01875
4 0.390625 0.6114583333333333 0.009375 0.014583333333333334
5 0.478125 0.6625 0.00625 0.004166666666666667
5 0.52421875 0.7385416666666667 0.0046875 0.010416666666666666
4 0.47734375 0.6625 0.0046875 0.004166666666666667
4 0.3546875 0.5083333333333333 0.009375 0.016666666666666666
4 0.36171875 0.5010416666666667 0.0109375 0.010416666666666666
5 0.55703125 0.625 0.0109375 0.020833333333333332
1 0.66328125 0.7645833333333333 0.0296875 0.041666666666666664
5 0.571875 0.6229166666666667 0.009375 0.008333333333333333
5 0.65078125 0.7520833333333333 0.0078125 0.008333333333333333
5 0.6171875 0.7145833333333333 0.009375 0.016666666666666666
5 0.59921875 0.4322916666666667 0.0171875 0.01875
5 0.64453125 0.615625 0.0078125 0.01875
5 0.6390625 0.4583333333333333 0.025 0.0375
5 0.64609375 0.63125 0.0109375 0.0125
5 0.6609375 0.6333333333333333 0.00625 0.008333333333333333
5 0.80703125 0.48854166666666665 0.0078125 0.00625
5 0.81875 0.4979166666666667 0.0125 0.016666666666666666
5 0.621875 0.3875 0.021875 0.04583333333333333
5 0.64375 0.6104166666666667 0.00625 0.008333333333333333
5 0.540625 0.3802083333333333 0.015625 0.01875
5 0.41484375 0.5614583333333333 0.0265625 0.022916666666666665
5 0.54140625 0.3770833333333333 0.0171875 0.025
1 0.396875 0.571875 0.025 0.03125
3 0.6046875 0.496875 0.04375 0.10208333333333333
1 0.54140625 0.37395833333333334 0.0140625 0.014583333333333334
1 0.60078125 0.2760416666666667 0.0046875 0.010416666666666666
3 0.53046875 0.21458333333333332 0.0265625 0.04583333333333333
1 0.51796875 0.128125 0.0078125 0.014583333333333334
1 0.534375 0.13020833333333334 0.0125 0.01875
1 0.515625 0.06875 0.015625 0.016666666666666666
1 0.52421875 0.057291666666666664 0.0109375 0.010416666666666666
1 0.37890625 0.25 0.0140625 0.020833333333333332
1 0.35390625 0.25 0.0171875 0.029166666666666667
1 0.37421875 0.22604166666666667 0.0171875 0.022916666666666665
1 0.35390625 0.225 0.0140625 0.020833333333333332
1 0.3359375 0.22291666666666668 0.0125 0.020833333333333332
1 0.3171875 0.228125 0.0125 0.01875
1 0.3171875 0.253125 0.015625 0.027083333333333334
1 0.296875 0.23229166666666667 0.021875 0.022916666666666665
1 0.27734375 0.225 0.0140625 0.016666666666666666
1 0.38359375 0.18645833333333334 0.0140625 0.01875
1 0.36640625 0.18958333333333333 0.0140625 0.020833333333333332
1 0.33125 0.18645833333333334 0.0125 0.01875
1 0.31015625 0.19166666666666668 0.0171875 0.029166666666666667
1 0.29921875 0.17083333333333334 0.0234375 0.029166666666666667
1 0.48984375 0.071875 0.0171875 0.014583333333333334
1 0.6375 0.440625 0.015625 0.010416666666666666
1 0.59609375 0.4083333333333333 0.0171875 0.020833333333333332
1 0.57421875 0.34791666666666665 0.0171875 0.020833333333333332
1 0.540625 0.16770833333333332 0.015625 0.03125
