
1 0.37109375 0.975 0.0609375 0.05
1 0.44375 0.925 0.053125 0.041666666666666664
1 0.23125 0.990625 0.046875 0.01875
1 0.309375 0.9583333333333334 0.0625 0.05
1 0.39609375 0.9114583333333334 0.0546875 0.04791666666666667
1 0.16015625 0.9854166666666667 0.0671875 0.029166666666666667
1 0.2484375 0.9447916666666667 0.059375 0.04375
1 0.325 0.8989583333333333 0.05 0.03958333333333333
1 0.39765625 0.859375 0.0546875 0.03958333333333333
1 0.11015625 0.9760416666666667 0.0671875 0.04791666666666667
1 0.1921875 0.9270833333333334 0.0625 0.05
1 0.28046875 0.8833333333333333 0.0703125 0.05
1 0.36015625 0.8395833333333333 0.0515625 0.041666666666666664

1 0.1921875 0.9270833333333334 0.059375 0.041666666666666664

1 0.1296875 0.8583333333333333 0.0375 0.0375
1 0.40234375 0.56875 0.0390625 0.0375
1 0.12890625 0.8458333333333333 0.0359375 0.041666666666666664
1 0.1296875 0.85 0.034375 0.05
1 0.13984375 0.84375 0.0453125 0.0375
1 0.6640625 0.784375 0.04375 0.05625
1 0.66484375 0.7958333333333333 0.0421875 0.07916666666666666
1 0.82578125 0.7895833333333333 0.0484375 0.05
1 0.98984375 0.5145833333333333 0.0203125 0.025

5 0.5234375 0.74375 0.0125 0.020833333333333332
4 0.39453125 0.609375 0.0078125 0.014583333333333334
4 0.39375 0.6114583333333333 0.009375 0.014583333333333334
5 0.4796875 0.6666666666666666 0.00625 0.008333333333333333
5 0.52421875 0.7416666666666667 0.0078125 0.008333333333333333
4 0.4796875 0.6677083333333333 0.00625 0.00625
4 0.35390625 0.5083333333333333 0.0078125 0.016666666666666666
4 0.36171875 0.5 0.0109375 0.0125
5 0.55859375 0.6291666666666667 0.0109375 0.020833333333333332
1 0.6671875 0.7791666666666667 0.028125 0.04583333333333333
5 0.57421875 0.6291666666666667 0.0078125 0.008333333333333333
5 0.65703125 0.7635416666666667 0.0078125 0.00625
5 0.61875 0.7229166666666667 0.009375 0.016666666666666666
5 0.60078125 0.4375 0.0140625 0.020833333333333332
5 0.6453125 0.6197916666666666 0.009375 0.01875
5 0.6421875 0.46770833333333334 0.025 0.04375
5 0.65 0.6395833333333333 0.015625 0.0125
5 0.66171875 0.6427083333333333 0.0078125 0.010416666666666666
5 0.809375 0.490625 0.003125 0.0020833333333333333
5 0.8203125 0.496875 0.0125 0.014583333333333334
5 0.621875 0.38333333333333336 0.021875 0.05416666666666667
5 0.64453125 0.6166666666666667 0.0046875 0.004166666666666667
5 0.5390625 0.384375 0.015625 0.022916666666666665
5 0.4140625 0.5645833333333333 0.021875 0.025
5 0.540625 0.38229166666666664 0.015625 0.027083333333333334
1 0.3921875 0.5739583333333333 0.021875 0.035416666666666666
3 0.60546875 0.5020833333333333 0.0453125 0.1
1 0.5390625 0.3802083333333333 0.0125 0.01875
1 0.6015625 0.2760416666666667 0.00625 0.010416666666666666
3 0.53125 0.21770833333333334 0.028125 0.052083333333333336
1 0.51875 0.12916666666666668 0.00625 0.016666666666666666
1 0.534375 0.13020833333333334 0.0125 0.01875
1 0.515625 0.06875 0.015625 0.016666666666666666
1 0.52421875 0.057291666666666664 0.0109375 0.010416666666666666
1 0.37890625 0.25 0.0140625 0.020833333333333332
1 0.35390625 0.25 0.0171875 0.029166666666666667
1 0.37421875 0.22604166666666667 0.0171875 0.022916666666666665
1 0.35390625 0.225 0.0140625 0.020833333333333332
1 0.3359375 0.22291666666666668 0.0125 0.020833333333333332
1 0.3171875 0.22708333333333333 0.0125 0.016666666666666666
1 0.3171875 0.253125 0.015625 0.027083333333333334
1 0.296875 0.23229166666666667 0.021875 0.022916666666666665
1 0.27734375 0.225 0.0140625 0.016666666666666666
1 0.38359375 0.18645833333333334 0.0140625 0.01875
1 0.36640625 0.18958333333333333 0.0140625 0.020833333333333332
1 0.33125 0.18645833333333334 0.0125 0.01875
1 0.31015625 0.19166666666666668 0.0171875 0.029166666666666667
1 0.29921875 0.171875 0.0234375 0.027083333333333334
1 0.48984375 0.071875 0.0171875 0.014583333333333334
1 0.6390625 0.44583333333333336 0.015625 0.008333333333333333
1 0.5984375 0.4125 0.01875 0.020833333333333332
1 0.57578125 0.35 0.0171875 0.020833333333333332
1 0.5390625 0.16875 0.015625 0.029166666666666667
