
1 0.37109375 0.975 0.0609375 0.05
1 0.44375 0.925 0.053125 0.041666666666666664
1 0.23203125 0.990625 0.0484375 0.01875
1 0.309375 0.9583333333333334 0.0625 0.05
1 0.39609375 0.9114583333333334 0.0546875 0.04791666666666667
1 0.16015625 0.9854166666666667 0.0671875 0.029166666666666667
1 0.2484375 0.9447916666666667 0.059375 0.04375
1 0.325 0.8989583333333333 0.05 0.03958333333333333
1 0.39765625 0.859375 0.0546875 0.03958333333333333
1 0.11015625 0.9760416666666667 0.0671875 0.04791666666666667
1 0.1921875 0.9270833333333334 0.0625 0.05
1 0.28046875 0.8833333333333333 0.0703125 0.05
1 0.36015625 0.840625 0.0546875 0.03958333333333333

1 0.1921875 0.9291666666666667 0.059375 0.04583333333333333

1 0.125 0.853125 0.021875 0.027083333333333334
1 0.39609375 0.571875 0.0390625 0.03958333333333333
1 0.11484375 0.85 0.0171875 0.016666666666666666
1 0.09921875 0.8729166666666667 0.0328125 0.03333333333333333
1 0.13046875 0.8375 0.0328125 0.025
1 0.671875 0.7947916666666667 0.03125 0.05625
1 0.66484375 0.8114583333333333 0.0453125 0.07291666666666667
1 0.82421875 0.7895833333333333 0.0515625 0.05
1 0.990625 0.5083333333333333 0.01875 0.025

5 0.52421875 0.740625 0.0109375 0.010416666666666666
4 0.39453125 0.6114583333333333 0.0078125 0.014583333333333334
4 0.39453125 0.6125 0.0078125 0.016666666666666666
5 0.48046875 0.6677083333333333 0.0078125 0.00625
5 0.52734375 0.7458333333333333 0.0109375 0.008333333333333333
4 0.48046875 0.66875 0.0078125 0.004166666666666667
4 0.35390625 0.5083333333333333 0.0078125 0.016666666666666666
4 0.35703125 0.5041666666666667 0.0109375 0.0125
5 0.56015625 0.63125 0.0109375 0.020833333333333332
1 0.6703125 0.7885416666666667 0.028125 0.04791666666666667
5 0.57890625 0.634375 0.0078125 0.010416666666666666
5 0.6609375 0.7739583333333333 0.00625 0.00625
5 0.62109375 0.728125 0.0109375 0.01875
5 0.6015625 0.440625 0.015625 0.01875
5 0.64609375 0.6229166666666667 0.0078125 0.016666666666666666
5 0.64375 0.46875 0.028125 0.041666666666666664
5 0.65 0.6416666666666667 0.01875 0.0125
5 0.66171875 0.6447916666666667 0.0078125 0.010416666666666666
5 0.8109375 0.49166666666666664 0.003125 0.004166666666666667
5 0.8203125 0.4979166666666667 0.0125 0.016666666666666666
5 0.62109375 0.38645833333333335 0.0234375 0.04375
5 0.6453125 0.6197916666666666 0.00625 0.010416666666666666
5 0.53984375 0.3885416666666667 0.0171875 0.022916666666666665
5 0.40078125 0.5708333333333333 0.0265625 0.029166666666666667
5 0.540625 0.38125 0.015625 0.020833333333333332
1 0.38671875 0.5791666666666667 0.0234375 0.0375
3 0.60546875 0.5052083333333334 0.0453125 0.10208333333333333
1 0.5390625 0.38333333333333336 0.0125 0.020833333333333332
1 0.60078125 0.27708333333333335 0.0078125 0.0125
3 0.53125 0.21875 0.028125 0.05416666666666667
1 0.51875 0.13020833333333334 0.00625 0.014583333333333334
1 0.534375 0.13125 0.0125 0.016666666666666666
1 0.51640625 0.06875 0.0171875 0.016666666666666666
1 0.52421875 0.057291666666666664 0.0109375 0.010416666666666666
1 0.37890625 0.25 0.0140625 0.020833333333333332
1 0.35390625 0.25 0.0171875 0.029166666666666667
1 0.37421875 0.22604166666666667 0.0171875 0.022916666666666665
1 0.35390625 0.225 0.0140625 0.020833333333333332
1 0.3359375 0.22291666666666668 0.0125 0.020833333333333332
1 0.3171875 0.228125 0.0125 0.01875
1 0.3171875 0.253125 0.015625 0.027083333333333334
1 0.29765625 0.23125 0.0203125 0.020833333333333332
1 0.27734375 0.225 0.0140625 0.016666666666666666
1 0.38359375 0.18645833333333334 0.0140625 0.01875
1 0.36640625 0.18958333333333333 0.0140625 0.020833333333333332
1 0.33125 0.18645833333333334 0.0125 0.01875
1 0.31015625 0.19166666666666668 0.0171875 0.029166666666666667
1 0.2984375 0.171875 0.025 0.027083333333333334
1 0.48984375 0.07291666666666667 0.0171875 0.016666666666666666
1 0.64140625 0.45 0.0171875 0.008333333333333333
1 0.59921875 0.415625 0.0171875 0.01875
1 0.57734375 0.35625 0.0203125 0.025
1 0.5390625 0.16979166666666667 0.015625 0.027083333333333334
