
1 0.37109375 0.975 0.0609375 0.05
1 0.44375 0.925 0.053125 0.041666666666666664
1 0.23125 0.990625 0.046875 0.01875
1 0.309375 0.9583333333333334 0.0625 0.05
1 0.39609375 0.9114583333333334 0.0546875 0.04791666666666667
1 0.16015625 0.9854166666666667 0.0671875 0.029166666666666667
1 0.2484375 0.9447916666666667 0.059375 0.04375
1 0.325 0.8989583333333333 0.05 0.03958333333333333
1 0.39765625 0.859375 0.0546875 0.03958333333333333
1 0.11015625 0.9760416666666667 0.0671875 0.04791666666666667
1 0.1921875 0.9270833333333334 0.0625 0.05
1 0.28046875 0.8833333333333333 0.0703125 0.05
1 0.3609375 0.840625 0.053125 0.03958333333333333

1 0.1921875 0.9270833333333334 0.059375 0.041666666666666664

1 0.1046875 0.878125 0.021875 0.014583333333333334
1 0.39140625 0.578125 0.0453125 0.03958333333333333

1 0.096875 0.8729166666666667 0.00625 0.03333333333333333
1 0.11484375 0.8427083333333333 0.0015625 0.0020833333333333333
1 0.6765625 0.8135416666666667 0.0375 0.05625
1 0.6765625 0.825 0.040625 0.075
1 0.825 0.7895833333333333 0.05 0.05
1 0.9921875 0.503125 0.015625 0.022916666666666665

5 0.5265625 0.7541666666666667 0.0125 0.016666666666666666
4 0.39453125 0.6125 0.0078125 0.016666666666666666
4 0.39453125 0.6135416666666667 0.0078125 0.014583333333333334
5 0.48125 0.675 0.00625 0.008333333333333333
5 0.53359375 0.7583333333333333 0.0078125 0.016666666666666666
4 0.48046875 0.6739583333333333 0.0046875 0.00625
4 0.35390625 0.5083333333333333 0.0078125 0.0125
4 0.35703125 0.5041666666666667 0.0109375 0.0125
5 0.5625 0.6364583333333333 0.009375 0.01875
1 0.67578125 0.8041666666666667 0.0296875 0.05
5 0.5796875 0.6447916666666667 0.009375 0.014583333333333334
5 0.665625 0.7885416666666667 0.009375 0.00625
5 0.6234375 0.7364583333333333 0.009375 0.01875
5 0.6078125 0.44166666666666665 0.0125 0.016666666666666666
5 0.64609375 0.628125 0.0078125 0.01875
5 0.646875 0.475 0.025 0.0375
5 0.64765625 0.6427083333333333 0.0140625 0.010416666666666666
5 0.6640625 0.6489583333333333 0.00625 0.010416666666666666
5 0.81328125 0.490625 0.0046875 0.0020833333333333333
5 0.8296875 0.503125 0.009375 0.010416666666666666
5 0.62109375 0.38333333333333336 0.0234375 0.0375
5 0.6453125 0.628125 0.00625 0.010416666666666666
5 0.5375 0.39479166666666665 0.015625 0.022916666666666665
5 0.39296875 0.575 0.0328125 0.029166666666666667
5 0.53984375 0.3854166666666667 0.0140625 0.016666666666666666
1 0.38125 0.584375 0.03125 0.035416666666666666
3 0.60703125 0.5114583333333333 0.0453125 0.10208333333333333
1 0.5390625 0.38333333333333336 0.0125 0.0125
1 0.6078125 0.27708333333333335 0.015625 0.008333333333333333
3 0.5296875 0.20416666666666666 0.025 0.0375
1 0.51875 0.13020833333333334 0.00625 0.014583333333333334
1 0.534375 0.13125 0.0125 0.016666666666666666
1 0.51640625 0.06875 0.0171875 0.016666666666666666
1 0.52421875 0.057291666666666664 0.0109375 0.010416666666666666
1 0.37890625 0.25104166666666666 0.0171875 0.022916666666666665
1 0.35390625 0.25 0.0171875 0.029166666666666667
1 0.37421875 0.22604166666666667 0.0171875 0.022916666666666665
1 0.35390625 0.225 0.0140625 0.020833333333333332
1 0.3359375 0.22291666666666668 0.0125 0.020833333333333332
1 0.31796875 0.228125 0.0140625 0.01875
1 0.3171875 0.253125 0.015625 0.027083333333333334
1 0.296875 0.23229166666666667 0.021875 0.022916666666666665
1 0.27734375 0.225 0.0140625 0.016666666666666666
1 0.38359375 0.18645833333333334 0.0140625 0.01875
1 0.36640625 0.18958333333333333 0.0140625 0.020833333333333332
1 0.33125 0.18645833333333334 0.0125 0.01875
1 0.31015625 0.19166666666666668 0.0171875 0.029166666666666667
1 0.2984375 0.171875 0.025 0.027083333333333334
1 0.48984375 0.07291666666666667 0.0171875 0.016666666666666666
1 0.64453125 0.4552083333333333 0.0140625 0.010416666666666666
1 0.59921875 0.42083333333333334 0.0171875 0.020833333333333332
1 0.578125 0.359375 0.0125 0.022916666666666665
1 0.53671875 0.17083333333333334 0.0171875 0.025
