
1 0.37109375 0.975 0.0609375 0.05
1 0.44375 0.925 0.053125 0.041666666666666664
1 0.23125 0.990625 0.046875 0.01875
1 0.309375 0.9583333333333334 0.0625 0.05
1 0.39609375 0.9114583333333334 0.0546875 0.04791666666666667
1 0.16015625 0.9854166666666667 0.0671875 0.029166666666666667
1 0.2484375 0.9447916666666667 0.059375 0.04375
1 0.325 0.8989583333333333 0.05 0.03958333333333333
1 0.39765625 0.859375 0.0546875 0.03958333333333333
1 0.1109375 0.9760416666666667 0.065625 0.04791666666666667
1 0.1921875 0.9270833333333334 0.0625 0.05
1 0.28046875 0.8833333333333333 0.0703125 0.05
1 0.359375 0.8395833333333333 0.053125 0.041666666666666664

1 0.1921875 0.9270833333333334 0.059375 0.04583333333333333

1 0.10390625 0.8833333333333333 0.0234375 0.020833333333333332
1 0.390625 0.5791666666666667 0.040625 0.0375

1 0.08359375 0.8875 0.0078125 0.004166666666666667
1 0.11484375 0.8427083333333333 0.0015625 0.0020833333333333333
1 0.67265625 0.8416666666666667 0.0453125 0.07916666666666666
1 0.6765625 0.8333333333333334 0.04375 0.06666666666666667
1 0.825 0.7895833333333333 0.05 0.05
1 0.99375 0.49895833333333334 0.0125 0.027083333333333334

5 0.53125 0.7583333333333333 0.0125 0.020833333333333332
4 0.39453125 0.6135416666666667 0.0078125 0.014583333333333334
4 0.39375 0.6145833333333334 0.00625 0.016666666666666666
5 0.48515625 0.6739583333333333 0.0046875 0.00625
5 0.534375 0.7635416666666667 0.009375 0.014583333333333334
4 0.484375 0.675 0.00625 0.004166666666666667
4 0.353125 0.509375 0.009375 0.014583333333333334
4 0.35625 0.5041666666666667 0.0125 0.0125
5 0.5640625 0.6416666666666667 0.009375 0.020833333333333332
1 0.67890625 0.8125 0.0296875 0.04583333333333333
5 0.58203125 0.6510416666666666 0.0078125 0.014583333333333334
5 0.66640625 0.8 0.0078125 0.008333333333333333
5 0.6265625 0.74375 0.009375 0.020833333333333332
5 0.609375 0.44375 0.0125 0.016666666666666666
5 0.64609375 0.6302083333333334 0.0078125 0.01875
5 0.64921875 0.4822916666666667 0.0265625 0.04791666666666667
5 0.64609375 0.6458333333333334 0.0109375 0.0125
5 0.66484375 0.6520833333333333 0.0078125 0.008333333333333333
5 0.81640625 0.49375 0.0046875 0.004166666666666667
5 0.83046875 0.503125 0.0078125 0.014583333333333334
5 0.62109375 0.38229166666666664 0.0234375 0.03958333333333333
5 0.64609375 0.6270833333333333 0.0046875 0.008333333333333333
5 0.53671875 0.396875 0.0171875 0.027083333333333334
5 0.3921875 0.5802083333333333 0.034375 0.03958333333333333
5 0.5375 0.39479166666666665 0.015625 0.03125
1 0.37265625 0.590625 0.0234375 0.03125
3 0.60859375 0.5145833333333333 0.0453125 0.10416666666666667
1 0.5390625 0.384375 0.0125 0.010416666666666666
1 0.60078125 0.28229166666666666 0.0046875 0.010416666666666666
3 0.52890625 0.20416666666666666 0.0234375 0.03333333333333333
1 0.51875 0.13020833333333334 0.00625 0.014583333333333334
1 0.534375 0.13229166666666667 0.0125 0.014583333333333334
1 0.5171875 0.06875 0.015625 0.016666666666666666
1 0.52421875 0.057291666666666664 0.0109375 0.010416666666666666
1 0.37890625 0.25 0.0140625 0.020833333333333332
1 0.35390625 0.25 0.0171875 0.029166666666666667
1 0.37421875 0.22604166666666667 0.0171875 0.022916666666666665
1 0.35390625 0.225 0.0140625 0.020833333333333332
1 0.3359375 0.22291666666666668 0.0125 0.020833333333333332
1 0.3171875 0.228125 0.0125 0.01875
1 0.31796875 0.253125 0.0171875 0.027083333333333334
1 0.296875 0.23229166666666667 0.021875 0.022916666666666665
1 0.27734375 0.225 0.0140625 0.016666666666666666
1 0.38359375 0.18645833333333334 0.0140625 0.01875
1 0.36640625 0.18958333333333333 0.0140625 0.020833333333333332
1 0.33125 0.1875 0.015625 0.020833333333333332
1 0.31328125 0.19166666666666668 0.0171875 0.029166666666666667
1 0.2984375 0.171875 0.025 0.027083333333333334
1 0.48984375 0.071875 0.0171875 0.014583333333333334
1 0.64453125 0.46041666666666664 0.0140625 0.008333333333333333
1 0.6 0.42291666666666666 0.01875 0.025
1 0.578125 0.36041666666666666 0.015625 0.025
1 0.5359375 0.16875 0.021875 0.025
