
1 0.37109375 0.975 0.0609375 0.05
1 0.44375 0.925 0.053125 0.041666666666666664
1 0.23125 0.990625 0.046875 0.01875
1 0.309375 0.9583333333333334 0.0625 0.05
1 0.39609375 0.9114583333333334 0.0546875 0.04791666666666667
1 0.16015625 0.9854166666666667 0.0671875 0.029166666666666667
1 0.2484375 0.9447916666666667 0.059375 0.04375
1 0.325 0.8989583333333333 0.05 0.03958333333333333
1 0.39765625 0.859375 0.0546875 0.03958333333333333
1 0.11015625 0.9760416666666667 0.0671875 0.04791666666666667
1 0.1921875 0.9270833333333334 0.0625 0.05
1 0.28046875 0.8833333333333333 0.0703125 0.05
1 0.36015625 0.8395833333333333 0.0546875 0.041666666666666664

1 0.1921875 0.9270833333333334 0.059375 0.041666666666666664

1 0.09453125 0.8927083333333333 0.0328125 0.035416666666666666
1 0.38046875 0.584375 0.0453125 0.03958333333333333


1 0.0921875 0.8572916666666667 0.003125 0.0020833333333333333
1 0.67578125 0.8541666666666666 0.0515625 0.09583333333333334
1 0.6796875 0.8489583333333334 0.046875 0.06875
1 0.825 0.7895833333333333 0.05 0.05
1 0.99375 0.4947916666666667 0.0125 0.027083333333333334

5 0.53515625 0.7635416666666667 0.0140625 0.01875
4 0.39453125 0.6166666666666667 0.0078125 0.016666666666666666
4 0.39453125 0.6145833333333334 0.0078125 0.016666666666666666
5 0.4859375 0.678125 0.00625 0.00625
5 0.53671875 0.7697916666666667 0.0109375 0.01875
4 0.4859375 0.678125 0.00625 0.00625
4 0.35234375 0.5083333333333333 0.0078125 0.0125
4 0.35390625 0.5052083333333334 0.0109375 0.010416666666666666
5 0.565625 0.6479166666666667 0.009375 0.020833333333333332
1 0.68515625 0.828125 0.0296875 0.04375
5 0.58359375 0.6520833333333333 0.0078125 0.0125
5 0.67421875 0.8135416666666667 0.0078125 0.00625
5 0.628125 0.75 0.009375 0.020833333333333332
5 0.6109375 0.45 0.0125 0.016666666666666666
5 0.64765625 0.6354166666666666 0.0078125 0.0125
5 0.65078125 0.48541666666666666 0.0265625 0.041666666666666664
5 0.6453125 0.6510416666666666 0.0125 0.010416666666666666
5 0.665625 0.6572916666666667 0.00625 0.00625
5 0.81796875 0.496875 0.0046875 0.00625
5 0.83125 0.503125 0.009375 0.014583333333333334
5 0.6234375 0.3885416666666667 0.025 0.03958333333333333
5 0.64609375 0.6385416666666667 0.0046875 0.014583333333333334
5 0.53671875 0.4010416666666667 0.0171875 0.027083333333333334
5 0.3796875 0.5864583333333333 0.0375 0.03125
5 0.5375 0.39479166666666665 0.015625 0.022916666666666665
1 0.36796875 0.59375 0.0265625 0.0375
3 0.61015625 0.5197916666666667 0.0453125 0.10208333333333333
1 0.53671875 0.3958333333333333 0.0140625 0.020833333333333332
1 0.61328125 0.28229166666666666 0.0109375 0.014583333333333334
3 0.53203125 0.225 0.0265625 0.058333333333333334
1 0.51875 0.13020833333333334 0.00625 0.014583333333333334
1 0.534375 0.13229166666666667 0.0125 0.014583333333333334
1 0.51875 0.06979166666666667 0.015625 0.01875
1 0.52421875 0.058333333333333334 0.0109375 0.0125
1 0.37890625 0.25 0.0140625 0.020833333333333332
1 0.35390625 0.25 0.0171875 0.029166666666666667
1 0.3734375 0.22604166666666667 0.015625 0.022916666666666665
1 0.353125 0.225 0.015625 0.020833333333333332
1 0.3359375 0.22291666666666668 0.0125 0.020833333333333332
1 0.3171875 0.228125 0.0125 0.01875
1 0.3171875 0.253125 0.015625 0.027083333333333334
1 0.296875 0.23125 0.021875 0.020833333333333332
1 0.27734375 0.225 0.0140625 0.016666666666666666
1 0.38359375 0.18645833333333334 0.0140625 0.01875
1 0.36640625 0.18958333333333333 0.0140625 0.020833333333333332
1 0.33125 0.18645833333333334 0.0125 0.01875
1 0.31328125 0.19166666666666668 0.0171875 0.029166666666666667
1 0.29765625 0.171875 0.0234375 0.027083333333333334
1 0.48984375 0.071875 0.0171875 0.014583333333333334
1 0.64609375 0.46875 0.0171875 0.0125
1 0.60390625 0.434375 0.0203125 0.022916666666666665
1 0.57890625 0.36770833333333336 0.0140625 0.027083333333333334
1 0.5203125 0.16875 0.015625 0.03333333333333333
