
1 0.37109375 0.975 0.0609375 0.05
1 0.44375 0.9260416666666667 0.053125 0.04375
1 0.23125 0.990625 0.046875 0.01875
1 0.309375 0.9583333333333334 0.0625 0.05
1 0.39609375 0.9114583333333334 0.0546875 0.04791666666666667
1 0.16015625 0.9854166666666667 0.0671875 0.029166666666666667
1 0.2484375 0.9447916666666667 0.059375 0.04375
1 0.325 0.8989583333333333 0.05 0.03958333333333333
1 0.39765625 0.859375 0.0546875 0.03958333333333333
1 0.11015625 0.9760416666666667 0.0671875 0.04791666666666667
1 0.1921875 0.9270833333333334 0.0625 0.05
1 0.28046875 0.8833333333333333 0.0703125 0.05
1 0.3609375 0.840625 0.053125 0.03958333333333333

1 0.1921875 0.9270833333333334 0.059375 0.041666666666666664

1 0.09453125 0.8927083333333333 0.0328125 0.035416666666666666
1 0.36953125 0.5895833333333333 0.0359375 0.0375
1 0.3609375 0.6020833333333333 0.009375 0.0125
1 0.08359375 0.8729166666666667 0.0015625 0.03333333333333333

1 0.67578125 0.8729166666666667 0.0609375 0.10416666666666667
1 0.69140625 0.8520833333333333 0.0359375 0.058333333333333334
1 0.82421875 0.7895833333333333 0.0515625 0.05
1 0.9953125 0.490625 0.009375 0.022916666666666665

5 0.5359375 0.759375 0.0125 0.010416666666666666
4 0.39453125 0.6177083333333333 0.0078125 0.01875
4 0.3953125 0.6166666666666667 0.00625 0.016666666666666666
5 0.4875 0.6802083333333333 0.00625 0.00625
5 0.53671875 0.7635416666666667 0.0109375 0.010416666666666666
4 0.4859375 0.6791666666666667 0.003125 0.004166666666666667
4 0.35234375 0.5083333333333333 0.0078125 0.0125
4 0.35390625 0.5052083333333334 0.0109375 0.010416666666666666
5 0.5671875 0.6520833333333333 0.009375 0.020833333333333332
1 0.68828125 0.8395833333333333 0.0296875 0.04583333333333333
5 0.58359375 0.6541666666666667 0.0078125 0.008333333333333333
5 0.6765625 0.828125 0.009375 0.010416666666666666
5 0.6296875 0.75625 0.009375 0.020833333333333332
5 0.6125 0.4552083333333333 0.0125 0.01875
5 0.646875 0.6354166666666666 0.009375 0.0125
5 0.65078125 0.4895833333333333 0.0265625 0.041666666666666664
5 0.646875 0.65625 0.0125 0.0125
5 0.66640625 0.6604166666666667 0.0078125 0.008333333333333333
5 0.81875 0.4979166666666667 0.003125 0.004166666666666667
5 0.83203125 0.5052083333333334 0.0078125 0.014583333333333334
5 0.625 0.3875 0.028125 0.04583333333333333
5 0.6453125 0.640625 0.00625 0.010416666666666666
5 0.534375 0.40208333333333335 0.01875 0.029166666666666667
5 0.37109375 0.5885416666666666 0.0234375 0.03125
5 0.53671875 0.396875 0.0140625 0.022916666666666665
1 0.3609375 0.5989583333333334 0.021875 0.03125
3 0.61015625 0.5239583333333333 0.0453125 0.10208333333333333
1 0.53515625 0.39791666666666664 0.0140625 0.020833333333333332
1 0.6046875 0.28854166666666664 0.0125 0.014583333333333334
3 0.5328125 0.22708333333333333 0.025 0.058333333333333334
1 0.51875 0.13020833333333334 0.00625 0.014583333333333334
1 0.534375 0.13333333333333333 0.0125 0.016666666666666666
1 0.51953125 0.07083333333333333 0.0140625 0.016666666666666666
1 0.52421875 0.058333333333333334 0.0109375 0.0125
1 0.37890625 0.25 0.0140625 0.020833333333333332
1 0.35390625 0.25 0.0171875 0.029166666666666667
1 0.37421875 0.22604166666666667 0.0171875 0.022916666666666665
1 0.3546875 0.221875 0.0125 0.01875
1 0.3359375 0.22291666666666668 0.0125 0.020833333333333332
1 0.3171875 0.228125 0.0125 0.01875
1 0.3171875 0.253125 0.015625 0.027083333333333334
1 0.296875 0.23125 0.021875 0.020833333333333332
1 0.27734375 0.225 0.0140625 0.016666666666666666
1 0.38359375 0.18645833333333334 0.0140625 0.01875
1 0.36640625 0.18958333333333333 0.0140625 0.020833333333333332
1 0.33125 0.1875 0.015625 0.020833333333333332
1 0.3125 0.19166666666666668 0.015625 0.029166666666666667
1 0.29765625 0.171875 0.0234375 0.027083333333333334
1 0.48828125 0.075 0.0203125 0.016666666666666666
1 0.64765625 0.471875 0.0140625 0.010416666666666666
1 0.6046875 0.43125 0.01875 0.020833333333333332
1 0.58203125 0.371875 0.0171875 0.027083333333333334
1 0.5203125 0.16875 0.015625 0.03333333333333333
