
1 0.37109375 0.975 0.0609375 0.05
1 0.44296875 0.925 0.0546875 0.041666666666666664
1 0.23125 0.990625 0.046875 0.01875
1 0.309375 0.9583333333333334 0.0625 0.05
1 0.39609375 0.9114583333333334 0.0546875 0.04791666666666667
1 0.16015625 0.9854166666666667 0.0671875 0.029166666666666667
1 0.2484375 0.9447916666666667 0.059375 0.04375
1 0.325 0.8989583333333333 0.05 0.03958333333333333
1 0.39765625 0.859375 0.0546875 0.03958333333333333
1 0.11015625 0.9760416666666667 0.0671875 0.04791666666666667
1 0.19140625 0.9270833333333334 0.0609375 0.05
1 0.28046875 0.8833333333333333 0.0703125 0.05
1 0.36015625 0.840625 0.0515625 0.03958333333333333

1 0.1921875 0.9270833333333334 0.059375 0.041666666666666664

1 0.0859375 0.8822916666666667 0.015625 0.014583333333333334
1 0.36953125 0.59375 0.0421875 0.0375
1 0.36484375 0.5916666666666667 0.0390625 0.03333333333333333
1 0.08359375 0.8729166666666667 0.0015625 0.03333333333333333
1 0.09921875 0.8572916666666667 0.0015625 0.0020833333333333333
1 0.66953125 0.89375 0.0578125 0.1
1 0.68671875 0.8739583333333333 0.0578125 0.06875
1 0.82421875 0.7895833333333333 0.0515625 0.05
1 0.9953125 0.4875 0.009375 0.025

5 0.53828125 0.7677083333333333 0.0109375 0.014583333333333334
4 0.3953125 0.6177083333333333 0.00625 0.014583333333333334
4 0.39609375 0.6177083333333333 0.0078125 0.014583333333333334
5 0.4890625 0.68125 0.00625 0.008333333333333333
5 0.53984375 0.76875 0.0109375 0.0125
4 0.48828125 0.684375 0.0046875 0.00625
4 0.35 0.5114583333333333 0.009375 0.01875
4 0.353125 0.50625 0.009375 0.0125
5 0.56875 0.6572916666666667 0.009375 0.022916666666666665
1 0.69296875 0.85625 0.0328125 0.04583333333333333
5 0.58515625 0.6708333333333333 0.0078125 0.016666666666666666
5 0.6828125 0.8447916666666667 0.0125 0.010416666666666666
5 0.63125 0.7625 0.009375 0.016666666666666666
5 0.6140625 0.459375 0.0125 0.01875
5 0.646875 0.65 0.009375 0.020833333333333332
5 0.653125 0.49895833333333334 0.028125 0.04375
5 0.65 0.6572916666666667 0.009375 0.010416666666666666
5 0.6671875 0.66875 0.009375 0.008333333333333333
5 0.8234375 0.5 0.003125 0.004166666666666667
5 0.834375 0.5052083333333334 0.009375 0.014583333333333334
5 0.62421875 0.3885416666666667 0.0265625 0.04375
5 0.64609375 0.6458333333333334 0.0078125 0.008333333333333333
5 0.5328125 0.409375 0.01875 0.03125
5 0.36796875 0.59375 0.0296875 0.0375
5 0.53515625 0.40208333333333335 0.0140625 0.020833333333333332
1 0.353125 0.6020833333333333 0.025 0.029166666666666667
3 0.6109375 0.5291666666666667 0.046875 0.10416666666666667
1 0.534375 0.4 0.0125 0.016666666666666666
1 0.6046875 0.28854166666666664 0.0125 0.014583333333333334
3 0.53359375 0.23333333333333334 0.0265625 0.05
1 0.51875 0.13229166666666667 0.00625 0.014583333333333334
1 0.53515625 0.13854166666666667 0.0140625 0.01875
1 0.52265625 0.071875 0.0140625 0.01875
1 0.52421875 0.058333333333333334 0.0109375 0.0125
1 0.37890625 0.25 0.0140625 0.020833333333333332
1 0.35390625 0.24895833333333334 0.0171875 0.027083333333333334
1 0.3734375 0.22604166666666667 0.015625 0.022916666666666665
1 0.3546875 0.221875 0.0125 0.01875
1 0.3359375 0.22291666666666668 0.0125 0.020833333333333332
1 0.31796875 0.228125 0.0140625 0.01875
1 0.3171875 0.253125 0.015625 0.027083333333333334
1 0.29765625 0.23229166666666667 0.0203125 0.022916666666666665
1 0.27734375 0.225 0.0140625 0.016666666666666666
1 0.3828125 0.18645833333333334 0.0125 0.01875
1 0.36640625 0.19166666666666668 0.0140625 0.020833333333333332
1 0.33125 0.1875 0.015625 0.020833333333333332
1 0.3125 0.19166666666666668 0.015625 0.029166666666666667
1 0.29765625 0.171875 0.0234375 0.027083333333333334
1 0.48984375 0.071875 0.0171875 0.014583333333333334
1 0.64921875 0.47708333333333336 0.0140625 0.008333333333333333
1 0.60546875 0.44479166666666664 0.0203125 0.01875
1 0.584375 0.375 0.015625 0.020833333333333332
1 0.5203125 0.16875 0.015625 0.03333333333333333
