
1 0.37109375 0.975 0.0609375 0.05
1 0.44296875 0.925 0.0546875 0.041666666666666664
1 0.23125 0.990625 0.046875 0.01875
1 0.309375 0.9583333333333334 0.0625 0.05
1 0.39609375 0.9114583333333334 0.0546875 0.04791666666666667
1 0.16015625 0.9854166666666667 0.0671875 0.029166666666666667
1 0.2484375 0.9447916666666667 0.059375 0.04375
1 0.325 0.8989583333333333 0.05 0.03958333333333333
1 0.39765625 0.859375 0.0546875 0.03958333333333333
1 0.11015625 0.9760416666666667 0.0671875 0.04791666666666667
1 0.19140625 0.9270833333333334 0.0609375 0.05
1 0.28046875 0.8833333333333333 0.0703125 0.05
1 0.36015625 0.840625 0.0546875 0.03958333333333333

1 0.1921875 0.9270833333333334 0.059375 0.041666666666666664

1 0.35546875 0.5989583333333334 0.0203125 0.01875
1 0.3625 0.5989583333333334 0.046875 0.03958333333333333
1 0.3609375 0.6010416666666667 0.040625 0.03958333333333333
1 0.08359375 0.8729166666666667 0.0015625 0.03333333333333333

1 0.67421875 0.9041666666666667 0.0640625 0.09583333333333334
1 0.703125 0.8802083333333334 0.0375 0.06458333333333334
1 0.82421875 0.7895833333333333 0.0515625 0.05
1 0.9953125 0.48541666666666666 0.009375 0.025

5 0.53984375 0.7708333333333334 0.0109375 0.0125
4 0.39609375 0.6177083333333333 0.0078125 0.014583333333333334
4 0.39609375 0.6177083333333333 0.0078125 0.014583333333333334
5 0.48984375 0.6875 0.0078125 0.0125
5 0.54296875 0.7739583333333333 0.0109375 0.010416666666666666
4 0.48984375 0.684375 0.0046875 0.00625
4 0.35234375 0.5083333333333333 0.0078125 0.0125
4 0.353125 0.50625 0.009375 0.0125
5 0.56796875 0.6604166666666667 0.0078125 0.020833333333333332
1 0.696875 0.8666666666666667 0.03125 0.05
5 0.5859375 0.6677083333333333 0.00625 0.00625
5 0.6859375 0.8541666666666666 0.009375 0.0125
5 0.63125 0.7697916666666667 0.009375 0.01875
5 0.615625 0.4625 0.0125 0.016666666666666666
5 0.64765625 0.6458333333333334 0.0109375 0.016666666666666666
5 0.65390625 0.5010416666666667 0.0265625 0.04375
5 0.6453125 0.6677083333333333 0.015625 0.014583333333333334
5 0.66796875 0.671875 0.0078125 0.00625
5 0.82421875 0.5020833333333333 0.0046875 0.008333333333333333
5 0.834375 0.5052083333333334 0.009375 0.014583333333333334
5 0.625 0.390625 0.028125 0.04375
5 0.64765625 0.6541666666666667 0.0078125 0.016666666666666666
5 0.5296875 0.41041666666666665 0.01875 0.029166666666666667
5 0.35546875 0.6 0.0296875 0.03333333333333333
5 0.534375 0.4041666666666667 0.015625 0.020833333333333332
1 0.3515625 0.6041666666666666 0.028125 0.03333333333333333
3 0.6109375 0.53125 0.046875 0.10416666666666667
1 0.53359375 0.4 0.0140625 0.0125
1 0.60625 0.2916666666666667 0.0125 0.016666666666666666
3 0.53359375 0.234375 0.0265625 0.052083333333333336
1 0.51875 0.13229166666666667 0.00625 0.014583333333333334
1 0.53515625 0.13854166666666667 0.0140625 0.01875
1 0.52265625 0.071875 0.0140625 0.01875
1 0.52421875 0.058333333333333334 0.0109375 0.0125
1 0.37890625 0.25 0.0140625 0.020833333333333332
1 0.35390625 0.25 0.0171875 0.029166666666666667
1 0.37421875 0.22395833333333334 0.0140625 0.01875
1 0.35390625 0.225 0.0140625 0.020833333333333332
1 0.3359375 0.22291666666666668 0.0125 0.020833333333333332
1 0.3171875 0.228125 0.0125 0.01875
1 0.3171875 0.253125 0.015625 0.027083333333333334
1 0.296875 0.23229166666666667 0.021875 0.022916666666666665
1 0.27734375 0.225 0.0140625 0.016666666666666666
1 0.3828125 0.18645833333333334 0.0125 0.01875
1 0.3671875 0.190625 0.0125 0.01875
1 0.33125 0.18645833333333334 0.0125 0.01875
1 0.31328125 0.19166666666666668 0.0171875 0.029166666666666667
1 0.29765625 0.171875 0.0234375 0.027083333333333334
1 0.48984375 0.07291666666666667 0.0171875 0.016666666666666666
1 0.65 0.48333333333333334 0.015625 0.008333333333333333
1 0.61171875 0.446875 0.0140625 0.022916666666666665
1 0.5859375 0.375 0.015625 0.020833333333333332
1 0.51953125 0.16875 0.0140625 0.03333333333333333
