
1 0.37109375 0.975 0.0609375 0.05
1 0.4421875 0.925 0.053125 0.041666666666666664
1 0.23125 0.990625 0.046875 0.01875
1 0.309375 0.9583333333333334 0.0625 0.05
1 0.39609375 0.9114583333333334 0.0546875 0.04791666666666667
1 0.16015625 0.9854166666666667 0.0671875 0.029166666666666667
1 0.24765625 0.9447916666666667 0.0609375 0.04375
1 0.32421875 0.8989583333333333 0.0484375 0.03958333333333333
1 0.39765625 0.859375 0.0546875 0.03958333333333333
1 0.11015625 0.9760416666666667 0.0671875 0.04791666666666667
1 0.19140625 0.9270833333333334 0.0609375 0.05
1 0.28046875 0.8833333333333333 0.0703125 0.05
1 0.36015625 0.840625 0.0546875 0.03958333333333333

1 0.19140625 0.9270833333333334 0.0578125 0.041666666666666664

1 0.35234375 0.6041666666666666 0.0328125 0.0375
1 0.3546875 0.6052083333333333 0.053125 0.04375
1 0.3484375 0.6052083333333333 0.0375 0.03958333333333333
1 0.05234375 0.8739583333333333 0.0015625 0.0020833333333333333
1 0.70390625 0.8854166666666666 0.0296875 0.041666666666666664
1 0.69375 0.9083333333333333 0.05 0.0875
1 0.7078125 0.9 0.0375 0.06666666666666667
1 0.8234375 0.7895833333333333 0.05 0.05
1 0.99453125 0.484375 0.0109375 0.022916666666666665

5 0.54609375 0.7885416666666667 0.0140625 0.027083333333333334
4 0.396875 0.6197916666666666 0.00625 0.014583333333333334
4 0.396875 0.6197916666666666 0.00625 0.014583333333333334
5 0.490625 0.690625 0.00625 0.010416666666666666
5 0.5484375 0.7822916666666667 0.009375 0.014583333333333334
4 0.49140625 0.690625 0.0046875 0.00625
4 0.35234375 0.5083333333333333 0.0078125 0.0125
4 0.353125 0.50625 0.009375 0.0125
5 0.56953125 0.665625 0.0078125 0.014583333333333334
1 0.703125 0.884375 0.03125 0.04791666666666667
5 0.58515625 0.684375 0.0109375 0.01875
5 0.690625 0.8729166666666667 0.0125 0.0125
5 0.634375 0.778125 0.009375 0.014583333333333334
5 0.61640625 0.46770833333333334 0.0109375 0.014583333333333334
5 0.64765625 0.6572916666666667 0.0109375 0.01875
5 0.65625 0.5114583333333333 0.028125 0.04375
5 0.64765625 0.671875 0.0140625 0.014583333333333334
5 0.6703125 0.6760416666666667 0.00625 0.00625
5 0.82890625 0.5 0.0046875 0.004166666666666667
5 0.840625 0.5072916666666667 0.009375 0.014583333333333334
5 0.625 0.39166666666666666 0.028125 0.041666666666666664
5 0.64921875 0.653125 0.0046875 0.00625
5 0.52890625 0.415625 0.0203125 0.03125
5 0.34921875 0.60625 0.0328125 0.0375
5 0.53359375 0.4083333333333333 0.0140625 0.020833333333333332
1 0.33828125 0.6104166666666667 0.0234375 0.0375
3 0.61328125 0.5375 0.0453125 0.10416666666666667
1 0.5328125 0.40625 0.0125 0.0125
1 0.6109375 0.2947916666666667 0.015625 0.01875
3 0.53046875 0.21979166666666666 0.0234375 0.035416666666666666
1 0.51875 0.134375 0.00625 0.014583333333333334
1 0.5359375 0.14166666666666666 0.0125 0.020833333333333332
1 0.521875 0.071875 0.015625 0.01875
1 0.5234375 0.058333333333333334 0.0125 0.0125
1 0.37890625 0.25 0.0140625 0.020833333333333332
1 0.353125 0.246875 0.0125 0.022916666666666665
1 0.37421875 0.22395833333333334 0.0140625 0.01875
1 0.3546875 0.22291666666666668 0.0125 0.016666666666666666
1 0.3359375 0.22291666666666668 0.0125 0.020833333333333332
1 0.31796875 0.228125 0.0140625 0.01875
1 0.3171875 0.253125 0.015625 0.027083333333333334
1 0.296875 0.23229166666666667 0.021875 0.022916666666666665
1 0.27734375 0.225 0.0140625 0.016666666666666666
1 0.3828125 0.18645833333333334 0.0125 0.01875
1 0.3671875 0.18958333333333333 0.0125 0.016666666666666666
1 0.33046875 0.18645833333333334 0.0140625 0.01875
1 0.31328125 0.19166666666666668 0.0171875 0.029166666666666667
1 0.29765625 0.171875 0.0234375 0.027083333333333334
1 0.48828125 0.075 0.0203125 0.016666666666666666
1 0.65234375 0.490625 0.0171875 0.010416666666666666
1 0.6109375 0.45 0.01875 0.020833333333333332
1 0.59140625 0.3770833333333333 0.0171875 0.020833333333333332
1 0.5203125 0.16979166666666667 0.015625 0.03125
