
1 0.37109375 0.975 0.0609375 0.05
1 0.4421875 0.925 0.053125 0.041666666666666664
1 0.23125 0.990625 0.046875 0.01875
1 0.309375 0.9583333333333334 0.0625 0.05
1 0.39609375 0.9114583333333334 0.0546875 0.04791666666666667
1 0.16015625 0.9854166666666667 0.0671875 0.029166666666666667
1 0.24765625 0.9447916666666667 0.0609375 0.04375
1 0.32421875 0.8989583333333333 0.0484375 0.03958333333333333
1 0.396875 0.8604166666666667 0.05625 0.041666666666666664
1 0.11015625 0.9760416666666667 0.0671875 0.04791666666666667
1 0.19140625 0.9270833333333334 0.0609375 0.05
1 0.28046875 0.8833333333333333 0.0703125 0.05
1 0.359375 0.840625 0.053125 0.03958333333333333

1 0.19140625 0.9270833333333334 0.0578125 0.041666666666666664

1 0.3421875 0.609375 0.03125 0.035416666666666666
1 0.3484375 0.609375 0.05 0.04375
1 0.346875 0.609375 0.040625 0.03958333333333333

1 0.7078125 0.9041666666666667 0.0375 0.0625
1 0.696875 0.9302083333333333 0.05625 0.10625
1 0.70859375 0.9125 0.0453125 0.075
1 0.82265625 0.7885416666666667 0.0484375 0.04791666666666667


5 0.5484375 0.7885416666666667 0.0125 0.022916666666666665
4 0.39765625 0.6197916666666666 0.0078125 0.014583333333333334
4 0.39765625 0.6197916666666666 0.0078125 0.014583333333333334
5 0.4921875 0.6916666666666667 0.00625 0.008333333333333333
5 0.55 0.7947916666666667 0.0125 0.01875
4 0.49140625 0.690625 0.0046875 0.00625
4 0.3515625 0.5083333333333333 0.00625 0.0125
4 0.35234375 0.5072916666666667 0.0078125 0.010416666666666666
5 0.57109375 0.6708333333333333 0.0078125 0.016666666666666666
1 0.70703125 0.896875 0.0328125 0.04791666666666667
5 0.58828125 0.6822916666666666 0.0078125 0.010416666666666666
5 0.6953125 0.884375 0.0125 0.010416666666666666
5 0.6359375 0.7854166666666667 0.009375 0.020833333333333332
5 0.6171875 0.47291666666666665 0.0125 0.016666666666666666
5 0.64921875 0.6645833333333333 0.0109375 0.020833333333333332
5 0.6578125 0.5135416666666667 0.028125 0.04375
5 0.64765625 0.6729166666666667 0.0140625 0.0125
5 0.66953125 0.6791666666666667 0.0078125 0.008333333333333333
5 0.83125 0.503125 0.003125 0.00625
5 0.84375 0.5114583333333333 0.00625 0.014583333333333334
5 0.625 0.3927083333333333 0.028125 0.03958333333333333
5 0.6484375 0.665625 0.00625 0.01875
5 0.5265625 0.41875 0.021875 0.029166666666666667
5 0.34765625 0.6083333333333333 0.0359375 0.03333333333333333
5 0.53203125 0.4114583333333333 0.0109375 0.01875
1 0.33515625 0.6177083333333333 0.0296875 0.03125
3 0.6140625 0.5416666666666666 0.046875 0.10416666666666667
1 0.53125 0.40729166666666666 0.0125 0.010416666666666666
1 0.61328125 0.2989583333333333 0.0140625 0.01875
3 0.53046875 0.22083333333333333 0.0234375 0.03333333333333333
1 0.51796875 0.134375 0.0078125 0.014583333333333334
1 0.5359375 0.14270833333333333 0.0125 0.022916666666666665
1 0.521875 0.071875 0.015625 0.01875
1 0.5234375 0.058333333333333334 0.0125 0.0125
1 0.37890625 0.25 0.0140625 0.020833333333333332
1 0.353125 0.25 0.015625 0.029166666666666667
1 0.3734375 0.22604166666666667 0.015625 0.022916666666666665
1 0.3546875 0.22291666666666668 0.0125 0.016666666666666666
1 0.3359375 0.22291666666666668 0.0125 0.020833333333333332
1 0.3171875 0.228125 0.0125 0.01875
1 0.3171875 0.253125 0.015625 0.027083333333333334
1 0.296875 0.23229166666666667 0.021875 0.022916666666666665
1 0.27734375 0.225 0.0140625 0.016666666666666666
1 0.3828125 0.18645833333333334 0.0125 0.01875
1 0.3671875 0.18958333333333333 0.0125 0.016666666666666666
1 0.33046875 0.18645833333333334 0.0140625 0.01875
1 0.3125 0.19270833333333334 0.015625 0.027083333333333334
1 0.29765625 0.171875 0.0234375 0.027083333333333334
1 0.48828125 0.075 0.0203125 0.016666666666666666
1 0.65390625 0.49375 0.0140625 0.008333333333333333
1 0.61015625 0.453125 0.0171875 0.022916666666666665
1 0.5875 0.38229166666666664 0.01875 0.01875
1 0.5203125 0.1625 0.0125 0.020833333333333332
