
1 0.37109375 0.975 0.0609375 0.05
1 0.4421875 0.925 0.053125 0.041666666666666664
1 0.23125 0.990625 0.046875 0.01875
1 0.309375 0.9583333333333334 0.0625 0.05
1 0.39609375 0.9114583333333334 0.0546875 0.04791666666666667
1 0.16015625 0.9854166666666667 0.0671875 0.029166666666666667
1 0.24765625 0.9447916666666667 0.0609375 0.04375
1 0.32421875 0.8989583333333333 0.0484375 0.03958333333333333
1 0.396875 0.8604166666666667 0.05625 0.041666666666666664
1 0.11015625 0.9760416666666667 0.0671875 0.04791666666666667
1 0.19140625 0.9270833333333334 0.0609375 0.05
1 0.28046875 0.8833333333333333 0.0703125 0.05
1 0.359375 0.8416666666666667 0.053125 0.041666666666666664

1 0.19140625 0.9270833333333334 0.0578125 0.041666666666666664

1 0.33984375 0.6166666666666667 0.0421875 0.041666666666666664
1 0.33984375 0.6166666666666667 0.0515625 0.04583333333333333
1 0.33359375 0.6177083333333333 0.0359375 0.03958333333333333
1 0.05859375 0.8833333333333333 0.0203125 0.020833333333333332
1 0.715625 0.9229166666666667 0.034375 0.058333333333333334
1 0.7046875 0.9375 0.05625 0.0875
1 0.7109375 0.9302083333333333 0.053125 0.07291666666666667
1 0.8234375 0.7895833333333333 0.05 0.05


5 0.54921875 0.7885416666666667 0.0109375 0.014583333333333334
4 0.39765625 0.6229166666666667 0.0078125 0.016666666666666666
4 0.39765625 0.6208333333333333 0.0078125 0.0125
5 0.4921875 0.6947916666666667 0.00625 0.010416666666666666
5 0.55234375 0.7989583333333333 0.0109375 0.01875
4 0.4921875 0.69375 0.00625 0.004166666666666667
4 0.35 0.5125 0.009375 0.020833333333333332
4 0.3515625 0.5072916666666667 0.009375 0.010416666666666666
5 0.571875 0.6760416666666667 0.009375 0.01875
1 0.7140625 0.9145833333333333 0.034375 0.05
5 0.58828125 0.696875 0.0109375 0.01875
5 0.7046875 0.903125 0.0125 0.014583333333333334
5 0.63984375 0.7927083333333333 0.0109375 0.01875
5 0.62109375 0.478125 0.0140625 0.014583333333333334
5 0.64921875 0.671875 0.0140625 0.022916666666666665
5 0.66640625 0.521875 0.0203125 0.035416666666666666
5 0.67265625 0.6927083333333334 0.0109375 0.01875
5 0.66875 0.6875 0.00625 0.008333333333333333
5 0.83359375 0.5052083333333334 0.0046875 0.00625
5 0.84609375 0.5135416666666667 0.0078125 0.014583333333333334
5 0.6328125 0.39479166666666665 0.021875 0.04375
5 0.65 0.671875 0.009375 0.014583333333333334
5 0.5265625 0.42604166666666665 0.021875 0.03125
5 0.3359375 0.6145833333333334 0.03125 0.0375
5 0.53046875 0.4166666666666667 0.0140625 0.016666666666666666
1 0.33203125 0.6208333333333333 0.0359375 0.0375
3 0.615625 0.5447916666666667 0.046875 0.10625
1 0.525 0.42083333333333334 0.015625 0.020833333333333332
1 0.61328125 0.2989583333333333 0.0140625 0.01875
3 0.53359375 0.23854166666666668 0.0265625 0.06041666666666667
1 0.51796875 0.134375 0.0078125 0.010416666666666666
1 0.5359375 0.14375 0.0125 0.020833333333333332
1 0.521875 0.071875 0.015625 0.01875
1 0.52421875 0.058333333333333334 0.0109375 0.0125
1 0.37890625 0.25 0.0140625 0.020833333333333332
1 0.353125 0.25 0.015625 0.029166666666666667
1 0.37265625 0.22604166666666667 0.0171875 0.022916666666666665
1 0.3546875 0.22291666666666668 0.0125 0.016666666666666666
1 0.3359375 0.22291666666666668 0.0125 0.020833333333333332
1 0.3171875 0.228125 0.0125 0.01875
1 0.3171875 0.253125 0.015625 0.027083333333333334
1 0.296875 0.23229166666666667 0.021875 0.022916666666666665
1 0.27734375 0.225 0.0140625 0.016666666666666666
1 0.38359375 0.18645833333333334 0.0140625 0.01875
1 0.3671875 0.18958333333333333 0.0125 0.016666666666666666
1 0.3296875 0.18645833333333334 0.0125 0.01875
1 0.3125 0.19270833333333334 0.015625 0.027083333333333334
1 0.29765625 0.171875 0.0234375 0.027083333333333334
1 0.48828125 0.075 0.0203125 0.016666666666666666
1 0.65859375 0.5010416666666667 0.0140625 0.010416666666666666
1 0.6140625 0.459375 0.01875 0.022916666666666665
1 0.58984375 0.3854166666666667 0.0203125 0.020833333333333332
1 0.51953125 0.1625 0.0140625 0.020833333333333332
