
1 0.37109375 0.975 0.0609375 0.05
1 0.4421875 0.925 0.053125 0.041666666666666664
1 0.23125 0.990625 0.046875 0.01875
1 0.309375 0.9583333333333334 0.0625 0.05
1 0.3953125 0.9114583333333334 0.05625 0.04791666666666667
1 0.16015625 0.9854166666666667 0.0671875 0.029166666666666667
1 0.24765625 0.9447916666666667 0.0609375 0.04375
1 0.32421875 0.8989583333333333 0.0484375 0.03958333333333333
1 0.396875 0.8604166666666667 0.05625 0.041666666666666664
1 0.11015625 0.9760416666666667 0.0671875 0.04791666666666667
1 0.19140625 0.9270833333333334 0.0609375 0.05
1 0.28046875 0.8833333333333333 0.0703125 0.05
1 0.359375 0.840625 0.053125 0.03958333333333333

1 0.19140625 0.9270833333333334 0.0578125 0.041666666666666664

1 0.3328125 0.6208333333333333 0.040625 0.041666666666666664
1 0.33125 0.6197916666666666 0.046875 0.03958333333333333
1 0.3296875 0.621875 0.040625 0.035416666666666666

1 0.72109375 0.934375 0.0390625 0.06041666666666667
1 0.70703125 0.94375 0.0609375 0.07916666666666666
1 0.71484375 0.9427083333333334 0.0546875 0.07708333333333334
1 0.8234375 0.7895833333333333 0.05 0.05


5 0.55234375 0.7916666666666666 0.0109375 0.0125
4 0.39765625 0.6239583333333333 0.0078125 0.014583333333333334
4 0.39765625 0.625 0.0078125 0.016666666666666666
5 0.4953125 0.6958333333333333 0.00625 0.008333333333333333
5 0.55234375 0.79375 0.0109375 0.0125
4 0.49453125 0.6947916666666667 0.0046875 0.00625
4 0.35078125 0.5083333333333333 0.0078125 0.0125
4 0.3515625 0.5072916666666667 0.009375 0.010416666666666666
5 0.5734375 0.68125 0.009375 0.016666666666666666
1 0.71875 0.9270833333333334 0.034375 0.05
5 0.590625 0.7010416666666667 0.0125 0.014583333333333334
5 0.709375 0.91875 0.015625 0.0125
5 0.64140625 0.8010416666666667 0.0109375 0.022916666666666665
5 0.62265625 0.4822916666666667 0.0140625 0.014583333333333334
5 0.65078125 0.6770833333333334 0.0109375 0.020833333333333332
5 0.66328125 0.5291666666666667 0.0265625 0.041666666666666664
5 0.67109375 0.7020833333333333 0.0109375 0.025
5 0.671875 0.6885416666666667 0.00625 0.00625
5 0.834375 0.50625 0.003125 0.004166666666666667
5 0.84765625 0.5145833333333333 0.0078125 0.016666666666666666
5 0.6359375 0.39479166666666665 0.021875 0.03958333333333333
5 0.65078125 0.6770833333333334 0.0078125 0.0125
5 0.52109375 0.43020833333333336 0.0171875 0.027083333333333334
5 0.3390625 0.6114583333333333 0.021875 0.01875
5 0.5265625 0.42291666666666666 0.015625 0.020833333333333332
1 0.3234375 0.625 0.025 0.0375
3 0.61640625 0.5489583333333333 0.0453125 0.10625
1 0.52421875 0.42291666666666666 0.0140625 0.020833333333333332
1 0.61328125 0.3020833333333333 0.0140625 0.016666666666666666
3 0.53203125 0.228125 0.0234375 0.03958333333333333
1 0.5171875 0.13541666666666666 0.009375 0.0125
1 0.53671875 0.14479166666666668 0.0109375 0.01875
1 0.521875 0.071875 0.015625 0.01875
1 0.52421875 0.058333333333333334 0.0109375 0.0125
1 0.37890625 0.25 0.0140625 0.020833333333333332
1 0.353125 0.25 0.015625 0.029166666666666667
1 0.3734375 0.22604166666666667 0.015625 0.022916666666666665
1 0.3546875 0.22291666666666668 0.0125 0.016666666666666666
1 0.3359375 0.22291666666666668 0.0125 0.020833333333333332
1 0.3171875 0.228125 0.0125 0.01875
1 0.3171875 0.253125 0.015625 0.027083333333333334
1 0.296875 0.23229166666666667 0.021875 0.022916666666666665
1 0.27578125 0.22708333333333333 0.0140625 0.016666666666666666
1 0.3828125 0.18645833333333334 0.0125 0.01875
1 0.3671875 0.18958333333333333 0.0125 0.016666666666666666
1 0.3296875 0.18645833333333334 0.0125 0.01875
1 0.3125 0.19270833333333334 0.015625 0.027083333333333334
1 0.29765625 0.171875 0.0234375 0.027083333333333334
1 0.48828125 0.075 0.0203125 0.016666666666666666
1 0.65859375 0.50625 0.0140625 0.008333333333333333
1 0.6140625 0.4635416666666667 0.01875 0.022916666666666665
1 0.5890625 0.38958333333333334 0.01875 0.020833333333333332
1 0.51953125 0.16458333333333333 0.0140625 0.020833333333333332
