
1 0.37109375 0.975 0.0609375 0.05
1 0.44140625 0.925 0.0515625 0.041666666666666664
1 0.23125 0.990625 0.046875 0.01875
1 0.309375 0.9583333333333334 0.0625 0.05
1 0.39453125 0.9114583333333334 0.0546875 0.04791666666666667
1 0.16015625 0.9854166666666667 0.0671875 0.029166666666666667
1 0.24765625 0.9447916666666667 0.0609375 0.04375
1 0.32421875 0.8989583333333333 0.0484375 0.03958333333333333
1 0.396875 0.859375 0.05625 0.03958333333333333
1 0.11015625 0.9760416666666667 0.0671875 0.04791666666666667
1 0.190625 0.928125 0.0625 0.04791666666666667
1 0.28046875 0.8833333333333333 0.0703125 0.05
1 0.359375 0.8416666666666667 0.053125 0.041666666666666664

1 0.19140625 0.9270833333333334 0.0578125 0.041666666666666664

1 0.325 0.628125 0.04375 0.04375
1 0.321875 0.625 0.040625 0.041666666666666664
1 0.325 0.6260416666666667 0.04375 0.03958333333333333
1 0.44140625 0.5479166666666667 0.0234375 0.029166666666666667
1 0.72734375 0.953125 0.0359375 0.06041666666666667
1 0.7125 0.9604166666666667 0.0625 0.07083333333333333
1 0.734375 0.9635416666666666 0.0375 0.06458333333333334
1 0.825 0.7895833333333333 0.05 0.05


5 0.5546875 0.8 0.0125 0.016666666666666666
4 0.3984375 0.6239583333333333 0.00625 0.014583333333333334
4 0.39921875 0.625 0.0078125 0.016666666666666666
5 0.496875 0.7 0.00625 0.008333333333333333
5 0.55703125 0.8104166666666667 0.0109375 0.016666666666666666
4 0.496875 0.6989583333333333 0.00625 0.00625
4 0.35 0.5125 0.009375 0.020833333333333332
4 0.3515625 0.5072916666666667 0.009375 0.010416666666666666
5 0.5734375 0.690625 0.009375 0.01875
1 0.73125 0.9520833333333333 0.034375 0.05416666666666667
5 0.5875 0.7052083333333333 0.015625 0.010416666666666666
5 0.71484375 0.9375 0.0140625 0.0125
5 0.6453125 0.8072916666666666 0.009375 0.01875
5 0.62265625 0.490625 0.0140625 0.01875
5 0.65234375 0.684375 0.0109375 0.022916666666666665
5 0.6671875 0.5333333333333333 0.025 0.041666666666666664
5 0.6734375 0.7104166666666667 0.0125 0.025
5 0.671875 0.6947916666666667 0.00625 0.00625
5 0.83984375 0.509375 0.0046875 0.00625
5 0.85 0.515625 0.00625 0.014583333333333334
5 0.63828125 0.39791666666666664 0.0234375 0.0375
5 0.65234375 0.6864583333333333 0.0078125 0.01875
5 0.51875 0.434375 0.021875 0.03125

5 0.525 0.425 0.015625 0.020833333333333332
1 0.31953125 0.6270833333333333 0.0296875 0.041666666666666664
3 0.61875 0.5552083333333333 0.046875 0.10625
1 0.52265625 0.4270833333333333 0.0171875 0.020833333333333332
1 0.61484375 0.303125 0.0109375 0.01875
3 0.53203125 0.23125 0.0234375 0.041666666666666664
1 0.5171875 0.13645833333333332 0.009375 0.010416666666666666
1 0.53671875 0.14583333333333334 0.0109375 0.020833333333333332
1 0.52109375 0.07395833333333333 0.0109375 0.01875
1 0.52421875 0.058333333333333334 0.0109375 0.0125
1 0.37890625 0.25 0.0140625 0.020833333333333332
1 0.353125 0.25 0.015625 0.029166666666666667
1 0.37265625 0.22604166666666667 0.0171875 0.022916666666666665
1 0.3546875 0.22291666666666668 0.0125 0.016666666666666666
1 0.3359375 0.22291666666666668 0.0125 0.020833333333333332
1 0.3171875 0.228125 0.0125 0.01875
1 0.3171875 0.253125 0.015625 0.027083333333333334
1 0.29609375 0.23229166666666667 0.0203125 0.022916666666666665
1 0.275 0.22708333333333333 0.015625 0.016666666666666666
1 0.3828125 0.18645833333333334 0.0125 0.01875
1 0.3671875 0.18958333333333333 0.0125 0.016666666666666666
1 0.3296875 0.18645833333333334 0.0125 0.01875
1 0.31328125 0.19270833333333334 0.0171875 0.027083333333333334
1 0.29765625 0.171875 0.0234375 0.027083333333333334
1 0.48828125 0.075 0.0203125 0.016666666666666666
1 0.6609375 0.5125 0.015625 0.008333333333333333
1 0.61640625 0.4708333333333333 0.0203125 0.025
1 0.58984375 0.39479166666666665 0.0203125 0.01875
1 0.52109375 0.165625 0.0140625 0.01875
