
1 0.38125 0.975 0.059375 0.05
1 0.4515625 0.9260416666666667 0.053125 0.04375
1 0.2421875 0.9916666666666667 0.04375 0.016666666666666666
1 0.31875 0.9572916666666667 0.065625 0.052083333333333336
1 0.4046875 0.9104166666666667 0.05625 0.05
1 0.16875 0.9854166666666667 0.065625 0.029166666666666667
1 0.25703125 0.9458333333333333 0.0609375 0.04583333333333333
1 0.33359375 0.9 0.0484375 0.041666666666666664
1 0.40546875 0.8604166666666667 0.0546875 0.041666666666666664
1 0.11875 0.9770833333333333 0.065625 0.04583333333333333
1 0.2 0.928125 0.0625 0.04791666666666667
1 0.2890625 0.8833333333333333 0.06875 0.05
1 0.3671875 0.840625 0.053125 0.04375
1 0.046875 0.903125 0.0625 0.052083333333333336

1 0.10390625 0.821875 0.0609375 0.052083333333333336
1 0.30859375 0.7885416666666667 0.0546875 0.05625
1 0.309375 0.6875 0.053125 0.041666666666666664
1 0.41484375 0.6916666666666667 0.0515625 0.0375
1 0.4578125 0.740625 0.053125 0.035416666666666666
1 0.54609375 0.6916666666666667 0.0546875 0.0375
1 0.61953125 0.678125 0.0484375 0.03958333333333333
1 0.67421875 0.7979166666666667 0.0546875 0.05416666666666667
1 0.71796875 0.6927083333333334 0.0546875 0.04791666666666667
1 0.8265625 0.74375 0.0375 0.05

5 0.321875 0.5947916666666667 0.01875 0.022916666666666665
4 0.3484375 0.5583333333333333 0.00625 0.020833333333333332
4 0.36953125 0.55 0.0078125 0.016666666666666666
5 0.40546875 0.5427083333333333 0.0078125 0.022916666666666665
5 0.41953125 0.5416666666666666 0.0109375 0.025
4 0.39609375 0.5302083333333333 0.0078125 0.01875
4 0.36484375 0.5072916666666667 0.0109375 0.03125
4 0.371875 0.496875 0.015625 0.01875
5 0.52109375 0.4166666666666667 0.0078125 0.025
1 0.5734375 0.39791666666666664 0.021875 0.03333333333333333
5 0.534375 0.41770833333333335 0.00625 0.01875
5 0.55546875 0.4114583333333333 0.0078125 0.01875
5 0.553125 0.43125 0.009375 0.025
5 0.57734375 0.44583333333333336 0.0109375 0.020833333333333332
5 0.58984375 0.39375 0.0171875 0.020833333333333332
5 0.6171875 0.39791666666666664 0.0125 0.025
5 0.6140625 0.38333333333333336 0.0125 0.016666666666666666
5 0.64296875 0.3729166666666667 0.0078125 0.016666666666666666
5 0.61875 0.3645833333333333 0.009375 0.016666666666666666
5 0.61640625 0.3458333333333333 0.0109375 0.016666666666666666
5 0.6171875 0.365625 0.0125 0.01875
5 0.56796875 0.359375 0.0078125 0.014583333333333334
5 0.55234375 0.3697916666666667 0.0046875 0.014583333333333334
5 0.53203125 0.35625 0.0078125 0.016666666666666666
5 0.5375 0.3572916666666667 0.00625 0.01875
1 0.5390625 0.32395833333333335 0.025 0.03125
3 0.54453125 0.259375 0.0265625 0.06458333333333334
1 0.52890625 0.21875 0.0140625 0.020833333333333332
1 0.52890625 0.18854166666666666 0.0171875 0.027083333333333334
3 0.52421875 0.14375 0.0203125 0.04583333333333333
1 0.51640625 0.115625 0.0109375 0.014583333333333334
1 0.51328125 0.08958333333333333 0.0109375 0.029166666666666667
1 0.50390625 0.06666666666666667 0.0078125 0.0125
1 0.4921875 0.022916666666666665 0.0125 0.04583333333333333
1 0.38203125 0.24895833333333334 0.0140625 0.01875
1 0.3625 0.24583333333333332 0.015625 0.025
1 0.3796875 0.22395833333333334 0.015625 0.01875
1 0.359375 0.22291666666666668 0.015625 0.020833333333333332
1 0.33984375 0.22291666666666668 0.0171875 0.025
1 0.321875 0.22916666666666666 0.015625 0.020833333333333332
1 0.32109375 0.25729166666666664 0.0171875 0.03125
1 0.30078125 0.23125 0.0203125 0.020833333333333332
1 0.28125 0.22604166666666667 0.015625 0.01875
1 0.3875 0.184375 0.015625 0.01875
1 0.37265625 0.18854166666666666 0.0171875 0.01875
1 0.33359375 0.18645833333333334 0.0140625 0.01875
1 0.315625 0.190625 0.015625 0.027083333333333334
1 0.303125 0.16875 0.01875 0.025
1 0.48984375 0.07083333333333333 0.0171875 0.016666666666666666
1 0.5640625 0.2552083333333333 0.015625 0.027083333333333334
1 0.55703125 0.21979166666666666 0.0171875 0.027083333333333334
1 0.55078125 0.190625 0.0140625 0.022916666666666665
1 0.54296875 0.1625 0.0171875 0.025
