
1 0.37109375 0.975 0.0609375 0.05
1 0.4421875 0.925 0.053125 0.041666666666666664
1 0.23125 0.990625 0.046875 0.01875
1 0.309375 0.9583333333333334 0.0625 0.05
1 0.39453125 0.9114583333333334 0.0546875 0.04791666666666667
1 0.16015625 0.9854166666666667 0.0671875 0.029166666666666667
1 0.246875 0.9447916666666667 0.059375 0.04375
1 0.32421875 0.8989583333333333 0.0484375 0.03958333333333333
1 0.396875 0.859375 0.05625 0.03958333333333333
1 0.11015625 0.9760416666666667 0.0671875 0.04791666666666667
1 0.190625 0.928125 0.0625 0.04791666666666667
1 0.28046875 0.8833333333333333 0.0703125 0.05
1 0.359375 0.8416666666666667 0.053125 0.041666666666666664

1 0.19140625 0.9270833333333334 0.0578125 0.041666666666666664

1 0.3171875 0.6333333333333333 0.040625 0.0375
1 0.31875 0.6291666666666667 0.046875 0.041666666666666664
1 0.31484375 0.6333333333333333 0.0390625 0.0375
1 0.43359375 0.5552083333333333 0.0234375 0.03125
1 0.73359375 0.9614583333333333 0.0390625 0.052083333333333336
1 0.7109375 0.9708333333333333 0.053125 0.058333333333333334
1 0.73359375 0.9677083333333333 0.0484375 0.06458333333333334
1 0.828125 0.7802083333333333 0.0375 0.035416666666666666


5 0.55703125 0.8041666666666667 0.0109375 0.0125
4 0.39921875 0.6260416666666667 0.0078125 0.014583333333333334
4 0.39921875 0.6270833333333333 0.0078125 0.016666666666666666
5 0.49765625 0.7072916666666667 0.0078125 0.014583333333333334
5 0.55859375 0.8135416666666667 0.0140625 0.014583333333333334
4 0.49765625 0.7010416666666667 0.0078125 0.00625
4 0.35 0.5125 0.009375 0.020833333333333332
4 0.3515625 0.5083333333333333 0.009375 0.0125
5 0.575 0.6927083333333334 0.009375 0.01875
1 0.734375 0.9625 0.0375 0.05416666666666667
5 0.5953125 0.715625 0.009375 0.01875
5 0.72109375 0.9510416666666667 0.0140625 0.014583333333333334
5 0.6453125 0.815625 0.009375 0.022916666666666665
5 0.625 0.49583333333333335 0.015625 0.020833333333333332
5 0.653125 0.6895833333333333 0.0125 0.025
5 0.66796875 0.5395833333333333 0.0265625 0.0375
5 0.67265625 0.7166666666666667 0.0109375 0.025
5 0.675 0.7 0.009375 0.008333333333333333
5 0.8421875 0.5114583333333333 0.003125 0.00625
5 0.8515625 0.5166666666666667 0.009375 0.016666666666666666
5 0.640625 0.4 0.028125 0.041666666666666664
5 0.65234375 0.6916666666666667 0.0078125 0.0125
5 0.515625 0.44375 0.021875 0.03333333333333333
5 0.55234375 0.3572916666666667 0.0015625 0.0020833333333333333
5 0.52265625 0.42916666666666664 0.0140625 0.020833333333333332
1 0.3078125 0.6354166666666666 0.021875 0.029166666666666667
3 0.61875 0.5583333333333333 0.046875 0.10833333333333334
1 0.52265625 0.4270833333333333 0.0140625 0.016666666666666666
1 0.61640625 0.30520833333333336 0.0140625 0.01875
3 0.5328125 0.23229166666666667 0.025 0.03958333333333333
1 0.5171875 0.13645833333333332 0.009375 0.010416666666666666
1 0.5359375 0.14583333333333334 0.0125 0.020833333333333332
1 0.521875 0.075 0.0125 0.020833333333333332
1 0.52421875 0.058333333333333334 0.0109375 0.0125
1 0.378125 0.25104166666666666 0.015625 0.022916666666666665
1 0.353125 0.25 0.015625 0.029166666666666667
1 0.37265625 0.22604166666666667 0.0171875 0.022916666666666665
1 0.3546875 0.22291666666666668 0.0125 0.016666666666666666
1 0.3359375 0.22291666666666668 0.0125 0.020833333333333332
1 0.3171875 0.228125 0.0125 0.01875
1 0.3171875 0.253125 0.015625 0.027083333333333334
1 0.29609375 0.23229166666666667 0.0203125 0.022916666666666665
1 0.275 0.22708333333333333 0.015625 0.016666666666666666
1 0.3828125 0.1875 0.0125 0.020833333333333332
1 0.36640625 0.19166666666666668 0.0140625 0.020833333333333332
1 0.3296875 0.18645833333333334 0.0125 0.01875
1 0.3125 0.19270833333333334 0.015625 0.027083333333333334
1 0.29765625 0.171875 0.0234375 0.027083333333333334
1 0.48984375 0.07291666666666667 0.0171875 0.016666666666666666
1 0.66328125 0.51875 0.0140625 0.008333333333333333
1 0.61953125 0.4739583333333333 0.0203125 0.022916666666666665
1 0.5921875 0.396875 0.01875 0.01875
1 0.52109375 0.16458333333333333 0.0140625 0.020833333333333332
