
1 0.37109375 0.975 0.0609375 0.05
1 0.4421875 0.925 0.053125 0.041666666666666664
1 0.23125 0.990625 0.046875 0.01875
1 0.309375 0.9583333333333334 0.0625 0.05
1 0.39453125 0.9114583333333334 0.0546875 0.04791666666666667
1 0.159375 0.9854166666666667 0.06875 0.029166666666666667
1 0.24765625 0.9447916666666667 0.0609375 0.04375
1 0.32421875 0.8989583333333333 0.0484375 0.03958333333333333
1 0.396875 0.859375 0.05625 0.03958333333333333
1 0.109375 0.9760416666666667 0.065625 0.04791666666666667
1 0.190625 0.928125 0.0625 0.04791666666666667
1 0.28046875 0.8833333333333333 0.0703125 0.05
1 0.35859375 0.8416666666666667 0.0546875 0.041666666666666664

1 0.190625 0.9270833333333334 0.059375 0.041666666666666664

1 0.30703125 0.640625 0.0421875 0.04375
1 0.30859375 0.6375 0.0515625 0.04583333333333333
1 0.30625 0.6395833333333333 0.04375 0.041666666666666664
1 0.4234375 0.5625 0.015625 0.0375
1 0.740625 0.9770833333333333 0.040625 0.04583333333333333
1 0.72421875 0.9770833333333333 0.0640625 0.04583333333333333
1 0.74140625 0.9791666666666666 0.0453125 0.041666666666666664
1 0.82421875 0.7895833333333333 0.0515625 0.05


5 0.5609375 0.8114583333333333 0.0125 0.014583333333333334
4 0.39921875 0.628125 0.0078125 0.014583333333333334
4 0.39921875 0.6270833333333333 0.0078125 0.016666666666666666
5 0.5015625 0.7083333333333334 0.00625 0.008333333333333333
5 0.56640625 0.821875 0.0078125 0.01875
4 0.5015625 0.70625 0.003125 0.004166666666666667
4 0.35 0.5135416666666667 0.009375 0.01875
4 0.35078125 0.5083333333333333 0.0078125 0.0125
5 0.578125 0.6958333333333333 0.00625 0.0125
1 0.74140625 0.9770833333333333 0.0390625 0.04583333333333333
5 0.59765625 0.7239583333333334 0.0109375 0.022916666666666665
5 0.72734375 0.96875 0.0140625 0.0125
5 0.6484375 0.8229166666666666 0.009375 0.0125
5 0.6296875 0.5010416666666667 0.0125 0.01875
5 0.6578125 0.690625 0.009375 0.01875
5 0.66953125 0.5458333333333333 0.0265625 0.041666666666666664
5 0.67421875 0.721875 0.0109375 0.022916666666666665
5 0.675 0.70625 0.00625 0.008333333333333333
5 0.84453125 0.5125 0.0046875 0.004166666666666667
5 0.85625 0.5197916666666667 0.009375 0.014583333333333334
5 0.640625 0.40520833333333334 0.028125 0.03958333333333333
5 0.65546875 0.6895833333333333 0.0078125 0.0125
5 0.5171875 0.44375 0.021875 0.03333333333333333
5 0.55625 0.365625 0.009375 0.01875
5 0.521875 0.43333333333333335 0.015625 0.016666666666666666
1 0.30078125 0.640625 0.0359375 0.04375
3 0.6203125 0.5645833333333333 0.046875 0.10833333333333334
1 0.5203125 0.4322916666666667 0.015625 0.014583333333333334
1 0.61640625 0.3072916666666667 0.0140625 0.01875
3 0.53515625 0.24270833333333333 0.0265625 0.052083333333333336
1 0.5171875 0.1375 0.0125 0.0125
1 0.53671875 0.14583333333333334 0.0109375 0.020833333333333332
1 0.52265625 0.075 0.0140625 0.020833333333333332
1 0.52421875 0.058333333333333334 0.0109375 0.0125
1 0.37890625 0.25 0.0140625 0.020833333333333332
1 0.353125 0.25 0.015625 0.029166666666666667
1 0.37421875 0.22395833333333334 0.0140625 0.01875
1 0.3546875 0.22291666666666668 0.0125 0.016666666666666666
1 0.3359375 0.22291666666666668 0.0125 0.020833333333333332
1 0.3171875 0.228125 0.0125 0.01875
1 0.3171875 0.253125 0.015625 0.027083333333333334
1 0.29609375 0.23229166666666667 0.0203125 0.022916666666666665
1 0.275 0.22708333333333333 0.015625 0.016666666666666666
1 0.38203125 0.1875 0.0140625 0.020833333333333332
1 0.36640625 0.19166666666666668 0.0140625 0.020833333333333332
1 0.33046875 0.1875 0.0140625 0.020833333333333332
1 0.31328125 0.19270833333333334 0.0171875 0.027083333333333334
1 0.29765625 0.171875 0.0234375 0.027083333333333334
1 0.4859375 0.07604166666666666 0.021875 0.01875
1 0.665625 0.525 0.015625 0.008333333333333333
1 0.6203125 0.48125 0.021875 0.020833333333333332
1 0.59921875 0.4 0.0171875 0.016666666666666666
1 0.521875 0.17395833333333333 0.015625 0.027083333333333334
