
1 0.3703125 0.975 0.059375 0.05
1 0.44140625 0.9260416666666667 0.0515625 0.04375
1 0.23125 0.990625 0.046875 0.01875
1 0.309375 0.9583333333333334 0.0625 0.05
1 0.39453125 0.9114583333333334 0.0546875 0.04791666666666667
1 0.159375 0.9854166666666667 0.06875 0.029166666666666667
1 0.246875 0.9447916666666667 0.059375 0.04375
1 0.32421875 0.8989583333333333 0.0484375 0.03958333333333333
1 0.39609375 0.859375 0.0546875 0.03958333333333333
1 0.109375 0.9760416666666667 0.065625 0.04791666666666667
1 0.190625 0.928125 0.0625 0.04791666666666667
1 0.28046875 0.8833333333333333 0.0703125 0.05
1 0.35859375 0.8416666666666667 0.0546875 0.041666666666666664

1 0.190625 0.9270833333333334 0.059375 0.041666666666666664

1 0.29921875 0.6447916666666667 0.0390625 0.04375
1 0.303125 0.6416666666666667 0.05 0.04583333333333333
1 0.2984375 0.6427083333333333 0.040625 0.03958333333333333
1 0.41953125 0.5677083333333334 0.0203125 0.027083333333333334
1 0.74453125 0.9833333333333333 0.0359375 0.03333333333333333
1 0.74453125 0.9833333333333333 0.0359375 0.03333333333333333
1 0.74296875 0.9833333333333333 0.0421875 0.03333333333333333
1 0.82421875 0.7885416666666667 0.0515625 0.04791666666666667


5 0.5640625 0.815625 0.0125 0.014583333333333334
4 0.39921875 0.6291666666666667 0.0078125 0.016666666666666666
4 0.40078125 0.6291666666666667 0.0078125 0.016666666666666666
5 0.50234375 0.709375 0.0046875 0.010416666666666666
5 0.5671875 0.8270833333333333 0.009375 0.020833333333333332
4 0.50234375 0.7083333333333334 0.0046875 0.004166666666666667
4 0.35 0.5135416666666667 0.009375 0.01875
4 0.35 0.5083333333333333 0.009375 0.0125
5 0.57890625 0.6979166666666666 0.0078125 0.0125
1 0.7453125 0.9833333333333333 0.034375 0.03333333333333333
5 0.59921875 0.7322916666666667 0.0109375 0.01875
5 0.734375 0.9822916666666667 0.015625 0.014583333333333334
5 0.64921875 0.8302083333333333 0.0109375 0.01875
5 0.63046875 0.5041666666666667 0.0109375 0.016666666666666666
5 0.6578125 0.6947916666666667 0.009375 0.01875
5 0.67734375 0.55625 0.0171875 0.03333333333333333
5 0.67578125 0.7260416666666667 0.0109375 0.027083333333333334
5 0.67578125 0.709375 0.0078125 0.00625
5 0.84765625 0.5177083333333333 0.0046875 0.00625
5 0.86015625 0.5229166666666667 0.0046875 0.0125
5 0.63984375 0.40625 0.0265625 0.0375
5 0.65546875 0.6958333333333333 0.0078125 0.0125
5 0.51484375 0.44583333333333336 0.0234375 0.03333333333333333
5 0.5546875 0.378125 0.015625 0.022916666666666665
5 0.51953125 0.43333333333333335 0.0140625 0.0125
1 0.29296875 0.6427083333333333 0.0234375 0.03958333333333333
3 0.62265625 0.5677083333333334 0.0484375 0.11041666666666666
1 0.51953125 0.4322916666666667 0.0140625 0.010416666666666666
1 0.615625 0.309375 0.0125 0.022916666666666665
3 0.53359375 0.23541666666666666 0.0234375 0.03333333333333333
1 0.5171875 0.13958333333333334 0.0125 0.0125
1 0.53671875 0.146875 0.0109375 0.01875
1 0.52265625 0.078125 0.0140625 0.022916666666666665
1 0.52421875 0.058333333333333334 0.0109375 0.0125
1 0.37890625 0.25 0.0140625 0.020833333333333332
1 0.353125 0.246875 0.0125 0.022916666666666665
1 0.37421875 0.22395833333333334 0.0140625 0.01875
1 0.3546875 0.22291666666666668 0.0125 0.016666666666666666
1 0.3359375 0.22291666666666668 0.0125 0.020833333333333332
1 0.3171875 0.228125 0.0125 0.01875
1 0.3171875 0.253125 0.015625 0.027083333333333334
1 0.29609375 0.23229166666666667 0.0203125 0.022916666666666665
1 0.275 0.228125 0.015625 0.01875
1 0.3828125 0.1875 0.0125 0.020833333333333332
1 0.36640625 0.190625 0.0140625 0.01875
1 0.33046875 0.1875 0.0140625 0.020833333333333332
1 0.31328125 0.19270833333333334 0.0171875 0.027083333333333334
1 0.29765625 0.171875 0.0234375 0.027083333333333334
1 0.48984375 0.07395833333333333 0.0171875 0.01875
1 0.66796875 0.53125 0.0140625 0.008333333333333333
1 0.62265625 0.48541666666666666 0.0203125 0.020833333333333332
1 0.59453125 0.40208333333333335 0.0171875 0.016666666666666666
1 0.521875 0.175 0.015625 0.025
