
1 0.37109375 0.975 0.0609375 0.05
1 0.44140625 0.925 0.0515625 0.041666666666666664
1 0.23125 0.990625 0.046875 0.01875
1 0.309375 0.9583333333333334 0.0625 0.05
1 0.39453125 0.9114583333333334 0.0546875 0.04791666666666667
1 0.16015625 0.9854166666666667 0.0671875 0.029166666666666667
1 0.24765625 0.9447916666666667 0.0609375 0.04375
1 0.32421875 0.8989583333333333 0.0484375 0.03958333333333333
1 0.39609375 0.8604166666666667 0.0546875 0.041666666666666664
1 0.109375 0.9760416666666667 0.065625 0.04791666666666667
1 0.190625 0.928125 0.0625 0.04791666666666667
1 0.28046875 0.8833333333333333 0.0703125 0.05
1 0.359375 0.8416666666666667 0.053125 0.041666666666666664

1 0.190625 0.9270833333333334 0.059375 0.041666666666666664

1 0.29296875 0.65 0.0453125 0.041666666666666664
1 0.29296875 0.6489583333333333 0.0546875 0.04791666666666667
1 0.28671875 0.653125 0.0390625 0.04375
1 0.415625 0.5708333333333333 0.025 0.029166666666666667
1 0.7484375 0.9927083333333333 0.03125 0.014583333333333334
1 0.74453125 0.9927083333333333 0.0390625 0.014583333333333334
1 0.7484375 0.9927083333333333 0.03125 0.014583333333333334
1 0.8234375 0.7895833333333333 0.05 0.05


5 0.56484375 0.8208333333333333 0.0109375 0.0125
4 0.39921875 0.63125 0.0078125 0.016666666666666666
4 0.40078125 0.6302083333333334 0.0078125 0.014583333333333334
5 0.50390625 0.7125 0.0046875 0.008333333333333333
5 0.56796875 0.83125 0.0109375 0.020833333333333332
4 0.50390625 0.7114583333333333 0.0046875 0.00625
4 0.35 0.5135416666666667 0.009375 0.01875
4 0.353125 0.5052083333333334 0.009375 0.010416666666666666
5 0.58046875 0.7052083333333333 0.0078125 0.014583333333333334
1 0.7484375 0.9927083333333333 0.028125 0.014583333333333334
5 0.59921875 0.7395833333333334 0.0109375 0.020833333333333332
5 0.74296875 0.9958333333333333 0.0171875 0.008333333333333333
5 0.65234375 0.8364583333333333 0.0109375 0.014583333333333334
5 0.6328125 0.5135416666666667 0.015625 0.01875
5 0.65859375 0.703125 0.0109375 0.01875
5 0.67890625 0.5625 0.0234375 0.0375
5 0.678125 0.7322916666666667 0.009375 0.022916666666666665
5 0.6765625 0.715625 0.00625 0.00625
5 0.85078125 0.5166666666666667 0.0046875 0.004166666666666667
5 0.8625 0.5229166666666667 0.00625 0.0125
5 0.64609375 0.3958333333333333 0.0203125 0.029166666666666667
5 0.6578125 0.703125 0.009375 0.014583333333333334
5 0.51328125 0.44895833333333335 0.0234375 0.035416666666666666
5 0.55703125 0.3770833333333333 0.0171875 0.025
5 0.51796875 0.440625 0.0140625 0.01875
1 0.2890625 0.6541666666666667 0.028125 0.041666666666666664
3 0.62421875 0.575 0.0484375 0.10833333333333334
1 0.51796875 0.43854166666666666 0.0140625 0.014583333333333334
1 0.6171875 0.3125 0.0125 0.020833333333333332
3 0.534375 0.24375 0.021875 0.041666666666666664
1 0.51796875 0.14166666666666666 0.0109375 0.0125
1 0.5375 0.14895833333333333 0.0125 0.01875
1 0.521875 0.078125 0.0125 0.027083333333333334
1 0.52421875 0.058333333333333334 0.0109375 0.0125
1 0.37890625 0.25 0.0140625 0.020833333333333332
1 0.353125 0.25 0.015625 0.029166666666666667
1 0.37421875 0.22395833333333334 0.0140625 0.01875
1 0.3546875 0.22291666666666668 0.0125 0.016666666666666666
1 0.3359375 0.22291666666666668 0.0125 0.020833333333333332
1 0.3171875 0.228125 0.0125 0.01875
1 0.3171875 0.253125 0.015625 0.027083333333333334
1 0.29609375 0.23229166666666667 0.0203125 0.022916666666666665
1 0.27734375 0.22604166666666667 0.0140625 0.014583333333333334
1 0.3828125 0.1875 0.0125 0.020833333333333332
1 0.36640625 0.19166666666666668 0.0140625 0.020833333333333332
1 0.33046875 0.1875 0.0140625 0.020833333333333332
1 0.3125 0.19375 0.015625 0.029166666666666667
1 0.29765625 0.171875 0.0234375 0.027083333333333334
1 0.48984375 0.07395833333333333 0.0171875 0.014583333333333334
1 0.67109375 0.5395833333333333 0.0140625 0.008333333333333333
1 0.625 0.49166666666666664 0.021875 0.020833333333333332
1 0.59609375 0.4041666666666667 0.0171875 0.020833333333333332
1 0.521875 0.18020833333333333 0.015625 0.027083333333333334
