
1 0.37109375 0.975 0.0609375 0.05
1 0.4421875 0.9260416666666667 0.053125 0.04375
1 0.23125 0.990625 0.046875 0.01875
1 0.309375 0.9583333333333334 0.0625 0.05
1 0.39453125 0.9114583333333334 0.0546875 0.04791666666666667
1 0.159375 0.9854166666666667 0.06875 0.029166666666666667
1 0.24765625 0.9447916666666667 0.0609375 0.04375
1 0.3234375 0.8989583333333333 0.05 0.03958333333333333
1 0.39609375 0.859375 0.0546875 0.03958333333333333
1 0.10859375 0.9760416666666667 0.0671875 0.04791666666666667
1 0.190625 0.928125 0.0625 0.04791666666666667
1 0.28046875 0.8833333333333333 0.0703125 0.05
1 0.359375 0.8416666666666667 0.053125 0.041666666666666664

1 0.190625 0.9270833333333334 0.059375 0.041666666666666664

1 0.41953125 0.5708333333333333 0.0296875 0.03333333333333333
1 0.2859375 0.6520833333333333 0.053125 0.04583333333333333
1 0.28359375 0.6552083333333333 0.0453125 0.04375
1 0.41171875 0.5729166666666666 0.0109375 0.029166666666666667
1 0.73984375 0.771875 0.0109375 0.01875
1 0.75546875 0.996875 0.0171875 0.00625

1 0.8234375 0.7885416666666667 0.05 0.04791666666666667


5 0.56796875 0.8239583333333333 0.0109375 0.010416666666666666
4 0.40078125 0.6302083333333334 0.0078125 0.014583333333333334
4 0.40078125 0.6302083333333334 0.0078125 0.014583333333333334
5 0.50546875 0.7125 0.0046875 0.008333333333333333
5 0.56953125 0.8364583333333333 0.0109375 0.022916666666666665
4 0.50546875 0.7145833333333333 0.0046875 0.008333333333333333
4 0.34921875 0.5135416666666667 0.0078125 0.01875
4 0.353125 0.5052083333333334 0.009375 0.010416666666666666
5 0.58359375 0.7114583333333333 0.0078125 0.014583333333333334

5 0.6015625 0.7458333333333333 0.009375 0.016666666666666666

5 0.65390625 0.8427083333333333 0.0109375 0.014583333333333334
5 0.63515625 0.5197916666666667 0.0171875 0.01875
5 0.659375 0.7072916666666667 0.009375 0.01875
5 0.68046875 0.571875 0.0234375 0.035416666666666666
5 0.6765625 0.740625 0.0125 0.027083333333333334
5 0.67734375 0.7208333333333333 0.0078125 0.008333333333333333
5 0.853125 0.5197916666666667 0.003125 0.00625
5 0.86328125 0.5260416666666666 0.0078125 0.014583333333333334
5 0.646875 0.3958333333333333 0.01875 0.025
5 0.65859375 0.70625 0.0078125 0.0125
5 0.51015625 0.45416666666666666 0.0234375 0.03333333333333333
5 0.55703125 0.38125 0.0171875 0.025
5 0.51640625 0.44375 0.0109375 0.016666666666666666
1 0.30234375 0.6385416666666667 0.0015625 0.0020833333333333333
3 0.62421875 0.578125 0.0484375 0.11041666666666666
1 0.51171875 0.446875 0.0140625 0.01875
1 0.61640625 0.3145833333333333 0.0140625 0.025
3 0.53515625 0.24479166666666666 0.0234375 0.03958333333333333
1 0.51796875 0.14166666666666666 0.0109375 0.0125
1 0.5375 0.153125 0.0125 0.022916666666666665
1 0.521875 0.07916666666666666 0.015625 0.025
1 0.52421875 0.057291666666666664 0.0109375 0.010416666666666666
1 0.37890625 0.253125 0.0171875 0.022916666666666665
1 0.353125 0.25104166666666666 0.015625 0.027083333333333334
1 0.37421875 0.22395833333333334 0.0140625 0.01875
1 0.3546875 0.22291666666666668 0.0125 0.016666666666666666
1 0.33515625 0.22604166666666667 0.0140625 0.022916666666666665
1 0.3171875 0.228125 0.0125 0.01875
1 0.3171875 0.253125 0.015625 0.027083333333333334
1 0.3 0.23229166666666667 0.01875 0.022916666666666665
1 0.275 0.228125 0.015625 0.01875
1 0.3828125 0.18854166666666666 0.0125 0.022916666666666665
1 0.36640625 0.19166666666666668 0.0140625 0.020833333333333332
1 0.33046875 0.18854166666666666 0.0140625 0.022916666666666665
1 0.3125 0.19375 0.015625 0.029166666666666667
1 0.29765625 0.171875 0.0234375 0.027083333333333334
1 0.48984375 0.07291666666666667 0.0171875 0.016666666666666666
1 0.67265625 0.5458333333333333 0.0171875 0.008333333333333333
1 0.628125 0.4979166666666667 0.021875 0.025
1 0.6 0.4114583333333333 0.015625 0.01875
1 0.521875 0.18020833333333333 0.015625 0.027083333333333334
