
1 0.37109375 0.975 0.0609375 0.05
1 0.4421875 0.9260416666666667 0.053125 0.04375
1 0.23125 0.990625 0.046875 0.01875
1 0.309375 0.9583333333333334 0.0625 0.05
1 0.39453125 0.9114583333333334 0.0546875 0.04791666666666667
1 0.16015625 0.9854166666666667 0.0671875 0.029166666666666667
1 0.246875 0.9447916666666667 0.059375 0.04375
1 0.3234375 0.8989583333333333 0.05 0.03958333333333333
1 0.396875 0.859375 0.05625 0.03958333333333333
1 0.10859375 0.9760416666666667 0.0671875 0.04791666666666667
1 0.190625 0.928125 0.0625 0.04791666666666667
1 0.28046875 0.8833333333333333 0.0703125 0.05
1 0.359375 0.8416666666666667 0.053125 0.041666666666666664

1 0.190625 0.9270833333333334 0.059375 0.041666666666666664

1 0.41015625 0.5760416666666667 0.0359375 0.03125
1 0.2765625 0.659375 0.053125 0.04375
1 0.27421875 0.659375 0.0453125 0.04375
1 0.40234375 0.58125 0.0234375 0.025
1 0.74375 0.78125 0.025 0.04583333333333333


1 0.82265625 0.7885416666666667 0.0484375 0.04791666666666667


5 0.57109375 0.8333333333333334 0.0109375 0.016666666666666666
4 0.40078125 0.6302083333333334 0.0078125 0.014583333333333334
4 0.40078125 0.6322916666666667 0.0078125 0.014583333333333334
5 0.50703125 0.715625 0.0046875 0.00625
5 0.578125 0.8447916666666667 0.009375 0.01875
4 0.50703125 0.7166666666666667 0.0046875 0.004166666666666667
4 0.35 0.5135416666666667 0.009375 0.01875
4 0.3515625 0.5083333333333333 0.009375 0.0125
5 0.584375 0.721875 0.009375 0.01875

5 0.603125 0.7552083333333334 0.009375 0.014583333333333334
5 0.64453125 0.6489583333333333 0.1703125 0.50625
5 0.65703125 0.853125 0.0109375 0.014583333333333334
5 0.6375 0.5270833333333333 0.015625 0.020833333333333332
5 0.659375 0.7135416666666666 0.009375 0.01875
5 0.6828125 0.5791666666666667 0.025 0.0375
5 0.6796875 0.7427083333333333 0.0125 0.027083333333333334
5 0.678125 0.725 0.00625 0.004166666666666667
5 0.85625 0.5229166666666667 0.00625 0.008333333333333333
5 0.8671875 0.5270833333333333 0.00625 0.0125
5 0.65 0.3958333333333333 0.01875 0.025
5 0.65859375 0.7135416666666666 0.0078125 0.014583333333333334
5 0.5078125 0.459375 0.028125 0.03125
5 0.559375 0.3854166666666667 0.01875 0.029166666666666667
5 0.5109375 0.45208333333333334 0.01875 0.020833333333333332

3 0.62734375 0.5833333333333334 0.0484375 0.1125
1 0.51171875 0.4479166666666667 0.0171875 0.0125
1 0.62734375 0.31666666666666665 0.0140625 0.016666666666666666
3 0.5359375 0.25104166666666666 0.025 0.04375
1 0.51796875 0.14270833333333333 0.0109375 0.014583333333333334
1 0.5375 0.15416666666666667 0.0125 0.020833333333333332
1 0.52265625 0.08020833333333334 0.0140625 0.027083333333333334
1 0.52421875 0.057291666666666664 0.0109375 0.010416666666666666
1 0.37890625 0.25104166666666666 0.0140625 0.01875
1 0.353125 0.25104166666666666 0.015625 0.027083333333333334
1 0.37421875 0.22395833333333334 0.0140625 0.01875
1 0.3546875 0.22291666666666668 0.0125 0.016666666666666666
1 0.33515625 0.22604166666666667 0.0140625 0.022916666666666665
1 0.3171875 0.228125 0.0125 0.01875
1 0.3171875 0.25416666666666665 0.015625 0.029166666666666667
1 0.29609375 0.23229166666666667 0.0203125 0.022916666666666665
1 0.275 0.228125 0.015625 0.01875
1 0.3828125 0.1875 0.0125 0.020833333333333332
1 0.3671875 0.190625 0.0125 0.01875
1 0.33046875 0.18854166666666666 0.0140625 0.022916666666666665
1 0.3125 0.19375 0.015625 0.029166666666666667
1 0.29765625 0.171875 0.0234375 0.027083333333333334
1 0.48515625 0.075 0.0203125 0.016666666666666666
1 0.67578125 0.5541666666666667 0.0140625 0.008333333333333333
1 0.63046875 0.5041666666666667 0.0203125 0.020833333333333332
1 0.603125 0.4166666666666667 0.015625 0.016666666666666666
1 0.5203125 0.18125 0.015625 0.029166666666666667
