
1 0.37109375 0.975 0.0609375 0.05
1 0.4421875 0.9260416666666667 0.053125 0.04375
1 0.23125 0.990625 0.046875 0.01875
1 0.309375 0.9583333333333334 0.0625 0.05
1 0.39453125 0.9114583333333334 0.0546875 0.04791666666666667
1 0.16015625 0.9854166666666667 0.0671875 0.029166666666666667
1 0.24765625 0.9447916666666667 0.0609375 0.04375
1 0.32421875 0.8989583333333333 0.0484375 0.03958333333333333
1 0.39609375 0.859375 0.0546875 0.03958333333333333
1 0.109375 0.9760416666666667 0.065625 0.04791666666666667
1 0.190625 0.928125 0.0625 0.04791666666666667
1 0.28046875 0.8833333333333333 0.0703125 0.05
1 0.359375 0.8416666666666667 0.053125 0.041666666666666664

1 0.19140625 0.9270833333333334 0.0609375 0.041666666666666664

1 0.40625 0.5822916666666667 0.0375 0.035416666666666666
1 0.26875 0.665625 0.053125 0.04791666666666667
1 0.265625 0.66875 0.04375 0.0375
1 0.39296875 0.5875 0.0171875 0.029166666666666667
1 0.7453125 0.79375 0.021875 0.0375


1 0.8234375 0.7885416666666667 0.05 0.04791666666666667


5 0.57421875 0.8375 0.0140625 0.0125
4 0.40078125 0.6322916666666667 0.0078125 0.014583333333333334
4 0.40078125 0.6333333333333333 0.0078125 0.0125
5 0.50859375 0.7197916666666667 0.0046875 0.00625
5 0.5796875 0.8510416666666667 0.009375 0.01875

4 0.35 0.5135416666666667 0.009375 0.01875
4 0.3515625 0.5083333333333333 0.009375 0.0125
5 0.5859375 0.725 0.009375 0.016666666666666666

5 0.61640625 0.7614583333333333 0.0109375 0.014583333333333334
5 0.65 0.65625 0.18125 0.5208333333333334
5 0.66015625 0.8583333333333333 0.0109375 0.016666666666666666
5 0.6390625 0.5322916666666667 0.015625 0.01875
5 0.6609375 0.7177083333333333 0.009375 0.01875
5 0.68515625 0.5875 0.0234375 0.0375
5 0.6796875 0.75 0.0125 0.025
5 0.678125 0.7333333333333333 0.00625 0.008333333333333333
5 0.859375 0.5229166666666667 0.003125 0.004166666666666667
5 0.86875 0.528125 0.009375 0.014583333333333334
5 0.65 0.39791666666666664 0.01875 0.025
5 0.659375 0.715625 0.009375 0.010416666666666666
5 0.5 0.465625 0.025 0.035416666666666666
5 0.559375 0.390625 0.01875 0.027083333333333334
5 0.509375 0.4552083333333333 0.01875 0.01875
1 0.56796875 0.3104166666666667 0.0015625 0.004166666666666667
3 0.62890625 0.5864583333333333 0.0484375 0.11041666666666666
1 0.50859375 0.45416666666666666 0.0171875 0.016666666666666666
1 0.62890625 0.31875 0.0109375 0.016666666666666666
3 0.5359375 0.246875 0.021875 0.03125
1 0.51875 0.14479166666666668 0.009375 0.014583333333333334
1 0.5375 0.15520833333333334 0.0125 0.022916666666666665
1 0.521875 0.08020833333333334 0.015625 0.027083333333333334
1 0.52421875 0.057291666666666664 0.0109375 0.010416666666666666
1 0.37890625 0.253125 0.0171875 0.022916666666666665
1 0.353125 0.24791666666666667 0.0125 0.025
1 0.3734375 0.22708333333333333 0.015625 0.020833333333333332
1 0.3546875 0.22291666666666668 0.0125 0.016666666666666666
1 0.33515625 0.22604166666666667 0.0140625 0.022916666666666665
1 0.3171875 0.228125 0.0125 0.01875
1 0.3171875 0.253125 0.015625 0.027083333333333334
1 0.3 0.23333333333333334 0.01875 0.020833333333333332
1 0.275 0.22916666666666666 0.015625 0.016666666666666666
1 0.3828125 0.1875 0.0125 0.020833333333333332
1 0.36640625 0.190625 0.0140625 0.01875
1 0.33046875 0.1875 0.0140625 0.020833333333333332
1 0.3125 0.19375 0.015625 0.029166666666666667
1 0.29765625 0.171875 0.0234375 0.027083333333333334
1 0.48515625 0.075 0.0203125 0.016666666666666666
1 0.678125 0.559375 0.015625 0.00625
1 0.63359375 0.5114583333333333 0.0234375 0.027083333333333334
1 0.60390625 0.41875 0.0171875 0.016666666666666666
1 0.51953125 0.18020833333333333 0.0140625 0.027083333333333334
