
1 0.37109375 0.975 0.0609375 0.05
1 0.4421875 0.9260416666666667 0.053125 0.04375
1 0.23125 0.990625 0.046875 0.01875
1 0.309375 0.9583333333333334 0.0625 0.05
1 0.39453125 0.9114583333333334 0.0546875 0.04791666666666667
1 0.16015625 0.9854166666666667 0.0671875 0.029166666666666667
1 0.24765625 0.9447916666666667 0.0609375 0.04375
1 0.32421875 0.8989583333333333 0.0484375 0.03958333333333333
1 0.396875 0.8604166666666667 0.05625 0.041666666666666664
1 0.109375 0.9760416666666667 0.065625 0.04791666666666667
1 0.190625 0.928125 0.0625 0.04791666666666667
1 0.28046875 0.8833333333333333 0.0703125 0.05
1 0.359375 0.8416666666666667 0.053125 0.041666666666666664

1 0.190625 0.9270833333333334 0.0625 0.041666666666666664

1 0.3953125 0.5875 0.0375 0.03333333333333333
1 0.25859375 0.6729166666666667 0.0546875 0.04583333333333333
1 0.253125 0.6739583333333333 0.040625 0.04375
1 0.38984375 0.590625 0.0234375 0.03125
1 0.74765625 0.8041666666666667 0.0265625 0.05


1 0.82265625 0.7895833333333333 0.0484375 0.05


5 0.578125 0.8416666666666667 0.0125 0.0125
4 0.40234375 0.6333333333333333 0.0078125 0.0125
4 0.40234375 0.6333333333333333 0.0078125 0.0125
5 0.5109375 0.7208333333333333 0.003125 0.004166666666666667
5 0.58359375 0.8552083333333333 0.0078125 0.01875
4 0.509375 0.7208333333333333 0.003125 0.004166666666666667
4 0.35 0.5135416666666667 0.009375 0.01875
4 0.3515625 0.5083333333333333 0.009375 0.0125
5 0.58828125 0.728125 0.0078125 0.010416666666666666

5 0.60625 0.7708333333333334 0.009375 0.020833333333333332
5 0.64921875 0.6645833333333333 0.1859375 0.5291666666666667
5 0.6625 0.8666666666666667 0.009375 0.0125
5 0.64453125 0.5364583333333334 0.0140625 0.01875
5 0.66171875 0.725 0.0078125 0.020833333333333332
5 0.6859375 0.5947916666666667 0.025 0.03958333333333333
5 0.68046875 0.759375 0.0140625 0.027083333333333334
5 0.6796875 0.7385416666666667 0.00625 0.00625
5 0.86328125 0.525 0.0046875 0.004166666666666667
5 0.871875 0.5333333333333333 0.0125 0.016666666666666666
5 0.65078125 0.4083333333333333 0.0203125 0.03333333333333333
5 0.6609375 0.7208333333333333 0.00625 0.0125
5 0.50546875 0.465625 0.0265625 0.03125
5 0.56015625 0.3927083333333333 0.0171875 0.027083333333333334
5 0.5078125 0.45729166666666665 0.015625 0.01875
1 0.5703125 0.31875 0.0125 0.016666666666666666
3 0.6296875 0.590625 0.05 0.11041666666666666
1 0.50703125 0.45416666666666666 0.0140625 0.0125
1 0.628125 0.31875 0.0125 0.016666666666666666
3 0.5375 0.259375 0.025 0.04375
1 0.51796875 0.14791666666666667 0.0109375 0.0125
1 0.53828125 0.15729166666666666 0.0140625 0.022916666666666665
1 0.521875 0.08020833333333334 0.015625 0.027083333333333334
1 0.52421875 0.057291666666666664 0.0109375 0.010416666666666666
1 0.37890625 0.25104166666666666 0.0140625 0.01875
1 0.35390625 0.24895833333333334 0.0140625 0.022916666666666665
1 0.37421875 0.22395833333333334 0.0140625 0.01875
1 0.3546875 0.22291666666666668 0.0125 0.016666666666666666
1 0.33515625 0.22708333333333333 0.0140625 0.025
1 0.3171875 0.228125 0.0125 0.01875
1 0.3171875 0.253125 0.015625 0.027083333333333334
1 0.29609375 0.23333333333333334 0.0203125 0.020833333333333332
1 0.275 0.22916666666666666 0.015625 0.016666666666666666
1 0.3828125 0.1875 0.0125 0.020833333333333332
1 0.36640625 0.190625 0.0140625 0.01875
1 0.33046875 0.1875 0.0140625 0.020833333333333332
1 0.3125 0.19375 0.015625 0.029166666666666667
1 0.29765625 0.171875 0.0234375 0.027083333333333334
1 0.48828125 0.07291666666666667 0.0171875 0.016666666666666666
1 0.68046875 0.5697916666666667 0.0140625 0.00625
1 0.63515625 0.5197916666666667 0.0234375 0.022916666666666665
1 0.61171875 0.41875 0.0109375 0.016666666666666666
1 0.52265625 0.18645833333333334 0.0140625 0.03125
