
1 0.37109375 0.975 0.0609375 0.05
1 0.4421875 0.9260416666666667 0.053125 0.04375
1 0.23125 0.990625 0.046875 0.01875
1 0.309375 0.9583333333333334 0.0625 0.05
1 0.39453125 0.9114583333333334 0.0546875 0.04791666666666667
1 0.159375 0.9854166666666667 0.06875 0.029166666666666667
1 0.246875 0.9447916666666667 0.059375 0.04375
1 0.32421875 0.8989583333333333 0.0484375 0.03958333333333333
1 0.396875 0.8604166666666667 0.05625 0.041666666666666664
1 0.109375 0.9760416666666667 0.065625 0.04791666666666667
1 0.190625 0.928125 0.0625 0.04791666666666667
1 0.28046875 0.8833333333333333 0.0703125 0.05
1 0.359375 0.8416666666666667 0.053125 0.041666666666666664

1 0.190625 0.928125 0.0625 0.04375

1 0.39296875 0.5916666666666667 0.0390625 0.03333333333333333
1 0.25078125 0.6791666666666667 0.0515625 0.05
1 0.24921875 0.6791666666666667 0.0453125 0.0375
1 0.378125 0.5979166666666667 0.015625 0.029166666666666667
1 0.75078125 0.8166666666666667 0.0265625 0.05416666666666667


1 0.8234375 0.7885416666666667 0.05 0.04791666666666667


5 0.58046875 0.8479166666666667 0.0109375 0.0125
4 0.40234375 0.6333333333333333 0.0078125 0.0125
4 0.4015625 0.634375 0.00625 0.010416666666666666
5 0.51328125 0.7229166666666667 0.0046875 0.004166666666666667
5 0.584375 0.859375 0.009375 0.01875
4 0.51171875 0.7229166666666667 0.0046875 0.004166666666666667
4 0.35 0.5135416666666667 0.009375 0.01875
4 0.3515625 0.5072916666666667 0.009375 0.010416666666666666
5 0.58984375 0.73125 0.0109375 0.0125

5 0.6125 0.7729166666666667 0.0125 0.020833333333333332
5 0.64765625 0.6739583333333333 0.1859375 0.5395833333333333
5 0.6640625 0.8729166666666667 0.009375 0.008333333333333333
5 0.6453125 0.5458333333333333 0.015625 0.020833333333333332
5 0.66171875 0.728125 0.0078125 0.01875
5 0.69296875 0.603125 0.0171875 0.035416666666666666
5 0.68125 0.7604166666666666 0.015625 0.025
5 0.68046875 0.740625 0.0078125 0.00625
5 0.86640625 0.5260416666666666 0.0046875 0.00625
5 0.87734375 0.534375 0.0078125 0.014583333333333334
5 0.65234375 0.40729166666666666 0.0203125 0.027083333333333334
5 0.6609375 0.7270833333333333 0.00625 0.0125
5 0.49921875 0.46875 0.0203125 0.029166666666666667
5 0.5609375 0.396875 0.01875 0.027083333333333334
5 0.50703125 0.46041666666666664 0.0140625 0.020833333333333332
1 0.57109375 0.32083333333333336 0.0140625 0.020833333333333332
3 0.6296875 0.5947916666666667 0.05 0.11041666666666666
1 0.50390625 0.459375 0.0140625 0.014583333333333334
1 0.62734375 0.31979166666666664 0.0109375 0.014583333333333334
3 0.5375 0.26145833333333335 0.025 0.04375
1 0.51796875 0.14791666666666667 0.0109375 0.0125
1 0.53828125 0.159375 0.0140625 0.022916666666666665
1 0.521875 0.08020833333333334 0.015625 0.027083333333333334
1 0.52421875 0.057291666666666664 0.0109375 0.010416666666666666
1 0.37890625 0.25104166666666666 0.0140625 0.01875
1 0.35390625 0.24895833333333334 0.0140625 0.022916666666666665
1 0.3734375 0.22708333333333333 0.015625 0.020833333333333332
1 0.3546875 0.225 0.0125 0.016666666666666666
1 0.33515625 0.22708333333333333 0.0140625 0.025
1 0.3171875 0.228125 0.0125 0.01875
1 0.31640625 0.253125 0.0171875 0.027083333333333334
1 0.29609375 0.23333333333333334 0.0203125 0.020833333333333332
1 0.275 0.22916666666666666 0.015625 0.016666666666666666
1 0.38359375 0.1875 0.0140625 0.020833333333333332
1 0.3671875 0.190625 0.0125 0.01875
1 0.33046875 0.1875 0.0140625 0.020833333333333332
1 0.3125 0.19375 0.015625 0.029166666666666667
1 0.29765625 0.171875 0.0234375 0.027083333333333334
1 0.48828125 0.07291666666666667 0.0171875 0.016666666666666666
1 0.6828125 0.5770833333333333 0.015625 0.008333333333333333
1 0.6375 0.5229166666666667 0.021875 0.020833333333333332
1 0.61328125 0.425 0.0109375 0.016666666666666666
1 0.52265625 0.18645833333333334 0.0140625 0.03125
