
1 0.37109375 0.975 0.0609375 0.05
1 0.4421875 0.9260416666666667 0.053125 0.04375
1 0.23125 0.990625 0.046875 0.01875
1 0.309375 0.9583333333333334 0.0625 0.05
1 0.39453125 0.9114583333333334 0.0546875 0.04791666666666667
1 0.159375 0.9854166666666667 0.06875 0.029166666666666667
1 0.246875 0.9447916666666667 0.059375 0.04375
1 0.32421875 0.8989583333333333 0.0484375 0.03958333333333333
1 0.39609375 0.8604166666666667 0.0546875 0.041666666666666664
1 0.10859375 0.9760416666666667 0.0671875 0.04791666666666667
1 0.190625 0.928125 0.0625 0.04791666666666667
1 0.28046875 0.8833333333333333 0.0703125 0.05
1 0.359375 0.8416666666666667 0.053125 0.041666666666666664

1 0.190625 0.9291666666666667 0.0625 0.04583333333333333

1 0.38125 0.6 0.0375 0.03333333333333333
1 0.2375 0.684375 0.053125 0.04791666666666667
1 0.23515625 0.6854166666666667 0.0453125 0.04583333333333333
1 0.371875 0.6020833333333333 0.021875 0.03333333333333333
1 0.753125 0.828125 0.03125 0.052083333333333336


1 0.82421875 0.7885416666666667 0.0515625 0.04791666666666667

5 0.00390625 0.7677083333333333 0.0078125 0.01875
5 0.58359375 0.853125 0.0109375 0.010416666666666666
4 0.403125 0.6354166666666666 0.00625 0.0125
4 0.403125 0.6354166666666666 0.00625 0.0125
5 0.515625 0.725 0.003125 0.004166666666666667
5 0.58671875 0.8666666666666667 0.0109375 0.020833333333333332
4 0.51328125 0.7260416666666667 0.0015625 0.00625
4 0.35 0.5135416666666667 0.009375 0.01875
4 0.353125 0.5052083333333334 0.009375 0.010416666666666666
5 0.59375 0.7416666666666667 0.009375 0.0125

5 0.6109375 0.7864583333333334 0.0125 0.01875
5 0.64609375 0.68125 0.1890625 0.55
5 0.66796875 0.884375 0.0109375 0.010416666666666666
5 0.6484375 0.5541666666666667 0.01875 0.020833333333333332
5 0.6625 0.7364583333333333 0.009375 0.022916666666666665
5 0.69296875 0.6125 0.0265625 0.0375
5 0.68359375 0.7666666666666667 0.0140625 0.025
5 0.68125 0.7510416666666667 0.00625 0.00625
5 0.86953125 0.5270833333333333 0.0046875 0.004166666666666667
5 0.87890625 0.5354166666666667 0.0078125 0.016666666666666666
5 0.6578125 0.40520833333333334 0.021875 0.022916666666666665
5 0.66171875 0.73125 0.0078125 0.008333333333333333
5 0.496875 0.47291666666666665 0.021875 0.029166666666666667
5 0.5640625 0.403125 0.01875 0.03125
5 0.50390625 0.4666666666666667 0.0140625 0.020833333333333332
1 0.57109375 0.32708333333333334 0.0140625 0.025
3 0.6328125 0.6020833333333333 0.05 0.11666666666666667
1 0.503125 0.4625 0.015625 0.0125
1 0.62734375 0.32395833333333335 0.0109375 0.014583333333333334
3 0.5375 0.2552083333333333 0.021875 0.03125
1 0.51875 0.15 0.009375 0.0125
1 0.53828125 0.15833333333333333 0.0140625 0.020833333333333332
1 0.521875 0.08020833333333334 0.015625 0.027083333333333334
1 0.52421875 0.057291666666666664 0.0109375 0.010416666666666666
1 0.37890625 0.25104166666666666 0.0140625 0.01875
1 0.35390625 0.24895833333333334 0.0140625 0.022916666666666665
1 0.3734375 0.22708333333333333 0.015625 0.020833333333333332
1 0.3546875 0.225 0.0125 0.016666666666666666
1 0.33515625 0.22708333333333333 0.0140625 0.025
1 0.3171875 0.228125 0.0125 0.01875
1 0.315625 0.253125 0.015625 0.027083333333333334
1 0.29609375 0.23333333333333334 0.0203125 0.020833333333333332
1 0.27734375 0.22604166666666667 0.0140625 0.014583333333333334
1 0.38359375 0.18645833333333334 0.0140625 0.01875
1 0.3671875 0.190625 0.0125 0.01875
1 0.33046875 0.1875 0.0140625 0.020833333333333332
1 0.3125 0.19375 0.015625 0.029166666666666667
1 0.29765625 0.171875 0.0234375 0.027083333333333334
1 0.48515625 0.075 0.0203125 0.016666666666666666
1 0.6859375 0.584375 0.015625 0.00625
1 0.640625 0.5322916666666667 0.021875 0.022916666666666665
1 0.61484375 0.4322916666666667 0.0109375 0.014583333333333334
1 0.52265625 0.18958333333333333 0.0140625 0.03333333333333333
