
1 0.38125 0.975 0.059375 0.05
1 0.4515625 0.9260416666666667 0.053125 0.04375
1 0.2421875 0.9916666666666667 0.04375 0.016666666666666666
1 0.31875 0.9572916666666667 0.065625 0.052083333333333336
1 0.4046875 0.9104166666666667 0.05625 0.05
1 0.16875 0.9854166666666667 0.065625 0.029166666666666667
1 0.25703125 0.9458333333333333 0.0609375 0.04583333333333333
1 0.33359375 0.9 0.0484375 0.041666666666666664
1 0.40546875 0.8604166666666667 0.0546875 0.041666666666666664
1 0.11953125 0.975 0.0640625 0.041666666666666664
1 0.2 0.928125 0.0625 0.04791666666666667
1 0.2890625 0.8833333333333333 0.06875 0.05
1 0.3671875 0.8395833333333333 0.053125 0.04583333333333333
1 0.040625 0.9104166666666667 0.06875 0.0625

1 0.09453125 0.8260416666666667 0.0609375 0.05625
1 0.3015625 0.790625 0.05 0.05625
1 0.3015625 0.69375 0.040625 0.03333333333333333
1 0.40859375 0.69375 0.0515625 0.0375
1 0.45703125 0.7427083333333333 0.0546875 0.03958333333333333
1 0.5421875 0.6916666666666667 0.05625 0.0375
1 0.6140625 0.678125 0.053125 0.04791666666666667
1 0.671875 0.7958333333333333 0.059375 0.058333333333333334
1 0.7109375 0.6895833333333333 0.053125 0.04583333333333333
1 0.82421875 0.7447916666666666 0.0421875 0.06458333333333334

5 0.32265625 0.596875 0.0203125 0.022916666666666665
4 0.3484375 0.5583333333333333 0.00625 0.020833333333333332
4 0.36953125 0.55 0.0078125 0.016666666666666666
5 0.40546875 0.5427083333333333 0.0078125 0.022916666666666665
5 0.41953125 0.5416666666666666 0.0109375 0.025
4 0.39609375 0.5302083333333333 0.0078125 0.01875
4 0.36484375 0.5072916666666667 0.0109375 0.03125
4 0.371875 0.49583333333333335 0.015625 0.016666666666666666
5 0.52109375 0.4166666666666667 0.0078125 0.025
1 0.57265625 0.39791666666666664 0.0234375 0.03333333333333333
5 0.534375 0.41770833333333335 0.00625 0.01875
5 0.5546875 0.4114583333333333 0.00625 0.01875
5 0.553125 0.43125 0.009375 0.025
5 0.57734375 0.4479166666666667 0.0109375 0.020833333333333332
5 0.590625 0.39375 0.015625 0.020833333333333332
5 0.615625 0.40625 0.0125 0.025
5 0.615625 0.384375 0.0125 0.014583333333333334
5 0.64296875 0.3729166666666667 0.0078125 0.016666666666666666
5 0.6171875 0.365625 0.009375 0.01875
5 0.61640625 0.3458333333333333 0.0109375 0.016666666666666666
5 0.61640625 0.365625 0.0140625 0.01875
5 0.56796875 0.359375 0.0078125 0.014583333333333334
5 0.5515625 0.3729166666666667 0.00625 0.016666666666666666
5 0.53203125 0.35520833333333335 0.0078125 0.014583333333333334
5 0.5375 0.35520833333333335 0.00625 0.01875
1 0.53984375 0.32395833333333335 0.0234375 0.03125
3 0.54453125 0.259375 0.0265625 0.06458333333333334
1 0.52890625 0.21875 0.0140625 0.020833333333333332
1 0.52890625 0.18854166666666666 0.0171875 0.027083333333333334
3 0.52421875 0.14270833333333333 0.0203125 0.04791666666666667
1 0.51640625 0.115625 0.0109375 0.014583333333333334
1 0.5140625 0.08958333333333333 0.0125 0.029166666666666667
1 0.50390625 0.06666666666666667 0.0078125 0.0125
1 0.4921875 0.022916666666666665 0.0125 0.04583333333333333
1 0.38203125 0.25 0.0171875 0.020833333333333332
1 0.359375 0.24791666666666667 0.015625 0.025
1 0.3796875 0.22395833333333334 0.015625 0.01875
1 0.36171875 0.221875 0.0140625 0.01875
1 0.33984375 0.22291666666666668 0.0171875 0.025
1 0.32109375 0.22916666666666666 0.0140625 0.020833333333333332
1 0.32109375 0.25729166666666664 0.0171875 0.03125
1 0.30078125 0.23125 0.0203125 0.020833333333333332
1 0.28125 0.22604166666666667 0.015625 0.01875
1 0.38828125 0.184375 0.0171875 0.01875
1 0.37265625 0.18854166666666666 0.0171875 0.01875
1 0.33359375 0.18645833333333334 0.0140625 0.01875
1 0.315625 0.19166666666666668 0.015625 0.029166666666666667
1 0.30390625 0.16875 0.0171875 0.025
1 0.48984375 0.075 0.0171875 0.020833333333333332
1 0.5640625 0.2552083333333333 0.015625 0.027083333333333334
1 0.55703125 0.22083333333333333 0.0171875 0.029166666666666667
1 0.55078125 0.190625 0.0140625 0.022916666666666665
1 0.54296875 0.1625 0.0171875 0.025
