
1 0.37109375 0.975 0.0609375 0.05
1 0.4421875 0.9260416666666667 0.053125 0.04375
1 0.23125 0.990625 0.046875 0.01875
1 0.309375 0.9583333333333334 0.0625 0.05
1 0.39453125 0.9114583333333334 0.0546875 0.04791666666666667
1 0.159375 0.9854166666666667 0.06875 0.029166666666666667
1 0.24765625 0.9447916666666667 0.0609375 0.04375
1 0.3234375 0.9 0.05 0.041666666666666664
1 0.39609375 0.8604166666666667 0.0546875 0.041666666666666664
1 0.109375 0.9760416666666667 0.065625 0.04791666666666667
1 0.190625 0.928125 0.0625 0.04791666666666667
1 0.28046875 0.8833333333333333 0.0703125 0.05
1 0.359375 0.8416666666666667 0.053125 0.041666666666666664

1 0.190625 0.9291666666666667 0.0625 0.04583333333333333

1 0.3734375 0.6041666666666666 0.034375 0.0375
1 0.23046875 0.690625 0.0546875 0.04791666666666667
1 0.23046875 0.690625 0.0515625 0.04375
1 0.3671875 0.6083333333333333 0.028125 0.03333333333333333
1 0.7578125 0.8395833333333333 0.021875 0.0375


1 0.8234375 0.7885416666666667 0.05 0.04791666666666667

5 0.00703125 0.765625 0.0140625 0.022916666666666665
5 0.584375 0.85625 0.009375 0.008333333333333333
4 0.403125 0.6354166666666666 0.00625 0.0125
4 0.403125 0.6364583333333333 0.00625 0.010416666666666666

5 0.59140625 0.8697916666666666 0.0109375 0.01875
4 0.51328125 0.73125 0.0015625 0.004166666666666667
4 0.35 0.5145833333333333 0.009375 0.020833333333333332
4 0.353125 0.5052083333333334 0.009375 0.010416666666666666
5 0.5953125 0.7447916666666666 0.009375 0.010416666666666666

5 0.6109375 0.7895833333333333 0.015625 0.020833333333333332
5 0.5578125 0.41354166666666664 0.0125 0.014583333333333334
5 0.6703125 0.8927083333333333 0.009375 0.010416666666666666
5 0.65078125 0.559375 0.0171875 0.01875
5 0.6625 0.7416666666666667 0.009375 0.020833333333333332
5 0.69765625 0.621875 0.0203125 0.03125
5 0.684375 0.7697916666666667 0.015625 0.022916666666666665
5 0.68203125 0.7541666666666667 0.0078125 0.008333333333333333
5 0.87109375 0.5291666666666667 0.0046875 0.004166666666666667
5 0.88046875 0.534375 0.0078125 0.014583333333333334
5 0.66015625 0.40625 0.0203125 0.020833333333333332
5 0.6625 0.7364583333333333 0.00625 0.010416666666666666
5 0.49453125 0.478125 0.0203125 0.027083333333333334
5 0.5640625 0.4083333333333333 0.01875 0.03333333333333333
5 0.50234375 0.46979166666666666 0.0140625 0.01875
1 0.57265625 0.328125 0.0171875 0.022916666666666665
3 0.6328125 0.60625 0.05 0.1125
1 0.49765625 0.471875 0.0171875 0.01875
1 0.62890625 0.32395833333333335 0.0109375 0.014583333333333334
3 0.5375 0.259375 0.021875 0.03125
1 0.51796875 0.15104166666666666 0.0109375 0.014583333333333334
1 0.53828125 0.16041666666666668 0.0140625 0.020833333333333332
1 0.521875 0.08020833333333334 0.015625 0.027083333333333334
1 0.52421875 0.057291666666666664 0.0109375 0.010416666666666666
1 0.378125 0.25104166666666666 0.015625 0.01875
1 0.35390625 0.24895833333333334 0.0140625 0.022916666666666665
1 0.37421875 0.22395833333333334 0.0140625 0.01875
1 0.3546875 0.225 0.0125 0.016666666666666666
1 0.334375 0.22708333333333333 0.015625 0.025
1 0.3171875 0.22916666666666666 0.0125 0.016666666666666666
1 0.3171875 0.253125 0.015625 0.027083333333333334
1 0.29609375 0.23333333333333334 0.0203125 0.020833333333333332
1 0.27734375 0.22604166666666667 0.0140625 0.014583333333333334
1 0.38359375 0.18645833333333334 0.0140625 0.01875
1 0.3671875 0.190625 0.0125 0.01875
1 0.3296875 0.18854166666666666 0.0125 0.01875
1 0.3125 0.19375 0.015625 0.029166666666666667
1 0.29765625 0.171875 0.0234375 0.027083333333333334
1 0.4859375 0.07604166666666666 0.021875 0.01875
1 0.6859375 0.5927083333333333 0.015625 0.010416666666666666
1 0.64375 0.5364583333333334 0.021875 0.022916666666666665
1 0.61484375 0.434375 0.0109375 0.014583333333333334
1 0.5234375 0.19270833333333334 0.015625 0.03125
