
1 0.37109375 0.9760416666666667 0.0609375 0.04791666666666667
1 0.4421875 0.9260416666666667 0.053125 0.04375
1 0.23125 0.990625 0.046875 0.01875
1 0.309375 0.9583333333333334 0.0625 0.05
1 0.39453125 0.9114583333333334 0.0546875 0.04791666666666667
1 0.159375 0.9854166666666667 0.06875 0.029166666666666667
1 0.24765625 0.9447916666666667 0.0609375 0.04375
1 0.3234375 0.9 0.05 0.041666666666666664
1 0.39609375 0.8604166666666667 0.0546875 0.041666666666666664
1 0.109375 0.9760416666666667 0.065625 0.04791666666666667
1 0.190625 0.928125 0.0625 0.04791666666666667
1 0.28046875 0.8833333333333333 0.0703125 0.05
1 0.359375 0.8416666666666667 0.053125 0.041666666666666664

1 0.18984375 0.9291666666666667 0.0640625 0.04583333333333333

1 0.359375 0.6135416666666667 0.028125 0.03125
1 0.21796875 0.7 0.0546875 0.05
1 0.21796875 0.7 0.0453125 0.04583333333333333
1 0.3578125 0.6145833333333334 0.028125 0.03333333333333333
1 0.76015625 0.853125 0.0234375 0.03958333333333333


1 0.82265625 0.7885416666666667 0.0484375 0.04791666666666667

5 0.009375 0.765625 0.01875 0.027083333333333334
5 0.5875 0.86875 0.0125 0.016666666666666666
4 0.403125 0.6364583333333333 0.00625 0.010416666666666666
4 0.403125 0.6364583333333333 0.00625 0.010416666666666666
5 0.51796875 0.7333333333333333 0.0046875 0.008333333333333333
5 0.59375 0.878125 0.009375 0.022916666666666665
4 0.51640625 0.7333333333333333 0.0046875 0.004166666666666667
4 0.35 0.5166666666666667 0.009375 0.025
4 0.35390625 0.5052083333333334 0.0109375 0.010416666666666666
5 0.59765625 0.7552083333333334 0.0078125 0.01875

5 0.61484375 0.803125 0.0140625 0.022916666666666665
5 0.55625 0.41458333333333336 0.009375 0.016666666666666666
5 0.67421875 0.9020833333333333 0.0109375 0.008333333333333333
5 0.65390625 0.56875 0.0171875 0.020833333333333332
5 0.66328125 0.7479166666666667 0.0078125 0.020833333333333332
5 0.6984375 0.63125 0.025 0.03333333333333333
5 0.6859375 0.7791666666666667 0.0125 0.020833333333333332
5 0.68359375 0.7604166666666666 0.0078125 0.008333333333333333
5 0.87265625 0.534375 0.0046875 0.010416666666666666
5 0.884375 0.5354166666666667 0.009375 0.0125
5 0.66171875 0.409375 0.0203125 0.022916666666666665
5 0.6625 0.7447916666666666 0.00625 0.010416666666666666
5 0.496875 0.475 0.01875 0.025
5 0.56640625 0.4125 0.0171875 0.03333333333333333
5 0.4953125 0.47604166666666664 0.01875 0.022916666666666665
1 0.57265625 0.334375 0.0140625 0.022916666666666665
3 0.634375 0.6104166666666667 0.05 0.1125
1 0.496875 0.4708333333333333 0.015625 0.0125
1 0.63046875 0.3260416666666667 0.0109375 0.014583333333333334
3 0.5375 0.26145833333333335 0.021875 0.027083333333333334
1 0.51796875 0.15208333333333332 0.0109375 0.0125
1 0.53828125 0.16145833333333334 0.0140625 0.01875
1 0.521875 0.08020833333333334 0.015625 0.027083333333333334
1 0.52421875 0.057291666666666664 0.0109375 0.010416666666666666
1 0.37890625 0.25104166666666666 0.0140625 0.01875
1 0.35390625 0.24895833333333334 0.0140625 0.022916666666666665
1 0.37421875 0.22395833333333334 0.0140625 0.01875
1 0.35390625 0.225 0.0109375 0.016666666666666666
1 0.334375 0.22708333333333333 0.015625 0.025
1 0.3171875 0.22916666666666666 0.0125 0.016666666666666666
1 0.3171875 0.2552083333333333 0.015625 0.027083333333333334
1 0.29609375 0.23333333333333334 0.0203125 0.020833333333333332
1 0.275 0.22916666666666666 0.015625 0.016666666666666666
1 0.3828125 0.18645833333333334 0.0125 0.01875
1 0.36640625 0.19166666666666668 0.0140625 0.020833333333333332
1 0.3296875 0.18854166666666666 0.0125 0.01875
1 0.3125 0.19375 0.015625 0.029166666666666667
1 0.29765625 0.17291666666666666 0.0234375 0.025
1 0.4859375 0.07708333333333334 0.021875 0.016666666666666666
1 0.69140625 0.6010416666666667 0.0140625 0.00625
1 0.6484375 0.5479166666666667 0.025 0.025
1 0.615625 0.4375 0.0125 0.0125
1 0.52265625 0.19479166666666667 0.0140625 0.03125
