
1 0.37109375 0.9760416666666667 0.0609375 0.04791666666666667
1 0.44140625 0.9270833333333334 0.0515625 0.041666666666666664
1 0.23203125 0.990625 0.0453125 0.01875
1 0.309375 0.9583333333333334 0.0625 0.05
1 0.39453125 0.9114583333333334 0.0546875 0.04791666666666667
1 0.159375 0.9854166666666667 0.06875 0.029166666666666667
1 0.24765625 0.9447916666666667 0.0609375 0.04375
1 0.3234375 0.9 0.05 0.041666666666666664
1 0.39609375 0.8604166666666667 0.0546875 0.041666666666666664
1 0.10859375 0.9770833333333333 0.0640625 0.04583333333333333
1 0.190625 0.928125 0.0625 0.04791666666666667
1 0.2796875 0.8833333333333333 0.071875 0.05
1 0.359375 0.8416666666666667 0.053125 0.041666666666666664

1 0.190625 0.9291666666666667 0.0625 0.04583333333333333

1 0.36171875 0.6145833333333334 0.0453125 0.041666666666666664
1 0.209375 0.703125 0.05625 0.04791666666666667
1 0.20703125 0.7135416666666666 0.0390625 0.04791666666666667
1 0.346875 0.6208333333333333 0.021875 0.03333333333333333
1 0.76171875 0.8645833333333334 0.0234375 0.04583333333333333


1 0.821875 0.7895833333333333 0.046875 0.04583333333333333

5 0.01171875 0.7635416666666667 0.0234375 0.027083333333333334
5 0.59140625 0.8697916666666666 0.0109375 0.010416666666666666
4 0.403125 0.6364583333333333 0.00625 0.010416666666666666
4 0.403125 0.6375 0.00625 0.008333333333333333
5 0.51953125 0.7354166666666667 0.0046875 0.008333333333333333
5 0.59609375 0.8802083333333334 0.0109375 0.022916666666666665
4 0.51953125 0.734375 0.0046875 0.00625
4 0.35 0.5114583333333333 0.009375 0.01875
4 0.35234375 0.5072916666666667 0.0109375 0.010416666666666666
5 0.5984375 0.7583333333333333 0.009375 0.0125

5 0.61171875 0.80625 0.0171875 0.025
5 0.55625 0.415625 0.009375 0.01875
5 0.675 0.909375 0.009375 0.010416666666666666
5 0.65625 0.5760416666666667 0.01875 0.022916666666666665
5 0.66328125 0.753125 0.0078125 0.01875
5 0.70078125 0.6364583333333333 0.0234375 0.035416666666666666
5 0.6875 0.7864583333333334 0.0125 0.027083333333333334
5 0.68359375 0.7666666666666667 0.0078125 0.008333333333333333
5 0.87890625 0.534375 0.0046875 0.00625
5 0.88828125 0.5385416666666667 0.0109375 0.014583333333333334
5 0.66328125 0.41041666666666665 0.0203125 0.020833333333333332
5 0.66328125 0.7479166666666667 0.0078125 0.008333333333333333
5 0.4953125 0.47708333333333336 0.01875 0.020833333333333332
5 0.5671875 0.41770833333333335 0.01875 0.03125
5 0.4953125 0.475 0.015625 0.016666666666666666
1 0.5734375 0.33645833333333336 0.01875 0.027083333333333334
3 0.63671875 0.6114583333333333 0.0515625 0.11041666666666666
1 0.49453125 0.47291666666666665 0.0140625 0.0125
1 0.6328125 0.3260416666666667 0.0125 0.014583333333333334
3 0.5390625 0.265625 0.021875 0.027083333333333334
1 0.51875 0.15416666666666667 0.009375 0.0125
1 0.53828125 0.16145833333333334 0.0140625 0.01875
1 0.52109375 0.08020833333333334 0.0171875 0.027083333333333334
1 0.52421875 0.057291666666666664 0.0109375 0.010416666666666666
1 0.37890625 0.25104166666666666 0.0140625 0.01875
1 0.35234375 0.253125 0.0140625 0.03125
1 0.37421875 0.22395833333333334 0.0140625 0.01875
1 0.353125 0.22708333333333333 0.0125 0.020833333333333332
1 0.334375 0.228125 0.015625 0.027083333333333334
1 0.31640625 0.22916666666666666 0.0140625 0.016666666666666666
1 0.3171875 0.25416666666666665 0.015625 0.025
1 0.29609375 0.23333333333333334 0.0203125 0.020833333333333332
1 0.275 0.22916666666666666 0.015625 0.016666666666666666
1 0.3828125 0.18645833333333334 0.0125 0.01875
1 0.36640625 0.19166666666666668 0.0140625 0.020833333333333332
1 0.3296875 0.18854166666666666 0.0125 0.01875
1 0.3125 0.19375 0.015625 0.029166666666666667
1 0.29765625 0.17291666666666666 0.0234375 0.025
1 0.48515625 0.07708333333333334 0.0203125 0.016666666666666666
1 0.69296875 0.609375 0.0171875 0.010416666666666666
1 0.65078125 0.5520833333333334 0.0234375 0.025
1 0.6171875 0.4375 0.0125 0.0125
1 0.52265625 0.196875 0.0140625 0.03125
