
1 0.37109375 0.9760416666666667 0.0609375 0.04791666666666667
1 0.44140625 0.9270833333333334 0.0515625 0.041666666666666664
1 0.23125 0.9916666666666667 0.046875 0.016666666666666666
1 0.309375 0.9583333333333334 0.0625 0.05
1 0.39453125 0.9114583333333334 0.0546875 0.04791666666666667
1 0.159375 0.9854166666666667 0.06875 0.029166666666666667
1 0.246875 0.9447916666666667 0.059375 0.04375
1 0.3234375 0.9 0.05 0.041666666666666664
1 0.39609375 0.8604166666666667 0.0546875 0.041666666666666664
1 0.11015625 0.9760416666666667 0.0671875 0.04791666666666667
1 0.190625 0.928125 0.0625 0.04791666666666667
1 0.28046875 0.8833333333333333 0.0703125 0.05
1 0.359375 0.8416666666666667 0.053125 0.041666666666666664

1 0.190625 0.928125 0.0625 0.04375

1 0.34140625 0.6239583333333333 0.0265625 0.035416666666666666
1 0.1984375 0.7114583333333333 0.05625 0.052083333333333336
1 0.19375 0.71875 0.034375 0.04583333333333333
1 0.346875 0.6239583333333333 0.0375 0.035416666666666666
1 0.77109375 0.8791666666666667 0.0328125 0.04583333333333333


1 0.82265625 0.7895833333333333 0.0484375 0.04583333333333333

5 0.02265625 0.7552083333333334 0.0265625 0.022916666666666665
5 0.5953125 0.8739583333333333 0.009375 0.00625
4 0.403125 0.6364583333333333 0.00625 0.00625
4 0.403125 0.6364583333333333 0.00625 0.00625
5 0.52109375 0.7385416666666667 0.0046875 0.010416666666666666
5 0.5984375 0.88125 0.009375 0.016666666666666666
4 0.5203125 0.7375 0.00625 0.008333333333333333
4 0.35 0.5135416666666667 0.009375 0.01875
4 0.353125 0.5041666666666667 0.009375 0.008333333333333333
5 0.60078125 0.7625 0.0078125 0.008333333333333333

5 0.61640625 0.8177083333333334 0.0140625 0.01875
5 0.559375 0.41458333333333336 0.009375 0.020833333333333332
5 0.678125 0.9197916666666667 0.009375 0.010416666666666666
5 0.6578125 0.5864583333333333 0.01875 0.022916666666666665
5 0.66484375 0.759375 0.0078125 0.01875
5 0.703125 0.6479166666666667 0.025 0.03333333333333333
5 0.6890625 0.7916666666666666 0.015625 0.025
5 0.6875 0.7708333333333334 0.00625 0.004166666666666667
5 0.88203125 0.5364583333333334 0.0046875 0.00625
5 0.89375 0.5427083333333333 0.009375 0.014583333333333334
5 0.665625 0.41354166666666664 0.01875 0.022916666666666665
5 0.6640625 0.7541666666666667 0.00625 0.008333333333333333
5 0.48359375 0.49166666666666664 0.0171875 0.029166666666666667
5 0.56796875 0.425 0.0203125 0.0375
5 0.4921875 0.478125 0.015625 0.010416666666666666
1 0.57421875 0.33958333333333335 0.0203125 0.029166666666666667
3 0.63828125 0.6239583333333333 0.0515625 0.11458333333333333
1 0.49140625 0.478125 0.0140625 0.010416666666666666
1 0.63203125 0.32708333333333334 0.0109375 0.0125
3 0.5390625 0.26979166666666665 0.021875 0.027083333333333334
1 0.51875 0.15520833333333334 0.009375 0.010416666666666666
1 0.5390625 0.1625 0.0125 0.016666666666666666
1 0.52109375 0.08020833333333334 0.0171875 0.027083333333333334
1 0.52421875 0.057291666666666664 0.0109375 0.010416666666666666
1 0.37890625 0.25104166666666666 0.0140625 0.01875
1 0.35234375 0.25104166666666666 0.0140625 0.027083333333333334
1 0.37421875 0.22395833333333334 0.0140625 0.01875
1 0.353125 0.22708333333333333 0.0125 0.020833333333333332
1 0.334375 0.228125 0.015625 0.027083333333333334
1 0.31640625 0.22916666666666666 0.0140625 0.016666666666666666
1 0.3171875 0.253125 0.015625 0.027083333333333334
1 0.29609375 0.23333333333333334 0.0203125 0.020833333333333332
1 0.27421875 0.22916666666666666 0.0140625 0.016666666666666666
1 0.3828125 0.1875 0.0125 0.020833333333333332
1 0.36640625 0.190625 0.0140625 0.01875
1 0.3296875 0.18854166666666666 0.0125 0.01875
1 0.3125 0.19479166666666667 0.015625 0.03125
1 0.296875 0.17291666666666666 0.021875 0.025
1 0.4890625 0.075 0.01875 0.016666666666666666
1 0.69453125 0.6166666666666667 0.0140625 0.008333333333333333
1 0.65234375 0.5625 0.0234375 0.029166666666666667
1 0.61953125 0.4395833333333333 0.0171875 0.016666666666666666
1 0.52265625 0.19895833333333332 0.0140625 0.03125
