
1 0.37109375 0.9760416666666667 0.0609375 0.04791666666666667
1 0.44140625 0.9270833333333334 0.0515625 0.041666666666666664
1 0.23046875 0.990625 0.0453125 0.01875
1 0.309375 0.9583333333333334 0.0625 0.05
1 0.39453125 0.9114583333333334 0.0546875 0.04791666666666667
1 0.159375 0.9854166666666667 0.06875 0.029166666666666667
1 0.24765625 0.9447916666666667 0.0609375 0.04375
1 0.3234375 0.9 0.05 0.041666666666666664
1 0.39609375 0.8604166666666667 0.0546875 0.041666666666666664
1 0.109375 0.9770833333333333 0.065625 0.04583333333333333
1 0.190625 0.928125 0.0625 0.04791666666666667
1 0.2796875 0.884375 0.071875 0.04791666666666667
1 0.359375 0.8416666666666667 0.053125 0.041666666666666664

1 0.18984375 0.928125 0.0640625 0.04375

1 0.3359375 0.628125 0.028125 0.035416666666666666
1 0.190625 0.7166666666666667 0.053125 0.05
1 0.1875 0.728125 0.04375 0.05625
1 0.328125 0.6322916666666667 0.01875 0.03125
1 0.76953125 0.8875 0.0296875 0.0375


1 0.8203125 0.7895833333333333 0.046875 0.04583333333333333

5 0.028125 0.7541666666666667 0.021875 0.020833333333333332
5 0.59765625 0.8885416666666667 0.0140625 0.01875
4 0.40390625 0.6364583333333333 0.0078125 0.00625
4 0.403125 0.6375 0.00625 0.004166666666666667
5 0.52265625 0.74375 0.0046875 0.0125
5 0.59921875 0.8875 0.0109375 0.016666666666666666
4 0.52265625 0.7395833333333334 0.0015625 0.004166666666666667
4 0.35 0.5145833333333333 0.009375 0.020833333333333332
4 0.35234375 0.5072916666666667 0.0109375 0.010416666666666666
5 0.60234375 0.7677083333333333 0.0078125 0.010416666666666666

5 0.62734375 0.8125 0.0109375 0.020833333333333332
5 0.5609375 0.415625 0.009375 0.014583333333333334
5 0.68046875 0.9302083333333333 0.0109375 0.010416666666666666
5 0.6609375 0.5927083333333333 0.01875 0.022916666666666665
5 0.66484375 0.7666666666666667 0.0078125 0.020833333333333332
5 0.709375 0.6541666666666667 0.01875 0.03333333333333333
5 0.6859375 0.796875 0.01875 0.022916666666666665
5 0.68828125 0.7822916666666667 0.0109375 0.010416666666666666
5 0.88515625 0.5385416666666667 0.0046875 0.00625
5 0.89609375 0.5427083333333333 0.0078125 0.014583333333333334
5 0.66875 0.41458333333333336 0.01875 0.020833333333333332
5 0.66484375 0.7614583333333333 0.0078125 0.00625
5 0.48125 0.5020833333333333 0.01875 0.025
5 0.56875 0.43125 0.01875 0.03333333333333333
5 0.490625 0.48125 0.015625 0.0125
1 0.57421875 0.34270833333333334 0.0203125 0.027083333333333334
3 0.6390625 0.6260416666666667 0.05 0.11458333333333333
1 0.490625 0.4791666666666667 0.015625 0.008333333333333333
1 0.63203125 0.328125 0.0109375 0.014583333333333334
3 0.5390625 0.2708333333333333 0.021875 0.025
1 0.51875 0.15625 0.009375 0.0125
1 0.5390625 0.16354166666666667 0.0125 0.01875
1 0.52109375 0.08020833333333334 0.0171875 0.027083333333333334
1 0.52421875 0.057291666666666664 0.0109375 0.010416666666666666
1 0.37890625 0.25104166666666666 0.0140625 0.01875
1 0.35234375 0.2520833333333333 0.0140625 0.029166666666666667
1 0.37421875 0.22395833333333334 0.0140625 0.01875
1 0.35390625 0.225 0.0109375 0.016666666666666666
1 0.334375 0.228125 0.015625 0.027083333333333334
1 0.31640625 0.22916666666666666 0.0140625 0.016666666666666666
1 0.3171875 0.253125 0.015625 0.027083333333333334
1 0.29609375 0.23333333333333334 0.0203125 0.020833333333333332
1 0.275 0.22916666666666666 0.015625 0.016666666666666666
1 0.3828125 0.18645833333333334 0.0125 0.01875
1 0.36640625 0.19166666666666668 0.0140625 0.020833333333333332
1 0.3296875 0.18854166666666666 0.0125 0.01875
1 0.3125 0.19479166666666667 0.015625 0.03125
1 0.296875 0.17291666666666666 0.021875 0.025
1 0.4890625 0.075 0.01875 0.016666666666666666
1 0.696875 0.625 0.015625 0.008333333333333333
1 0.6546875 0.5677083333333334 0.025 0.027083333333333334
1 0.61953125 0.44895833333333335 0.0171875 0.014583333333333334
1 0.52265625 0.19895833333333332 0.0140625 0.03125
