
1 0.37109375 0.9760416666666667 0.0609375 0.04791666666666667
1 0.44140625 0.9270833333333334 0.0515625 0.041666666666666664
1 0.23203125 0.990625 0.0453125 0.01875
1 0.309375 0.9583333333333334 0.0625 0.05
1 0.39453125 0.9114583333333334 0.0546875 0.04791666666666667
1 0.159375 0.9854166666666667 0.06875 0.029166666666666667
1 0.246875 0.9458333333333333 0.059375 0.04583333333333333
1 0.3234375 0.9 0.05 0.041666666666666664
1 0.396875 0.8604166666666667 0.05625 0.041666666666666664
1 0.109375 0.9770833333333333 0.065625 0.04583333333333333
1 0.190625 0.928125 0.0625 0.04791666666666667
1 0.2796875 0.8833333333333333 0.071875 0.05
1 0.359375 0.8416666666666667 0.053125 0.041666666666666664

1 0.18828125 0.8458333333333333 0.0609375 0.20416666666666666

1 0.33515625 0.6333333333333333 0.0453125 0.04583333333333333
1 0.17734375 0.725 0.0578125 0.05
1 0.1734375 0.7270833333333333 0.040625 0.05416666666666667
1 0.3203125 0.6447916666666667 0.028125 0.027083333333333334
1 0.76953125 0.8958333333333334 0.0296875 0.04583333333333333


1 0.82578125 0.7833333333333333 0.0359375 0.0375

5 0.03515625 0.7520833333333333 0.0234375 0.025
5 0.6 0.8885416666666667 0.0125 0.010416666666666666
4 0.4046875 0.6364583333333333 0.00625 0.00625
4 0.40390625 0.6375 0.0078125 0.004166666666666667
5 0.52421875 0.7416666666666667 0.0078125 0.008333333333333333
5 0.60390625 0.8958333333333334 0.0109375 0.016666666666666666
4 0.52265625 0.7447916666666666 0.0046875 0.010416666666666666
4 0.34921875 0.5104166666666666 0.0078125 0.016666666666666666
4 0.353125 0.5052083333333334 0.009375 0.010416666666666666
5 0.6046875 0.7760416666666666 0.009375 0.010416666666666666

5 0.63828125 0.8333333333333334 0.0171875 0.016666666666666666
5 0.5609375 0.41770833333333335 0.0125 0.014583333333333334
5 0.684375 0.940625 0.0125 0.010416666666666666
5 0.6640625 0.6010416666666667 0.01875 0.022916666666666665
5 0.66640625 0.771875 0.0078125 0.01875
5 0.71328125 0.6697916666666667 0.0203125 0.027083333333333334
5 0.690625 0.8041666666666667 0.01875 0.029166666666666667
5 0.69140625 0.7822916666666667 0.0078125 0.00625
5 0.88828125 0.540625 0.0046875 0.00625
5 0.8984375 0.5447916666666667 0.009375 0.014583333333333334
5 0.67421875 0.421875 0.0234375 0.022916666666666665
5 0.66640625 0.7666666666666667 0.0046875 0.008333333333333333
5 0.478125 0.5020833333333333 0.01875 0.025
5 0.57109375 0.43854166666666666 0.0203125 0.035416666666666666
5 0.4796875 0.4979166666666667 0.015625 0.025
1 0.571875 0.3458333333333333 0.015625 0.025
3 0.6390625 0.628125 0.05 0.11041666666666666
1 0.48203125 0.4875 0.0140625 0.0125
1 0.63125 0.33125 0.0125 0.016666666666666666
3 0.5390625 0.271875 0.021875 0.022916666666666665
1 0.51875 0.15729166666666666 0.009375 0.010416666666666666
1 0.5390625 0.165625 0.0125 0.014583333333333334
1 0.52109375 0.08020833333333334 0.0171875 0.027083333333333334
1 0.52421875 0.057291666666666664 0.0109375 0.010416666666666666
1 0.37890625 0.25104166666666666 0.0140625 0.01875
1 0.35234375 0.25416666666666665 0.0140625 0.029166666666666667
1 0.37421875 0.225 0.0140625 0.016666666666666666
1 0.35390625 0.225 0.0109375 0.016666666666666666
1 0.334375 0.228125 0.015625 0.027083333333333334
1 0.31640625 0.22916666666666666 0.0140625 0.016666666666666666
1 0.315625 0.253125 0.015625 0.027083333333333334
1 0.29609375 0.23333333333333334 0.0203125 0.020833333333333332
1 0.27421875 0.22916666666666666 0.0140625 0.016666666666666666
1 0.3828125 0.1875 0.0125 0.016666666666666666
1 0.36640625 0.19166666666666668 0.0140625 0.020833333333333332
1 0.3296875 0.18854166666666666 0.0125 0.01875
1 0.3125 0.19583333333333333 0.015625 0.029166666666666667
1 0.29765625 0.17395833333333333 0.0234375 0.027083333333333334
1 0.4890625 0.075 0.01875 0.016666666666666666
1 0.69921875 0.6322916666666667 0.0140625 0.00625
1 0.659375 0.578125 0.021875 0.027083333333333334
1 0.621875 0.4510416666666667 0.01875 0.014583333333333334
1 0.52265625 0.20520833333333333 0.0140625 0.03958333333333333
