
1 0.37109375 0.9760416666666667 0.0609375 0.04791666666666667
1 0.44140625 0.9270833333333334 0.0515625 0.041666666666666664
1 0.23203125 0.9916666666666667 0.0453125 0.016666666666666666
1 0.30859375 0.9583333333333334 0.0640625 0.05
1 0.39453125 0.9114583333333334 0.0546875 0.04791666666666667
1 0.159375 0.9854166666666667 0.06875 0.029166666666666667
1 0.246875 0.9458333333333333 0.059375 0.04583333333333333
1 0.3234375 0.9 0.05 0.041666666666666664
1 0.396875 0.8604166666666667 0.05625 0.041666666666666664
1 0.109375 0.9770833333333333 0.065625 0.04583333333333333
1 0.190625 0.928125 0.0625 0.04791666666666667
1 0.2796875 0.884375 0.071875 0.04791666666666667
1 0.359375 0.8416666666666667 0.053125 0.041666666666666664

1 0.184375 0.8395833333333333 0.06875 0.21666666666666667

1 0.3203125 0.6416666666666667 0.03125 0.0375
1 0.175 0.73125 0.06875 0.05
1 0.16796875 0.74375 0.0515625 0.058333333333333334
1 0.30703125 0.6458333333333334 0.0234375 0.03333333333333333
1 0.76953125 0.9020833333333333 0.0359375 0.041666666666666664


1 0.82578125 0.7822916666666667 0.0359375 0.035416666666666666

5 0.04296875 0.7458333333333333 0.0234375 0.020833333333333332
5 0.6046875 0.903125 0.0125 0.022916666666666665
4 0.4046875 0.6385416666666667 0.00625 0.0020833333333333333
4 0.40390625 0.6385416666666667 0.0078125 0.0020833333333333333
5 0.5265625 0.74375 0.00625 0.008333333333333333
5 0.61015625 0.9083333333333333 0.0109375 0.025
4 0.52421875 0.7489583333333333 0.0078125 0.010416666666666666
4 0.34921875 0.5104166666666666 0.0078125 0.016666666666666666
4 0.35234375 0.5041666666666667 0.0109375 0.008333333333333333
5 0.6078125 0.7802083333333333 0.009375 0.010416666666666666

5 0.634375 0.8260416666666667 0.009375 0.010416666666666666
5 0.56484375 0.421875 0.0109375 0.014583333333333334
5 0.6875 0.9510416666666667 0.0125 0.014583333333333334
5 0.6671875 0.6083333333333333 0.01875 0.020833333333333332
5 0.66640625 0.7791666666666667 0.0078125 0.016666666666666666
5 0.7140625 0.675 0.021875 0.029166666666666667
5 0.69375 0.8083333333333333 0.0125 0.029166666666666667
5 0.69140625 0.79375 0.0078125 0.016666666666666666
5 0.89140625 0.5427083333333333 0.0046875 0.00625
5 0.89921875 0.55 0.0109375 0.016666666666666666
5 0.67578125 0.42291666666666666 0.0203125 0.020833333333333332
5 0.66640625 0.775 0.0078125 0.008333333333333333
5 0.4796875 0.5020833333333333 0.021875 0.025
5 0.57109375 0.440625 0.0203125 0.035416666666666666
5 0.47890625 0.4979166666666667 0.0203125 0.020833333333333332
1 0.575 0.35208333333333336 0.01875 0.025
3 0.63984375 0.6364583333333333 0.0515625 0.11458333333333333
1 0.48125 0.490625 0.015625 0.014583333333333334
1 0.63203125 0.328125 0.0109375 0.014583333333333334
3 0.540625 0.28229166666666666 0.021875 0.027083333333333334
1 0.51875 0.16041666666666668 0.009375 0.0125
1 0.5390625 0.16666666666666666 0.0125 0.016666666666666666
1 0.521875 0.08020833333333334 0.015625 0.027083333333333334
1 0.52421875 0.057291666666666664 0.0109375 0.010416666666666666
1 0.378125 0.25104166666666666 0.0125 0.01875
1 0.353125 0.24895833333333334 0.0125 0.022916666666666665
1 0.3734375 0.225 0.0125 0.016666666666666666
1 0.35390625 0.225 0.0109375 0.016666666666666666
1 0.334375 0.228125 0.015625 0.027083333333333334
1 0.31640625 0.22916666666666666 0.0140625 0.016666666666666666
1 0.315625 0.253125 0.015625 0.027083333333333334
1 0.29609375 0.234375 0.0203125 0.022916666666666665
1 0.27421875 0.22916666666666666 0.0140625 0.016666666666666666
1 0.3828125 0.18854166666666666 0.0125 0.01875
1 0.36640625 0.190625 0.0140625 0.01875
1 0.3296875 0.18854166666666666 0.0125 0.01875
1 0.3125 0.19479166666666667 0.015625 0.03125
1 0.296875 0.17291666666666666 0.021875 0.025
1 0.48984375 0.075 0.0171875 0.016666666666666666
1 0.7015625 0.6427083333333333 0.015625 0.010416666666666666
1 0.6609375 0.58125 0.025 0.025
1 0.62265625 0.453125 0.0171875 0.014583333333333334
1 0.5234375 0.20625 0.0125 0.0375
