
1 0.37109375 0.9760416666666667 0.0609375 0.04791666666666667
1 0.44140625 0.9270833333333334 0.0515625 0.041666666666666664
1 0.23203125 0.990625 0.0453125 0.01875
1 0.30859375 0.9583333333333334 0.0640625 0.05
1 0.39453125 0.9114583333333334 0.0546875 0.04791666666666667
1 0.159375 0.9854166666666667 0.06875 0.029166666666666667
1 0.24609375 0.9458333333333333 0.0609375 0.04583333333333333
1 0.3234375 0.9010416666666666 0.05 0.03958333333333333
1 0.396875 0.8614583333333333 0.05625 0.03958333333333333
1 0.109375 0.9770833333333333 0.065625 0.04583333333333333
1 0.190625 0.928125 0.0625 0.04791666666666667
1 0.2796875 0.884375 0.071875 0.04791666666666667
1 0.35703125 0.8416666666666667 0.0546875 0.041666666666666664

1 0.17734375 0.8354166666666667 0.0859375 0.225

1 0.3078125 0.6479166666666667 0.03125 0.03333333333333333
1 0.1609375 0.7416666666666667 0.06875 0.058333333333333334
1 0.16171875 0.7552083333333334 0.0640625 0.05625
1 0.2921875 0.6552083333333333 0.028125 0.035416666666666666
1 0.7765625 0.9125 0.028125 0.05


1 0.82109375 0.7895833333333333 0.0484375 0.04583333333333333

5 0.053125 0.740625 0.025 0.022916666666666665
5 0.60859375 0.903125 0.0140625 0.010416666666666666
4 0.4046875 0.6385416666666667 0.003125 0.0020833333333333333

5 0.52734375 0.753125 0.0078125 0.014583333333333334
5 0.6140625 0.9145833333333333 0.009375 0.025
4 0.528125 0.7520833333333333 0.009375 0.0125
4 0.34921875 0.5104166666666666 0.0078125 0.016666666666666666
4 0.353125 0.5041666666666667 0.009375 0.008333333333333333
5 0.6109375 0.7895833333333333 0.009375 0.008333333333333333

5 0.65078125 0.8458333333333333 0.0078125 0.016666666666666666
5 0.56640625 0.4270833333333333 0.0109375 0.016666666666666666
5 0.690625 0.9635416666666666 0.0125 0.014583333333333334
5 0.6734375 0.615625 0.015625 0.022916666666666665
5 0.66796875 0.7864583333333334 0.0078125 0.01875
5 0.71640625 0.684375 0.0234375 0.035416666666666666
5 0.6953125 0.8197916666666667 0.0125 0.022916666666666665
5 0.69453125 0.7958333333333333 0.0078125 0.008333333333333333
5 0.896875 0.5447916666666667 0.00625 0.00625
5 0.9078125 0.55 0.009375 0.016666666666666666
5 0.67734375 0.425 0.0203125 0.020833333333333332
5 0.6671875 0.7802083333333333 0.00625 0.00625
5 0.4734375 0.5041666666666667 0.015625 0.029166666666666667
5 0.5734375 0.44583333333333336 0.021875 0.0375
5 0.47734375 0.49895833333333334 0.0203125 0.01875
1 0.5765625 0.35520833333333335 0.021875 0.027083333333333334
3 0.640625 0.6427083333333333 0.05 0.11041666666666666
1 0.4796875 0.49166666666666664 0.015625 0.008333333333333333
1 0.6328125 0.3333333333333333 0.0125 0.016666666666666666
3 0.540625 0.2833333333333333 0.021875 0.025
1 0.51953125 0.16354166666666667 0.0109375 0.014583333333333334
1 0.5390625 0.16875 0.0125 0.016666666666666666
1 0.52265625 0.08020833333333334 0.0171875 0.027083333333333334
1 0.52421875 0.058333333333333334 0.0109375 0.008333333333333333
1 0.378125 0.2520833333333333 0.0125 0.020833333333333332
1 0.353125 0.24895833333333334 0.0125 0.022916666666666665
1 0.3734375 0.225 0.0125 0.016666666666666666
1 0.35390625 0.225 0.0109375 0.016666666666666666
1 0.334375 0.228125 0.015625 0.027083333333333334
1 0.31640625 0.22916666666666666 0.0140625 0.016666666666666666
1 0.3171875 0.25416666666666665 0.015625 0.029166666666666667
1 0.29609375 0.234375 0.0203125 0.022916666666666665
1 0.27421875 0.22916666666666666 0.0140625 0.016666666666666666
1 0.3828125 0.18854166666666666 0.0125 0.01875
1 0.36640625 0.190625 0.0140625 0.01875
1 0.3296875 0.18854166666666666 0.0125 0.01875
1 0.3125 0.19583333333333333 0.015625 0.029166666666666667
1 0.296875 0.17291666666666666 0.021875 0.025
1 0.48984375 0.075 0.0171875 0.016666666666666666
1 0.70625 0.65 0.015625 0.008333333333333333
1 0.6640625 0.59375 0.025 0.029166666666666667
1 0.62421875 0.4583333333333333 0.0171875 0.016666666666666666
1 0.52109375 0.178125 0.0109375 0.01875
