
1 0.37109375 0.9760416666666667 0.0609375 0.04791666666666667
1 0.44140625 0.9270833333333334 0.0515625 0.041666666666666664
1 0.23046875 0.9927083333333333 0.0453125 0.014583333333333334
1 0.30859375 0.9583333333333334 0.0640625 0.05
1 0.39453125 0.9114583333333334 0.0546875 0.04791666666666667
1 0.159375 0.9854166666666667 0.06875 0.029166666666666667
1 0.24609375 0.9458333333333333 0.0609375 0.04583333333333333
1 0.3234375 0.9010416666666666 0.05 0.03958333333333333
1 0.396875 0.8614583333333333 0.05625 0.03958333333333333
1 0.109375 0.9770833333333333 0.065625 0.04583333333333333
1 0.190625 0.928125 0.0625 0.04791666666666667
1 0.2796875 0.884375 0.071875 0.04791666666666667
1 0.35859375 0.8416666666666667 0.0546875 0.041666666666666664

1 0.18046875 0.8427083333333333 0.0765625 0.20625

1 0.2984375 0.6541666666666667 0.03125 0.03333333333333333
1 0.1515625 0.75625 0.065625 0.07083333333333333
1 0.1421875 0.7614583333333333 0.040625 0.06875
1 0.28671875 0.6572916666666667 0.0328125 0.03958333333333333
1 0.77109375 0.9197916666666667 0.0390625 0.04791666666666667


1 0.82109375 0.7895833333333333 0.0484375 0.04583333333333333

5 0.05859375 0.7385416666666667 0.0234375 0.022916666666666665
5 0.6125 0.9166666666666666 0.015625 0.025


5 0.53125 0.7510416666666667 0.00625 0.010416666666666666
5 0.615625 0.915625 0.009375 0.01875
4 0.52890625 0.7541666666666667 0.0078125 0.0125
4 0.34921875 0.509375 0.0078125 0.014583333333333334
4 0.353125 0.5041666666666667 0.009375 0.008333333333333333
5 0.61171875 0.7927083333333333 0.0078125 0.010416666666666666

5 0.64453125 0.865625 0.0140625 0.022916666666666665
5 0.56875 0.43125 0.0125 0.0125
5 0.69296875 0.965625 0.0109375 0.00625
5 0.67734375 0.6229166666666667 0.0171875 0.020833333333333332
5 0.66953125 0.7916666666666666 0.0078125 0.016666666666666666
5 0.71796875 0.69375 0.0234375 0.029166666666666667
5 0.6953125 0.8229166666666666 0.0125 0.025
5 0.6953125 0.809375 0.00625 0.014583333333333334
5 0.8984375 0.546875 0.00625 0.00625
5 0.91015625 0.553125 0.0078125 0.01875
5 0.68046875 0.4239583333333333 0.0171875 0.01875
5 0.66875 0.7854166666666667 0.00625 0.004166666666666667
5 0.4703125 0.5145833333333333 0.01875 0.029166666666666667
5 0.5734375 0.44895833333333335 0.021875 0.035416666666666666
5 0.4765625 0.496875 0.015625 0.010416666666666666
1 0.5765625 0.35833333333333334 0.021875 0.029166666666666667
3 0.6421875 0.646875 0.05 0.11875
1 0.47734375 0.49375 0.0140625 0.008333333333333333
1 0.63515625 0.33645833333333336 0.0109375 0.01875
3 0.540625 0.28541666666666665 0.021875 0.025
1 0.51953125 0.16458333333333333 0.0109375 0.0125
1 0.53984375 0.17291666666666666 0.0140625 0.020833333333333332
1 0.521875 0.08020833333333334 0.01875 0.027083333333333334
1 0.52421875 0.057291666666666664 0.0109375 0.010416666666666666
1 0.378125 0.2520833333333333 0.0125 0.020833333333333332
1 0.353125 0.24895833333333334 0.0125 0.022916666666666665
1 0.37265625 0.225 0.0140625 0.016666666666666666
1 0.35390625 0.225 0.0109375 0.016666666666666666
1 0.334375 0.228125 0.015625 0.027083333333333334
1 0.31640625 0.22916666666666666 0.0140625 0.016666666666666666
1 0.315625 0.25416666666666665 0.015625 0.025
1 0.29921875 0.23333333333333334 0.0171875 0.020833333333333332
1 0.27421875 0.22916666666666666 0.0140625 0.016666666666666666
1 0.3828125 0.18854166666666666 0.0125 0.01875
1 0.36640625 0.19166666666666668 0.0140625 0.016666666666666666
1 0.3296875 0.18854166666666666 0.0125 0.01875
1 0.3125 0.19583333333333333 0.015625 0.029166666666666667
1 0.296875 0.17291666666666666 0.021875 0.025
1 0.490625 0.07604166666666666 0.01875 0.014583333333333334
1 0.70859375 0.6583333333333333 0.0171875 0.008333333333333333
1 0.6671875 0.6 0.025 0.029166666666666667
1 0.62734375 0.46458333333333335 0.0140625 0.0125
1 0.52109375 0.19479166666666667 0.0109375 0.03125
