
1 0.36953125 0.9760416666666667 0.0609375 0.04791666666666667
1 0.44140625 0.9270833333333334 0.0515625 0.041666666666666664
1 0.23125 0.9916666666666667 0.04375 0.016666666666666666
1 0.3078125 0.9583333333333334 0.0625 0.05
1 0.39453125 0.9114583333333334 0.0546875 0.04791666666666667
1 0.159375 0.9854166666666667 0.06875 0.029166666666666667
1 0.24609375 0.9458333333333333 0.0609375 0.04583333333333333
1 0.3234375 0.9010416666666666 0.05 0.03958333333333333
1 0.3953125 0.8614583333333333 0.05625 0.03958333333333333
1 0.109375 0.9770833333333333 0.065625 0.04583333333333333
1 0.18984375 0.928125 0.0640625 0.04791666666666667
1 0.2796875 0.884375 0.071875 0.04791666666666667
1 0.35859375 0.8416666666666667 0.0546875 0.041666666666666664

1 0.165625 0.8416666666666667 0.10625 0.2125

1 0.296875 0.6583333333333333 0.04375 0.041666666666666664
1 0.14453125 0.7645833333333333 0.0671875 0.07083333333333333
1 0.14609375 0.7697916666666667 0.0640625 0.07708333333333334
1 0.2734375 0.665625 0.028125 0.03958333333333333
1 0.7734375 0.934375 0.04375 0.06041666666666667


1 0.82265625 0.7895833333333333 0.0484375 0.04583333333333333

5 0.065625 0.7354166666666667 0.025 0.025
5 0.6171875 0.9302083333333333 0.01875 0.03125
4 0.40390625 0.6447916666666667 0.0046875 0.00625
4 0.40390625 0.6458333333333334 0.0046875 0.004166666666666667
5 0.53359375 0.7572916666666667 0.0078125 0.014583333333333334
5 0.61953125 0.93125 0.0140625 0.025
4 0.53125 0.7583333333333333 0.00625 0.0125
4 0.34921875 0.5104166666666666 0.0078125 0.016666666666666666
4 0.35234375 0.5072916666666667 0.0109375 0.010416666666666666
5 0.6140625 0.8 0.00625 0.008333333333333333

5 0.64296875 0.8572916666666667 0.0109375 0.01875
5 0.5703125 0.4354166666666667 0.0125 0.008333333333333333
5 0.69765625 0.9822916666666667 0.0140625 0.014583333333333334
5 0.675 0.6333333333333333 0.01875 0.020833333333333332
5 0.66875 0.8020833333333334 0.00625 0.016666666666666666
5 0.72421875 0.7041666666666667 0.0171875 0.025
5 0.696875 0.834375 0.01875 0.022916666666666665
5 0.69453125 0.8166666666666667 0.0078125 0.008333333333333333
5 0.90234375 0.5520833333333334 0.0046875 0.008333333333333333
5 0.9140625 0.5541666666666667 0.009375 0.016666666666666666
5 0.68203125 0.42604166666666665 0.0171875 0.01875
5 0.66875 0.796875 0.00625 0.00625
5 0.4640625 0.521875 0.021875 0.027083333333333334
5 0.57421875 0.453125 0.0203125 0.03958333333333333
5 0.4640625 0.5125 0.01875 0.025
1 0.578125 0.3614583333333333 0.021875 0.03125
3 0.64609375 0.6583333333333333 0.0484375 0.1125
1 0.4734375 0.496875 0.0125 0.00625
1 0.63515625 0.3375 0.0109375 0.016666666666666666
3 0.54140625 0.290625 0.0203125 0.027083333333333334
1 0.5203125 0.16666666666666666 0.0125 0.0125
1 0.540625 0.175 0.015625 0.020833333333333332
1 0.521875 0.08125 0.01875 0.025
1 0.52421875 0.057291666666666664 0.0109375 0.010416666666666666
1 0.378125 0.2520833333333333 0.0125 0.020833333333333332
1 0.353125 0.24895833333333334 0.0125 0.022916666666666665
1 0.37265625 0.225 0.0140625 0.016666666666666666
1 0.35390625 0.225 0.0109375 0.016666666666666666
1 0.334375 0.228125 0.015625 0.027083333333333334
1 0.31640625 0.22916666666666666 0.0140625 0.016666666666666666
1 0.3171875 0.2552083333333333 0.015625 0.027083333333333334
1 0.29609375 0.234375 0.0203125 0.022916666666666665
1 0.2734375 0.22916666666666666 0.015625 0.016666666666666666
1 0.3828125 0.18854166666666666 0.0125 0.01875
1 0.3671875 0.19166666666666668 0.0125 0.016666666666666666
1 0.3296875 0.18854166666666666 0.0125 0.01875
1 0.3125 0.19583333333333333 0.015625 0.029166666666666667
1 0.29609375 0.17395833333333333 0.0234375 0.027083333333333334
1 0.48984375 0.075 0.0171875 0.016666666666666666
1 0.71015625 0.6697916666666667 0.0171875 0.010416666666666666
1 0.671875 0.6083333333333333 0.021875 0.029166666666666667
1 0.628125 0.46770833333333334 0.015625 0.014583333333333334
1 0.52109375 0.18958333333333333 0.0109375 0.029166666666666667
