
1 0.38125 0.975 0.059375 0.05
1 0.4515625 0.9260416666666667 0.053125 0.04375
1 0.2421875 0.9916666666666667 0.04375 0.016666666666666666
1 0.31875 0.9572916666666667 0.065625 0.052083333333333336
1 0.4046875 0.9114583333333334 0.05625 0.04791666666666667
1 0.16875 0.9854166666666667 0.065625 0.029166666666666667
1 0.25703125 0.9458333333333333 0.0609375 0.04583333333333333
1 0.33359375 0.9 0.0484375 0.041666666666666664
1 0.40546875 0.8604166666666667 0.0546875 0.041666666666666664
1 0.11875 0.9770833333333333 0.065625 0.04583333333333333
1 0.2 0.928125 0.0625 0.04791666666666667
1 0.2890625 0.8833333333333333 0.06875 0.05
1 0.3671875 0.840625 0.053125 0.04375
1 0.02890625 0.9166666666666666 0.0578125 0.05416666666666667

1 0.07890625 0.834375 0.0609375 0.05625
1 0.29453125 0.7927083333333333 0.0484375 0.04375
1 0.28984375 0.6979166666666666 0.0453125 0.041666666666666664
1 0.3984375 0.696875 0.05 0.03958333333333333
1 0.4515625 0.7427083333333333 0.05625 0.03958333333333333
1 0.534375 0.690625 0.053125 0.03958333333333333
1 0.60546875 0.6760416666666667 0.0546875 0.04791666666666667
1 0.6609375 0.7885416666666667 0.05 0.052083333333333336
1 0.703125 0.68125 0.053125 0.041666666666666664
1 0.8203125 0.725 0.0375 0.05

5 0.32421875 0.596875 0.0203125 0.022916666666666665
4 0.3484375 0.5583333333333333 0.00625 0.020833333333333332
4 0.36953125 0.55 0.0078125 0.016666666666666666
5 0.40546875 0.5427083333333333 0.0078125 0.022916666666666665
5 0.41953125 0.5416666666666666 0.0109375 0.025
4 0.39609375 0.5302083333333333 0.0078125 0.01875
4 0.36640625 0.50625 0.0109375 0.03333333333333333
4 0.37109375 0.4947916666666667 0.0171875 0.01875
5 0.52109375 0.4166666666666667 0.0078125 0.025
1 0.5734375 0.39895833333333336 0.021875 0.03125
5 0.534375 0.41770833333333335 0.00625 0.01875
5 0.55546875 0.4114583333333333 0.0078125 0.01875
5 0.55390625 0.43125 0.0109375 0.025
5 0.578125 0.45 0.0125 0.020833333333333332
5 0.58984375 0.39375 0.0171875 0.020833333333333332
5 0.61640625 0.4114583333333333 0.0140625 0.027083333333333334
5 0.61484375 0.3875 0.0109375 0.016666666666666666
5 0.64296875 0.3729166666666667 0.0078125 0.016666666666666666
5 0.6171875 0.36666666666666664 0.009375 0.020833333333333332
5 0.615625 0.3458333333333333 0.0125 0.016666666666666666
5 0.61640625 0.365625 0.0140625 0.01875
5 0.56796875 0.3625 0.0078125 0.016666666666666666
5 0.5515625 0.3697916666666667 0.00625 0.014583333333333334
5 0.5328125 0.35625 0.009375 0.016666666666666666
5 0.5375 0.35625 0.00625 0.016666666666666666
1 0.53984375 0.3260416666666667 0.0234375 0.03125
3 0.54453125 0.259375 0.0265625 0.06458333333333334
1 0.52890625 0.21875 0.0140625 0.020833333333333332
1 0.52890625 0.18958333333333333 0.0171875 0.025
3 0.521875 0.14375 0.021875 0.04583333333333333
1 0.51640625 0.11458333333333333 0.0109375 0.016666666666666666
1 0.5140625 0.090625 0.0125 0.03125
1 0.50390625 0.06666666666666667 0.0078125 0.0125
1 0.4921875 0.023958333333333335 0.0125 0.04791666666666667
1 0.38203125 0.25 0.0171875 0.020833333333333332
1 0.35859375 0.24791666666666667 0.0171875 0.025
1 0.3796875 0.22395833333333334 0.015625 0.01875
1 0.35859375 0.22291666666666668 0.0171875 0.020833333333333332
1 0.33984375 0.22291666666666668 0.0171875 0.025
1 0.32109375 0.22916666666666666 0.0140625 0.020833333333333332
1 0.32109375 0.25729166666666664 0.0171875 0.03125
1 0.30078125 0.23125 0.0203125 0.020833333333333332
1 0.28046875 0.22604166666666667 0.0171875 0.01875
1 0.38828125 0.184375 0.0171875 0.01875
1 0.37265625 0.18854166666666666 0.0171875 0.01875
1 0.33359375 0.18645833333333334 0.0140625 0.01875
1 0.31484375 0.19166666666666668 0.0140625 0.029166666666666667
1 0.30390625 0.16875 0.0171875 0.025
1 0.48984375 0.06979166666666667 0.0171875 0.01875
1 0.56328125 0.25625 0.0140625 0.029166666666666667
1 0.55703125 0.22083333333333333 0.0171875 0.029166666666666667
1 0.55078125 0.190625 0.0140625 0.022916666666666665
1 0.54296875 0.1625 0.0171875 0.025
