
1 0.36953125 0.9760416666666667 0.0609375 0.04791666666666667
1 0.44140625 0.9270833333333334 0.0515625 0.041666666666666664
1 0.23046875 0.9927083333333333 0.0453125 0.014583333333333334
1 0.3078125 0.9583333333333334 0.0625 0.05
1 0.39453125 0.9114583333333334 0.0546875 0.04791666666666667
1 0.159375 0.9854166666666667 0.06875 0.029166666666666667
1 0.24609375 0.9458333333333333 0.0609375 0.04583333333333333
1 0.3234375 0.9010416666666666 0.05 0.03958333333333333
1 0.39609375 0.8614583333333333 0.0546875 0.03958333333333333
1 0.10859375 0.9770833333333333 0.0671875 0.04583333333333333
1 0.18984375 0.928125 0.0640625 0.04791666666666667
1 0.2796875 0.8854166666666666 0.071875 0.05
1 0.35859375 0.8416666666666667 0.0546875 0.041666666666666664

1 0.1640625 0.85 0.109375 0.2

1 0.2796875 0.6666666666666666 0.028125 0.03333333333333333
1 0.134375 0.7864583333333334 0.059375 0.08125
1 0.14453125 0.7958333333333333 0.0359375 0.03333333333333333
1 0.259375 0.678125 0.028125 0.03125
1 0.78125 0.9416666666666667 0.03125 0.05416666666666667


1 0.821875 0.7895833333333333 0.046875 0.04583333333333333

5 0.071875 0.7322916666666667 0.025 0.022916666666666665
5 0.621875 0.9354166666666667 0.01875 0.03333333333333333
4 0.4046875 0.646875 0.00625 0.00625
4 0.40390625 0.6479166666666667 0.0046875 0.004166666666666667
5 0.5359375 0.7645833333333333 0.009375 0.016666666666666666
5 0.621875 0.9354166666666667 0.015625 0.025
4 0.534375 0.7625 0.009375 0.016666666666666666
4 0.34921875 0.509375 0.0078125 0.014583333333333334
4 0.35078125 0.5072916666666667 0.0109375 0.010416666666666666
5 0.61484375 0.8104166666666667 0.0078125 0.016666666666666666

5 0.64375 0.8625 0.015625 0.029166666666666667
5 0.571875 0.4395833333333333 0.0125 0.0125
5 0.69921875 0.990625 0.0140625 0.01875
5 0.684375 0.6385416666666667 0.015625 0.01875
5 0.6703125 0.8083333333333333 0.009375 0.0125
5 0.7265625 0.7125 0.01875 0.025
5 0.69765625 0.8416666666666667 0.0171875 0.03333333333333333
5 0.69921875 0.8197916666666667 0.0078125 0.00625
5 0.9046875 0.5541666666666667 0.00625 0.008333333333333333
5 0.915625 0.5552083333333333 0.009375 0.014583333333333334
5 0.684375 0.4270833333333333 0.015625 0.016666666666666666
5 0.66875 0.80625 0.00625 0.008333333333333333
5 0.46171875 0.525 0.0171875 0.029166666666666667
5 0.57421875 0.4583333333333333 0.0203125 0.03333333333333333
5 0.4671875 0.509375 0.01875 0.01875
1 0.57734375 0.3625 0.0203125 0.029166666666666667
3 0.646875 0.6572916666666667 0.05 0.11041666666666666
1 0.46875 0.503125 0.015625 0.010416666666666666
1 0.63828125 0.33645833333333336 0.0078125 0.014583333333333334
3 0.5421875 0.296875 0.021875 0.027083333333333334
1 0.52109375 0.16666666666666666 0.0109375 0.0125
1 0.54140625 0.17395833333333333 0.0140625 0.01875
1 0.52109375 0.08333333333333333 0.0171875 0.020833333333333332
1 0.5234375 0.058333333333333334 0.009375 0.008333333333333333
1 0.378125 0.2520833333333333 0.0125 0.020833333333333332
1 0.353125 0.25 0.0125 0.020833333333333332
1 0.37265625 0.225 0.0140625 0.016666666666666666
1 0.35390625 0.225 0.0109375 0.016666666666666666
1 0.334375 0.228125 0.015625 0.027083333333333334
1 0.31640625 0.22916666666666666 0.0140625 0.016666666666666666
1 0.3171875 0.25416666666666665 0.015625 0.029166666666666667
1 0.29609375 0.234375 0.0203125 0.022916666666666665
1 0.2734375 0.23020833333333332 0.015625 0.014583333333333334
1 0.3828125 0.18854166666666666 0.0125 0.01875
1 0.36640625 0.19270833333333334 0.0140625 0.01875
1 0.3296875 0.18854166666666666 0.0125 0.01875
1 0.3125 0.19583333333333333 0.015625 0.029166666666666667
1 0.296875 0.175 0.021875 0.025
1 0.48828125 0.07916666666666666 0.0203125 0.016666666666666666
1 0.71328125 0.6760416666666667 0.0171875 0.010416666666666666
1 0.67265625 0.6125 0.0234375 0.025
1 0.6265625 0.4708333333333333 0.015625 0.016666666666666666
1 0.52109375 0.18958333333333333 0.0109375 0.029166666666666667
