
1 0.36953125 0.9760416666666667 0.0609375 0.04791666666666667
1 0.44140625 0.9270833333333334 0.0515625 0.041666666666666664
1 0.2296875 0.9927083333333333 0.04375 0.014583333333333334
1 0.3078125 0.9583333333333334 0.0625 0.05
1 0.39375 0.9114583333333334 0.05625 0.04791666666666667
1 0.159375 0.9864583333333333 0.06875 0.027083333333333334
1 0.24609375 0.9458333333333333 0.0609375 0.04583333333333333
1 0.3234375 0.9010416666666666 0.05 0.03958333333333333
1 0.3953125 0.8614583333333333 0.05625 0.03958333333333333
1 0.10859375 0.9770833333333333 0.0671875 0.04583333333333333
1 0.18984375 0.928125 0.0640625 0.04791666666666667
1 0.2796875 0.884375 0.071875 0.04791666666666667
1 0.35859375 0.8416666666666667 0.0546875 0.041666666666666664

1 0.1578125 0.8604166666666667 0.11875 0.18333333333333332

1 0.27265625 0.671875 0.0421875 0.04375
1 0.1234375 0.8 0.05 0.0625
1 0.12265625 0.8104166666666667 0.0484375 0.03333333333333333
1 0.2484375 0.6875 0.0375 0.0375
1 0.77578125 0.9614583333333333 0.0484375 0.04375


1 0.821875 0.790625 0.046875 0.04791666666666667

5 0.08046875 0.7260416666666667 0.0234375 0.027083333333333334
5 0.625 0.94375 0.01875 0.03333333333333333
4 0.4046875 0.6510416666666666 0.00625 0.010416666666666666
4 0.4046875 0.6510416666666666 0.003125 0.010416666666666666
5 0.53671875 0.759375 0.0078125 0.010416666666666666
5 0.62890625 0.94375 0.0109375 0.025
4 0.53671875 0.7677083333333333 0.0109375 0.014583333333333334
4 0.34921875 0.5104166666666666 0.0078125 0.016666666666666666
4 0.35390625 0.5041666666666667 0.0109375 0.008333333333333333
5 0.61875 0.8125 0.00625 0.008333333333333333

5 0.646875 0.86875 0.003125 0.025
5 0.571875 0.44895833333333335 0.0125 0.014583333333333334
5 0.7046875 0.996875 0.009375 0.00625
5 0.68359375 0.6489583333333333 0.0203125 0.022916666666666665
5 0.67265625 0.8125 0.0078125 0.016666666666666666
5 0.7296875 0.7239583333333334 0.01875 0.022916666666666665
5 0.69765625 0.85 0.0171875 0.025
5 0.703125 0.8260416666666667 0.009375 0.010416666666666666
5 0.91015625 0.553125 0.0046875 0.00625
5 0.921875 0.5604166666666667 0.009375 0.016666666666666666
5 0.68828125 0.42916666666666664 0.0140625 0.016666666666666666
5 0.66875 0.8135416666666667 0.00625 0.010416666666666666
5 0.4625 0.53125 0.025 0.0375
5 0.5765625 0.46875 0.01875 0.0375
5 0.4640625 0.5135416666666667 0.01875 0.01875
1 0.58203125 0.36666666666666664 0.0078125 0.029166666666666667
3 0.64921875 0.659375 0.0515625 0.10625
1 0.46484375 0.5083333333333333 0.0140625 0.008333333333333333
1 0.63984375 0.3385416666666667 0.0078125 0.014583333333333334
3 0.54453125 0.3020833333333333 0.0234375 0.029166666666666667
1 0.52109375 0.16875 0.0109375 0.0125
1 0.54140625 0.17708333333333334 0.0140625 0.016666666666666666
1 0.52109375 0.084375 0.0171875 0.01875
1 0.52421875 0.057291666666666664 0.0109375 0.010416666666666666
1 0.378125 0.2520833333333333 0.0125 0.020833333333333332
1 0.353125 0.25 0.0125 0.020833333333333332
1 0.37265625 0.225 0.0140625 0.016666666666666666
1 0.35390625 0.225 0.0109375 0.016666666666666666
1 0.334375 0.228125 0.015625 0.027083333333333334
1 0.31640625 0.22916666666666666 0.0140625 0.016666666666666666
1 0.3171875 0.25416666666666665 0.015625 0.029166666666666667
1 0.29609375 0.234375 0.0203125 0.022916666666666665
1 0.2734375 0.23020833333333332 0.015625 0.014583333333333334
1 0.3828125 0.18854166666666666 0.0125 0.01875
1 0.3671875 0.19270833333333334 0.0125 0.01875
1 0.3296875 0.18854166666666666 0.0125 0.01875
1 0.3125 0.19583333333333333 0.015625 0.029166666666666667
1 0.296875 0.175 0.021875 0.025
1 0.490625 0.07604166666666666 0.01875 0.014583333333333334
1 0.71640625 0.6885416666666667 0.0171875 0.010416666666666666
1 0.678125 0.625 0.025 0.029166666666666667
1 0.6296875 0.4739583333333333 0.015625 0.014583333333333334
1 0.5203125 0.190625 0.0125 0.027083333333333334
