
1 0.36953125 0.9760416666666667 0.0609375 0.04791666666666667
1 0.44140625 0.9270833333333334 0.0515625 0.041666666666666664
1 0.2296875 0.9927083333333333 0.04375 0.014583333333333334
1 0.3078125 0.9583333333333334 0.0625 0.05
1 0.39453125 0.9114583333333334 0.0546875 0.04791666666666667
1 0.159375 0.9864583333333333 0.06875 0.027083333333333334
1 0.24609375 0.9458333333333333 0.0609375 0.04583333333333333
1 0.3234375 0.9010416666666666 0.05 0.03958333333333333
1 0.3953125 0.8614583333333333 0.05625 0.03958333333333333
1 0.10859375 0.9770833333333333 0.0671875 0.04583333333333333
1 0.18984375 0.928125 0.0640625 0.04791666666666667
1 0.2796875 0.8854166666666666 0.071875 0.05
1 0.35859375 0.8416666666666667 0.0546875 0.041666666666666664

1 0.1890625 0.9270833333333334 0.059375 0.041666666666666664

1 0.26484375 0.678125 0.0453125 0.03958333333333333
1 0.12109375 0.8145833333333333 0.0515625 0.05
1 0.11328125 0.8104166666666667 0.0359375 0.03333333333333333
1 0.234375 0.7 0.040625 0.03333333333333333
1 0.75703125 0.8625 0.0671875 0.2625


1 0.82109375 0.7895833333333333 0.0484375 0.04583333333333333

5 0.08671875 0.7229166666666667 0.0265625 0.025
5 0.6296875 0.9520833333333333 0.01875 0.03333333333333333
4 0.40546875 0.6541666666666667 0.0078125 0.0125
4 0.4046875 0.653125 0.00625 0.010416666666666666
5 0.5375 0.7708333333333334 0.009375 0.016666666666666666
5 0.63125 0.9479166666666666 0.009375 0.025
4 0.53828125 0.771875 0.0109375 0.01875
4 0.35 0.5114583333333333 0.009375 0.01875
4 0.35234375 0.5072916666666667 0.0109375 0.010416666666666666
5 0.61875 0.825 0.009375 0.016666666666666666


5 0.575 0.453125 0.015625 0.014583333333333334

5 0.6890625 0.6541666666666667 0.015625 0.016666666666666666
5 0.67421875 0.81875 0.0078125 0.016666666666666666
5 0.73125 0.734375 0.021875 0.022916666666666665
5 0.70078125 0.8552083333333333 0.0171875 0.03125
5 0.70546875 0.8322916666666667 0.0078125 0.00625
5 0.91328125 0.5552083333333333 0.0046875 0.00625
5 0.925 0.5625 0.009375 0.016666666666666666
5 0.6921875 0.4354166666666667 0.01875 0.016666666666666666
5 0.6734375 0.8135416666666667 0.00625 0.00625
5 0.4609375 0.53125 0.028125 0.0375
5 0.578125 0.46770833333333334 0.01875 0.03958333333333333
5 0.46171875 0.5135416666666667 0.0140625 0.014583333333333334
1 0.584375 0.3697916666666667 0.015625 0.027083333333333334
3 0.64921875 0.6677083333333333 0.0515625 0.10208333333333333
1 0.4609375 0.509375 0.0125 0.00625
1 0.640625 0.3385416666666667 0.00625 0.014583333333333334
3 0.54375 0.303125 0.021875 0.027083333333333334
1 0.52109375 0.16979166666666667 0.0109375 0.010416666666666666
1 0.54140625 0.178125 0.0140625 0.01875
1 0.5203125 0.084375 0.01875 0.01875
1 0.52421875 0.057291666666666664 0.0109375 0.010416666666666666
1 0.378125 0.2520833333333333 0.0125 0.020833333333333332
1 0.353125 0.25 0.0125 0.020833333333333332
1 0.37265625 0.225 0.0140625 0.016666666666666666
1 0.35390625 0.225 0.0109375 0.016666666666666666
1 0.334375 0.228125 0.015625 0.027083333333333334
1 0.31640625 0.22916666666666666 0.0140625 0.016666666666666666
1 0.3171875 0.25416666666666665 0.015625 0.029166666666666667
1 0.2953125 0.234375 0.01875 0.022916666666666665
1 0.27421875 0.23020833333333332 0.0140625 0.014583333333333334
1 0.3828125 0.18854166666666666 0.0125 0.01875
1 0.3671875 0.19270833333333334 0.0125 0.01875
1 0.3296875 0.18854166666666666 0.0125 0.01875
1 0.3125 0.19583333333333333 0.015625 0.029166666666666667
1 0.296875 0.17291666666666666 0.021875 0.025
1 0.48828125 0.08020833333333334 0.0203125 0.01875
1 0.71953125 0.6916666666666667 0.0171875 0.008333333333333333
1 0.68046875 0.6302083333333334 0.0234375 0.027083333333333334
1 0.63203125 0.475 0.0171875 0.016666666666666666
1 0.52109375 0.18958333333333333 0.0109375 0.025
