
1 0.37109375 0.9760416666666667 0.0609375 0.04791666666666667
1 0.44140625 0.9270833333333334 0.0515625 0.041666666666666664
1 0.23046875 0.9927083333333333 0.0453125 0.014583333333333334
1 0.3078125 0.9583333333333334 0.0625 0.05
1 0.39375 0.9114583333333334 0.05625 0.04791666666666667
1 0.159375 0.9854166666666667 0.06875 0.029166666666666667
1 0.24609375 0.9458333333333333 0.0609375 0.04583333333333333
1 0.3234375 0.9010416666666666 0.05 0.03958333333333333
1 0.3953125 0.8614583333333333 0.05625 0.03958333333333333
1 0.10859375 0.9770833333333333 0.0671875 0.04583333333333333
1 0.18984375 0.9291666666666667 0.0640625 0.05
1 0.2796875 0.8854166666666666 0.071875 0.05
1 0.35859375 0.8416666666666667 0.0546875 0.041666666666666664

1 0.11171875 0.85625 0.1046875 0.175

1 0.2515625 0.6864583333333333 0.040625 0.03958333333333333
1 0.10546875 0.8260416666666667 0.0234375 0.06458333333333334
1 0.10546875 0.8239583333333333 0.0203125 0.00625
1 0.21796875 0.7052083333333333 0.0390625 0.03958333333333333
1 0.75234375 0.8604166666666667 0.0640625 0.2625


1 0.82734375 0.7854166666666667 0.0390625 0.0375

5 0.09140625 0.7197916666666667 0.0234375 0.022916666666666665
5 0.634375 0.9625 0.021875 0.041666666666666664

4 0.40390625 0.6510416666666666 0.0015625 0.0020833333333333333
5 0.540625 0.778125 0.009375 0.01875
5 0.63515625 0.959375 0.0171875 0.03125
4 0.54140625 0.7770833333333333 0.0109375 0.016666666666666666
4 0.34921875 0.5104166666666666 0.0078125 0.016666666666666666
4 0.353125 0.5052083333333334 0.0125 0.010416666666666666
5 0.62265625 0.8260416666666667 0.0078125 0.00625


5 0.5796875 0.4583333333333333 0.015625 0.016666666666666666

5 0.68984375 0.6666666666666666 0.0203125 0.025
5 0.675 0.825 0.009375 0.016666666666666666
5 0.73828125 0.7447916666666666 0.0140625 0.027083333333333334
5 0.7046875 0.85625 0.009375 0.029166666666666667
5 0.7046875 0.840625 0.009375 0.014583333333333334
5 0.9171875 0.5572916666666666 0.00625 0.00625
5 0.92734375 0.5635416666666667 0.0078125 0.014583333333333334
5 0.69453125 0.4375 0.0171875 0.016666666666666666
5 0.67109375 0.8260416666666667 0.0078125 0.014583333333333334
5 0.44765625 0.5364583333333334 0.0171875 0.03125
5 0.58125 0.48125 0.015625 0.04583333333333333
5 0.45859375 0.5177083333333333 0.0109375 0.010416666666666666
1 0.58515625 0.3697916666666667 0.0140625 0.027083333333333334
3 0.65078125 0.6697916666666667 0.0484375 0.10625
1 0.45703125 0.5145833333333333 0.0109375 0.004166666666666667
1 0.6421875 0.3416666666666667 0.00625 0.0125
3 0.54453125 0.3104166666666667 0.0234375 0.03333333333333333
1 0.52109375 0.17083333333333334 0.0109375 0.008333333333333333
1 0.5421875 0.17916666666666667 0.015625 0.016666666666666666
1 0.521875 0.084375 0.01875 0.01875
1 0.5234375 0.0625 0.0125 0.0125
1 0.378125 0.2520833333333333 0.0125 0.020833333333333332
1 0.35234375 0.25416666666666665 0.0140625 0.029166666666666667
1 0.37265625 0.225 0.0140625 0.016666666666666666
1 0.35390625 0.225 0.0109375 0.016666666666666666
1 0.33515625 0.228125 0.0140625 0.027083333333333334
1 0.31640625 0.23229166666666667 0.0140625 0.01875
1 0.315625 0.2552083333333333 0.015625 0.027083333333333334
1 0.29609375 0.234375 0.0203125 0.022916666666666665
1 0.2734375 0.23020833333333332 0.015625 0.014583333333333334
1 0.3828125 0.18854166666666666 0.0125 0.01875
1 0.3671875 0.19270833333333334 0.0125 0.01875
1 0.3296875 0.18854166666666666 0.0125 0.01875
1 0.3125 0.19583333333333333 0.015625 0.029166666666666667
1 0.296875 0.175 0.021875 0.025
1 0.48984375 0.07604166666666666 0.0171875 0.014583333333333334
1 0.725 0.7041666666666667 0.015625 0.008333333333333333
1 0.68359375 0.640625 0.0265625 0.03125
1 0.63359375 0.484375 0.0171875 0.014583333333333334
1 0.521875 0.18958333333333333 0.0125 0.025
