
1 0.3703125 0.9760416666666667 0.059375 0.04791666666666667
1 0.44140625 0.9270833333333334 0.0515625 0.041666666666666664
1 0.23046875 0.9927083333333333 0.0453125 0.014583333333333334
1 0.3078125 0.9583333333333334 0.0625 0.05
1 0.39453125 0.9114583333333334 0.0546875 0.04791666666666667
1 0.159375 0.9854166666666667 0.06875 0.029166666666666667
1 0.24609375 0.9458333333333333 0.0609375 0.04583333333333333
1 0.3234375 0.9010416666666666 0.05 0.03958333333333333
1 0.3953125 0.8614583333333333 0.05625 0.03958333333333333
1 0.10859375 0.9770833333333333 0.0671875 0.04583333333333333
1 0.18984375 0.928125 0.0640625 0.04791666666666667
1 0.2796875 0.8854166666666666 0.071875 0.05
1 0.35859375 0.8416666666666667 0.0546875 0.041666666666666664

1 0.18828125 0.928125 0.0578125 0.03958333333333333

1 0.2453125 0.6885416666666667 0.04375 0.03958333333333333
1 0.096875 0.8260416666666667 0.0375 0.06458333333333334
1 0.09921875 0.8260416666666667 0.0015625 0.0020833333333333333
1 0.20859375 0.715625 0.0328125 0.03958333333333333
1 0.79375 0.9791666666666666 0.025 0.041666666666666664


1 0.8265625 0.7833333333333333 0.0375 0.0375

5 0.1015625 0.7197916666666667 0.028125 0.022916666666666665
5 0.6375 0.9666666666666667 0.021875 0.0375
4 0.40546875 0.65625 0.0078125 0.016666666666666666
4 0.4046875 0.6520833333333333 0.003125 0.004166666666666667
5 0.54296875 0.7822916666666667 0.0109375 0.01875
5 0.63828125 0.965625 0.0171875 0.03125
4 0.5421875 0.7822916666666667 0.0125 0.01875
4 0.35 0.5114583333333333 0.009375 0.01875
4 0.3515625 0.5072916666666667 0.0125 0.010416666666666666
5 0.62578125 0.84375 0.0109375 0.016666666666666666


5 0.58203125 0.4625 0.0171875 0.0125

5 0.6953125 0.6708333333333333 0.015625 0.016666666666666666
5 0.67578125 0.8333333333333334 0.0078125 0.016666666666666666
5 0.73984375 0.753125 0.0140625 0.022916666666666665
5 0.7 0.8635416666666667 0.021875 0.022916666666666665
5 0.70546875 0.8489583333333334 0.0109375 0.010416666666666666
5 0.91875 0.5625 0.00625 0.008333333333333333
5 0.93046875 0.565625 0.0078125 0.014583333333333334
5 0.696875 0.43854166666666666 0.015625 0.014583333333333334
5 0.675 0.83125 0.00625 0.008333333333333333
5 0.4421875 0.5395833333333333 0.0125 0.029166666666666667
5 0.58125 0.4822916666666667 0.01875 0.04791666666666667
5 0.446875 0.5302083333333333 0.015625 0.01875
1 0.56875 0.35208333333333336 0.034375 0.05416666666666667
3 0.6515625 0.6739583333333333 0.053125 0.10625
1 0.45546875 0.5177083333333333 0.0078125 0.010416666666666666
1 0.64375 0.34270833333333334 0.00625 0.010416666666666666
3 0.5453125 0.3125 0.021875 0.029166666666666667
1 0.521875 0.17708333333333334 0.0125 0.016666666666666666
1 0.5421875 0.18125 0.015625 0.016666666666666666
1 0.521875 0.08333333333333333 0.01875 0.020833333333333332
1 0.52421875 0.057291666666666664 0.0109375 0.010416666666666666
1 0.378125 0.2520833333333333 0.0125 0.020833333333333332
1 0.353125 0.25104166666666666 0.0125 0.022916666666666665
1 0.37265625 0.225 0.0140625 0.016666666666666666
1 0.35390625 0.225 0.0109375 0.016666666666666666
1 0.33515625 0.22604166666666667 0.0140625 0.022916666666666665
1 0.31640625 0.22916666666666666 0.0140625 0.016666666666666666
1 0.31796875 0.2604166666666667 0.0171875 0.03333333333333333
1 0.29609375 0.234375 0.0203125 0.022916666666666665
1 0.2734375 0.23020833333333332 0.015625 0.014583333333333334
1 0.3828125 0.18854166666666666 0.0125 0.01875
1 0.3671875 0.19270833333333334 0.0125 0.01875
1 0.3296875 0.18854166666666666 0.0125 0.01875
1 0.3125 0.19583333333333333 0.015625 0.029166666666666667
1 0.29609375 0.175 0.0234375 0.025
1 0.48984375 0.07708333333333334 0.0171875 0.016666666666666666
1 0.728125 0.7125 0.01875 0.008333333333333333
1 0.68671875 0.6479166666666667 0.0265625 0.029166666666666667
1 0.63515625 0.4864583333333333 0.0171875 0.014583333333333334
1 0.521875 0.18958333333333333 0.0125 0.025
