
1 0.3703125 0.9760416666666667 0.059375 0.04791666666666667
1 0.44140625 0.9270833333333334 0.0515625 0.041666666666666664
1 0.23046875 0.9927083333333333 0.0453125 0.014583333333333334
1 0.3078125 0.9583333333333334 0.0625 0.05
1 0.39453125 0.9114583333333334 0.0546875 0.04791666666666667
1 0.159375 0.9854166666666667 0.06875 0.029166666666666667
1 0.24609375 0.9458333333333333 0.0609375 0.04583333333333333
1 0.32265625 0.9010416666666666 0.0484375 0.03958333333333333
1 0.3953125 0.8614583333333333 0.05625 0.03958333333333333
1 0.10859375 0.9770833333333333 0.0671875 0.04583333333333333
1 0.18984375 0.928125 0.0640625 0.04791666666666667
1 0.2796875 0.8854166666666666 0.071875 0.05
1 0.35859375 0.8416666666666667 0.0546875 0.041666666666666664

1 0.20859375 0.9197916666666667 0.0015625 0.0020833333333333333

1 0.234375 0.696875 0.046875 0.03958333333333333
1 0.08984375 0.85 0.0203125 0.016666666666666666
1 0.09765625 0.8239583333333333 0.0046875 0.00625
1 0.190625 0.7291666666666666 0.034375 0.041666666666666664
1 0.76484375 0.871875 0.0734375 0.25625


1 0.81953125 0.7916666666666666 0.0484375 0.04583333333333333

5 0.10703125 0.7145833333333333 0.0265625 0.029166666666666667
5 0.640625 0.9760416666666667 0.021875 0.035416666666666666
4 0.40546875 0.6583333333333333 0.0078125 0.0125
4 0.4046875 0.6583333333333333 0.00625 0.0125
5 0.54453125 0.7833333333333333 0.0109375 0.025
5 0.64296875 0.9760416666666667 0.0171875 0.03125
4 0.54375 0.7833333333333333 0.0125 0.025
4 0.35 0.5114583333333333 0.009375 0.01875
4 0.3546875 0.5041666666666667 0.0125 0.0125
5 0.628125 0.840625 0.009375 0.010416666666666666

5 0.55 0.43125 0.00625 0.008333333333333333
5 0.5828125 0.46875 0.015625 0.0125

5 0.6953125 0.6833333333333333 0.021875 0.020833333333333332
5 0.67734375 0.8416666666666667 0.0078125 0.016666666666666666
5 0.74296875 0.7645833333333333 0.0171875 0.025
5 0.70546875 0.8729166666666667 0.0171875 0.041666666666666664
5 0.70859375 0.8583333333333333 0.0109375 0.016666666666666666
5 0.92578125 0.5614583333333333 0.0078125 0.00625
5 0.93828125 0.56875 0.0078125 0.016666666666666666
5 0.6984375 0.4395833333333333 0.015625 0.016666666666666666
5 0.6734375 0.8458333333333333 0.009375 0.0125
5 0.4375 0.5479166666666667 0.015625 0.041666666666666664
5 0.58515625 0.49270833333333336 0.0234375 0.052083333333333336
5 0.4421875 0.5333333333333333 0.015625 0.020833333333333332
1 0.590625 0.38333333333333336 0.01875 0.029166666666666667
3 0.6546875 0.678125 0.05 0.10208333333333333
1 0.44609375 0.5260416666666666 0.0109375 0.010416666666666666
1 0.64453125 0.34270833333333334 0.0078125 0.010416666666666666
3 0.54609375 0.31666666666666665 0.0234375 0.029166666666666667
1 0.52265625 0.18229166666666666 0.0109375 0.022916666666666665
1 0.54296875 0.18229166666666666 0.0140625 0.014583333333333334
1 0.521875 0.084375 0.01875 0.01875
1 0.5234375 0.057291666666666664 0.009375 0.010416666666666666
1 0.378125 0.2520833333333333 0.0125 0.020833333333333332
1 0.353125 0.25104166666666666 0.0125 0.022916666666666665
1 0.37265625 0.225 0.0140625 0.016666666666666666
1 0.35390625 0.225 0.0109375 0.016666666666666666
1 0.33515625 0.22604166666666667 0.0140625 0.022916666666666665
1 0.31640625 0.22916666666666666 0.0140625 0.016666666666666666
1 0.315625 0.25416666666666665 0.015625 0.029166666666666667
1 0.29609375 0.234375 0.0203125 0.022916666666666665
1 0.2734375 0.23020833333333332 0.015625 0.014583333333333334
1 0.3828125 0.18854166666666666 0.0125 0.01875
1 0.3671875 0.19270833333333334 0.0125 0.01875
1 0.32890625 0.18854166666666666 0.0140625 0.01875
1 0.3125 0.19583333333333333 0.015625 0.029166666666666667
1 0.296875 0.175 0.021875 0.025
1 0.48828125 0.07604166666666666 0.0171875 0.014583333333333334
1 0.73125 0.7239583333333334 0.01875 0.010416666666666666
1 0.6890625 0.6572916666666667 0.025 0.03125
1 0.6375 0.4895833333333333 0.01875 0.016666666666666666
1 0.5234375 0.18125 0.0125 0.020833333333333332
