
1 0.37109375 0.9760416666666667 0.0609375 0.04791666666666667
1 0.44140625 0.9270833333333334 0.0515625 0.041666666666666664
1 0.23046875 0.9927083333333333 0.0453125 0.014583333333333334
1 0.30859375 0.9583333333333334 0.0640625 0.05
1 0.39453125 0.9125 0.0546875 0.05
1 0.159375 0.9854166666666667 0.06875 0.029166666666666667
1 0.24609375 0.9458333333333333 0.0609375 0.04583333333333333
1 0.32265625 0.9010416666666666 0.0484375 0.03958333333333333
1 0.3953125 0.8614583333333333 0.05625 0.03958333333333333
1 0.1078125 0.9770833333333333 0.065625 0.04583333333333333
1 0.18984375 0.928125 0.0640625 0.04791666666666667
1 0.2796875 0.8854166666666666 0.071875 0.05
1 0.35859375 0.8416666666666667 0.0546875 0.041666666666666664

1 0.04296875 0.809375 0.0515625 0.035416666666666666

1 0.22109375 0.7020833333333333 0.0421875 0.041666666666666664
1 0.08203125 0.8552083333333333 0.0296875 0.00625

1 0.1734375 0.7427083333333333 0.034375 0.06041666666666667
1 0.7421875 0.7604166666666666 0.028125 0.041666666666666664


1 0.8265625 0.7854166666666667 0.0375 0.0375

5 0.115625 0.7104166666666667 0.028125 0.025
5 0.64375 0.98125 0.021875 0.0375
4 0.40546875 0.659375 0.0078125 0.014583333333333334
4 0.40546875 0.6604166666666667 0.0046875 0.0125
5 0.5453125 0.7875 0.009375 0.025
5 0.64453125 0.9802083333333333 0.0140625 0.03125
4 0.54609375 0.7885416666666667 0.0140625 0.022916666666666665
4 0.35 0.5125 0.009375 0.020833333333333332
4 0.3515625 0.5083333333333333 0.0125 0.0125
5 0.63046875 0.8541666666666666 0.0109375 0.020833333333333332

5 0.55078125 0.4322916666666667 0.0109375 0.010416666666666666
5 0.58359375 0.471875 0.0171875 0.014583333333333334

5 0.70234375 0.6864583333333333 0.0140625 0.01875
5 0.678125 0.8479166666666667 0.009375 0.020833333333333332
5 0.7453125 0.775 0.021875 0.029166666666666667
5 0.7046875 0.8854166666666666 0.025 0.0375
5 0.7109375 0.8635416666666667 0.0125 0.014583333333333334
5 0.928125 0.5635416666666667 0.00625 0.00625
5 0.93984375 0.571875 0.0078125 0.01875
5 0.70078125 0.4375 0.0109375 0.0125
5 0.67734375 0.846875 0.0078125 0.010416666666666666
5 0.434375 0.553125 0.01875 0.027083333333333334
5 0.5859375 0.49583333333333335 0.021875 0.04583333333333333
5 0.4453125 0.5291666666666667 0.0125 0.0125
1 0.59140625 0.384375 0.0171875 0.027083333333333334
3 0.65625 0.684375 0.053125 0.10625
1 0.4421875 0.528125 0.0125 0.010416666666666666
1 0.64609375 0.34375 0.0078125 0.008333333333333333
3 0.546875 0.31979166666666664 0.021875 0.027083333333333334
1 0.5234375 0.18645833333333334 0.0125 0.022916666666666665
1 0.54296875 0.184375 0.0140625 0.014583333333333334
1 0.52265625 0.084375 0.0203125 0.01875
1 0.52421875 0.057291666666666664 0.0109375 0.010416666666666666
1 0.378125 0.2520833333333333 0.0125 0.020833333333333332
1 0.353125 0.25104166666666666 0.0125 0.022916666666666665
1 0.37265625 0.225 0.0140625 0.016666666666666666
1 0.35390625 0.225 0.0109375 0.016666666666666666
1 0.33515625 0.22604166666666667 0.0140625 0.022916666666666665
1 0.31640625 0.23229166666666667 0.0140625 0.01875
1 0.315625 0.25416666666666665 0.015625 0.029166666666666667
1 0.2953125 0.234375 0.01875 0.022916666666666665
1 0.275 0.228125 0.0125 0.014583333333333334
1 0.3828125 0.18854166666666666 0.0125 0.01875
1 0.3671875 0.19270833333333334 0.0125 0.01875
1 0.3296875 0.18854166666666666 0.0125 0.01875
1 0.3125 0.19583333333333333 0.015625 0.029166666666666667
1 0.29609375 0.175 0.0234375 0.025
1 0.4875 0.07708333333333334 0.01875 0.016666666666666666
1 0.7359375 0.7322916666666667 0.01875 0.010416666666666666
1 0.69296875 0.6604166666666667 0.0234375 0.025
1 0.640625 0.4947916666666667 0.015625 0.014583333333333334
1 0.5234375 0.18333333333333332 0.0125 0.020833333333333332
