
1 0.3703125 0.9760416666666667 0.059375 0.04791666666666667
1 0.44140625 0.9270833333333334 0.0515625 0.041666666666666664
1 0.23046875 0.9927083333333333 0.0453125 0.014583333333333334
1 0.30859375 0.9583333333333334 0.0640625 0.05
1 0.39453125 0.9125 0.0546875 0.05
1 0.159375 0.9854166666666667 0.06875 0.029166666666666667
1 0.24609375 0.9458333333333333 0.0609375 0.04583333333333333
1 0.3234375 0.9010416666666666 0.05 0.03958333333333333
1 0.39609375 0.8614583333333333 0.0546875 0.03958333333333333
1 0.10859375 0.9770833333333333 0.0671875 0.04583333333333333
1 0.18984375 0.928125 0.0640625 0.04791666666666667
1 0.2796875 0.8854166666666666 0.071875 0.05
1 0.36015625 0.8416666666666667 0.0546875 0.041666666666666664

1 0.09921875 0.8729166666666667 0.1578125 0.09583333333333334

1 0.2109375 0.7072916666666667 0.046875 0.04375

1 0.42734375 0.553125 0.0109375 0.022916666666666665
1 0.16171875 0.75625 0.0328125 0.07916666666666666
1 0.7390625 0.7677083333333333 0.0375 0.05625


1 0.81875 0.7916666666666666 0.05 0.04583333333333333

5 0.11875 0.7041666666666667 0.021875 0.020833333333333332
5 0.6484375 0.9854166666666667 0.021875 0.029166666666666667
4 0.40625 0.6625 0.00625 0.016666666666666666
4 0.40625 0.6625 0.00625 0.016666666666666666
5 0.54609375 0.7927083333333333 0.0109375 0.022916666666666665
5 0.65 0.9864583333333333 0.01875 0.027083333333333334
4 0.54765625 0.79375 0.0140625 0.020833333333333332
4 0.35 0.5114583333333333 0.009375 0.01875
4 0.35078125 0.5083333333333333 0.0109375 0.0125
5 0.6328125 0.8541666666666666 0.009375 0.008333333333333333

5 0.54921875 0.4322916666666667 0.0109375 0.010416666666666666
5 0.58515625 0.4791666666666667 0.0171875 0.0125

5 0.70546875 0.6979166666666666 0.0171875 0.020833333333333332
5 0.678125 0.8520833333333333 0.00625 0.0125
5 0.74765625 0.7885416666666667 0.0203125 0.027083333333333334
5 0.70625 0.8895833333333333 0.028125 0.029166666666666667
5 0.71171875 0.8739583333333333 0.0109375 0.014583333333333334
5 0.93203125 0.565625 0.0046875 0.00625
5 0.94375 0.5729166666666666 0.009375 0.016666666666666666
5 0.70625 0.440625 0.0125 0.010416666666666666
5 0.678125 0.8572916666666667 0.009375 0.01875
5 0.4328125 0.55625 0.021875 0.025
5 0.58828125 0.49895833333333334 0.0234375 0.04791666666666667
5 0.434375 0.54375 0.01875 0.025
1 0.559375 0.35 0.05 0.07916666666666666
3 0.659375 0.6895833333333333 0.053125 0.10416666666666667
1 0.44140625 0.5322916666666667 0.0078125 0.00625
1 0.646875 0.34375 0.009375 0.008333333333333333
3 0.5484375 0.328125 0.025 0.035416666666666666
1 0.5234375 0.19166666666666668 0.0125 0.020833333333333332
1 0.54296875 0.18645833333333334 0.0140625 0.014583333333333334
1 0.521875 0.084375 0.021875 0.01875
1 0.52421875 0.058333333333333334 0.0109375 0.008333333333333333
1 0.378125 0.253125 0.0125 0.01875
1 0.353125 0.25104166666666666 0.0125 0.022916666666666665
1 0.37265625 0.225 0.0140625 0.016666666666666666
1 0.35390625 0.225 0.0109375 0.016666666666666666
1 0.3359375 0.22604166666666667 0.0125 0.022916666666666665
1 0.31640625 0.23229166666666667 0.0140625 0.01875
1 0.315625 0.25416666666666665 0.015625 0.029166666666666667
1 0.29921875 0.23333333333333334 0.0171875 0.020833333333333332
1 0.27421875 0.23020833333333332 0.0140625 0.014583333333333334
1 0.3828125 0.18854166666666666 0.0125 0.01875
1 0.3671875 0.19270833333333334 0.0125 0.01875
1 0.3296875 0.18958333333333333 0.0125 0.016666666666666666
1 0.3125 0.196875 0.015625 0.03125
1 0.29609375 0.175 0.0234375 0.025
1 0.4859375 0.07604166666666666 0.01875 0.014583333333333334
1 0.7375 0.7416666666666667 0.015625 0.008333333333333333
1 0.69609375 0.675 0.0265625 0.029166666666666667
1 0.64296875 0.5020833333333333 0.0140625 0.016666666666666666
1 0.52265625 0.196875 0.0140625 0.027083333333333334
