
1 0.37109375 0.9760416666666667 0.0609375 0.04791666666666667
1 0.44140625 0.9270833333333334 0.0515625 0.041666666666666664
1 0.23046875 0.9927083333333333 0.0453125 0.014583333333333334
1 0.30859375 0.9583333333333334 0.0640625 0.05
1 0.3953125 0.9125 0.05625 0.05
1 0.159375 0.9854166666666667 0.06875 0.029166666666666667
1 0.24609375 0.946875 0.0609375 0.04375
1 0.3234375 0.9010416666666666 0.05 0.03958333333333333
1 0.39609375 0.8614583333333333 0.0546875 0.03958333333333333
1 0.109375 0.9770833333333333 0.065625 0.04583333333333333
1 0.18984375 0.928125 0.0640625 0.04791666666666667
1 0.2796875 0.8854166666666666 0.071875 0.05
1 0.359375 0.8416666666666667 0.053125 0.041666666666666664

1 0.19296875 0.928125 0.0328125 0.01875

1 0.20234375 0.7125 0.0484375 0.041666666666666664

1 0.43046875 0.553125 0.0296875 0.03958333333333333
1 0.153125 0.7739583333333333 0.021875 0.08541666666666667
1 0.74609375 0.778125 0.0296875 0.06041666666666667


1 0.82421875 0.7864583333333334 0.0390625 0.03958333333333333

5 0.12265625 0.7010416666666667 0.0234375 0.01875
5 0.65 0.9895833333333334 0.01875 0.020833333333333332
4 0.40703125 0.6625 0.0078125 0.016666666666666666
4 0.40859375 0.6604166666666667 0.0046875 0.0125
5 0.4890625 0.6885416666666667 0.13125 0.2520833333333333
5 0.65234375 0.9885416666666667 0.0203125 0.022916666666666665
4 0.55078125 0.8 0.0140625 0.020833333333333332
4 0.35078125 0.5125 0.0078125 0.020833333333333332
4 0.3515625 0.5083333333333333 0.0125 0.0125
5 0.634375 0.8697916666666666 0.009375 0.022916666666666665
1 0.5921875 0.3854166666666667 0.01875 0.0125
5 0.55078125 0.43020833333333336 0.0140625 0.010416666666666666
5 0.58828125 0.48333333333333334 0.0171875 0.0125

5 0.70625 0.703125 0.015625 0.01875
5 0.6796875 0.8572916666666667 0.009375 0.014583333333333334
5 0.75234375 0.796875 0.0171875 0.022916666666666665
5 0.7125 0.9 0.01875 0.041666666666666664
5 0.71328125 0.8760416666666667 0.0109375 0.010416666666666666
5 0.934375 0.5677083333333334 0.00625 0.00625
5 0.94453125 0.5739583333333333 0.0109375 0.014583333333333334
5 0.71015625 0.44166666666666665 0.0140625 0.0125
5 0.67890625 0.85625 0.0078125 0.008333333333333333
5 0.43125 0.5645833333333333 0.025 0.041666666666666664
5 0.5890625 0.5020833333333333 0.021875 0.041666666666666664
5 0.4296875 0.5520833333333334 0.021875 0.03333333333333333
1 0.55234375 0.353125 0.0359375 0.07708333333333334
3 0.66015625 0.69375 0.0515625 0.10416666666666667
1 0.43828125 0.534375 0.0078125 0.00625
1 0.64609375 0.34375 0.0078125 0.008333333333333333
3 0.54921875 0.32916666666666666 0.0234375 0.029166666666666667
1 0.5234375 0.19479166666666667 0.0125 0.022916666666666665
1 0.54375 0.1875 0.015625 0.016666666666666666
1 0.5203125 0.084375 0.021875 0.01875
1 0.5234375 0.059375 0.009375 0.010416666666666666
1 0.378125 0.253125 0.0125 0.01875
1 0.353125 0.25 0.0125 0.020833333333333332
1 0.3734375 0.225 0.015625 0.016666666666666666
1 0.35390625 0.225 0.0109375 0.016666666666666666
1 0.33515625 0.228125 0.0140625 0.027083333333333334
1 0.31640625 0.22916666666666666 0.0140625 0.016666666666666666
1 0.31796875 0.26145833333333335 0.0171875 0.035416666666666666
1 0.29921875 0.23333333333333334 0.0171875 0.020833333333333332
1 0.2734375 0.23125 0.015625 0.016666666666666666
1 0.3828125 0.18854166666666666 0.0125 0.01875
1 0.3671875 0.19270833333333334 0.0125 0.01875
1 0.3296875 0.18958333333333333 0.0125 0.016666666666666666
1 0.3125 0.196875 0.015625 0.03125
1 0.29609375 0.175 0.0234375 0.025
1 0.48828125 0.07708333333333334 0.0203125 0.016666666666666666
1 0.740625 0.75 0.015625 0.008333333333333333
1 0.69765625 0.6802083333333333 0.0265625 0.03125
1 0.64375 0.5052083333333334 0.015625 0.01875
1 0.52265625 0.19895833333333332 0.0140625 0.027083333333333334
