
1 0.3703125 0.9760416666666667 0.059375 0.04791666666666667
1 0.44140625 0.9270833333333334 0.0515625 0.041666666666666664
1 0.23046875 0.9927083333333333 0.0453125 0.014583333333333334
1 0.30859375 0.9583333333333334 0.0640625 0.05
1 0.3953125 0.9125 0.05625 0.05
1 0.16015625 0.9864583333333333 0.0671875 0.027083333333333334
1 0.24609375 0.946875 0.0609375 0.04375
1 0.3234375 0.9010416666666666 0.05 0.03958333333333333
1 0.39609375 0.8614583333333333 0.0546875 0.03958333333333333
1 0.109375 0.9770833333333333 0.065625 0.04583333333333333
1 0.18984375 0.928125 0.0640625 0.04791666666666667
1 0.2796875 0.8854166666666666 0.071875 0.05
1 0.359375 0.8416666666666667 0.053125 0.041666666666666664

1 0.184375 0.9333333333333333 0.053125 0.0375

1 0.19296875 0.7208333333333333 0.0484375 0.041666666666666664
1 0.42421875 0.5510416666666667 0.0171875 0.014583333333333334
1 0.425 0.5552083333333333 0.03125 0.035416666666666666
1 0.17734375 0.7333333333333333 0.0015625 0.004166666666666667
1 0.75 0.79375 0.03125 0.0625


1 0.81875 0.7916666666666666 0.046875 0.04583333333333333

5 0.13125 0.6958333333333333 0.021875 0.020833333333333332
5 0.65625 0.99375 0.015625 0.0125
4 0.40703125 0.6635416666666667 0.0078125 0.014583333333333334
4 0.40625 0.6645833333333333 0.00625 0.0125
5 0.48515625 0.69375 0.1390625 0.24583333333333332
5 0.65703125 0.99375 0.0203125 0.0125
4 0.553125 0.8010416666666667 0.0125 0.022916666666666665
4 0.3515625 0.5114583333333333 0.009375 0.01875
4 0.3515625 0.5072916666666667 0.0125 0.014583333333333334
5 0.63671875 0.8791666666666667 0.0140625 0.020833333333333332
1 0.55703125 0.3572916666666667 0.0328125 0.07291666666666667
5 0.55078125 0.43020833333333336 0.0140625 0.010416666666666666
5 0.590625 0.4895833333333333 0.01875 0.016666666666666666

5 0.71015625 0.7145833333333333 0.0171875 0.016666666666666666
5 0.68046875 0.8645833333333334 0.0078125 0.016666666666666666
5 0.75625 0.809375 0.021875 0.03125
5 0.70703125 0.9041666666666667 0.0296875 0.03333333333333333
5 0.715625 0.8895833333333333 0.0125 0.020833333333333332
5 0.9390625 0.5697916666666667 0.00625 0.00625
5 0.95 0.575 0.009375 0.0125
5 0.71328125 0.4427083333333333 0.0109375 0.010416666666666666
5 0.68046875 0.8645833333333334 0.0078125 0.0125
5 0.41953125 0.5729166666666666 0.0171875 0.025
5 0.5890625 0.5166666666666667 0.021875 0.058333333333333334
5 0.4265625 0.553125 0.021875 0.027083333333333334
1 0.553125 0.3572916666666667 0.034375 0.07291666666666667
3 0.66171875 0.7020833333333333 0.0546875 0.10833333333333334
1 0.42578125 0.5489583333333333 0.0140625 0.01875
1 0.64921875 0.34791666666666665 0.0078125 0.0125
3 0.54921875 0.33125 0.0234375 0.025
1 0.5234375 0.19583333333333333 0.0125 0.025
1 0.54453125 0.18958333333333333 0.0140625 0.016666666666666666
1 0.51953125 0.084375 0.0203125 0.01875
1 0.52265625 0.06041666666666667 0.0109375 0.0125
1 0.378125 0.253125 0.0125 0.01875
1 0.353125 0.25104166666666666 0.0125 0.022916666666666665
1 0.3734375 0.225 0.0125 0.016666666666666666
1 0.35390625 0.225 0.0109375 0.016666666666666666
1 0.33515625 0.228125 0.0140625 0.027083333333333334
1 0.31640625 0.22916666666666666 0.0140625 0.016666666666666666
1 0.31796875 0.2625 0.0171875 0.03333333333333333
1 0.2984375 0.234375 0.015625 0.022916666666666665
1 0.2734375 0.23125 0.015625 0.016666666666666666
1 0.3828125 0.18854166666666666 0.0125 0.01875
1 0.36640625 0.19270833333333334 0.0140625 0.01875
1 0.3296875 0.18958333333333333 0.0125 0.016666666666666666
1 0.3125 0.196875 0.015625 0.03125
1 0.296875 0.175 0.021875 0.025
1 0.48671875 0.08020833333333334 0.0234375 0.01875
1 0.74375 0.7625 0.01875 0.008333333333333333
1 0.70078125 0.6927083333333334 0.0265625 0.03125
1 0.6453125 0.5104166666666666 0.015625 0.016666666666666666
1 0.5234375 0.19166666666666668 0.0125 0.020833333333333332
