
1 0.37109375 0.9760416666666667 0.0609375 0.04791666666666667
1 0.44140625 0.9270833333333334 0.0515625 0.041666666666666664
1 0.23046875 0.9927083333333333 0.0453125 0.014583333333333334
1 0.30859375 0.9583333333333334 0.0640625 0.05
1 0.3953125 0.9125 0.05625 0.05
1 0.159375 0.9854166666666667 0.06875 0.029166666666666667
1 0.24609375 0.946875 0.0609375 0.04375
1 0.3234375 0.9010416666666666 0.05 0.03958333333333333
1 0.39609375 0.8614583333333333 0.0546875 0.03958333333333333
1 0.10859375 0.9770833333333333 0.0671875 0.04583333333333333
1 0.18984375 0.928125 0.0640625 0.04791666666666667
1 0.2796875 0.8854166666666666 0.071875 0.05
1 0.35859375 0.8416666666666667 0.0546875 0.041666666666666664

1 0.1890625 0.9302083333333333 0.05625 0.04375

1 0.18203125 0.7239583333333334 0.0546875 0.04791666666666667
1 0.4203125 0.5583333333333333 0.025 0.029166666666666667
1 0.4171875 0.5572916666666666 0.025 0.035416666666666666
1 0.14453125 0.7947916666666667 0.0296875 0.06458333333333334
1 0.7515625 0.8 0.034375 0.058333333333333334


1 0.81953125 0.7895833333333333 0.0484375 0.04583333333333333

5 0.1375 0.6927083333333334 0.021875 0.01875
5 0.65859375 0.9958333333333333 0.0140625 0.008333333333333333
4 0.40625 0.665625 0.009375 0.01875
4 0.409375 0.6625 0.00625 0.0125
5 0.4828125 0.6916666666666667 0.15 0.25416666666666665
5 0.659375 0.9958333333333333 0.01875 0.008333333333333333
4 0.553125 0.8041666666666667 0.009375 0.020833333333333332
4 0.3515625 0.5104166666666666 0.009375 0.016666666666666666
4 0.3515625 0.5072916666666667 0.0125 0.014583333333333334
5 0.64140625 0.875 0.0109375 0.008333333333333333
1 0.55546875 0.3625 0.0296875 0.07916666666666666
5 0.55078125 0.43020833333333336 0.0140625 0.010416666666666666
5 0.59296875 0.49375 0.0171875 0.0125

5 0.71328125 0.7208333333333333 0.0171875 0.016666666666666666
5 0.68203125 0.8708333333333333 0.0078125 0.0125
5 0.75859375 0.8197916666666667 0.0203125 0.027083333333333334
5 0.70234375 0.9083333333333333 0.0265625 0.041666666666666664
5 0.7171875 0.8958333333333334 0.0125 0.016666666666666666
5 0.9421875 0.5729166666666666 0.00625 0.008333333333333333
5 0.9546875 0.5802083333333333 0.009375 0.014583333333333334
5 0.71640625 0.44375 0.0109375 0.0125
5 0.68203125 0.8708333333333333 0.0078125 0.008333333333333333
5 0.41796875 0.5708333333333333 0.0140625 0.020833333333333332
5 0.58984375 0.51875 0.0234375 0.04583333333333333
5 0.41875 0.5583333333333333 0.021875 0.029166666666666667
1 0.553125 0.359375 0.034375 0.07708333333333334
3 0.6640625 0.70625 0.053125 0.10833333333333334
1 0.428125 0.5458333333333333 0.0125 0.008333333333333333
1 0.65 0.3489583333333333 0.009375 0.014583333333333334
3 0.55 0.3333333333333333 0.021875 0.020833333333333332
1 0.53828125 0.19270833333333334 0.0078125 0.00625
1 0.54453125 0.19166666666666668 0.0140625 0.016666666666666666
1 0.52109375 0.08541666666666667 0.0234375 0.020833333333333332
1 0.5234375 0.058333333333333334 0.009375 0.0125
1 0.378125 0.253125 0.0125 0.01875
1 0.353125 0.25 0.0125 0.020833333333333332
1 0.3734375 0.225 0.0125 0.016666666666666666
1 0.35390625 0.225 0.0109375 0.016666666666666666
1 0.33515625 0.228125 0.0140625 0.027083333333333334
1 0.31640625 0.22916666666666666 0.0140625 0.016666666666666666
1 0.31796875 0.2625 0.0171875 0.03333333333333333
1 0.2984375 0.234375 0.015625 0.022916666666666665
1 0.27578125 0.228125 0.0140625 0.014583333333333334
1 0.3828125 0.18854166666666666 0.0125 0.01875
1 0.3671875 0.19270833333333334 0.0125 0.01875
1 0.3296875 0.18958333333333333 0.0125 0.016666666666666666
1 0.3125 0.196875 0.015625 0.03125
1 0.29609375 0.175 0.0234375 0.025
1 0.4890625 0.078125 0.01875 0.014583333333333334
1 0.7453125 0.7697916666666667 0.015625 0.00625
1 0.70234375 0.696875 0.0265625 0.03125
1 0.6484375 0.5166666666666667 0.015625 0.016666666666666666
1 0.5234375 0.19166666666666668 0.0125 0.020833333333333332
