
1 0.3703125 0.9760416666666667 0.059375 0.04791666666666667
1 0.44140625 0.9270833333333334 0.0515625 0.041666666666666664
1 0.23046875 0.9927083333333333 0.0453125 0.014583333333333334
1 0.30859375 0.9583333333333334 0.0640625 0.05
1 0.3953125 0.9125 0.05625 0.05
1 0.16015625 0.9854166666666667 0.0671875 0.029166666666666667
1 0.24609375 0.946875 0.0609375 0.04375
1 0.3234375 0.9010416666666666 0.05 0.03958333333333333
1 0.39609375 0.8614583333333333 0.0546875 0.03958333333333333
1 0.10859375 0.9770833333333333 0.0671875 0.04583333333333333
1 0.18984375 0.928125 0.0640625 0.04791666666666667
1 0.2796875 0.8854166666666666 0.071875 0.05
1 0.36015625 0.8416666666666667 0.0546875 0.041666666666666664

1 0.184375 0.93125 0.053125 0.041666666666666664

1 0.16796875 0.7302083333333333 0.0546875 0.04375
1 0.415625 0.5625 0.025 0.029166666666666667
1 0.4140625 0.5625 0.028125 0.03333333333333333
1 0.15390625 0.7479166666666667 0.0015625 0.004166666666666667
1 0.75390625 0.8145833333333333 0.0359375 0.058333333333333334


1 0.81875 0.790625 0.05 0.04791666666666667

5 0.14375 0.6895833333333333 0.021875 0.020833333333333332
5 0.67109375 0.9729166666666667 0.0203125 0.029166666666666667
4 0.4078125 0.665625 0.009375 0.022916666666666665
4 0.40625 0.665625 0.00625 0.01875
5 0.478125 0.7 0.153125 0.2625
5 0.6828125 0.96875 0.0125 0.029166666666666667
4 0.47421875 0.6739583333333333 0.1578125 0.27708333333333335
4 0.3515625 0.5125 0.009375 0.020833333333333332
4 0.3515625 0.5104166666666666 0.0125 0.016666666666666666
5 0.6421875 0.8854166666666666 0.009375 0.0125
1 0.55859375 0.36666666666666664 0.0359375 0.07083333333333333
5 0.55078125 0.43020833333333336 0.0140625 0.010416666666666666
5 0.59453125 0.5 0.0171875 0.0125

5 0.71953125 0.73125 0.0109375 0.020833333333333332
5 0.6859375 0.8791666666666667 0.009375 0.0125
5 0.76171875 0.8333333333333334 0.0203125 0.025
5 0.7140625 0.9239583333333333 0.021875 0.027083333333333334
5 0.7203125 0.9052083333333333 0.0125 0.022916666666666665
5 0.94609375 0.5739583333333333 0.0046875 0.00625
5 0.95703125 0.58125 0.0078125 0.016666666666666666
5 0.71953125 0.446875 0.0109375 0.010416666666666666
5 0.6828125 0.8875 0.009375 0.020833333333333332
5 0.4140625 0.5729166666666666 0.028125 0.041666666666666664
5 0.58984375 0.5291666666666667 0.0234375 0.058333333333333334
5 0.41328125 0.5645833333333333 0.0234375 0.03333333333333333
1 0.55546875 0.36875 0.0359375 0.07916666666666666
3 0.665625 0.7145833333333333 0.053125 0.10833333333333334
1 0.415625 0.559375 0.0125 0.022916666666666665
1 0.65078125 0.35208333333333336 0.0078125 0.0125
3 0.5515625 0.34375 0.025 0.029166666666666667
1 0.54140625 0.19791666666666666 0.0078125 0.0125
1 0.5453125 0.19375 0.0125 0.016666666666666666
1 0.521875 0.08541666666666667 0.025 0.020833333333333332
1 0.5234375 0.059375 0.009375 0.010416666666666666
1 0.378125 0.253125 0.0125 0.01875
1 0.353125 0.25 0.0125 0.020833333333333332
1 0.3734375 0.225 0.0125 0.016666666666666666
1 0.35390625 0.225 0.0109375 0.016666666666666666
1 0.33515625 0.228125 0.0140625 0.027083333333333334
1 0.31640625 0.22916666666666666 0.0140625 0.016666666666666666
1 0.31796875 0.2625 0.0171875 0.03333333333333333
1 0.2984375 0.234375 0.015625 0.022916666666666665
1 0.2734375 0.23020833333333332 0.015625 0.014583333333333334
1 0.3828125 0.18854166666666666 0.0125 0.01875
1 0.3671875 0.19270833333333334 0.0125 0.01875
1 0.3296875 0.18958333333333333 0.0125 0.016666666666666666
1 0.3125 0.196875 0.015625 0.03125
1 0.296875 0.175 0.021875 0.025
1 0.4890625 0.078125 0.01875 0.014583333333333334
1 0.75 0.7833333333333333 0.015625 0.008333333333333333
1 0.71015625 0.7083333333333334 0.0203125 0.029166666666666667
1 0.64921875 0.5208333333333334 0.0171875 0.016666666666666666
1 0.52421875 0.19270833333333334 0.0109375 0.01875
