
1 0.3703125 0.9760416666666667 0.059375 0.04791666666666667
1 0.44140625 0.9270833333333334 0.0515625 0.041666666666666664
1 0.23046875 0.9927083333333333 0.0453125 0.014583333333333334
1 0.30859375 0.9583333333333334 0.0640625 0.05
1 0.3953125 0.9125 0.05625 0.05
1 0.16015625 0.9854166666666667 0.0671875 0.029166666666666667
1 0.24609375 0.946875 0.0609375 0.04375
1 0.3234375 0.9010416666666666 0.05 0.03958333333333333
1 0.39609375 0.8614583333333333 0.0546875 0.03958333333333333
1 0.10859375 0.9770833333333333 0.0671875 0.04583333333333333
1 0.18984375 0.928125 0.0640625 0.04791666666666667
1 0.2796875 0.8854166666666666 0.071875 0.05
1 0.359375 0.8416666666666667 0.053125 0.041666666666666664

1 0.1859375 0.9333333333333333 0.05 0.0375

1 0.1546875 0.7375 0.05 0.04583333333333333
1 0.41015625 0.5635416666666667 0.0296875 0.03125
1 0.41015625 0.565625 0.0296875 0.03125
1 0.1328125 0.809375 0.0125 0.03125
1 0.75625 0.8239583333333333 0.034375 0.06041666666666667


1 0.81953125 0.7895833333333333 0.0484375 0.04583333333333333

5 0.15 0.6864583333333333 0.021875 0.01875
5 0.6703125 0.96875 0.01875 0.0375
4 0.41171875 0.6614583333333334 0.0109375 0.027083333333333334
4 0.40703125 0.66875 0.0078125 0.020833333333333332
5 0.4 0.5802083333333333 0.0125 0.01875
5 0.67890625 0.9760416666666667 0.0203125 0.03125
4 0.478125 0.6791666666666667 0.165625 0.2708333333333333
4 0.3515625 0.5125 0.009375 0.020833333333333332
4 0.3515625 0.5114583333333333 0.0125 0.014583333333333334
5 0.64453125 0.8895833333333333 0.0109375 0.0125
1 0.5546875 0.37083333333333335 0.034375 0.075
5 0.55078125 0.43020833333333336 0.0140625 0.010416666666666666
5 0.596875 0.5041666666666667 0.015625 0.0125

5 0.7203125 0.7385416666666667 0.0125 0.01875
5 0.68671875 0.884375 0.0078125 0.010416666666666666
5 0.76953125 0.8385416666666666 0.0140625 0.027083333333333334
5 0.7140625 0.9197916666666667 0.021875 0.03125
5 0.7203125 0.9135416666666667 0.0125 0.022916666666666665
5 0.9484375 0.5739583333333333 0.00625 0.00625
5 0.95859375 0.58125 0.0078125 0.016666666666666666
5 0.72265625 0.4479166666666667 0.0109375 0.008333333333333333
5 0.6859375 0.8854166666666666 0.009375 0.008333333333333333
5 0.40859375 0.5822916666666667 0.0328125 0.04375
5 0.58984375 0.5333333333333333 0.0234375 0.05
5 0.4046875 0.5677083333333334 0.01875 0.03125
1 0.55546875 0.36770833333333336 0.0359375 0.06875
3 0.66953125 0.7229166666666667 0.0484375 0.10833333333333334
1 0.40703125 0.5625 0.0140625 0.020833333333333332
1 0.65078125 0.35104166666666664 0.0078125 0.014583333333333334
3 0.553125 0.3458333333333333 0.025 0.029166666666666667
1 0.5421875 0.19895833333333332 0.009375 0.014583333333333334
1 0.5453125 0.19583333333333333 0.015625 0.016666666666666666
1 0.521875 0.08541666666666667 0.025 0.020833333333333332
1 0.5234375 0.059375 0.009375 0.010416666666666666
1 0.378125 0.253125 0.0125 0.01875
1 0.353125 0.25 0.0125 0.020833333333333332
1 0.3734375 0.225 0.0125 0.016666666666666666
1 0.3546875 0.225 0.0125 0.016666666666666666
1 0.33515625 0.22916666666666666 0.0140625 0.025
1 0.31640625 0.22916666666666666 0.0140625 0.016666666666666666
1 0.3171875 0.2635416666666667 0.01875 0.035416666666666666
1 0.2984375 0.234375 0.015625 0.022916666666666665
1 0.2734375 0.23020833333333332 0.015625 0.014583333333333334
1 0.3828125 0.18854166666666666 0.0125 0.01875
1 0.3671875 0.19270833333333334 0.0125 0.01875
1 0.3296875 0.18958333333333333 0.0125 0.016666666666666666
1 0.3125 0.196875 0.015625 0.03125
1 0.29609375 0.175 0.0234375 0.025
1 0.4890625 0.078125 0.01875 0.014583333333333334
1 0.753125 0.7958333333333333 0.021875 0.0125
1 0.70859375 0.7145833333333333 0.0265625 0.03333333333333333
1 0.65078125 0.5270833333333333 0.0171875 0.016666666666666666
1 0.52421875 0.19479166666666667 0.0109375 0.01875
