
1 0.3703125 0.9760416666666667 0.059375 0.04791666666666667
1 0.44140625 0.9270833333333334 0.0515625 0.041666666666666664
1 0.23046875 0.9927083333333333 0.0453125 0.014583333333333334
1 0.30859375 0.9583333333333334 0.0640625 0.05
1 0.3953125 0.9125 0.05625 0.05
1 0.159375 0.9854166666666667 0.06875 0.029166666666666667
1 0.24609375 0.946875 0.0609375 0.04375
1 0.32265625 0.9010416666666666 0.0484375 0.03958333333333333
1 0.39609375 0.8614583333333333 0.0546875 0.03958333333333333
1 0.109375 0.9770833333333333 0.065625 0.04583333333333333
1 0.1890625 0.928125 0.0625 0.04791666666666667
1 0.2796875 0.8854166666666666 0.071875 0.05
1 0.359375 0.8416666666666667 0.05625 0.041666666666666664

1 0.16953125 0.84375 0.0828125 0.21666666666666667

1 0.13984375 0.7458333333333333 0.0515625 0.04583333333333333
1 0.4046875 0.5697916666666667 0.03125 0.03125
1 0.40234375 0.571875 0.0296875 0.035416666666666666
1 0.11875 0.8083333333333333 0.040625 0.0375
1 0.7609375 0.8354166666666667 0.034375 0.06666666666666667


1 0.82421875 0.7854166666666667 0.0390625 0.0375

5 0.1546875 0.684375 0.021875 0.022916666666666665
5 0.6734375 0.9802083333333333 0.025 0.03958333333333333
4 0.4078125 0.665625 0.009375 0.027083333333333334
4 0.4109375 0.6635416666666667 0.009375 0.022916666666666665
5 0.39453125 0.584375 0.0140625 0.01875
5 0.690625 0.9833333333333333 0.0125 0.020833333333333332
4 0.3890625 0.5333333333333333 0.015625 0.025
4 0.35 0.5114583333333333 0.009375 0.01875
4 0.35078125 0.5114583333333333 0.0109375 0.014583333333333334
5 0.646875 0.9010416666666666 0.009375 0.014583333333333334
1 0.5578125 0.3770833333333333 0.034375 0.07916666666666666
5 0.54921875 0.43333333333333335 0.0140625 0.0125
5 0.5984375 0.5114583333333333 0.01875 0.010416666666666666

5 0.72265625 0.75 0.0140625 0.016666666666666666
5 0.68984375 0.896875 0.0078125 0.014583333333333334
5 0.7703125 0.8520833333333333 0.015625 0.025
5 0.71328125 0.9354166666666667 0.0265625 0.03333333333333333
5 0.72421875 0.9166666666666666 0.0109375 0.016666666666666666
5 0.9515625 0.5802083333333333 0.00625 0.010416666666666666
5 0.9625 0.5833333333333334 0.009375 0.016666666666666666
5 0.72734375 0.4479166666666667 0.0109375 0.008333333333333333
5 0.6890625 0.8989583333333333 0.009375 0.014583333333333334
5 0.4015625 0.5895833333333333 0.021875 0.029166666666666667
5 0.5859375 0.5416666666666666 0.028125 0.05
5 0.40078125 0.5729166666666666 0.0265625 0.03333333333333333
1 0.5359375 0.265625 0.01875 0.027083333333333334
3 0.67421875 0.74375 0.0453125 0.0875
1 0.40390625 0.5666666666666667 0.0171875 0.016666666666666666
1 0.65390625 0.35104166666666664 0.0078125 0.010416666666666666
3 0.55234375 0.3489583333333333 0.0234375 0.022916666666666665
1 0.54453125 0.19895833333333332 0.0109375 0.014583333333333334
1 0.54609375 0.19791666666666666 0.0140625 0.016666666666666666
1 0.52265625 0.084375 0.0234375 0.022916666666666665
1 0.5234375 0.059375 0.009375 0.010416666666666666
1 0.37734375 0.253125 0.0140625 0.01875
1 0.353125 0.24895833333333334 0.0125 0.022916666666666665
1 0.3734375 0.225 0.0125 0.016666666666666666
1 0.3546875 0.225 0.0125 0.016666666666666666
1 0.334375 0.228125 0.015625 0.027083333333333334
1 0.31640625 0.22916666666666666 0.0140625 0.016666666666666666
1 0.31796875 0.2635416666666667 0.0171875 0.035416666666666666
1 0.29921875 0.23333333333333334 0.0171875 0.020833333333333332
1 0.2734375 0.23125 0.015625 0.016666666666666666
1 0.3828125 0.18854166666666666 0.0125 0.01875
1 0.3671875 0.19270833333333334 0.0125 0.01875
1 0.32890625 0.18958333333333333 0.0140625 0.016666666666666666
1 0.3125 0.196875 0.015625 0.03125
1 0.29609375 0.175 0.0234375 0.025
1 0.4890625 0.07708333333333334 0.01875 0.016666666666666666
1 0.75546875 0.8041666666666667 0.0171875 0.008333333333333333
1 0.7125 0.7260416666666667 0.028125 0.035416666666666666
1 0.65234375 0.5333333333333333 0.0171875 0.016666666666666666
1 0.525 0.19583333333333333 0.0125 0.016666666666666666
