
1 0.3703125 0.9760416666666667 0.059375 0.04791666666666667
1 0.44140625 0.9270833333333334 0.0515625 0.041666666666666664
1 0.2296875 0.9927083333333333 0.04375 0.014583333333333334
1 0.30859375 0.9583333333333334 0.0640625 0.05
1 0.39453125 0.9125 0.0546875 0.05
1 0.159375 0.9854166666666667 0.06875 0.029166666666666667
1 0.24609375 0.946875 0.0609375 0.04375
1 0.32265625 0.9010416666666666 0.0484375 0.03958333333333333
1 0.39609375 0.8614583333333333 0.0546875 0.03958333333333333
1 0.10859375 0.9770833333333333 0.0671875 0.04583333333333333
1 0.1890625 0.928125 0.0625 0.04791666666666667
1 0.2796875 0.8854166666666666 0.071875 0.05
1 0.36015625 0.8416666666666667 0.0546875 0.041666666666666664

1 0.16875 0.8458333333333333 0.084375 0.2125

1 0.1328125 0.7489583333333333 0.059375 0.04791666666666667
1 0.40078125 0.5739583333333333 0.0328125 0.03125
1 0.4 0.5739583333333333 0.03125 0.035416666666666666
1 0.1171875 0.809375 0.0375 0.03125
1 0.76328125 0.8489583333333334 0.0328125 0.06458333333333334


1 0.82421875 0.7854166666666667 0.0359375 0.0375

5 0.16015625 0.678125 0.0203125 0.01875
5 0.67265625 0.98125 0.0265625 0.0375
4 0.4078125 0.6666666666666666 0.009375 0.025
4 0.409375 0.6614583333333334 0.009375 0.01875
5 0.38828125 0.5885416666666666 0.0171875 0.01875
5 0.69375 0.9864583333333333 0.009375 0.01875
4 0.38359375 0.53125 0.0140625 0.020833333333333332
4 0.35 0.5114583333333333 0.009375 0.01875
4 0.35078125 0.5114583333333333 0.0109375 0.014583333333333334
5 0.6484375 0.90625 0.009375 0.0125
1 0.55703125 0.375 0.0328125 0.07083333333333333
5 0.55 0.43333333333333335 0.0125 0.0125
5 0.6 0.5166666666666667 0.01875 0.0125

5 0.72265625 0.7541666666666667 0.0140625 0.0125
5 0.68984375 0.9010416666666666 0.0078125 0.010416666666666666
5 0.771875 0.865625 0.01875 0.03125
5 0.71171875 0.9416666666666667 0.0296875 0.04583333333333333
5 0.7234375 0.9302083333333333 0.0125 0.022916666666666665
5 0.95625 0.5791666666666667 0.00625 0.008333333333333333
5 0.96640625 0.5864583333333333 0.0109375 0.01875
5 0.73125 0.45 0.009375 0.008333333333333333
5 0.68671875 0.90625 0.0109375 0.016666666666666666

5 0.57578125 0.4822916666666667 0.0484375 0.18958333333333333
5 0.39765625 0.5760416666666667 0.0296875 0.03125
1 0.5359375 0.26875 0.01875 0.029166666666666667
3 0.6671875 0.73125 0.05 0.10833333333333334
1 0.39296875 0.5708333333333333 0.0140625 0.020833333333333332
1 0.65078125 0.35208333333333336 0.0109375 0.016666666666666666
3 0.55546875 0.3572916666666667 0.0265625 0.035416666666666666
1 0.53515625 0.20729166666666668 0.0046875 0.00625
1 0.54609375 0.19895833333333332 0.0140625 0.01875
1 0.52265625 0.084375 0.0265625 0.022916666666666665
1 0.5234375 0.059375 0.009375 0.010416666666666666
1 0.378125 0.253125 0.0125 0.01875
1 0.353125 0.24895833333333334 0.0125 0.022916666666666665
1 0.3734375 0.225 0.0125 0.016666666666666666
1 0.3546875 0.225 0.0125 0.016666666666666666
1 0.334375 0.22916666666666666 0.015625 0.029166666666666667
1 0.31640625 0.22916666666666666 0.0140625 0.016666666666666666
1 0.31796875 0.2635416666666667 0.0171875 0.035416666666666666
1 0.29921875 0.23333333333333334 0.0171875 0.020833333333333332
1 0.2734375 0.23125 0.015625 0.016666666666666666
1 0.3828125 0.18854166666666666 0.0125 0.01875
1 0.36640625 0.19270833333333334 0.0140625 0.01875
1 0.3296875 0.18958333333333333 0.0125 0.016666666666666666
1 0.3125 0.196875 0.015625 0.03125
1 0.29609375 0.175 0.0234375 0.025
1 0.4890625 0.07708333333333334 0.01875 0.016666666666666666
1 0.7578125 0.815625 0.01875 0.010416666666666666
1 0.7140625 0.7302083333333333 0.025 0.035416666666666666
1 0.6515625 0.5364583333333334 0.01875 0.01875
1 0.52421875 0.196875 0.0140625 0.014583333333333334
