
1 0.3703125 0.9760416666666667 0.059375 0.04791666666666667
1 0.440625 0.9270833333333334 0.053125 0.041666666666666664
1 0.2296875 0.9927083333333333 0.04375 0.014583333333333334
1 0.30859375 0.9583333333333334 0.0640625 0.05
1 0.39453125 0.9125 0.0546875 0.05
1 0.159375 0.9854166666666667 0.06875 0.029166666666666667
1 0.24609375 0.946875 0.0609375 0.04375
1 0.32265625 0.9010416666666666 0.0484375 0.03958333333333333
1 0.3953125 0.8614583333333333 0.05625 0.03958333333333333
1 0.109375 0.9770833333333333 0.065625 0.04583333333333333
1 0.1890625 0.928125 0.0625 0.04791666666666667
1 0.2796875 0.8854166666666666 0.071875 0.05
1 0.359375 0.8416666666666667 0.05625 0.041666666666666664

1 0.16171875 0.8520833333333333 0.0984375 0.2

1 0.11875 0.759375 0.05625 0.04375
1 0.39453125 0.578125 0.0359375 0.035416666666666666
1 0.3921875 0.578125 0.034375 0.035416666666666666
1 0.13125 0.8239583333333333 0.009375 0.00625
1 0.76796875 0.859375 0.0359375 0.06875


1 0.8234375 0.784375 0.0375 0.035416666666666666

5 0.1671875 0.6770833333333334 0.021875 0.020833333333333332
5 0.68046875 0.9864583333333333 0.0140625 0.027083333333333334
4 0.40859375 0.6697916666666667 0.0109375 0.027083333333333334
4 0.4078125 0.66875 0.009375 0.020833333333333332
5 0.38359375 0.5947916666666667 0.0140625 0.014583333333333334
5 0.6859375 0.990625 0.01875 0.01875
4 0.390625 0.5364583333333334 0.0125 0.01875
4 0.35 0.5114583333333333 0.009375 0.01875
4 0.35078125 0.5114583333333333 0.0109375 0.014583333333333334
5 0.65078125 0.9166666666666666 0.0109375 0.0125
1 0.55625 0.3729166666666667 0.028125 0.05
5 0.54921875 0.43333333333333335 0.0109375 0.0125
5 0.6015625 0.5229166666666667 0.01875 0.0125

5 0.72890625 0.7677083333333333 0.0171875 0.014583333333333334
5 0.69140625 0.9125 0.0078125 0.016666666666666666
5 0.775 0.8822916666666667 0.021875 0.03125
5 0.71171875 0.9447916666666667 0.0296875 0.04375
5 0.7265625 0.934375 0.0125 0.01875
5 0.959375 0.584375 0.00625 0.010416666666666666
5 0.9703125 0.5927083333333333 0.009375 0.014583333333333334
5 0.734375 0.453125 0.009375 0.010416666666666666
5 0.69140625 0.9135416666666667 0.0078125 0.014583333333333334
5 0.55859375 0.3729166666666667 0.0296875 0.041666666666666664
5 0.58671875 0.553125 0.0296875 0.05625
5 0.38828125 0.5802083333333333 0.0234375 0.03125
1 0.53671875 0.275 0.0171875 0.03333333333333333
3 0.66875 0.7375 0.05 0.10833333333333334
1 0.38671875 0.5791666666666667 0.0140625 0.020833333333333332
1 0.65546875 0.35208333333333336 0.0078125 0.0125
3 0.55546875 0.36354166666666665 0.0265625 0.03125
1 0.54609375 0.20208333333333334 0.0140625 0.016666666666666666
1 0.546875 0.2 0.015625 0.016666666666666666
1 0.5234375 0.084375 0.028125 0.022916666666666665
1 0.52265625 0.058333333333333334 0.0109375 0.0125
1 0.37734375 0.253125 0.0140625 0.01875
1 0.353125 0.24895833333333334 0.0125 0.022916666666666665
1 0.3734375 0.225 0.0125 0.016666666666666666
1 0.35390625 0.225 0.0109375 0.016666666666666666
1 0.33515625 0.22916666666666666 0.0140625 0.029166666666666667
1 0.31640625 0.23229166666666667 0.0140625 0.01875
1 0.3171875 0.2635416666666667 0.01875 0.035416666666666666
1 0.29921875 0.23333333333333334 0.0171875 0.020833333333333332
1 0.2734375 0.23125 0.015625 0.016666666666666666
1 0.3828125 0.18854166666666666 0.0125 0.01875
1 0.36640625 0.19270833333333334 0.0140625 0.01875
1 0.3296875 0.18958333333333333 0.0125 0.016666666666666666
1 0.3125 0.196875 0.015625 0.03125
1 0.29609375 0.175 0.0234375 0.025
1 0.4890625 0.07708333333333334 0.01875 0.016666666666666666
1 0.7609375 0.828125 0.01875 0.010416666666666666
1 0.71640625 0.7458333333333333 0.0265625 0.0375
1 0.65546875 0.5489583333333333 0.0203125 0.014583333333333334
1 0.525 0.2 0.0125 0.016666666666666666
