
1 0.3703125 0.9760416666666667 0.059375 0.04791666666666667
1 0.44140625 0.928125 0.0515625 0.03958333333333333
1 0.22890625 0.9927083333333333 0.0453125 0.014583333333333334
1 0.30859375 0.9583333333333334 0.0640625 0.05
1 0.39453125 0.9125 0.0546875 0.05
1 0.159375 0.9854166666666667 0.06875 0.029166666666666667
1 0.24609375 0.9458333333333333 0.0609375 0.04583333333333333
1 0.32265625 0.9010416666666666 0.0484375 0.03958333333333333
1 0.3953125 0.8614583333333333 0.05625 0.03958333333333333
1 0.109375 0.9770833333333333 0.065625 0.04583333333333333
1 0.1890625 0.928125 0.0625 0.04791666666666667
1 0.27890625 0.8854166666666666 0.0703125 0.05
1 0.359375 0.8416666666666667 0.05625 0.041666666666666664

1 0.14609375 0.8552083333333333 0.0953125 0.19375

1 0.10546875 0.7625 0.0546875 0.04583333333333333
1 0.38515625 0.58125 0.0328125 0.03333333333333333
1 0.3859375 0.5833333333333334 0.03125 0.03333333333333333

1 0.76953125 0.8666666666666667 0.0359375 0.06666666666666667


1 0.8203125 0.7895833333333333 0.05 0.04583333333333333

5 0.1703125 0.675 0.021875 0.020833333333333332
5 0.6796875 0.9885416666666667 0.0125 0.022916666666666665
4 0.40625 0.66875 0.0125 0.025
4 0.40703125 0.66875 0.0078125 0.020833333333333332
5 0.37421875 0.5958333333333333 0.0203125 0.020833333333333332
5 0.67734375 0.9822916666666667 0.0015625 0.0020833333333333333
4 0.3859375 0.534375 0.0125 0.022916666666666665
4 0.35 0.5114583333333333 0.009375 0.01875
4 0.35078125 0.5125 0.0109375 0.016666666666666666
5 0.65234375 0.9208333333333333 0.0109375 0.0125
1 0.56015625 0.3927083333333333 0.0328125 0.08125
5 0.55078125 0.4354166666666667 0.0140625 0.0125
5 0.603125 0.5270833333333333 0.01875 0.0125

5 0.73203125 0.775 0.0140625 0.016666666666666666
5 0.69296875 0.915625 0.0078125 0.010416666666666666
5 0.77734375 0.8864583333333333 0.0234375 0.027083333333333334
5 0.70859375 0.9520833333333333 0.0328125 0.03333333333333333
5 0.728125 0.9364583333333333 0.0125 0.01875
5 0.9625 0.5854166666666667 0.00625 0.008333333333333333
5 0.9734375 0.5927083333333333 0.009375 0.01875
5 0.7375 0.45208333333333334 0.0125 0.008333333333333333
5 0.69296875 0.9177083333333333 0.0078125 0.010416666666666666
5 0.55859375 0.3729166666666667 0.0296875 0.041666666666666664
5 0.6046875 0.5333333333333333 0.021875 0.025
5 0.38515625 0.5833333333333334 0.0265625 0.03333333333333333
1 0.53671875 0.2760416666666667 0.0203125 0.03125
3 0.67890625 0.7666666666666667 0.0453125 0.075
1 0.378125 0.5864583333333333 0.0125 0.022916666666666665
1 0.65703125 0.35520833333333335 0.0078125 0.014583333333333334
3 0.55546875 0.3614583333333333 0.0234375 0.022916666666666665
1 0.5453125 0.203125 0.015625 0.01875
1 0.546875 0.20104166666666667 0.015625 0.01875
1 0.5234375 0.084375 0.028125 0.022916666666666665
1 0.5234375 0.058333333333333334 0.009375 0.0125
1 0.378125 0.253125 0.0125 0.01875
1 0.353125 0.24895833333333334 0.0125 0.022916666666666665
1 0.3734375 0.225 0.0125 0.016666666666666666
1 0.35390625 0.225 0.0109375 0.016666666666666666
1 0.334375 0.22916666666666666 0.015625 0.029166666666666667
1 0.31640625 0.22916666666666666 0.0140625 0.016666666666666666
1 0.3171875 0.2635416666666667 0.01875 0.035416666666666666
1 0.2984375 0.23333333333333334 0.015625 0.020833333333333332
1 0.2734375 0.23125 0.015625 0.016666666666666666
1 0.3828125 0.18854166666666666 0.0125 0.01875
1 0.36640625 0.19270833333333334 0.0140625 0.01875
1 0.3296875 0.18958333333333333 0.0125 0.016666666666666666
1 0.3125 0.196875 0.015625 0.03125
1 0.2953125 0.175 0.025 0.025
1 0.4890625 0.07708333333333334 0.01875 0.0125
1 0.7625 0.8322916666666667 0.01875 0.00625
1 0.72109375 0.7479166666666667 0.0234375 0.03333333333333333
1 0.65859375 0.5489583333333333 0.0171875 0.01875
1 0.525 0.2 0.0125 0.016666666666666666
