
1 0.36953125 0.9760416666666667 0.0609375 0.04791666666666667
1 0.44140625 0.928125 0.0515625 0.03958333333333333
1 0.22890625 0.9927083333333333 0.0453125 0.014583333333333334
1 0.3078125 0.9583333333333334 0.0625 0.05
1 0.39375 0.9125 0.05625 0.05
1 0.159375 0.9854166666666667 0.06875 0.029166666666666667
1 0.24609375 0.9458333333333333 0.0609375 0.04583333333333333
1 0.32265625 0.9010416666666666 0.0484375 0.03958333333333333
1 0.3953125 0.8614583333333333 0.05625 0.03958333333333333
1 0.1078125 0.9770833333333333 0.065625 0.04583333333333333
1 0.1890625 0.928125 0.0625 0.04791666666666667
1 0.27890625 0.8854166666666666 0.0703125 0.05
1 0.35859375 0.8416666666666667 0.0546875 0.041666666666666664

1 0.09140625 0.775 0.0171875 0.008333333333333333

1 0.08828125 0.771875 0.0546875 0.04791666666666667
1 0.38046875 0.5864583333333333 0.0328125 0.03125
1 0.37890625 0.5864583333333333 0.0296875 0.03125

1 0.775 0.8854166666666666 0.03125 0.0625
1 0.69375 0.740625 0.08125 0.08125

1 0.8203125 0.790625 0.05 0.04375

5 0.178125 0.66875 0.01875 0.016666666666666666

4 0.40703125 0.6697916666666667 0.0140625 0.03125
4 0.40546875 0.6708333333333333 0.0109375 0.020833333333333332
5 0.37109375 0.5979166666666667 0.0171875 0.020833333333333332

4 0.38515625 0.534375 0.0109375 0.022916666666666665
4 0.34921875 0.5104166666666666 0.0078125 0.016666666666666666
4 0.3515625 0.50625 0.0125 0.0125
5 0.65625 0.93125 0.009375 0.0125
1 0.559375 0.38333333333333336 0.03125 0.05416666666666667
5 0.55078125 0.43645833333333334 0.0140625 0.014583333333333334
5 0.60546875 0.5354166666666667 0.0203125 0.0125
5 0.5640625 0.42916666666666664 0.025 0.029166666666666667
5 0.7359375 0.7854166666666667 0.0125 0.016666666666666666
5 0.69453125 0.9260416666666667 0.0078125 0.010416666666666666
5 0.77890625 0.9 0.0234375 0.029166666666666667
5 0.709375 0.959375 0.040625 0.04791666666666667
5 0.7296875 0.9447916666666667 0.0125 0.01875
5 0.96640625 0.5864583333333333 0.0046875 0.00625
5 0.97578125 0.59375 0.0078125 0.016666666666666666
5 0.74296875 0.453125 0.0109375 0.00625
5 0.69453125 0.9291666666666667 0.0078125 0.0125
5 0.55859375 0.37604166666666666 0.0296875 0.03958333333333333
5 0.60703125 0.540625 0.0234375 0.027083333333333334
5 0.3796875 0.590625 0.034375 0.035416666666666666
1 0.5375 0.28020833333333334 0.01875 0.03125
3 0.68125 0.7729166666666667 0.046875 0.08333333333333333
1 0.371875 0.5885416666666666 0.01875 0.027083333333333334
1 0.6578125 0.35520833333333335 0.009375 0.010416666666666666
3 0.55703125 0.375 0.0265625 0.0375
1 0.5359375 0.21145833333333333 0.00625 0.00625
1 0.54609375 0.203125 0.0140625 0.01875
1 0.521875 0.08541666666666667 0.025 0.025
1 0.5234375 0.058333333333333334 0.009375 0.0125
1 0.378125 0.253125 0.0125 0.01875
1 0.353125 0.25 0.0125 0.020833333333333332
1 0.3734375 0.225 0.0125 0.016666666666666666
1 0.35390625 0.225 0.0109375 0.016666666666666666
1 0.334375 0.22916666666666666 0.015625 0.029166666666666667
1 0.31640625 0.22916666666666666 0.0140625 0.016666666666666666
1 0.3171875 0.2635416666666667 0.01875 0.035416666666666666
1 0.2984375 0.23333333333333334 0.015625 0.020833333333333332
1 0.2734375 0.23125 0.015625 0.016666666666666666
1 0.3828125 0.18854166666666666 0.0125 0.01875
1 0.36640625 0.19270833333333334 0.0140625 0.01875
1 0.3296875 0.18958333333333333 0.0125 0.016666666666666666
1 0.3125 0.196875 0.015625 0.03125
1 0.29609375 0.175 0.0234375 0.025
1 0.48671875 0.07916666666666666 0.0234375 0.016666666666666666
1 0.7703125 0.8458333333333333 0.015625 0.008333333333333333
1 0.72734375 0.7625 0.0234375 0.03333333333333333
1 0.659375 0.553125 0.01875 0.01875
1 0.52578125 0.20520833333333333 0.0140625 0.01875
