
1 0.36953125 0.9760416666666667 0.0609375 0.04791666666666667
1 0.440625 0.928125 0.053125 0.03958333333333333
1 0.2296875 0.9927083333333333 0.04375 0.014583333333333334
1 0.3078125 0.9583333333333334 0.0625 0.05
1 0.39375 0.9125 0.05625 0.05
1 0.159375 0.9864583333333333 0.06875 0.027083333333333334
1 0.24609375 0.9458333333333333 0.0609375 0.04583333333333333
1 0.32265625 0.9010416666666666 0.0484375 0.03958333333333333
1 0.39453125 0.8614583333333333 0.0546875 0.03958333333333333
1 0.1078125 0.9770833333333333 0.065625 0.04583333333333333
1 0.1890625 0.928125 0.0625 0.04791666666666667
1 0.2796875 0.8854166666666666 0.071875 0.05
1 0.35859375 0.8416666666666667 0.0546875 0.041666666666666664

1 0.078125 0.78125 0.03125 0.029166666666666667

1 0.075 0.7770833333333333 0.053125 0.04583333333333333
1 0.37265625 0.5895833333333333 0.0296875 0.03333333333333333
1 0.375 0.5885416666666666 0.028125 0.03125

1 0.7765625 0.890625 0.034375 0.06875
1 0.6734375 0.740625 0.05 0.08125

1 0.81953125 0.7916666666666666 0.0484375 0.04583333333333333

5 0.18125 0.66875 0.021875 0.020833333333333332
5 0.68515625 0.9989583333333333 0.0015625 0.0020833333333333333
4 0.40703125 0.66875 0.0140625 0.03333333333333333
4 0.40546875 0.671875 0.0109375 0.022916666666666665
5 0.3671875 0.6020833333333333 0.015625 0.020833333333333332
5 0.453125 0.5260416666666666 0.00625 0.010416666666666666
4 0.38515625 0.5354166666666667 0.0109375 0.020833333333333332
4 0.3484375 0.5104166666666666 0.009375 0.016666666666666666
4 0.34921875 0.5114583333333333 0.0109375 0.014583333333333334
5 0.659375 0.9354166666666667 0.009375 0.008333333333333333
1 0.5609375 0.3875 0.03125 0.05
5 0.55078125 0.4375 0.0140625 0.016666666666666666
5 0.60703125 0.5385416666666667 0.0171875 0.010416666666666666
5 0.56640625 0.43125 0.0234375 0.03333333333333333
5 0.73828125 0.7947916666666667 0.0109375 0.01875
5 0.69609375 0.9333333333333333 0.0078125 0.008333333333333333
5 0.78515625 0.903125 0.0140625 0.03125
5 0.7140625 0.9645833333333333 0.0375 0.0375
5 0.73125 0.9489583333333333 0.0125 0.014583333333333334
5 0.96875 0.5885416666666666 0.00625 0.00625
5 0.97734375 0.5958333333333333 0.0078125 0.016666666666666666
5 0.74453125 0.45729166666666665 0.0109375 0.010416666666666666
5 0.69609375 0.9333333333333333 0.0078125 0.008333333333333333
5 0.559375 0.37916666666666665 0.028125 0.0375
5 0.59296875 0.4708333333333333 0.0515625 0.16666666666666666
5 0.36953125 0.59375 0.0234375 0.0375
1 0.5375 0.2833333333333333 0.01875 0.03333333333333333
3 0.68359375 0.7760416666666666 0.0484375 0.08958333333333333
1 0.36328125 0.5989583333333334 0.0109375 0.01875
1 0.65859375 0.3572916666666667 0.0109375 0.010416666666666666
3 0.559375 0.37916666666666665 0.028125 0.0375
1 0.5453125 0.2125 0.009375 0.0125
1 0.54609375 0.20520833333333333 0.0140625 0.01875
1 0.5203125 0.084375 0.028125 0.022916666666666665
1 0.52265625 0.059375 0.0109375 0.014583333333333334
1 0.378125 0.253125 0.0125 0.01875
1 0.35234375 0.25416666666666665 0.0140625 0.029166666666666667
1 0.3734375 0.225 0.0125 0.016666666666666666
1 0.35390625 0.225 0.0109375 0.016666666666666666
1 0.33515625 0.22604166666666667 0.0140625 0.022916666666666665
1 0.31640625 0.23229166666666667 0.0140625 0.01875
1 0.3171875 0.2635416666666667 0.01875 0.035416666666666666
1 0.29921875 0.23333333333333334 0.0171875 0.020833333333333332
1 0.2734375 0.23125 0.015625 0.016666666666666666
1 0.3828125 0.18854166666666666 0.0125 0.01875
1 0.36640625 0.19270833333333334 0.0140625 0.01875
1 0.32890625 0.18958333333333333 0.0140625 0.016666666666666666
1 0.3125 0.196875 0.015625 0.03125
1 0.2953125 0.175 0.025 0.025
1 0.48671875 0.07916666666666666 0.0234375 0.016666666666666666
1 0.77109375 0.859375 0.0234375 0.014583333333333334
1 0.72578125 0.7729166666666667 0.0296875 0.0375
1 0.6625 0.5614583333333333 0.015625 0.01875
1 0.5265625 0.20729166666666668 0.0125 0.01875
