
1 0.36953125 0.9760416666666667 0.0609375 0.04791666666666667
1 0.43984375 0.928125 0.0515625 0.03958333333333333
1 0.2296875 0.9927083333333333 0.04375 0.014583333333333334
1 0.3078125 0.9583333333333334 0.0625 0.05
1 0.39375 0.9125 0.05625 0.05
1 0.159375 0.9864583333333333 0.06875 0.027083333333333334
1 0.24609375 0.9458333333333333 0.0609375 0.04583333333333333
1 0.32265625 0.9010416666666666 0.0484375 0.03958333333333333
1 0.3953125 0.8614583333333333 0.05625 0.03958333333333333
1 0.1078125 0.9770833333333333 0.065625 0.04583333333333333
1 0.1890625 0.928125 0.0625 0.04791666666666667
1 0.27890625 0.8854166666666666 0.0703125 0.05
1 0.359375 0.8416666666666667 0.05625 0.041666666666666664

1 0.06015625 0.7833333333333333 0.0296875 0.03333333333333333

1 0.05859375 0.7875 0.0546875 0.05
1 0.36796875 0.59375 0.0328125 0.03333333333333333
1 0.36875 0.596875 0.034375 0.035416666666666666
1 0.7546875 0.4666666666666667 0.021875 0.016666666666666666
1 0.7796875 0.9 0.034375 0.07083333333333333
1 0.67578125 0.75625 0.0515625 0.09583333333333334

1 0.8203125 0.7916666666666666 0.05 0.04583333333333333

5 0.190625 0.6614583333333334 0.01875 0.01875

4 0.40390625 0.66875 0.0171875 0.029166666666666667
4 0.40390625 0.671875 0.0109375 0.022916666666666665
5 0.35625 0.609375 0.01875 0.022916666666666665
5 0.45390625 0.5239583333333333 0.0078125 0.014583333333333334
4 0.38359375 0.534375 0.0109375 0.01875
4 0.34921875 0.5104166666666666 0.0078125 0.016666666666666666
4 0.35 0.5114583333333333 0.009375 0.014583333333333334
5 0.6609375 0.946875 0.009375 0.010416666666666666
1 0.56015625 0.38645833333333335 0.0296875 0.03958333333333333
5 0.55078125 0.4395833333333333 0.0140625 0.016666666666666666
5 0.6109375 0.5479166666666667 0.01875 0.0125
5 0.56796875 0.43854166666666666 0.0265625 0.03125
5 0.73828125 0.8010416666666667 0.0140625 0.010416666666666666
5 0.6984375 0.9427083333333334 0.009375 0.010416666666666666
5 0.7875 0.9177083333333333 0.01875 0.03125
5 0.70859375 0.9666666666666667 0.0328125 0.03333333333333333
5 0.734375 0.9583333333333334 0.0125 0.016666666666666666
5 0.9734375 0.590625 0.00625 0.00625
5 0.98359375 0.5979166666666667 0.0109375 0.016666666666666666
5 0.75 0.46041666666666664 0.0125 0.0125
5 0.6984375 0.9447916666666667 0.009375 0.010416666666666666
5 0.559375 0.38229166666666664 0.025 0.035416666666666666
5 0.5953125 0.47708333333333336 0.05625 0.17916666666666667
5 0.36796875 0.5958333333333333 0.0296875 0.03333333333333333
1 0.5390625 0.28854166666666664 0.01875 0.03125
3 0.69296875 0.7989583333333333 0.0359375 0.06041666666666667
1 0.3578125 0.6041666666666666 0.0125 0.016666666666666666
1 0.6609375 0.3572916666666667 0.0125 0.010416666666666666
3 0.56015625 0.3854166666666667 0.0265625 0.0375
1 0.546875 0.21354166666666666 0.0125 0.014583333333333334
1 0.546875 0.20729166666666668 0.0125 0.01875
1 0.5203125 0.08541666666666667 0.028125 0.020833333333333332
1 0.52265625 0.059375 0.0109375 0.014583333333333334
1 0.378125 0.253125 0.0125 0.01875
1 0.35234375 0.25416666666666665 0.0140625 0.029166666666666667
1 0.3734375 0.225 0.0125 0.016666666666666666
1 0.35390625 0.225 0.0109375 0.016666666666666666
1 0.334375 0.23020833333333332 0.015625 0.03125
1 0.31640625 0.23229166666666667 0.0140625 0.01875
1 0.3171875 0.2635416666666667 0.01875 0.035416666666666666
1 0.2984375 0.23333333333333334 0.015625 0.020833333333333332
1 0.27578125 0.22916666666666666 0.0140625 0.016666666666666666
1 0.3828125 0.18854166666666666 0.0125 0.01875
1 0.36640625 0.19270833333333334 0.0140625 0.01875
1 0.3296875 0.18958333333333333 0.0125 0.016666666666666666
1 0.3125 0.196875 0.015625 0.03125
1 0.29609375 0.175 0.0234375 0.025
1 0.4875 0.08125 0.021875 0.016666666666666666
1 0.77265625 0.8666666666666667 0.0171875 0.008333333333333333
1 0.72890625 0.78125 0.0265625 0.0375
1 0.66328125 0.5666666666666667 0.0171875 0.020833333333333332
1 0.5265625 0.209375 0.0125 0.01875
