
1 0.36953125 0.9760416666666667 0.0609375 0.04791666666666667
1 0.43984375 0.928125 0.0515625 0.03958333333333333
1 0.2296875 0.9927083333333333 0.04375 0.014583333333333334
1 0.3078125 0.9583333333333334 0.0625 0.05
1 0.39375 0.9125 0.05625 0.05
1 0.159375 0.9864583333333333 0.06875 0.027083333333333334
1 0.24609375 0.946875 0.0609375 0.04375
1 0.32265625 0.9010416666666666 0.0484375 0.03958333333333333
1 0.3953125 0.8614583333333333 0.05625 0.03958333333333333
1 0.1078125 0.9770833333333333 0.065625 0.04583333333333333
1 0.1890625 0.928125 0.0625 0.04791666666666667
1 0.27890625 0.8854166666666666 0.0703125 0.05
1 0.359375 0.8416666666666667 0.05625 0.041666666666666664

1 0.05 0.7927083333333333 0.0375 0.035416666666666666

1 0.04453125 0.79375 0.0515625 0.04583333333333333
1 0.3625 0.596875 0.034375 0.03125
1 0.359375 0.5979166666666667 0.028125 0.029166666666666667
1 0.7609375 0.46875 0.021875 0.020833333333333332
1 0.78203125 0.9083333333333333 0.0359375 0.07083333333333333
1 0.67578125 0.7541666666666667 0.0515625 0.08333333333333333

1 0.8203125 0.7916666666666666 0.05 0.04583333333333333

5 0.19375 0.659375 0.01875 0.01875

4 0.40234375 0.671875 0.0203125 0.03125
4 0.40390625 0.6770833333333334 0.0109375 0.016666666666666666
5 0.35234375 0.6104166666666667 0.0140625 0.020833333333333332
5 0.453125 0.5229166666666667 0.009375 0.020833333333333332
4 0.38359375 0.5333333333333333 0.0109375 0.020833333333333332
4 0.35 0.5104166666666666 0.009375 0.016666666666666666
4 0.35078125 0.5125 0.0109375 0.016666666666666666
5 0.6625 0.95 0.009375 0.008333333333333333
1 0.56171875 0.38958333333333334 0.0296875 0.0375
5 0.54921875 0.4375 0.0140625 0.016666666666666666
5 0.6140625 0.5510416666666667 0.015625 0.010416666666666666
5 0.5703125 0.44375 0.028125 0.03333333333333333
5 0.740625 0.8104166666666667 0.0125 0.008333333333333333
5 0.7 0.9489583333333333 0.009375 0.00625
5 0.7890625 0.9322916666666666 0.021875 0.027083333333333334
5 0.70859375 0.9666666666666667 0.0328125 0.03333333333333333
5 0.7359375 0.9625 0.0125 0.016666666666666666
5 0.97421875 0.5958333333333333 0.0078125 0.0125
5 0.9859375 0.6 0.009375 0.016666666666666666
5 0.75546875 0.45625 0.0078125 0.008333333333333333
5 0.70078125 0.9489583333333333 0.0109375 0.00625
5 0.5609375 0.3875 0.028125 0.0375
5 0.5875 0.47604166666666664 0.071875 0.17708333333333334
5 0.36328125 0.6 0.0296875 0.03333333333333333
1 0.540625 0.2916666666666667 0.01875 0.03333333333333333
3 0.69375 0.8041666666666667 0.0375 0.058333333333333334
1 0.35234375 0.6083333333333333 0.0140625 0.016666666666666666
1 0.66171875 0.3572916666666667 0.0109375 0.010416666666666666
3 0.5625 0.3875 0.028125 0.0375
1 0.55 0.2125 0.0125 0.016666666666666666
1 0.5484375 0.21041666666666667 0.0125 0.016666666666666666
1 0.521875 0.08645833333333333 0.025 0.022916666666666665
1 0.52265625 0.059375 0.0109375 0.014583333333333334
1 0.378125 0.253125 0.0125 0.01875
1 0.353125 0.25104166666666666 0.0125 0.022916666666666665
1 0.3734375 0.225 0.0125 0.016666666666666666
1 0.35390625 0.225 0.0109375 0.016666666666666666
1 0.334375 0.22916666666666666 0.015625 0.029166666666666667
1 0.31640625 0.22916666666666666 0.0140625 0.016666666666666666
1 0.3171875 0.2635416666666667 0.01875 0.035416666666666666
1 0.29921875 0.23333333333333334 0.0171875 0.020833333333333332
1 0.2734375 0.23125 0.015625 0.016666666666666666
1 0.3828125 0.18958333333333333 0.0125 0.020833333333333332
1 0.36640625 0.19270833333333334 0.0140625 0.01875
1 0.3296875 0.18958333333333333 0.0125 0.016666666666666666
1 0.3125 0.196875 0.015625 0.03125
1 0.29609375 0.175 0.0234375 0.025
1 0.4890625 0.078125 0.01875 0.014583333333333334
1 0.775 0.8770833333333333 0.01875 0.008333333333333333
1 0.73203125 0.7895833333333333 0.0265625 0.0375
1 0.665625 0.56875 0.01875 0.020833333333333332
1 0.52734375 0.21041666666666667 0.0140625 0.016666666666666666
