
1 0.36953125 0.9760416666666667 0.0609375 0.04791666666666667
1 0.43984375 0.928125 0.0515625 0.03958333333333333
1 0.22890625 0.9927083333333333 0.0453125 0.014583333333333334
1 0.3078125 0.9583333333333334 0.0625 0.05
1 0.39375 0.9114583333333334 0.05625 0.04791666666666667
1 0.159375 0.9864583333333333 0.06875 0.027083333333333334
1 0.24609375 0.9458333333333333 0.0609375 0.04583333333333333
1 0.32265625 0.9010416666666666 0.0484375 0.03958333333333333
1 0.3953125 0.8614583333333333 0.05625 0.03958333333333333
1 0.1078125 0.9770833333333333 0.065625 0.04583333333333333
1 0.1890625 0.928125 0.0625 0.04791666666666667
1 0.27890625 0.8854166666666666 0.0703125 0.05
1 0.359375 0.8416666666666667 0.05625 0.041666666666666664

1 0.02890625 0.7979166666666667 0.0296875 0.0375

1 0.02734375 0.8052083333333333 0.0546875 0.052083333333333336
1 0.35390625 0.6020833333333333 0.0328125 0.03333333333333333
1 0.35625 0.603125 0.034375 0.035416666666666666
1 0.7671875 0.4708333333333333 0.025 0.020833333333333332
1 0.78359375 0.921875 0.0390625 0.06875
1 0.61640625 0.5739583333333333 0.0203125 0.035416666666666666

1 0.8203125 0.7916666666666666 0.046875 0.04583333333333333

5 0.19765625 0.6604166666666667 0.0203125 0.020833333333333332

4 0.40234375 0.6708333333333333 0.0203125 0.029166666666666667
4 0.40546875 0.6802083333333333 0.0140625 0.014583333333333334
5 0.34375 0.61875 0.015625 0.020833333333333332
5 0.4515625 0.5229166666666667 0.009375 0.020833333333333332
4 0.38359375 0.5333333333333333 0.0109375 0.020833333333333332
4 0.34921875 0.5104166666666666 0.0078125 0.016666666666666666
4 0.35 0.5114583333333333 0.009375 0.014583333333333334
5 0.66484375 0.9625 0.0109375 0.008333333333333333
1 0.5625 0.396875 0.028125 0.03958333333333333
5 0.55 0.4354166666666667 0.015625 0.016666666666666666
5 0.61484375 0.5572916666666666 0.0171875 0.010416666666666666
5 0.571875 0.45 0.025 0.0375
5 0.75 0.8260416666666667 0.009375 0.014583333333333334
5 0.70546875 0.9614583333333333 0.0078125 0.010416666666666666
5 0.79296875 0.9447916666666667 0.0234375 0.027083333333333334

5 0.73984375 0.975 0.0109375 0.016666666666666666
5 0.978125 0.5958333333333333 0.00625 0.008333333333333333
5 0.98984375 0.603125 0.0078125 0.01875
5 0.759375 0.45729166666666665 0.009375 0.00625
5 0.7046875 0.9614583333333333 0.009375 0.010416666666666666
5 0.5625 0.39479166666666665 0.028125 0.035416666666666666
5 0.6140625 0.5604166666666667 0.01875 0.016666666666666666
5 0.35234375 0.6020833333333333 0.0265625 0.029166666666666667
1 0.540625 0.29583333333333334 0.01875 0.03333333333333333
3 0.69140625 0.8052083333333333 0.0453125 0.07291666666666667
1 0.34453125 0.6104166666666667 0.0140625 0.020833333333333332
1 0.66171875 0.359375 0.0109375 0.010416666666666666
3 0.5609375 0.390625 0.025 0.027083333333333334
1 0.54921875 0.21770833333333334 0.0140625 0.022916666666666665
1 0.54921875 0.2125 0.0140625 0.016666666666666666
1 0.521875 0.08541666666666667 0.025 0.020833333333333332
1 0.52265625 0.059375 0.0109375 0.014583333333333334
1 0.378125 0.253125 0.0125 0.01875
1 0.353125 0.25104166666666666 0.0125 0.022916666666666665
1 0.3734375 0.225 0.0125 0.016666666666666666
1 0.35390625 0.225 0.0109375 0.016666666666666666
1 0.33515625 0.22604166666666667 0.0140625 0.022916666666666665
1 0.31640625 0.22916666666666666 0.0140625 0.016666666666666666
1 0.3171875 0.2635416666666667 0.01875 0.035416666666666666
1 0.2984375 0.23333333333333334 0.015625 0.020833333333333332
1 0.27578125 0.228125 0.0140625 0.014583333333333334
1 0.3828125 0.18958333333333333 0.0125 0.020833333333333332
1 0.36640625 0.19270833333333334 0.0140625 0.01875
1 0.3296875 0.18958333333333333 0.0125 0.016666666666666666
1 0.3125 0.196875 0.015625 0.03125
1 0.29609375 0.175 0.0234375 0.025
1 0.4890625 0.078125 0.01875 0.014583333333333334
1 0.778125 0.8916666666666667 0.021875 0.0125
1 0.734375 0.8010416666666667 0.028125 0.03958333333333333
1 0.6671875 0.5791666666666667 0.01875 0.020833333333333332
1 0.52734375 0.21354166666666666 0.0140625 0.014583333333333334
