
1 0.36953125 0.9760416666666667 0.0609375 0.04791666666666667
1 0.43984375 0.9270833333333334 0.0515625 0.041666666666666664
1 0.22890625 0.9927083333333333 0.0453125 0.014583333333333334
1 0.3078125 0.9583333333333334 0.0625 0.05
1 0.39375 0.9114583333333334 0.05625 0.04791666666666667
1 0.159375 0.9864583333333333 0.06875 0.027083333333333334
1 0.24609375 0.9458333333333333 0.0609375 0.04583333333333333
1 0.32265625 0.9010416666666666 0.0484375 0.03958333333333333
1 0.3953125 0.8614583333333333 0.05625 0.03958333333333333
1 0.1078125 0.9770833333333333 0.065625 0.04583333333333333
1 0.1890625 0.928125 0.0625 0.04791666666666667
1 0.27890625 0.8854166666666666 0.0703125 0.05
1 0.359375 0.8416666666666667 0.05625 0.041666666666666664

1 0.01875 0.8 0.0375 0.03333333333333333

1 0.0265625 0.8041666666666667 0.053125 0.05
1 0.35 0.6052083333333333 0.034375 0.035416666666666666
1 0.35 0.60625 0.034375 0.0375
1 0.77578125 0.47291666666666665 0.0234375 0.020833333333333332
1 0.784375 0.9302083333333333 0.040625 0.06875
1 0.6171875 0.5770833333333333 0.021875 0.03333333333333333

1 0.8265625 0.784375 0.0375 0.035416666666666666

5 0.2 0.659375 0.021875 0.022916666666666665
5 0.34375 0.61875 0.0125 0.0125
4 0.39765625 0.665625 0.0109375 0.027083333333333334
4 0.40546875 0.6760416666666667 0.0140625 0.00625
5 0.33828125 0.6208333333333333 0.0171875 0.020833333333333332
5 0.4515625 0.5229166666666667 0.009375 0.020833333333333332
4 0.3859375 0.5229166666666667 0.009375 0.0125
4 0.34921875 0.5104166666666666 0.0078125 0.016666666666666666
4 0.35 0.5114583333333333 0.009375 0.014583333333333334
5 0.6671875 0.9697916666666667 0.0125 0.010416666666666666
1 0.5625 0.4010416666666667 0.028125 0.03958333333333333
5 0.54765625 0.4354166666666667 0.0140625 0.016666666666666666
5 0.615625 0.5635416666666667 0.015625 0.010416666666666666
5 0.5734375 0.453125 0.025 0.035416666666666666
5 0.75078125 0.8333333333333334 0.0109375 0.016666666666666666
5 0.70546875 0.965625 0.0078125 0.00625
5 0.7953125 0.9552083333333333 0.025 0.027083333333333334

5 0.73984375 0.9770833333333333 0.0109375 0.0125
5 0.98125 0.5989583333333334 0.00625 0.00625
5 0.99140625 0.6052083333333333 0.0078125 0.01875
5 0.76484375 0.459375 0.0109375 0.00625
5 0.70625 0.965625 0.009375 0.00625
5 0.5625 0.396875 0.028125 0.03125
5 0.5875 0.48333333333333334 0.078125 0.20416666666666666
5 0.3421875 0.60625 0.01875 0.029166666666666667
1 0.54140625 0.3 0.0203125 0.03333333333333333
3 0.69453125 0.8125 0.0453125 0.075
1 0.340625 0.6177083333333333 0.0125 0.014583333333333334
1 0.66328125 0.359375 0.0109375 0.010416666666666666
3 0.5625 0.3927083333333333 0.025 0.022916666666666665
1 0.55 0.21979166666666666 0.015625 0.022916666666666665
1 0.55 0.21354166666666666 0.0125 0.014583333333333334
1 0.521875 0.08541666666666667 0.025 0.020833333333333332
1 0.52265625 0.059375 0.0109375 0.014583333333333334
1 0.378125 0.253125 0.0125 0.01875
1 0.353125 0.25104166666666666 0.0125 0.022916666666666665
1 0.3734375 0.225 0.0125 0.016666666666666666
1 0.35390625 0.225 0.0109375 0.016666666666666666
1 0.33515625 0.22604166666666667 0.0140625 0.022916666666666665
1 0.31640625 0.22916666666666666 0.0140625 0.016666666666666666
1 0.3171875 0.2635416666666667 0.01875 0.035416666666666666
1 0.2984375 0.23333333333333334 0.015625 0.020833333333333332
1 0.2734375 0.23125 0.015625 0.016666666666666666
1 0.3828125 0.18958333333333333 0.0125 0.020833333333333332
1 0.36640625 0.19270833333333334 0.0140625 0.01875
1 0.3296875 0.18958333333333333 0.0125 0.016666666666666666
1 0.3125 0.196875 0.015625 0.03125
1 0.29609375 0.175 0.0234375 0.025
1 0.4875 0.08229166666666667 0.021875 0.01875
1 0.78203125 0.8979166666666667 0.0203125 0.008333333333333333
1 0.7375 0.8083333333333333 0.028125 0.0375
1 0.66796875 0.58125 0.0203125 0.020833333333333332
1 0.52734375 0.21875 0.0171875 0.020833333333333332
