
1 0.36953125 0.9760416666666667 0.0609375 0.04791666666666667
1 0.43984375 0.928125 0.0515625 0.03958333333333333
1 0.22890625 0.9927083333333333 0.0453125 0.014583333333333334
1 0.3078125 0.9583333333333334 0.0625 0.05
1 0.39375 0.9114583333333334 0.05625 0.04791666666666667
1 0.15859375 0.9864583333333333 0.0671875 0.027083333333333334
1 0.24609375 0.9458333333333333 0.0609375 0.04583333333333333
1 0.32265625 0.9010416666666666 0.0484375 0.03958333333333333
1 0.3953125 0.8614583333333333 0.05625 0.03958333333333333
1 0.1078125 0.9770833333333333 0.065625 0.04583333333333333
1 0.1890625 0.928125 0.0625 0.04791666666666667
1 0.27890625 0.8854166666666666 0.0703125 0.05
1 0.35859375 0.8416666666666667 0.0546875 0.041666666666666664

1 0.17734375 0.928125 0.0015625 0.01875

1 0.0265625 0.809375 0.053125 0.03958333333333333
1 0.340625 0.6104166666666667 0.034375 0.03333333333333333
1 0.34140625 0.6114583333333333 0.0328125 0.035416666666666666
1 0.778125 0.4739583333333333 0.028125 0.022916666666666665
1 0.7921875 0.9447916666666667 0.0375 0.06875
1 0.6203125 0.5854166666666667 0.021875 0.0375

1 0.82578125 0.7833333333333333 0.0359375 0.03333333333333333

5 0.20859375 0.6520833333333333 0.0171875 0.016666666666666666
5 0.340625 0.6177083333333333 0.021875 0.022916666666666665
4 0.396875 0.6604166666666667 0.0125 0.029166666666666667
4 0.3984375 0.6645833333333333 0.00625 0.020833333333333332
5 0.33203125 0.6239583333333333 0.0140625 0.01875
5 0.4515625 0.5239583333333333 0.009375 0.022916666666666665
4 0.3859375 0.525 0.009375 0.0125
4 0.35 0.5104166666666666 0.009375 0.016666666666666666
4 0.35078125 0.509375 0.0109375 0.014583333333333334
5 0.67265625 0.978125 0.0078125 0.010416666666666666
1 0.565625 0.40625 0.03125 0.0375
5 0.54921875 0.4354166666666667 0.0140625 0.016666666666666666
5 0.61796875 0.571875 0.0171875 0.010416666666666666
5 0.57421875 0.4625 0.0234375 0.041666666666666664
5 0.75390625 0.8458333333333333 0.0109375 0.016666666666666666
5 0.70703125 0.9760416666666667 0.0078125 0.010416666666666666
5 0.80234375 0.9666666666666667 0.0171875 0.025

5 0.74296875 0.9875 0.0109375 0.0125
5 0.984375 0.6010416666666667 0.00625 0.00625
5 0.9953125 0.60625 0.009375 0.020833333333333332
5 0.7703125 0.4583333333333333 0.009375 0.004166666666666667
5 0.70703125 0.978125 0.0078125 0.010416666666666666
5 0.56328125 0.40520833333333334 0.0265625 0.035416666666666666
5 0.58828125 0.4895833333333333 0.0796875 0.2125
5 0.3390625 0.6135416666666667 0.025 0.035416666666666666
1 0.54296875 0.30520833333333336 0.0203125 0.035416666666666666
3 0.70234375 0.8291666666666667 0.0390625 0.058333333333333334
1 0.33515625 0.625 0.0109375 0.0125
1 0.665625 0.3614583333333333 0.009375 0.010416666666666666
3 0.565625 0.40729166666666666 0.028125 0.03958333333333333
1 0.54921875 0.22395833333333334 0.0109375 0.01875
1 0.55 0.215625 0.0125 0.014583333333333334
1 0.52109375 0.08541666666666667 0.0234375 0.020833333333333332
1 0.52265625 0.059375 0.0109375 0.014583333333333334
1 0.378125 0.253125 0.0125 0.01875
1 0.353125 0.24895833333333334 0.0125 0.022916666666666665
1 0.3734375 0.225 0.0125 0.016666666666666666
1 0.35390625 0.225 0.0109375 0.016666666666666666
1 0.3359375 0.22604166666666667 0.0125 0.022916666666666665
1 0.31640625 0.22916666666666666 0.0140625 0.016666666666666666
1 0.3171875 0.2635416666666667 0.01875 0.035416666666666666
1 0.29921875 0.23333333333333334 0.0171875 0.020833333333333332
1 0.27578125 0.228125 0.0140625 0.014583333333333334
1 0.3828125 0.18958333333333333 0.0125 0.020833333333333332
1 0.36640625 0.19270833333333334 0.0140625 0.01875
1 0.3296875 0.18958333333333333 0.0125 0.016666666666666666
1 0.3125 0.196875 0.015625 0.03125
1 0.2953125 0.175 0.025 0.025
1 0.4875 0.08229166666666667 0.021875 0.01875
1 0.7859375 0.9104166666666667 0.01875 0.008333333333333333
1 0.740625 0.821875 0.028125 0.03958333333333333
1 0.671875 0.5895833333333333 0.015625 0.020833333333333332
1 0.528125 0.22395833333333334 0.015625 0.022916666666666665
