
1 0.36953125 0.9760416666666667 0.0609375 0.04791666666666667
1 0.43984375 0.928125 0.0515625 0.03958333333333333
1 0.22890625 0.9927083333333333 0.0453125 0.014583333333333334
1 0.3078125 0.9583333333333334 0.0625 0.05
1 0.39375 0.9114583333333334 0.05625 0.04791666666666667
1 0.15859375 0.9854166666666667 0.0671875 0.029166666666666667
1 0.2453125 0.9458333333333333 0.059375 0.04583333333333333
1 0.32265625 0.9010416666666666 0.0484375 0.03958333333333333
1 0.3953125 0.8614583333333333 0.05625 0.03958333333333333
1 0.1078125 0.9770833333333333 0.065625 0.04583333333333333
1 0.1890625 0.928125 0.0625 0.04791666666666667
1 0.27890625 0.8854166666666666 0.0703125 0.05
1 0.35859375 0.8416666666666667 0.0546875 0.041666666666666664

1 0.190625 0.9291666666666667 0.0375 0.029166666666666667

1 0.01875 0.8135416666666667 0.0375 0.03958333333333333
1 0.3359375 0.6145833333333334 0.034375 0.03333333333333333
1 0.33671875 0.615625 0.0359375 0.035416666666666666
1 0.78125 0.475 0.03125 0.025
1 0.79375 0.953125 0.034375 0.06875
1 0.62109375 0.5885416666666666 0.0203125 0.03125

1 0.8265625 0.784375 0.0375 0.035416666666666666

5 0.21015625 0.6520833333333333 0.0203125 0.020833333333333332
5 0.3375 0.6177083333333333 0.028125 0.03125
4 0.396875 0.6604166666666667 0.0125 0.029166666666666667
4 0.3984375 0.6645833333333333 0.00625 0.020833333333333332
5 0.32734375 0.6260416666666667 0.0140625 0.01875
5 0.45390625 0.521875 0.0078125 0.01875
4 0.38671875 0.525 0.0078125 0.0125
4 0.34921875 0.509375 0.0078125 0.014583333333333334
4 0.35 0.5114583333333333 0.009375 0.014583333333333334
5 0.675 0.9822916666666667 0.009375 0.00625
1 0.56640625 0.409375 0.0296875 0.035416666666666666
5 0.54921875 0.4354166666666667 0.0140625 0.016666666666666666
5 0.61953125 0.5760416666666667 0.0171875 0.010416666666666666
5 0.57734375 0.46770833333333334 0.0265625 0.035416666666666666
5 0.75390625 0.85625 0.0140625 0.016666666666666666
5 0.709375 0.9854166666666667 0.0125 0.0125
5 0.80390625 0.9760416666666667 0.0171875 0.022916666666666665

5 0.74375 0.9927083333333333 0.009375 0.014583333333333334
5 0.98671875 0.6020833333333333 0.0078125 0.008333333333333333
5 0.996875 0.6072916666666667 0.00625 0.01875
5 0.775 0.4552083333333333 0.009375 0.010416666666666666
5 0.709375 0.98125 0.009375 0.004166666666666667
5 0.56484375 0.409375 0.0265625 0.035416666666666666
5 0.59296875 0.4979166666666667 0.0828125 0.2125
5 0.3359375 0.6166666666666667 0.028125 0.029166666666666667
1 0.54296875 0.3072916666666667 0.0203125 0.035416666666666666
3 0.6984375 0.8291666666666667 0.05 0.075
1 0.32578125 0.628125 0.0171875 0.01875
1 0.6671875 0.36354166666666665 0.009375 0.010416666666666666
3 0.5671875 0.4114583333333333 0.028125 0.03958333333333333
1 0.55078125 0.22083333333333333 0.0109375 0.016666666666666666
1 0.55 0.21666666666666667 0.0125 0.016666666666666666
1 0.52265625 0.08541666666666667 0.0234375 0.020833333333333332
1 0.52265625 0.059375 0.0109375 0.014583333333333334
1 0.378125 0.253125 0.0125 0.01875
1 0.353125 0.24895833333333334 0.0125 0.022916666666666665
1 0.3734375 0.225 0.0125 0.016666666666666666
1 0.35390625 0.225 0.0109375 0.016666666666666666
1 0.3359375 0.22604166666666667 0.0125 0.022916666666666665
1 0.31640625 0.22916666666666666 0.0140625 0.016666666666666666
1 0.3171875 0.2635416666666667 0.01875 0.035416666666666666
1 0.2984375 0.23333333333333334 0.015625 0.020833333333333332
1 0.2734375 0.23020833333333332 0.015625 0.014583333333333334
1 0.3828125 0.18958333333333333 0.0125 0.020833333333333332
1 0.3671875 0.19270833333333334 0.0125 0.01875
1 0.3296875 0.18958333333333333 0.0125 0.016666666666666666
1 0.3125 0.196875 0.015625 0.03125
1 0.2984375 0.17291666666666666 0.01875 0.025
1 0.4875 0.08229166666666667 0.021875 0.01875
1 0.78828125 0.91875 0.0203125 0.008333333333333333
1 0.7453125 0.834375 0.028125 0.035416666666666666
1 0.675 0.596875 0.015625 0.022916666666666665
1 0.52890625 0.22395833333333334 0.0140625 0.01875
