
1 0.36953125 0.9760416666666667 0.0609375 0.04791666666666667
1 0.43984375 0.928125 0.0515625 0.03958333333333333
1 0.22890625 0.9927083333333333 0.0453125 0.014583333333333334
1 0.3078125 0.9583333333333334 0.0625 0.05
1 0.39375 0.9114583333333334 0.05625 0.04791666666666667
1 0.15859375 0.9864583333333333 0.0671875 0.027083333333333334
1 0.2453125 0.9458333333333333 0.059375 0.04583333333333333
1 0.32265625 0.9010416666666666 0.0484375 0.03958333333333333
1 0.3953125 0.8614583333333333 0.05625 0.03958333333333333
1 0.1078125 0.9770833333333333 0.065625 0.04583333333333333
1 0.1890625 0.928125 0.0625 0.04791666666666667
1 0.27890625 0.8854166666666666 0.0703125 0.05
1 0.3578125 0.8416666666666667 0.05625 0.041666666666666664

1 0.1890625 0.9291666666666667 0.05625 0.0375


1 0.32578125 0.6197916666666666 0.0328125 0.035416666666666666
1 0.32890625 0.6208333333333333 0.0359375 0.0375
1 0.78046875 0.48125 0.0265625 0.020833333333333332
1 0.7953125 0.965625 0.0375 0.06875
1 0.67109375 0.60625 0.0265625 0.0375

1 0.82578125 0.7833333333333333 0.0359375 0.03333333333333333

5 0.2171875 0.6458333333333334 0.01875 0.016666666666666666
5 0.32890625 0.6229166666666667 0.0296875 0.03333333333333333
4 0.39609375 0.6604166666666667 0.0109375 0.029166666666666667
4 0.3953125 0.665625 0.009375 0.022916666666666665
5 0.31953125 0.6322916666666667 0.0140625 0.01875
5 0.453125 0.521875 0.009375 0.022916666666666665
4 0.38671875 0.5229166666666667 0.0078125 0.0125
4 0.34921875 0.509375 0.0078125 0.014583333333333334
4 0.35 0.5104166666666666 0.009375 0.0125
5 0.678125 0.9947916666666666 0.009375 0.010416666666666666
1 0.56796875 0.41770833333333335 0.0296875 0.03958333333333333
5 0.5484375 0.434375 0.0125 0.014583333333333334
5 0.62265625 0.5833333333333334 0.0171875 0.008333333333333333
5 0.5796875 0.47604166666666664 0.028125 0.03958333333333333
5 0.75625 0.8708333333333333 0.015625 0.016666666666666666
5 0.7109375 0.9947916666666666 0.00625 0.010416666666666666
5 0.8078125 0.9885416666666667 0.01875 0.022916666666666665

5 0.74453125 0.9958333333333333 0.0109375 0.008333333333333333
5 0.99140625 0.6041666666666666 0.0078125 0.008333333333333333
5 0.99765625 0.6114583333333333 0.0046875 0.01875
5 0.775 0.465625 0.009375 0.014583333333333334
5 0.7109375 0.9947916666666666 0.00625 0.010416666666666666
5 0.56796875 0.415625 0.0265625 0.035416666666666666
5 0.60078125 0.515625 0.0734375 0.19375
5 0.325 0.6208333333333333 0.021875 0.029166666666666667
1 0.54296875 0.31354166666666666 0.0203125 0.035416666666666666
3 0.70234375 0.8395833333333333 0.0484375 0.075
1 0.3203125 0.6333333333333333 0.0125 0.0125
1 0.6671875 0.36354166666666665 0.009375 0.010416666666666666
3 0.56875 0.41875 0.028125 0.041666666666666664
1 0.55 0.22916666666666666 0.0125 0.016666666666666666
1 0.5515625 0.221875 0.0125 0.01875
1 0.5234375 0.084375 0.021875 0.022916666666666665
1 0.5234375 0.06145833333333333 0.0125 0.014583333333333334
1 0.378125 0.253125 0.0125 0.01875
1 0.3515625 0.25416666666666665 0.0125 0.029166666666666667
1 0.37265625 0.225 0.0140625 0.016666666666666666
1 0.35390625 0.225 0.0109375 0.016666666666666666
1 0.3359375 0.22604166666666667 0.0125 0.022916666666666665
1 0.31640625 0.22916666666666666 0.0140625 0.016666666666666666
1 0.3171875 0.2635416666666667 0.01875 0.035416666666666666
1 0.2984375 0.23333333333333334 0.015625 0.020833333333333332
1 0.2734375 0.23020833333333332 0.015625 0.014583333333333334
1 0.3828125 0.18958333333333333 0.0125 0.020833333333333332
1 0.36640625 0.19270833333333334 0.0140625 0.01875
1 0.32890625 0.18958333333333333 0.0140625 0.016666666666666666
1 0.3125 0.196875 0.015625 0.03125
1 0.29609375 0.175 0.0234375 0.025
1 0.48828125 0.08229166666666667 0.0203125 0.01875
1 0.79140625 0.9354166666666667 0.0234375 0.0125
1 0.746875 0.8416666666666667 0.028125 0.041666666666666664
1 0.6765625 0.6020833333333333 0.015625 0.025
1 0.5296875 0.225 0.015625 0.016666666666666666
