
1 0.36953125 0.9760416666666667 0.0609375 0.04791666666666667
1 0.43984375 0.928125 0.0515625 0.03958333333333333
1 0.22890625 0.9927083333333333 0.0453125 0.014583333333333334
1 0.3078125 0.9583333333333334 0.0625 0.05
1 0.39375 0.9114583333333334 0.05625 0.04791666666666667
1 0.15859375 0.9864583333333333 0.0671875 0.027083333333333334
1 0.24609375 0.9458333333333333 0.0609375 0.04583333333333333
1 0.32265625 0.9010416666666666 0.0484375 0.03958333333333333
1 0.3953125 0.8614583333333333 0.05625 0.03958333333333333
1 0.10703125 0.9770833333333333 0.0640625 0.04583333333333333
1 0.1890625 0.928125 0.0625 0.04791666666666667
1 0.27890625 0.8854166666666666 0.0703125 0.05
1 0.3578125 0.8416666666666667 0.05625 0.041666666666666664

1 0.1859375 0.9291666666666667 0.05 0.0375


1 0.321875 0.6229166666666667 0.034375 0.03333333333333333
1 0.321875 0.625 0.034375 0.0375
1 0.7875 0.4791666666666667 0.034375 0.025
1 0.7984375 0.9697916666666667 0.040625 0.06041666666666667
1 0.62421875 0.6104166666666667 0.0328125 0.05

1 0.81953125 0.7916666666666666 0.0484375 0.04583333333333333

5 0.2203125 0.6458333333333334 0.01875 0.016666666666666666
5 0.32265625 0.625 0.0296875 0.0375
4 0.39296875 0.6604166666666667 0.0109375 0.029166666666666667
4 0.39375 0.6645833333333333 0.009375 0.020833333333333332
5 0.3109375 0.6385416666666667 0.015625 0.01875
5 0.453125 0.521875 0.009375 0.022916666666666665
4 0.38671875 0.5229166666666667 0.0078125 0.0125
4 0.34921875 0.509375 0.0078125 0.014583333333333334
4 0.3515625 0.50625 0.0125 0.0125
5 0.6796875 0.9979166666666667 0.00625 0.004166666666666667
1 0.5703125 0.42083333333333334 0.028125 0.0375
5 0.5484375 0.434375 0.0125 0.014583333333333334
5 0.625 0.59375 0.01875 0.0125
5 0.5796875 0.4791666666666667 0.028125 0.041666666666666664
5 0.7640625 0.8760416666666667 0.0125 0.014583333333333334
5 0.71328125 0.996875 0.0109375 0.00625
5 0.809375 0.990625 0.025 0.01875

5 0.746875 0.9989583333333333 0.00625 0.0020833333333333333
5 0.99296875 0.6052083333333333 0.0078125 0.00625
5 0.99765625 0.6135416666666667 0.0046875 0.01875
5 0.78046875 0.465625 0.0109375 0.01875
5 0.7125 0.996875 0.009375 0.00625
5 0.56796875 0.42083333333333334 0.0265625 0.0375
5 0.6015625 0.515625 0.075 0.20208333333333334
5 0.3140625 0.63125 0.009375 0.025
1 0.54453125 0.31666666666666665 0.0203125 0.03333333333333333
3 0.70390625 0.84375 0.0484375 0.075
1 0.31640625 0.6375 0.0109375 0.0125
1 0.66796875 0.3625 0.0078125 0.008333333333333333
3 0.5703125 0.42083333333333334 0.028125 0.0375
1 0.55078125 0.228125 0.0140625 0.022916666666666665
1 0.55234375 0.22395833333333334 0.0109375 0.01875
1 0.52578125 0.08333333333333333 0.0234375 0.025
1 0.52265625 0.06145833333333333 0.0109375 0.014583333333333334
1 0.378125 0.253125 0.0125 0.01875
1 0.3515625 0.25416666666666665 0.0125 0.029166666666666667
1 0.3734375 0.225 0.0125 0.016666666666666666
1 0.35390625 0.225 0.0109375 0.016666666666666666
1 0.3359375 0.22604166666666667 0.0125 0.022916666666666665
1 0.31640625 0.22916666666666666 0.0140625 0.016666666666666666
1 0.31640625 0.2552083333333333 0.0171875 0.027083333333333334
1 0.29921875 0.23333333333333334 0.0171875 0.020833333333333332
1 0.275 0.228125 0.0125 0.014583333333333334
1 0.3828125 0.18958333333333333 0.0125 0.020833333333333332
1 0.3671875 0.19270833333333334 0.0125 0.01875
1 0.32890625 0.18958333333333333 0.0140625 0.016666666666666666
1 0.3125 0.196875 0.015625 0.03125
1 0.29609375 0.175 0.0234375 0.025
1 0.48828125 0.08229166666666667 0.0203125 0.01875
1 0.79375 0.9416666666666667 0.01875 0.008333333333333333
1 0.74921875 0.8510416666666667 0.0296875 0.04375
1 0.678125 0.6072916666666667 0.015625 0.027083333333333334
1 0.5296875 0.22708333333333333 0.015625 0.016666666666666666
