
1 0.36953125 0.9760416666666667 0.0609375 0.04791666666666667
1 0.43984375 0.928125 0.0515625 0.03958333333333333
1 0.22890625 0.9927083333333333 0.0453125 0.014583333333333334
1 0.30703125 0.9583333333333334 0.0640625 0.05
1 0.39375 0.9114583333333334 0.05625 0.04791666666666667
1 0.159375 0.9854166666666667 0.06875 0.029166666666666667
1 0.24609375 0.9458333333333333 0.0609375 0.04583333333333333
1 0.32265625 0.9010416666666666 0.0484375 0.03958333333333333
1 0.3953125 0.8614583333333333 0.05625 0.03958333333333333
1 0.10703125 0.9770833333333333 0.0640625 0.04583333333333333
1 0.1890625 0.928125 0.0625 0.04791666666666667
1 0.27890625 0.8854166666666666 0.0703125 0.05
1 0.3578125 0.8416666666666667 0.05625 0.041666666666666664

1 0.18515625 0.93125 0.0515625 0.041666666666666664


1 0.3140625 0.628125 0.034375 0.035416666666666666
1 0.3140625 0.6302083333333334 0.034375 0.035416666666666666
1 0.7953125 0.48333333333333334 0.03125 0.025
1 0.80234375 0.9770833333333333 0.0453125 0.04583333333333333
1 0.6265625 0.6166666666666667 0.034375 0.05

1 0.82109375 0.7916666666666666 0.0484375 0.04583333333333333

5 0.22578125 0.6427083333333333 0.0203125 0.014583333333333334
5 0.31484375 0.6322916666666667 0.0296875 0.035416666666666666
4 0.3921875 0.6583333333333333 0.009375 0.025
4 0.3921875 0.6625 0.009375 0.025
5 0.3046875 0.6427083333333333 0.0125 0.01875
5 0.45234375 0.521875 0.0078125 0.022916666666666665
4 0.3875 0.5229166666666667 0.009375 0.0125
4 0.34921875 0.5104166666666666 0.0078125 0.016666666666666666
4 0.3515625 0.5041666666666667 0.0125 0.0125

1 0.5703125 0.42291666666666666 0.025 0.029166666666666667
5 0.54921875 0.43125 0.0109375 0.0125
5 0.62890625 0.5958333333333333 0.0140625 0.008333333333333333
5 0.58203125 0.478125 0.0265625 0.05625
5 0.76796875 0.890625 0.0109375 0.01875

5 0.8125 0.9947916666666666 0.025 0.010416666666666666


5 0.99609375 0.609375 0.0078125 0.00625
5 0.99765625 0.615625 0.0046875 0.01875
5 0.78828125 0.46458333333333335 0.0140625 0.016666666666666666

5 0.571875 0.43333333333333335 0.025 0.04583333333333333
5 0.60234375 0.5302083333333333 0.0765625 0.19791666666666666
5 0.29921875 0.6427083333333333 0.0015625 0.0020833333333333333
1 0.54609375 0.321875 0.0203125 0.035416666666666666
3 0.7078125 0.85625 0.05 0.07083333333333333
1 0.30234375 0.6447916666666667 0.0109375 0.014583333333333334
1 0.6703125 0.3645833333333333 0.009375 0.0125
3 0.5703125 0.4197916666666667 0.021875 0.022916666666666665
1 0.5515625 0.23229166666666667 0.015625 0.022916666666666665
1 0.5515625 0.225 0.0125 0.016666666666666666
1 0.52578125 0.08333333333333333 0.0234375 0.025
1 0.5234375 0.06145833333333333 0.0125 0.014583333333333334
1 0.378125 0.253125 0.0125 0.01875
1 0.353125 0.25104166666666666 0.0125 0.022916666666666665
1 0.3734375 0.225 0.0125 0.016666666666666666
1 0.35390625 0.225 0.0109375 0.016666666666666666
1 0.33515625 0.22916666666666666 0.0140625 0.025
1 0.31640625 0.23229166666666667 0.0140625 0.01875
1 0.3171875 0.25416666666666665 0.015625 0.029166666666666667
1 0.29921875 0.23333333333333334 0.0171875 0.020833333333333332
1 0.2734375 0.23020833333333332 0.015625 0.014583333333333334
1 0.3828125 0.18958333333333333 0.0125 0.020833333333333332
1 0.36640625 0.19270833333333334 0.0140625 0.01875
1 0.3296875 0.18958333333333333 0.0125 0.016666666666666666
1 0.3125 0.196875 0.015625 0.03125
1 0.296875 0.175 0.021875 0.025
1 0.48828125 0.08333333333333333 0.0203125 0.020833333333333332
1 0.8 0.9572916666666667 0.01875 0.010416666666666666
1 0.75859375 0.8697916666666666 0.0234375 0.03125
1 0.68046875 0.6145833333333334 0.0203125 0.025
1 0.5296875 0.23645833333333333 0.015625 0.022916666666666665
