
1 0.36953125 0.9760416666666667 0.0609375 0.04791666666666667
1 0.43984375 0.928125 0.0515625 0.03958333333333333
1 0.22890625 0.9927083333333333 0.0453125 0.014583333333333334
1 0.3078125 0.9583333333333334 0.0625 0.05
1 0.39375 0.9114583333333334 0.05625 0.04791666666666667
1 0.15859375 0.9854166666666667 0.0671875 0.029166666666666667
1 0.24609375 0.9458333333333333 0.0609375 0.04583333333333333
1 0.32265625 0.9010416666666666 0.0484375 0.03958333333333333
1 0.3953125 0.8614583333333333 0.05625 0.03958333333333333
1 0.10703125 0.9770833333333333 0.0640625 0.04583333333333333
1 0.1890625 0.928125 0.0625 0.04791666666666667
1 0.27890625 0.8854166666666666 0.0703125 0.05
1 0.3578125 0.8416666666666667 0.05625 0.041666666666666664

1 0.18515625 0.93125 0.0515625 0.041666666666666664


1 0.30703125 0.634375 0.0359375 0.03958333333333333
1 0.30859375 0.6333333333333333 0.0359375 0.0375
1 0.79453125 0.4875 0.0265625 0.029166666666666667
1 0.80625 0.98125 0.040625 0.0375
1 0.628125 0.6239583333333333 0.0375 0.052083333333333336

1 0.821875 0.7916666666666666 0.05 0.04583333333333333

5 0.228125 0.6447916666666667 0.021875 0.01875
5 0.30859375 0.6322916666666667 0.0296875 0.035416666666666666
4 0.390625 0.6583333333333333 0.0125 0.025
4 0.39140625 0.6604166666666667 0.0109375 0.020833333333333332
5 0.29765625 0.6458333333333334 0.0140625 0.016666666666666666
5 0.45234375 0.521875 0.0078125 0.022916666666666665
4 0.3875 0.5229166666666667 0.009375 0.0125
4 0.34921875 0.5104166666666666 0.0078125 0.016666666666666666
4 0.3515625 0.5052083333333334 0.0125 0.010416666666666666

1 0.57109375 0.42604166666666665 0.0234375 0.027083333333333334
5 0.55 0.43125 0.009375 0.0125
5 0.62890625 0.603125 0.0171875 0.010416666666666666
5 0.58203125 0.49270833333333336 0.0296875 0.04375
5 0.7703125 0.8979166666666667 0.009375 0.020833333333333332

5 0.8140625 0.9958333333333333 0.021875 0.008333333333333333
5 0.79453125 0.6041666666666666 0.0015625 0.004166666666666667

5 0.996875 0.6125 0.00625 0.008333333333333333
5 0.9984375 0.615625 0.003125 0.01875
5 0.79921875 0.46145833333333336 0.0109375 0.014583333333333334

5 0.57421875 0.44583333333333336 0.0296875 0.05
5 0.60234375 0.5260416666666666 0.0796875 0.21041666666666667
5 0.52109375 0.3729166666666667 0.0015625 0.004166666666666667
1 0.54609375 0.3260416666666667 0.0203125 0.035416666666666666
3 0.71015625 0.8614583333333333 0.0484375 0.07291666666666667
1 0.296875 0.6479166666666667 0.0125 0.0125
1 0.67265625 0.3645833333333333 0.0109375 0.0125
3 0.5703125 0.4239583333333333 0.021875 0.022916666666666665
1 0.55234375 0.234375 0.0140625 0.022916666666666665
1 0.5515625 0.22708333333333333 0.0125 0.016666666666666666
1 0.52578125 0.08229166666666667 0.0234375 0.027083333333333334
1 0.5234375 0.06145833333333333 0.0125 0.014583333333333334
1 0.378125 0.253125 0.0125 0.01875
1 0.353125 0.25104166666666666 0.0125 0.022916666666666665
1 0.3734375 0.225 0.0125 0.016666666666666666
1 0.35390625 0.225 0.0109375 0.016666666666666666
1 0.3359375 0.225 0.0125 0.020833333333333332
1 0.31640625 0.22916666666666666 0.0140625 0.016666666666666666
1 0.3171875 0.2552083333333333 0.015625 0.03125
1 0.29921875 0.23333333333333334 0.0171875 0.020833333333333332
1 0.2734375 0.23020833333333332 0.015625 0.014583333333333334
1 0.3828125 0.18958333333333333 0.0125 0.020833333333333332
1 0.3671875 0.19270833333333334 0.0125 0.01875
1 0.3296875 0.18958333333333333 0.0125 0.016666666666666666
1 0.3125 0.196875 0.015625 0.03125
1 0.2984375 0.17291666666666666 0.01875 0.025
1 0.48828125 0.084375 0.0203125 0.01875
1 0.8015625 0.96875 0.021875 0.0125
1 0.75546875 0.8729166666666667 0.0328125 0.041666666666666664
1 0.6828125 0.61875 0.015625 0.025
1 0.53046875 0.23541666666666666 0.0140625 0.020833333333333332
