
1 0.36953125 0.9760416666666667 0.0609375 0.04791666666666667
1 0.43984375 0.928125 0.0515625 0.03958333333333333
1 0.22890625 0.9927083333333333 0.0453125 0.014583333333333334
1 0.3078125 0.9583333333333334 0.0625 0.05
1 0.39375 0.9114583333333334 0.05625 0.04791666666666667
1 0.159375 0.9864583333333333 0.06875 0.027083333333333334
1 0.2453125 0.9458333333333333 0.059375 0.04583333333333333
1 0.32265625 0.9010416666666666 0.0484375 0.03958333333333333
1 0.3953125 0.8614583333333333 0.05625 0.03958333333333333
1 0.10703125 0.9770833333333333 0.0640625 0.04583333333333333
1 0.1890625 0.928125 0.0625 0.04791666666666667
1 0.27890625 0.8854166666666666 0.0703125 0.05
1 0.35703125 0.8416666666666667 0.0546875 0.041666666666666664

1 0.1859375 0.93125 0.05 0.041666666666666664


1 0.29765625 0.6395833333333333 0.0390625 0.0375
1 0.3 0.640625 0.0375 0.03958333333333333
1 0.8 0.48854166666666665 0.034375 0.03125
1 0.80859375 0.9875 0.0390625 0.025
1 0.63203125 0.6322916666666667 0.0359375 0.052083333333333336

1 0.821875 0.7916666666666666 0.05 0.04583333333333333

5 0.23203125 0.6427083333333333 0.0203125 0.01875
5 0.29921875 0.6385416666666667 0.0328125 0.035416666666666666
4 0.39140625 0.6510416666666666 0.0078125 0.01875
4 0.38671875 0.65625 0.0140625 0.020833333333333332
5 0.2890625 0.6510416666666666 0.0125 0.014583333333333334
5 0.45234375 0.521875 0.0078125 0.022916666666666665
4 0.38828125 0.521875 0.0078125 0.010416666666666666
4 0.34921875 0.5104166666666666 0.0078125 0.016666666666666666
4 0.353125 0.5041666666666667 0.0125 0.0125

1 0.57265625 0.4375 0.0265625 0.0375
5 0.55 0.43125 0.009375 0.0125
5 0.63203125 0.6114583333333333 0.0140625 0.010416666666666666
5 0.58515625 0.4979166666666667 0.0265625 0.041666666666666664
5 0.77109375 0.909375 0.0109375 0.010416666666666666

5 0.8140625 0.9947916666666666 0.021875 0.010416666666666666
5 0.82578125 0.33958333333333335 0.0640625 0.5375

5 0.9984375 0.6166666666666667 0.003125 0.0125
5 0.9984375 0.6177083333333333 0.003125 0.014583333333333334
5 0.80078125 0.4635416666666667 0.0140625 0.01875

5 0.57265625 0.4510416666666667 0.0265625 0.05625
5 0.59609375 0.5291666666666667 0.0671875 0.2125
5 0.5203125 0.3802083333333333 0.00625 0.01875
1 0.54765625 0.33229166666666665 0.0203125 0.035416666666666666
3 0.71328125 0.8708333333333333 0.0484375 0.075
1 0.2875 0.653125 0.0125 0.014583333333333334
1 0.671875 0.36875 0.0125 0.0125
3 0.5734375 0.43854166666666666 0.028125 0.03958333333333333
1 0.553125 0.2375 0.015625 0.025
1 0.5515625 0.228125 0.0125 0.014583333333333334
1 0.525 0.08229166666666667 0.025 0.027083333333333334
1 0.5234375 0.06145833333333333 0.0125 0.014583333333333334
1 0.378125 0.253125 0.0125 0.01875
1 0.353125 0.25 0.0125 0.025
1 0.3734375 0.225 0.0125 0.016666666666666666
1 0.35390625 0.225 0.0109375 0.016666666666666666
1 0.3359375 0.225 0.0125 0.020833333333333332
1 0.31640625 0.22916666666666666 0.0140625 0.016666666666666666
1 0.3171875 0.2552083333333333 0.015625 0.03125
1 0.29921875 0.23333333333333334 0.0171875 0.020833333333333332
1 0.2734375 0.23020833333333332 0.015625 0.014583333333333334
1 0.3828125 0.18958333333333333 0.0125 0.020833333333333332
1 0.3671875 0.19270833333333334 0.0125 0.01875
1 0.3296875 0.18958333333333333 0.0125 0.016666666666666666
1 0.3125 0.19583333333333333 0.015625 0.029166666666666667
1 0.296875 0.175 0.021875 0.025
1 0.48828125 0.08333333333333333 0.0203125 0.020833333333333332
1 0.80546875 0.984375 0.0234375 0.014583333333333334
1 0.76015625 0.8864583333333333 0.0296875 0.04375
1 0.6875 0.63125 0.015625 0.020833333333333332
1 0.53125 0.23854166666666668 0.015625 0.01875
