1 0.0328125 0.946875 0.065625 0.06041666666666667
1 0.3828125 0.975 0.059375 0.05
1 0.45234375 0.9239583333333333 0.0515625 0.04375
1 0.240625 0.990625 0.046875 0.01875
1 0.31953125 0.9572916666666667 0.0640625 0.052083333333333336
1 0.40546875 0.9104166666666667 0.0546875 0.05
1 0.165625 0.9854166666666667 0.065625 0.029166666666666667
1 0.25859375 0.94375 0.0609375 0.04583333333333333
1 0.33359375 0.8979166666666667 0.0484375 0.041666666666666664
1 0.40625 0.8583333333333333 0.053125 0.041666666666666664
1 0.1203125 0.9770833333333333 0.065625 0.04583333333333333
1 0.20078125 0.928125 0.0609375 0.04791666666666667
1 0.290625 0.8822916666666667 0.06875 0.052083333333333336
1 0.36875 0.8395833333333333 0.053125 0.04583333333333333
1 0.1828125 0.8333333333333334 0.059375 0.05
1 0.12109375 0.7708333333333334 0.0515625 0.04583333333333333
1 0.24453125 0.75 0.0546875 0.04583333333333333
1 0.4046875 0.7447916666666666 0.05 0.03958333333333333
1 0.41171875 0.6604166666666667 0.0515625 0.0375
1 0.51171875 0.68125 0.0515625 0.03333333333333333
1 0.53203125 0.7458333333333333 0.0546875 0.0375
1 0.615625 0.7135416666666666 0.053125 0.03958333333333333
1 0.6953125 0.725 0.05 0.05
1 0.71640625 0.83125 0.0484375 0.05416666666666667
1 0.81484375 0.775 0.0640625 0.058333333333333334
1 0.88046875 0.875 0.0390625 0.06666666666666667
5 0.02109375 0.7739583333333333 0.0234375 0.027083333333333334
5 0.27890625 0.6135416666666667 0.0234375 0.022916666666666665
4 0.35078125 0.5583333333333333 0.0078125 0.020833333333333332
4 0.37109375 0.5520833333333334 0.0078125 0.016666666666666666
5 0.40625 0.54375 0.009375 0.025
5 0.4203125 0.5395833333333333 0.009375 0.025
4 0.39765625 0.5291666666666667 0.0078125 0.016666666666666666
4 0.365625 0.5125 0.009375 0.020833333333333332
4 0.37578125 0.5 0.0109375 0.0125
5 0.521875 0.4166666666666667 0.009375 0.025
1 0.5734375 0.39791666666666664 0.021875 0.03333333333333333
5 0.5359375 0.4166666666666667 0.00625 0.016666666666666666
5 0.55625 0.4114583333333333 0.009375 0.022916666666666665
5 0.55703125 0.43020833333333336 0.0109375 0.022916666666666665
5 0.56953125 0.4322916666666667 0.0109375 0.01875
5 0.590625 0.390625 0.015625 0.01875
5 0.615625 0.403125 0.0125 0.01875
5 0.6125 0.3854166666666667 0.009375 0.0125
5 0.64375 0.37083333333333335 0.009375 0.016666666666666666
5 0.61875 0.3645833333333333 0.009375 0.016666666666666666
5 0.6171875 0.34479166666666666 0.0125 0.01875
5 0.59375 0.3625 0.0125 0.016666666666666666
5 0.5703125 0.3625 0.009375 0.016666666666666666
5 0.553125 0.36875 0.00625 0.0125
5 0.53125 0.35520833333333335 0.00625 0.014583333333333334
5 0.5390625 0.35625 0.00625 0.016666666666666666
1 0.52734375 0.29583333333333334 0.0203125 0.029166666666666667
3 0.546875 0.25625 0.028125 0.0625
1 0.53046875 0.215625 0.0140625 0.01875
1 0.53203125 0.1875 0.0140625 0.025
3 0.525 0.14375 0.021875 0.04583333333333333
1 0.5171875 0.11458333333333333 0.0125 0.016666666666666666
1 0.5140625 0.08645833333333333 0.0125 0.022916666666666665
1 0.50625 0.05625 0.009375 0.0125
1 0.49375 0.013541666666666667 0.0125 0.01875
1 0.38046875 0.24895833333333334 0.0171875 0.01875
1 0.3625 0.246875 0.015625 0.027083333333333334
1 0.38125 0.22291666666666668 0.015625 0.020833333333333332
1 0.36171875 0.22291666666666668 0.0171875 0.020833333333333332
1 0.34296875 0.22083333333333333 0.0140625 0.020833333333333332
1 0.321875 0.228125 0.015625 0.022916666666666665
1 0.32265625 0.25729166666666664 0.0171875 0.03125
1 0.30234375 0.23020833333333332 0.0203125 0.022916666666666665
1 0.284375 0.225 0.015625 0.016666666666666666
1 0.390625 0.184375 0.015625 0.01875
1 0.3734375 0.1875 0.015625 0.020833333333333332
1 0.33515625 0.18541666666666667 0.0140625 0.020833333333333332
1 0.31796875 0.18958333333333333 0.0171875 0.029166666666666667
1 0.3046875 0.16770833333333332 0.01875 0.027083333333333334
1 0.490625 0.07604166666666666 0.015625 0.01875
1 0.565625 0.25416666666666665 0.015625 0.029166666666666667
1 0.56015625 0.22083333333333333 0.0171875 0.029166666666666667
1 0.55234375 0.19166666666666668 0.0140625 0.025
1 0.54375 0.16145833333333334 0.015625 0.022916666666666665
