
1 0.38125 0.975 0.059375 0.05
1 0.4515625 0.9260416666666667 0.053125 0.04375
1 0.2421875 0.9927083333333333 0.04375 0.014583333333333334
1 0.31875 0.9583333333333334 0.065625 0.05
1 0.4046875 0.9114583333333334 0.05625 0.04791666666666667
1 0.16875 0.9854166666666667 0.065625 0.029166666666666667
1 0.25703125 0.9458333333333333 0.0609375 0.04583333333333333
1 0.3328125 0.9 0.046875 0.041666666666666664
1 0.4046875 0.8604166666666667 0.05625 0.041666666666666664
1 0.11875 0.9770833333333333 0.065625 0.04583333333333333
1 0.19921875 0.928125 0.0609375 0.04791666666666667
1 0.2890625 0.8833333333333333 0.06875 0.05
1 0.3671875 0.840625 0.053125 0.04375
1 0.0140625 0.9239583333333333 0.028125 0.03958333333333333

1 0.04375 0.8520833333333333 0.065625 0.05416666666666667
1 0.26796875 0.8041666666666667 0.0265625 0.029166666666666667
1 0.271875 0.7677083333333333 0.009375 0.06458333333333334
1 0.37421875 0.7041666666666667 0.0515625 0.041666666666666664
1 0.4328125 0.7447916666666666 0.05625 0.03958333333333333
1 0.5171875 0.6875 0.05625 0.0375
1 0.59140625 0.6645833333333333 0.0484375 0.03333333333333333
1 0.65234375 0.7833333333333333 0.0546875 0.05416666666666667
1 0.68515625 0.6729166666666667 0.0578125 0.04583333333333333
1 0.809375 0.7041666666666667 0.040625 0.0625

5 0.3234375 0.596875 0.021875 0.022916666666666665
4 0.3484375 0.5583333333333333 0.00625 0.020833333333333332
4 0.36953125 0.55 0.0078125 0.016666666666666666
5 0.40546875 0.5427083333333333 0.0078125 0.022916666666666665
5 0.41953125 0.5416666666666666 0.0109375 0.025
4 0.39609375 0.5302083333333333 0.0078125 0.01875
4 0.3671875 0.50625 0.0125 0.03333333333333333
4 0.3703125 0.49375 0.015625 0.016666666666666666
5 0.52109375 0.4166666666666667 0.0078125 0.025
1 0.57265625 0.39895833333333336 0.0203125 0.03125
5 0.534375 0.41770833333333335 0.00625 0.01875
5 0.55390625 0.4114583333333333 0.0078125 0.01875
5 0.553125 0.43125 0.009375 0.025
5 0.58046875 0.45416666666666666 0.0109375 0.020833333333333332
5 0.58984375 0.39375 0.0171875 0.020833333333333332
5 0.6171875 0.41875 0.0125 0.020833333333333332
5 0.61171875 0.3875 0.0078125 0.016666666666666666
5 0.64296875 0.3729166666666667 0.0078125 0.016666666666666666
5 0.61875 0.365625 0.009375 0.01875
5 0.615625 0.3458333333333333 0.0125 0.016666666666666666
5 0.61640625 0.365625 0.0140625 0.01875
5 0.5671875 0.3625 0.009375 0.016666666666666666
5 0.55078125 0.3729166666666667 0.0078125 0.016666666666666666
5 0.53203125 0.35520833333333335 0.0078125 0.014583333333333334
5 0.5375 0.35520833333333335 0.00625 0.01875
1 0.54375 0.33229166666666665 0.021875 0.03125
3 0.54453125 0.2604166666666667 0.0265625 0.06666666666666667
1 0.52890625 0.21875 0.0140625 0.020833333333333332
1 0.52890625 0.18958333333333333 0.0171875 0.025
3 0.52421875 0.14270833333333333 0.0203125 0.04791666666666667
1 0.51640625 0.11458333333333333 0.0109375 0.016666666666666666
1 0.5125 0.09166666666666666 0.0125 0.029166666666666667
1 0.50234375 0.06770833333333333 0.0078125 0.014583333333333334
1 0.49140625 0.041666666666666664 0.0140625 0.025
1 0.3828125 0.25 0.015625 0.020833333333333332
1 0.36171875 0.24583333333333332 0.0140625 0.025
1 0.3796875 0.22395833333333334 0.015625 0.01875
1 0.35859375 0.22395833333333334 0.0140625 0.01875
1 0.33984375 0.22395833333333334 0.0171875 0.027083333333333334
1 0.32109375 0.23020833333333332 0.0140625 0.022916666666666665
1 0.32109375 0.25833333333333336 0.0171875 0.029166666666666667
1 0.30078125 0.23125 0.0203125 0.020833333333333332
1 0.28125 0.22604166666666667 0.015625 0.01875
1 0.38828125 0.184375 0.0171875 0.01875
1 0.37265625 0.18958333333333333 0.0171875 0.020833333333333332
1 0.33359375 0.18645833333333334 0.0140625 0.01875
1 0.3140625 0.19166666666666668 0.015625 0.029166666666666667
1 0.30390625 0.16875 0.0171875 0.025
1 0.490625 0.07083333333333333 0.01875 0.020833333333333332
1 0.5640625 0.25625 0.015625 0.029166666666666667
1 0.55625 0.22083333333333333 0.015625 0.029166666666666667
1 0.55078125 0.190625 0.0140625 0.022916666666666665
1 0.54296875 0.16354166666666667 0.0171875 0.022916666666666665
