
1 0.36953125 0.9760416666666667 0.0609375 0.04791666666666667
1 0.43984375 0.928125 0.0515625 0.03958333333333333
1 0.22890625 0.9927083333333333 0.0453125 0.014583333333333334
1 0.3078125 0.9583333333333334 0.0625 0.05
1 0.39375 0.9114583333333334 0.05625 0.04791666666666667
1 0.159375 0.9854166666666667 0.06875 0.029166666666666667
1 0.24609375 0.9458333333333333 0.0609375 0.04583333333333333
1 0.32265625 0.9010416666666666 0.0484375 0.03958333333333333
1 0.3953125 0.8614583333333333 0.05625 0.03958333333333333
1 0.10703125 0.9770833333333333 0.0640625 0.04583333333333333
1 0.1890625 0.928125 0.0625 0.04791666666666667
1 0.27890625 0.8854166666666666 0.0703125 0.05
1 0.35859375 0.8416666666666667 0.0546875 0.041666666666666664

1 0.184375 0.93125 0.053125 0.041666666666666664


1 0.2921875 0.6416666666666667 0.0375 0.0375
1 0.2921875 0.6427083333333333 0.0375 0.03958333333333333
1 0.8015625 0.490625 0.0375 0.03125
1 0.81015625 0.9916666666666667 0.0328125 0.016666666666666666
1 0.6328125 0.6375 0.0375 0.05

1 0.82578125 0.7833333333333333 0.0359375 0.03333333333333333

5 0.23515625 0.6416666666666667 0.0203125 0.020833333333333332
5 0.2921875 0.6427083333333333 0.03125 0.035416666666666666
4 0.3875 0.6520833333333333 0.015625 0.029166666666666667
4 0.38515625 0.6583333333333333 0.0171875 0.025
5 0.2828125 0.6541666666666667 0.0125 0.0125
5 0.45234375 0.521875 0.0078125 0.022916666666666665
4 0.38828125 0.5229166666666667 0.0078125 0.0125
4 0.3484375 0.5135416666666667 0.009375 0.01875
4 0.353125 0.5041666666666667 0.0125 0.0125

1 0.575 0.44375 0.028125 0.041666666666666664
5 0.55078125 0.43125 0.0109375 0.0125
5 0.63203125 0.6166666666666667 0.0171875 0.008333333333333333
5 0.5859375 0.5052083333333334 0.028125 0.04791666666666667
5 0.778125 0.921875 0.0125 0.014583333333333334

5 0.81015625 0.9947916666666666 0.0265625 0.010416666666666666
5 0.82578125 0.340625 0.0640625 0.5354166666666667



5 0.803125 0.46458333333333335 0.015625 0.016666666666666666

5 0.57421875 0.4552083333333333 0.0234375 0.05625
5 0.5984375 0.5364583333333334 0.06875 0.21458333333333332
5 0.51953125 0.37083333333333335 0.0078125 0.0125
1 0.54921875 0.33645833333333336 0.0203125 0.035416666666666666
3 0.71484375 0.8760416666666667 0.0515625 0.07708333333333334
1 0.28046875 0.659375 0.0140625 0.014583333333333334
1 0.67421875 0.36770833333333336 0.0109375 0.010416666666666666
3 0.57578125 0.44375 0.0265625 0.041666666666666664
1 0.553125 0.2375 0.015625 0.025
1 0.553125 0.22916666666666666 0.0125 0.0125
1 0.525 0.08333333333333333 0.025 0.025
1 0.52265625 0.06041666666666667 0.0109375 0.016666666666666666
1 0.378125 0.253125 0.0125 0.01875
1 0.353125 0.25104166666666666 0.0125 0.022916666666666665
1 0.3734375 0.225 0.0125 0.016666666666666666
1 0.35390625 0.225 0.0109375 0.016666666666666666
1 0.3359375 0.22604166666666667 0.0125 0.022916666666666665
1 0.31640625 0.22916666666666666 0.0140625 0.016666666666666666
1 0.3171875 0.2552083333333333 0.015625 0.03125
1 0.2984375 0.23333333333333334 0.015625 0.020833333333333332
1 0.27578125 0.228125 0.0140625 0.014583333333333334
1 0.3828125 0.18958333333333333 0.0125 0.020833333333333332
1 0.3671875 0.19270833333333334 0.0125 0.01875
1 0.3296875 0.18958333333333333 0.0125 0.016666666666666666
1 0.3125 0.196875 0.015625 0.03125
1 0.296875 0.175 0.021875 0.025
1 0.48828125 0.08333333333333333 0.0203125 0.020833333333333332
1 0.8078125 0.9927083333333333 0.021875 0.014583333333333334
1 0.7625 0.8947916666666667 0.03125 0.04375
1 0.690625 0.6385416666666667 0.0125 0.022916666666666665
1 0.53125 0.240625 0.015625 0.01875
