
1 0.36953125 0.9760416666666667 0.0609375 0.04791666666666667
1 0.440625 0.928125 0.053125 0.03958333333333333
1 0.22890625 0.9927083333333333 0.0453125 0.014583333333333334
1 0.3078125 0.9583333333333334 0.0625 0.05
1 0.39375 0.9114583333333334 0.05625 0.04791666666666667
1 0.159375 0.9854166666666667 0.06875 0.029166666666666667
1 0.2453125 0.9458333333333333 0.059375 0.04583333333333333
1 0.32265625 0.9010416666666666 0.0484375 0.03958333333333333
1 0.3953125 0.8614583333333333 0.05625 0.03958333333333333
1 0.10703125 0.9770833333333333 0.0640625 0.04583333333333333
1 0.1890625 0.928125 0.0625 0.04791666666666667
1 0.27890625 0.8854166666666666 0.0703125 0.05
1 0.35859375 0.8416666666666667 0.0546875 0.041666666666666664

1 0.1859375 0.93125 0.05 0.041666666666666664


1 0.28203125 0.6489583333333333 0.0390625 0.03958333333333333
1 0.28359375 0.65 0.0359375 0.041666666666666664
1 0.8046875 0.5010416666666667 0.04375 0.04375

1 0.63828125 0.6458333333333334 0.0328125 0.05

1 0.82578125 0.7833333333333333 0.0359375 0.03333333333333333

5 0.240625 0.6364583333333333 0.01875 0.014583333333333334
5 0.28359375 0.6479166666666667 0.0328125 0.0375
4 0.3875 0.646875 0.015625 0.027083333333333334
4 0.390625 0.6520833333333333 0.00625 0.0125
5 0.271875 0.659375 0.009375 0.014583333333333334
5 0.45234375 0.521875 0.0078125 0.022916666666666665
4 0.38828125 0.5229166666666667 0.0078125 0.0125
4 0.34921875 0.5104166666666666 0.0078125 0.016666666666666666
4 0.353125 0.5041666666666667 0.0125 0.0125

1 0.5796875 0.45416666666666666 0.034375 0.05
5 0.55078125 0.43125 0.0109375 0.0125
5 0.63515625 0.6239583333333333 0.0140625 0.00625
5 0.5890625 0.5125 0.028125 0.04583333333333333
5 0.7828125 0.9354166666666667 0.009375 0.016666666666666666


5 0.82578125 0.33958333333333335 0.0640625 0.5375


5 0.64765625 0.334375 0.0171875 0.01875
5 0.80625 0.46458333333333335 0.015625 0.020833333333333332

5 0.575 0.45729166666666665 0.025 0.052083333333333336
5 0.6359375 0.6322916666666667 0.021875 0.022916666666666665
5 0.51953125 0.37083333333333335 0.0078125 0.0125
1 0.55 0.3416666666666667 0.021875 0.0375
3 0.71875 0.8875 0.046875 0.07916666666666666
1 0.27109375 0.6645833333333333 0.0109375 0.016666666666666666
1 0.6765625 0.375 0.0125 0.0125
3 0.57890625 0.459375 0.0296875 0.05625
1 0.55390625 0.240625 0.0140625 0.022916666666666665
1 0.553125 0.23020833333333332 0.0125 0.014583333333333334
1 0.5234375 0.08333333333333333 0.021875 0.025
1 0.52265625 0.06145833333333333 0.0109375 0.014583333333333334
1 0.37734375 0.253125 0.0140625 0.01875
1 0.353125 0.25 0.0125 0.025
1 0.3734375 0.225 0.0125 0.016666666666666666
1 0.35390625 0.225 0.0109375 0.016666666666666666
1 0.3359375 0.225 0.0125 0.020833333333333332
1 0.31640625 0.22916666666666666 0.0140625 0.016666666666666666
1 0.3171875 0.2552083333333333 0.015625 0.03125
1 0.29921875 0.23333333333333334 0.0171875 0.020833333333333332
1 0.2734375 0.23020833333333332 0.015625 0.014583333333333334
1 0.3828125 0.18958333333333333 0.0125 0.020833333333333332
1 0.3671875 0.19270833333333334 0.0125 0.01875
1 0.3296875 0.18958333333333333 0.0125 0.016666666666666666
1 0.3125 0.196875 0.015625 0.03125
1 0.296875 0.175 0.021875 0.025
1 0.48828125 0.08333333333333333 0.0203125 0.020833333333333332
1 0.82578125 0.990625 0.0046875 0.01875
1 0.76640625 0.9072916666666667 0.0328125 0.04375
1 0.69140625 0.6447916666666667 0.0140625 0.022916666666666665
1 0.53203125 0.24270833333333333 0.0140625 0.014583333333333334
