
1 0.36953125 0.9760416666666667 0.0609375 0.04791666666666667
1 0.440625 0.9270833333333334 0.053125 0.041666666666666664
1 0.22890625 0.9927083333333333 0.0453125 0.014583333333333334
1 0.3078125 0.9583333333333334 0.0625 0.05
1 0.39375 0.9114583333333334 0.05625 0.04791666666666667
1 0.159375 0.9854166666666667 0.06875 0.029166666666666667
1 0.2453125 0.9458333333333333 0.059375 0.04583333333333333
1 0.32265625 0.9010416666666666 0.0484375 0.03958333333333333
1 0.3953125 0.8614583333333333 0.05625 0.03958333333333333
1 0.10703125 0.9770833333333333 0.0640625 0.04583333333333333
1 0.1890625 0.928125 0.0625 0.04791666666666667
1 0.27890625 0.884375 0.0703125 0.04791666666666667
1 0.35859375 0.8416666666666667 0.0546875 0.041666666666666664

1 0.18515625 0.93125 0.0515625 0.041666666666666664


1 0.275 0.653125 0.040625 0.03958333333333333
1 0.28125 0.65625 0.04375 0.04583333333333333
1 0.8125 0.4979166666666667 0.03125 0.041666666666666664

1 0.64375 0.653125 0.0375 0.052083333333333336

1 0.825 0.7822916666666667 0.034375 0.03125

5 0.24375 0.6364583333333333 0.01875 0.014583333333333334
5 0.2796875 0.6541666666666667 0.034375 0.041666666666666664
4 0.38515625 0.6416666666666667 0.0171875 0.020833333333333332
4 0.38515625 0.65 0.0171875 0.025
5 0.265625 0.6614583333333334 0.0125 0.014583333333333334
5 0.45234375 0.521875 0.0078125 0.022916666666666665
4 0.3890625 0.5229166666666667 0.009375 0.0125
4 0.34921875 0.5104166666666666 0.0078125 0.016666666666666666
4 0.3515625 0.5072916666666667 0.0125 0.010416666666666666

1 0.58203125 0.4666666666666667 0.0359375 0.06666666666666667
5 0.55078125 0.43125 0.0109375 0.0125
5 0.6375 0.6291666666666667 0.015625 0.008333333333333333
5 0.58984375 0.5177083333333333 0.0265625 0.05625
5 0.784375 0.94375 0.009375 0.016666666666666666


5 0.82578125 0.33958333333333335 0.0640625 0.5375

5 0.79453125 0.6041666666666666 0.0015625 0.008333333333333333
5 0.65 0.334375 0.025 0.01875
5 0.8171875 0.46041666666666664 0.0125 0.016666666666666666

5 0.575 0.4625 0.025 0.05416666666666667
5 0.63828125 0.6395833333333333 0.0234375 0.025
5 0.51953125 0.37083333333333335 0.0078125 0.0125
1 0.55078125 0.3458333333333333 0.0203125 0.0375
3 0.7203125 0.8916666666666667 0.05 0.07916666666666666
1 0.26640625 0.6677083333333333 0.0109375 0.014583333333333334
1 0.678125 0.3697916666666667 0.0125 0.010416666666666666
3 0.58046875 0.459375 0.0328125 0.052083333333333336
1 0.55390625 0.24270833333333333 0.0140625 0.022916666666666665
1 0.55390625 0.23958333333333334 0.0140625 0.020833333333333332
1 0.5234375 0.08333333333333333 0.021875 0.025
1 0.52265625 0.06145833333333333 0.0109375 0.014583333333333334
1 0.378125 0.253125 0.0125 0.01875
1 0.353125 0.25 0.0125 0.025
1 0.3734375 0.225 0.0125 0.016666666666666666
1 0.3546875 0.225 0.0125 0.016666666666666666
1 0.3359375 0.225 0.0125 0.020833333333333332
1 0.3171875 0.23229166666666667 0.015625 0.01875
1 0.3171875 0.2552083333333333 0.015625 0.03125
1 0.29921875 0.23333333333333334 0.0171875 0.020833333333333332
1 0.27421875 0.23020833333333332 0.0140625 0.014583333333333334
1 0.3828125 0.18958333333333333 0.0125 0.020833333333333332
1 0.3671875 0.19270833333333334 0.0125 0.01875
1 0.3296875 0.18958333333333333 0.0125 0.016666666666666666
1 0.3125 0.196875 0.015625 0.03125
1 0.296875 0.175 0.021875 0.025
1 0.48828125 0.08333333333333333 0.0203125 0.020833333333333332

1 0.76875 0.9177083333333333 0.03125 0.03958333333333333
1 0.69453125 0.65 0.0140625 0.025
1 0.53203125 0.24479166666666666 0.0140625 0.014583333333333334
