
1 0.36953125 0.9760416666666667 0.0609375 0.04791666666666667
1 0.440625 0.928125 0.053125 0.03958333333333333
1 0.22890625 0.9927083333333333 0.0453125 0.014583333333333334
1 0.3078125 0.9583333333333334 0.0625 0.05
1 0.39375 0.9114583333333334 0.05625 0.04791666666666667
1 0.159375 0.9854166666666667 0.06875 0.029166666666666667
1 0.2453125 0.9458333333333333 0.059375 0.04583333333333333
1 0.32265625 0.9010416666666666 0.0484375 0.03958333333333333
1 0.3953125 0.8614583333333333 0.05625 0.03958333333333333
1 0.10703125 0.9770833333333333 0.0640625 0.04583333333333333
1 0.1890625 0.928125 0.0625 0.04791666666666667
1 0.27890625 0.884375 0.0703125 0.04791666666666667
1 0.35859375 0.8416666666666667 0.0546875 0.041666666666666664

1 0.18515625 0.9302083333333333 0.0515625 0.04375


1 0.2671875 0.6572916666666667 0.040625 0.03958333333333333
1 0.26796875 0.6604166666666667 0.0390625 0.04583333333333333
1 0.81640625 0.5 0.0359375 0.04583333333333333

1 0.6421875 0.6614583333333334 0.034375 0.052083333333333336

1 0.81953125 0.7916666666666666 0.0484375 0.04583333333333333

5 0.24765625 0.6375 0.0203125 0.020833333333333332
5 0.26953125 0.659375 0.0359375 0.04375
4 0.38515625 0.6416666666666667 0.0171875 0.020833333333333332
4 0.38515625 0.6416666666666667 0.0171875 0.016666666666666666
5 0.25546875 0.6697916666666667 0.0109375 0.014583333333333334
5 0.45234375 0.5229166666666667 0.0078125 0.020833333333333332
4 0.3890625 0.521875 0.009375 0.010416666666666666
4 0.35 0.5104166666666666 0.009375 0.016666666666666666
4 0.35234375 0.50625 0.0109375 0.0125

1 0.584375 0.478125 0.0375 0.07291666666666667
5 0.55078125 0.43125 0.0109375 0.0125
5 0.640625 0.6416666666666667 0.021875 0.0125
5 0.5890625 0.5145833333333333 0.028125 0.06666666666666667
5 0.78671875 0.9552083333333333 0.0109375 0.010416666666666666


5 0.8203125 0.34375 0.053125 0.5291666666666667

5 0.79453125 0.6041666666666666 0.0015625 0.008333333333333333
5 0.65078125 0.33958333333333335 0.0234375 0.020833333333333332
5 0.81953125 0.46145833333333336 0.0171875 0.014583333333333334

5 0.58203125 0.471875 0.0359375 0.06041666666666667
5 0.63984375 0.646875 0.0265625 0.027083333333333334
5 0.5203125 0.37083333333333335 0.00625 0.0125
1 0.55234375 0.35208333333333336 0.0203125 0.0375
3 0.7234375 0.9041666666666667 0.05 0.07916666666666666
1 0.2515625 0.6760416666666667 0.015625 0.014583333333333334
1 0.6796875 0.3770833333333333 0.0125 0.0125
3 0.58203125 0.46041666666666664 0.0296875 0.0375
1 0.55390625 0.24375 0.0140625 0.025
1 0.553125 0.234375 0.0125 0.014583333333333334
1 0.5234375 0.08333333333333333 0.025 0.025
1 0.52265625 0.06145833333333333 0.0109375 0.014583333333333334
1 0.378125 0.253125 0.0125 0.01875
1 0.353125 0.24895833333333334 0.0125 0.022916666666666665
1 0.3734375 0.225 0.0125 0.016666666666666666
1 0.35390625 0.225 0.0109375 0.016666666666666666
1 0.3359375 0.225 0.0125 0.020833333333333332
1 0.31640625 0.22916666666666666 0.0140625 0.016666666666666666
1 0.31640625 0.25416666666666665 0.0171875 0.029166666666666667
1 0.29921875 0.23333333333333334 0.0171875 0.020833333333333332
1 0.2734375 0.23020833333333332 0.015625 0.014583333333333334
1 0.3828125 0.18958333333333333 0.0125 0.020833333333333332
1 0.3671875 0.19270833333333334 0.0125 0.01875
1 0.3296875 0.18958333333333333 0.0125 0.016666666666666666
1 0.3125 0.196875 0.015625 0.03125
1 0.296875 0.175 0.021875 0.025
1 0.48828125 0.08333333333333333 0.0203125 0.020833333333333332

1 0.771875 0.9322916666666666 0.034375 0.04375
1 0.69375 0.6583333333333333 0.015625 0.025
1 0.53359375 0.24791666666666667 0.0140625 0.016666666666666666
