
1 0.36953125 0.9760416666666667 0.0609375 0.04791666666666667
1 0.440625 0.928125 0.053125 0.03958333333333333
1 0.22890625 0.9927083333333333 0.0453125 0.014583333333333334
1 0.3078125 0.9583333333333334 0.0625 0.05
1 0.39375 0.9114583333333334 0.05625 0.04791666666666667
1 0.15859375 0.9864583333333333 0.0671875 0.027083333333333334
1 0.24609375 0.9458333333333333 0.0609375 0.04583333333333333
1 0.32265625 0.9010416666666666 0.0484375 0.03958333333333333
1 0.3953125 0.8614583333333333 0.05625 0.03958333333333333
1 0.10703125 0.9770833333333333 0.0640625 0.04583333333333333
1 0.1890625 0.928125 0.0625 0.04791666666666667
1 0.27890625 0.884375 0.0703125 0.04791666666666667
1 0.35859375 0.8416666666666667 0.0546875 0.041666666666666664

1 0.18515625 0.9302083333333333 0.0515625 0.04375


1 0.259375 0.6604166666666667 0.0375 0.0375
1 0.259375 0.6645833333333333 0.0375 0.04583333333333333
1 0.8203125 0.5 0.04375 0.05416666666666667

1 0.64453125 0.66875 0.0359375 0.05416666666666667

1 0.81953125 0.790625 0.0484375 0.04375

5 0.25078125 0.6364583333333333 0.0234375 0.01875
5 0.2609375 0.6645833333333333 0.03125 0.0375
4 0.38671875 0.6416666666666667 0.0140625 0.020833333333333332
4 0.38828125 0.6416666666666667 0.0171875 0.020833333333333332
5 0.2484375 0.6739583333333333 0.015625 0.01875
5 0.45234375 0.521875 0.0078125 0.022916666666666665
4 0.38828125 0.5229166666666667 0.0078125 0.0125
4 0.35 0.5104166666666666 0.009375 0.016666666666666666
4 0.353125 0.50625 0.0125 0.0125

1 0.58359375 0.4822916666666667 0.0359375 0.07291666666666667
5 0.55078125 0.43020833333333336 0.0109375 0.010416666666666666
5 0.6421875 0.6427083333333333 0.015625 0.010416666666666666
5 0.59296875 0.5177083333333333 0.0296875 0.07291666666666667
5 0.78828125 0.965625 0.0109375 0.010416666666666666
5 0.88515625 0.0010416666666666667 0.0015625 0.0020833333333333333

5 0.82578125 0.3416666666666667 0.0640625 0.5333333333333333

5 0.79453125 0.6052083333333333 0.0015625 0.00625
5 0.65234375 0.34270833333333334 0.0234375 0.027083333333333334
5 0.81484375 0.4635416666666667 0.0171875 0.01875

5 0.5828125 0.478125 0.034375 0.06458333333333334
5 0.6421875 0.6489583333333333 0.025 0.01875
5 0.5203125 0.37083333333333335 0.00625 0.0125
1 0.553125 0.35520833333333335 0.021875 0.03958333333333333
3 0.7265625 0.909375 0.05 0.08125
1 0.24765625 0.678125 0.0171875 0.01875
1 0.68046875 0.3770833333333333 0.0109375 0.0125
3 0.58359375 0.47291666666666665 0.0328125 0.05416666666666667
1 0.5546875 0.246875 0.0125 0.022916666666666665
1 0.5546875 0.2375 0.0125 0.016666666666666666
1 0.52265625 0.084375 0.0234375 0.022916666666666665
1 0.5234375 0.06145833333333333 0.0125 0.014583333333333334
1 0.378125 0.253125 0.0125 0.01875
1 0.35234375 0.25416666666666665 0.0140625 0.029166666666666667
1 0.3734375 0.225 0.0125 0.016666666666666666
1 0.3546875 0.225 0.0125 0.016666666666666666
1 0.3359375 0.225 0.0125 0.020833333333333332
1 0.31640625 0.22916666666666666 0.0140625 0.016666666666666666
1 0.31640625 0.25416666666666665 0.0171875 0.029166666666666667
1 0.29609375 0.234375 0.0203125 0.022916666666666665
1 0.27421875 0.23020833333333332 0.0140625 0.014583333333333334
1 0.3828125 0.18958333333333333 0.0125 0.020833333333333332
1 0.3671875 0.19270833333333334 0.0125 0.01875
1 0.3296875 0.18958333333333333 0.0125 0.016666666666666666
1 0.3125 0.196875 0.015625 0.03125
1 0.2984375 0.17291666666666666 0.01875 0.025
1 0.48828125 0.08333333333333333 0.0203125 0.020833333333333332

1 0.7765625 0.9395833333333333 0.034375 0.04583333333333333
1 0.69765625 0.6625 0.0171875 0.025
1 0.534375 0.25104166666666666 0.0125 0.01875
