
1 0.36953125 0.9760416666666667 0.0609375 0.04791666666666667
1 0.43984375 0.928125 0.0515625 0.03958333333333333
1 0.22890625 0.9927083333333333 0.0453125 0.014583333333333334
1 0.3078125 0.9583333333333334 0.0625 0.05
1 0.39375 0.9114583333333334 0.05625 0.04791666666666667
1 0.15859375 0.9864583333333333 0.0671875 0.027083333333333334
1 0.24609375 0.9458333333333333 0.0609375 0.04583333333333333
1 0.32265625 0.9010416666666666 0.0484375 0.03958333333333333
1 0.3953125 0.8614583333333333 0.05625 0.03958333333333333
1 0.10703125 0.9770833333333333 0.0640625 0.04583333333333333
1 0.1890625 0.928125 0.0625 0.04791666666666667
1 0.27890625 0.884375 0.0703125 0.04791666666666667
1 0.35859375 0.8416666666666667 0.0546875 0.041666666666666664

1 0.1859375 0.9302083333333333 0.05 0.04375


1 0.24765625 0.6666666666666666 0.0390625 0.041666666666666664
1 0.24921875 0.6697916666666667 0.0390625 0.04791666666666667
1 0.83046875 0.4979166666666667 0.0390625 0.05

1 0.64453125 0.6760416666666667 0.0359375 0.05625

1 0.81953125 0.790625 0.0484375 0.04375

5 0.25390625 0.6333333333333333 0.0234375 0.016666666666666666
5 0.24921875 0.6708333333333333 0.0328125 0.041666666666666664
4 0.38671875 0.6427083333333333 0.0140625 0.022916666666666665
4 0.38828125 0.6427083333333333 0.0171875 0.027083333333333334
5 0.24140625 0.6791666666666667 0.0109375 0.0125
5 0.45234375 0.5229166666666667 0.0078125 0.025
4 0.3890625 0.5229166666666667 0.009375 0.0125
4 0.35 0.5104166666666666 0.009375 0.016666666666666666
4 0.3515625 0.5083333333333333 0.0125 0.0125

1 0.5875 0.490625 0.0375 0.07291666666666667
5 0.55078125 0.43020833333333336 0.0109375 0.010416666666666666
5 0.6453125 0.6541666666666667 0.01875 0.0125
5 0.59375 0.5208333333333334 0.03125 0.07916666666666666
5 0.796875 0.9802083333333333 0.0125 0.014583333333333334
5 0.875 0.003125 0.028125 0.00625



5 0.79453125 0.6052083333333333 0.0046875 0.00625
5 0.6546875 0.34479166666666666 0.025 0.027083333333333334
5 0.81875 0.4625 0.01875 0.016666666666666666
5 0.68515625 0.384375 0.0015625 0.010416666666666666
5 0.5859375 0.4875 0.0375 0.0625
5 0.646875 0.6614583333333334 0.01875 0.027083333333333334
5 0.5203125 0.37083333333333335 0.00625 0.0125
1 0.55390625 0.3625 0.0234375 0.0375
3 0.7296875 0.9208333333333333 0.05 0.07916666666666666
1 0.2359375 0.6854166666666667 0.015625 0.016666666666666666
1 0.68359375 0.3802083333333333 0.0140625 0.014583333333333334
3 0.584375 0.471875 0.028125 0.03958333333333333
1 0.55546875 0.25 0.0140625 0.020833333333333332
1 0.5546875 0.24166666666666667 0.0125 0.016666666666666666
1 0.525 0.084375 0.025 0.022916666666666665
1 0.5234375 0.06041666666666667 0.0125 0.0125
1 0.378125 0.2520833333333333 0.0125 0.016666666666666666
1 0.353125 0.24895833333333334 0.0125 0.022916666666666665
1 0.3734375 0.225 0.0125 0.016666666666666666
1 0.3546875 0.225 0.0125 0.016666666666666666
1 0.3359375 0.225 0.0125 0.020833333333333332
1 0.31640625 0.22916666666666666 0.0140625 0.016666666666666666
1 0.31640625 0.25416666666666665 0.0171875 0.029166666666666667
1 0.29921875 0.23229166666666667 0.0171875 0.01875
1 0.2734375 0.23020833333333332 0.015625 0.014583333333333334
1 0.3828125 0.18854166666666666 0.0125 0.01875
1 0.3671875 0.19270833333333334 0.0125 0.01875
1 0.3296875 0.18854166666666666 0.0125 0.01875
1 0.3125 0.19583333333333333 0.015625 0.029166666666666667
1 0.296875 0.175 0.021875 0.025
1 0.48984375 0.08020833333333334 0.0171875 0.01875

1 0.78046875 0.9552083333333333 0.0328125 0.04791666666666667
1 0.70078125 0.6729166666666667 0.0171875 0.025
1 0.53515625 0.25625 0.0140625 0.016666666666666666
