
1 0.36953125 0.9760416666666667 0.0609375 0.04791666666666667
1 0.440625 0.928125 0.053125 0.03958333333333333
1 0.22890625 0.9927083333333333 0.0453125 0.014583333333333334
1 0.3078125 0.9583333333333334 0.0625 0.05
1 0.39375 0.9114583333333334 0.05625 0.04791666666666667
1 0.15859375 0.9864583333333333 0.0671875 0.027083333333333334
1 0.2453125 0.9458333333333333 0.059375 0.04583333333333333
1 0.32265625 0.9010416666666666 0.0484375 0.03958333333333333
1 0.3953125 0.8614583333333333 0.05625 0.03958333333333333
1 0.10703125 0.9770833333333333 0.0640625 0.04583333333333333
1 0.1890625 0.928125 0.0625 0.04791666666666667
1 0.27890625 0.884375 0.0703125 0.04791666666666667
1 0.35859375 0.8416666666666667 0.0546875 0.041666666666666664

1 0.1859375 0.9302083333333333 0.053125 0.04375


1 0.24140625 0.6708333333333333 0.0390625 0.041666666666666664
1 0.2421875 0.6760416666666667 0.0375 0.052083333333333336
1 0.84375 0.4875 0.03125 0.029166666666666667

1 0.64609375 0.6822916666666666 0.0390625 0.06041666666666667

1 0.81875 0.790625 0.05 0.04375

5 0.259375 0.63125 0.01875 0.016666666666666666
5 0.259375 0.6322916666666667 0.01875 0.01875
4 0.38515625 0.6416666666666667 0.0171875 0.020833333333333332
4 0.38828125 0.640625 0.0171875 0.022916666666666665
5 0.23046875 0.6864583333333333 0.0140625 0.014583333333333334
5 0.45234375 0.521875 0.0078125 0.022916666666666665
4 0.38828125 0.5229166666666667 0.0078125 0.0125
4 0.35 0.5104166666666666 0.009375 0.016666666666666666
4 0.35546875 0.5041666666666667 0.0140625 0.0125

1 0.5890625 0.496875 0.0375 0.07708333333333334
5 0.55078125 0.43020833333333336 0.0109375 0.010416666666666666
5 0.64609375 0.65625 0.0140625 0.008333333333333333
5 0.60234375 0.5302083333333333 0.0234375 0.04375
5 0.80078125 0.9885416666666667 0.0109375 0.014583333333333334
5 0.87421875 0.004166666666666667 0.0296875 0.008333333333333333

5 0.853125 0.07604166666666666 0.009375 0.0020833333333333333

5 0.796875 0.6020833333333333 0.00625 0.0125
5 0.65703125 0.3458333333333333 0.0234375 0.025
5 0.834375 0.46041666666666664 0.009375 0.0125
5 0.68203125 0.384375 0.0109375 0.010416666666666666
5 0.58671875 0.48854166666666665 0.0359375 0.06041666666666667
5 0.64765625 0.6645833333333333 0.0203125 0.020833333333333332
5 0.5203125 0.3697916666666667 0.00625 0.010416666666666666
1 0.55625 0.365625 0.021875 0.035416666666666666
3 0.73046875 0.9260416666666667 0.0515625 0.08541666666666667
1 0.22890625 0.6895833333333333 0.0171875 0.0125
1 0.68515625 0.37916666666666665 0.0109375 0.0125
3 0.5875 0.4822916666666667 0.03125 0.04791666666666667
1 0.55625 0.25104166666666666 0.015625 0.022916666666666665
1 0.55546875 0.24270833333333333 0.0109375 0.014583333333333334
1 0.525 0.084375 0.025 0.022916666666666665
1 0.52421875 0.059375 0.0109375 0.014583333333333334
1 0.378125 0.253125 0.0125 0.01875
1 0.35234375 0.25416666666666665 0.0140625 0.029166666666666667
1 0.37421875 0.225 0.0140625 0.016666666666666666
1 0.3546875 0.225 0.0125 0.016666666666666666
1 0.3359375 0.225 0.0125 0.020833333333333332
1 0.31640625 0.22916666666666666 0.0140625 0.016666666666666666
1 0.31796875 0.2604166666666667 0.0171875 0.03333333333333333
1 0.29921875 0.23333333333333334 0.0171875 0.020833333333333332
1 0.27421875 0.23020833333333332 0.0140625 0.014583333333333334
1 0.3828125 0.18854166666666666 0.0125 0.01875
1 0.3671875 0.19270833333333334 0.0125 0.01875
1 0.3296875 0.18854166666666666 0.0125 0.01875
1 0.3125 0.19583333333333333 0.015625 0.029166666666666667
1 0.296875 0.175 0.021875 0.025
1 0.48984375 0.07916666666666666 0.0171875 0.020833333333333332

1 0.78359375 0.965625 0.0328125 0.04375
1 0.70390625 0.6802083333333333 0.0140625 0.022916666666666665
1 0.53515625 0.25833333333333336 0.0140625 0.016666666666666666
