
1 0.36953125 0.9760416666666667 0.0609375 0.04791666666666667
1 0.440625 0.9270833333333334 0.053125 0.041666666666666664
1 0.22890625 0.9927083333333333 0.0453125 0.014583333333333334
1 0.3078125 0.9583333333333334 0.0625 0.05
1 0.39453125 0.9114583333333334 0.0546875 0.04791666666666667
1 0.15859375 0.9854166666666667 0.0671875 0.029166666666666667
1 0.2453125 0.9458333333333333 0.059375 0.04583333333333333
1 0.32265625 0.9010416666666666 0.0484375 0.03958333333333333
1 0.3953125 0.8614583333333333 0.05625 0.03958333333333333
1 0.10703125 0.9770833333333333 0.0640625 0.04583333333333333
1 0.1890625 0.928125 0.0625 0.04791666666666667
1 0.27890625 0.884375 0.0703125 0.04791666666666667
1 0.35859375 0.8416666666666667 0.0546875 0.041666666666666664

1 0.1890625 0.9291666666666667 0.05625 0.04583333333333333


1 0.2296875 0.6770833333333334 0.040625 0.041666666666666664
1 0.2359375 0.690625 0.04375 0.06458333333333334
1 0.846875 0.4875 0.034375 0.029166666666666667

1 0.6484375 0.6916666666666667 0.04375 0.0625

1 0.8203125 0.790625 0.046875 0.04375

5 0.26171875 0.634375 0.0203125 0.01875
5 0.26171875 0.6333333333333333 0.0203125 0.020833333333333332
4 0.38515625 0.6416666666666667 0.0171875 0.020833333333333332
4 0.38671875 0.6416666666666667 0.0140625 0.020833333333333332
5 0.22109375 0.690625 0.0109375 0.014583333333333334
5 0.45234375 0.521875 0.0078125 0.022916666666666665
4 0.3890625 0.5229166666666667 0.009375 0.0125
4 0.35 0.5104166666666666 0.009375 0.016666666666666666
4 0.35546875 0.5041666666666667 0.0140625 0.0125

1 0.58828125 0.48854166666666665 0.0328125 0.04791666666666667
5 0.55 0.4322916666666667 0.0125 0.014583333333333334
5 0.65 0.6708333333333333 0.01875 0.0125
5 0.60546875 0.534375 0.0234375 0.03958333333333333
5 0.80390625 0.9979166666666667 0.0109375 0.004166666666666667
5 0.8671875 0.004166666666666667 0.04375 0.008333333333333333



5 0.79375 0.6052083333333333 0.003125 0.00625
5 0.65625 0.346875 0.025 0.027083333333333334
5 0.83671875 0.4583333333333333 0.0140625 0.0125
5 0.68515625 0.384375 0.0171875 0.010416666666666666
5 0.5890625 0.49375 0.0375 0.058333333333333334
5 0.65078125 0.6802083333333333 0.0265625 0.035416666666666666
5 0.5203125 0.36875 0.00625 0.0125
1 0.5578125 0.37083333333333335 0.021875 0.0375
3 0.73515625 0.9354166666666667 0.0515625 0.08333333333333333
1 0.21640625 0.6979166666666666 0.0171875 0.025
1 0.6859375 0.37916666666666665 0.009375 0.0125
3 0.58828125 0.48854166666666665 0.0328125 0.04791666666666667
1 0.55625 0.2552083333333333 0.015625 0.022916666666666665
1 0.55546875 0.24479166666666666 0.0140625 0.014583333333333334
1 0.525 0.084375 0.025 0.022916666666666665
1 0.5234375 0.059375 0.009375 0.014583333333333334
1 0.378125 0.25104166666666666 0.0125 0.01875
1 0.35234375 0.25416666666666665 0.0140625 0.029166666666666667
1 0.3734375 0.22708333333333333 0.015625 0.020833333333333332
1 0.3546875 0.225 0.0125 0.016666666666666666
1 0.33515625 0.228125 0.0140625 0.027083333333333334
1 0.31640625 0.22916666666666666 0.0140625 0.016666666666666666
1 0.3171875 0.25416666666666665 0.015625 0.029166666666666667
1 0.29921875 0.23229166666666667 0.0171875 0.01875
1 0.27421875 0.23020833333333332 0.0140625 0.014583333333333334
1 0.3828125 0.18854166666666666 0.0125 0.01875
1 0.3671875 0.19270833333333334 0.0125 0.01875
1 0.3296875 0.18854166666666666 0.0125 0.01875
1 0.3125 0.19583333333333333 0.015625 0.029166666666666667
1 0.296875 0.17395833333333333 0.021875 0.027083333333333334
1 0.48984375 0.078125 0.0171875 0.01875

1 0.7921875 0.9791666666666666 0.0375 0.041666666666666664
1 0.7078125 0.6895833333333333 0.0125 0.025
1 0.53515625 0.26145833333333335 0.0140625 0.014583333333333334
