
1 0.36953125 0.9760416666666667 0.0609375 0.04791666666666667
1 0.440625 0.9270833333333334 0.053125 0.041666666666666664
1 0.22890625 0.9927083333333333 0.0453125 0.014583333333333334
1 0.3078125 0.9583333333333334 0.0625 0.05
1 0.39375 0.9114583333333334 0.05625 0.04791666666666667
1 0.15859375 0.9864583333333333 0.0671875 0.027083333333333334
1 0.24609375 0.9458333333333333 0.0609375 0.04583333333333333
1 0.32265625 0.9010416666666666 0.0484375 0.03958333333333333
1 0.3953125 0.8614583333333333 0.05625 0.03958333333333333
1 0.10703125 0.9770833333333333 0.0640625 0.04583333333333333
1 0.1890625 0.928125 0.0625 0.04791666666666667
1 0.27890625 0.884375 0.0703125 0.04791666666666667
1 0.35859375 0.8416666666666667 0.0546875 0.041666666666666664

1 0.18984375 0.9291666666666667 0.0578125 0.04583333333333333


1 0.22109375 0.68125 0.0421875 0.041666666666666664
1 0.23046875 0.7 0.0515625 0.075
1 0.8515625 0.4864583333333333 0.034375 0.027083333333333334

1 0.65546875 0.7 0.0359375 0.0625

1 0.81796875 0.790625 0.0484375 0.04375

5 0.26328125 0.6333333333333333 0.0203125 0.020833333333333332
5 0.2640625 0.6333333333333333 0.025 0.020833333333333332
4 0.384375 0.6416666666666667 0.015625 0.020833333333333332
4 0.3828125 0.640625 0.0125 0.014583333333333334
5 0.21328125 0.6916666666666667 0.0140625 0.0125
5 0.4515625 0.525 0.009375 0.029166666666666667
4 0.3890625 0.5239583333333333 0.009375 0.014583333333333334
4 0.35 0.5104166666666666 0.009375 0.016666666666666666
4 0.353125 0.50625 0.0125 0.0125

1 0.59453125 0.5083333333333333 0.0421875 0.075
5 0.55078125 0.43020833333333336 0.0109375 0.010416666666666666
5 0.65234375 0.6729166666666667 0.0171875 0.0125
5 0.60546875 0.5416666666666666 0.0234375 0.05416666666666667

5 0.8671875 0.004166666666666667 0.04375 0.008333333333333333

5 0.63046875 0.36875 0.0109375 0.004166666666666667

5 0.70859375 0.484375 0.1734375 0.24791666666666667
5 0.65703125 0.34479166666666666 0.0234375 0.022916666666666665
5 0.8375 0.45729166666666665 0.0125 0.014583333333333334
5 0.68984375 0.3875 0.0171875 0.016666666666666666
5 0.590625 0.503125 0.0375 0.06458333333333334
5 0.6515625 0.6854166666666667 0.025 0.03333333333333333
5 0.5203125 0.36875 0.00625 0.0125
1 0.5578125 0.37604166666666666 0.021875 0.03958333333333333
3 0.7375 0.9416666666666667 0.05 0.07916666666666666
1 0.203125 0.703125 0.021875 0.014583333333333334
1 0.6875 0.3802083333333333 0.009375 0.010416666666666666
3 0.5890625 0.4864583333333333 0.028125 0.035416666666666666
1 0.55703125 0.25729166666666664 0.0171875 0.022916666666666665
1 0.55625 0.24791666666666667 0.0125 0.016666666666666666
1 0.52578125 0.084375 0.0234375 0.022916666666666665
1 0.52421875 0.06041666666666667 0.0109375 0.0125
1 0.378125 0.25104166666666666 0.0125 0.01875
1 0.353125 0.24895833333333334 0.0125 0.022916666666666665
1 0.37421875 0.225 0.0140625 0.016666666666666666
1 0.3546875 0.225 0.0125 0.016666666666666666
1 0.33515625 0.228125 0.0140625 0.027083333333333334
1 0.3171875 0.22916666666666666 0.0125 0.016666666666666666
1 0.315625 0.25416666666666665 0.015625 0.029166666666666667
1 0.29609375 0.23333333333333334 0.0203125 0.020833333333333332
1 0.27421875 0.22916666666666666 0.0140625 0.016666666666666666
1 0.3828125 0.18854166666666666 0.0125 0.01875
1 0.3671875 0.19270833333333334 0.0125 0.01875
1 0.3296875 0.18854166666666666 0.0125 0.01875
1 0.31328125 0.19583333333333333 0.0140625 0.029166666666666667
1 0.29765625 0.17291666666666666 0.0234375 0.025
1 0.48984375 0.078125 0.0171875 0.01875

1 0.79296875 0.9833333333333333 0.0328125 0.03333333333333333
1 0.70859375 0.6916666666666667 0.0140625 0.025
1 0.5359375 0.2635416666666667 0.0125 0.014583333333333334
