
1 0.36953125 0.9760416666666667 0.0609375 0.04791666666666667
1 0.440625 0.9270833333333334 0.053125 0.041666666666666664
1 0.22890625 0.9927083333333333 0.0453125 0.014583333333333334
1 0.3078125 0.9583333333333334 0.0625 0.05
1 0.39375 0.9125 0.05625 0.05
1 0.15859375 0.9854166666666667 0.0671875 0.029166666666666667
1 0.2453125 0.9458333333333333 0.059375 0.04583333333333333
1 0.32265625 0.9010416666666666 0.0484375 0.03958333333333333
1 0.3953125 0.8614583333333333 0.05625 0.03958333333333333
1 0.1078125 0.9770833333333333 0.065625 0.04583333333333333
1 0.1890625 0.928125 0.0625 0.04791666666666667
1 0.27890625 0.884375 0.0703125 0.04791666666666667
1 0.35859375 0.8416666666666667 0.0546875 0.041666666666666664

1 0.18984375 0.9291666666666667 0.0578125 0.04583333333333333


1 0.2109375 0.6854166666666667 0.04375 0.041666666666666664
1 0.21796875 0.70625 0.0453125 0.07916666666666666
1 0.8609375 0.4875 0.03125 0.029166666666666667

1 0.65546875 0.7052083333333333 0.0296875 0.05625

1 0.81875 0.790625 0.05 0.04375

5 0.26875 0.628125 0.01875 0.014583333333333334
5 0.2703125 0.6302083333333334 0.01875 0.01875
4 0.3796875 0.6458333333333334 0.0125 0.03333333333333333
4 0.37890625 0.6447916666666667 0.0078125 0.03125
5 0.20234375 0.696875 0.0109375 0.010416666666666666
5 0.45234375 0.5229166666666667 0.0078125 0.025
4 0.3890625 0.5229166666666667 0.009375 0.0125
4 0.35078125 0.5104166666666666 0.0078125 0.016666666666666666
4 0.353125 0.50625 0.0125 0.0125
5 0.5421875 0.42604166666666665 0.00625 0.00625
1 0.5953125 0.5145833333333333 0.040625 0.075
5 0.5515625 0.43020833333333336 0.0125 0.010416666666666666
5 0.65546875 0.6822916666666666 0.0171875 0.010416666666666666
5 0.6078125 0.5520833333333334 0.025 0.05

5 0.8671875 0.004166666666666667 0.04375 0.008333333333333333

5 0.6328125 0.37916666666666665 0.015625 0.020833333333333332

5 0.63203125 0.37083333333333335 0.0140625 0.020833333333333332
5 0.65859375 0.34375 0.0203125 0.020833333333333332
5 0.84765625 0.46041666666666664 0.0140625 0.0125
5 0.69453125 0.390625 0.0140625 0.014583333333333334
5 0.59375 0.509375 0.0375 0.06458333333333334
5 0.6546875 0.6927083333333334 0.025 0.03125
5 0.5203125 0.36875 0.00625 0.0125
1 0.559375 0.38333333333333336 0.021875 0.0375
3 0.74140625 0.9520833333333333 0.0515625 0.07916666666666666
1 0.190625 0.7125 0.021875 0.025
1 0.69375 0.38333333333333336 0.0125 0.0125
3 0.59140625 0.5010416666666667 0.0328125 0.04791666666666667
1 0.55703125 0.25833333333333336 0.0171875 0.025
1 0.55703125 0.24895833333333334 0.0140625 0.014583333333333334
1 0.52578125 0.08333333333333333 0.0234375 0.020833333333333332
1 0.52421875 0.059375 0.0109375 0.014583333333333334
1 0.378125 0.25104166666666666 0.0125 0.01875
1 0.353125 0.24895833333333334 0.0125 0.022916666666666665
1 0.37421875 0.225 0.0140625 0.016666666666666666
1 0.3546875 0.225 0.0125 0.016666666666666666
1 0.33515625 0.228125 0.0140625 0.027083333333333334
1 0.3171875 0.22916666666666666 0.0125 0.016666666666666666
1 0.3171875 0.25416666666666665 0.015625 0.029166666666666667
1 0.29609375 0.23333333333333334 0.0203125 0.020833333333333332
1 0.27421875 0.22916666666666666 0.0140625 0.016666666666666666
1 0.3828125 0.18854166666666666 0.0125 0.01875
1 0.3671875 0.19166666666666668 0.0125 0.016666666666666666
1 0.33046875 0.18854166666666666 0.0140625 0.01875
1 0.31328125 0.19583333333333333 0.0140625 0.029166666666666667
1 0.296875 0.17291666666666666 0.021875 0.025
1 0.4890625 0.07708333333333334 0.015625 0.020833333333333332

1 0.79375 0.9875 0.03125 0.025
1 0.709375 0.7020833333333333 0.0125 0.025
1 0.5359375 0.265625 0.0125 0.014583333333333334
