
1 0.38125 0.975 0.059375 0.05
1 0.45078125 0.9260416666666667 0.0515625 0.04375
1 0.2421875 0.9927083333333333 0.04375 0.014583333333333334
1 0.31796875 0.9583333333333334 0.0640625 0.05
1 0.4046875 0.9114583333333334 0.05625 0.04791666666666667
1 0.16875 0.9854166666666667 0.065625 0.029166666666666667
1 0.25703125 0.9458333333333333 0.0609375 0.04583333333333333
1 0.3328125 0.9 0.046875 0.041666666666666664
1 0.4046875 0.8604166666666667 0.05625 0.041666666666666664
1 0.11875 0.9770833333333333 0.065625 0.04583333333333333
1 0.2 0.9291666666666667 0.0625 0.05
1 0.2890625 0.8833333333333333 0.06875 0.05
1 0.3671875 0.840625 0.053125 0.04375
1 0.0109375 0.9302083333333333 0.021875 0.03958333333333333

1 0.03046875 0.8614583333333333 0.0609375 0.06041666666666667
1 0.2546875 0.8072916666666666 0.0375 0.04375
1 0.25625 0.796875 0.009375 0.00625
1 0.3640625 0.7083333333333334 0.053125 0.04583333333333333
1 0.42578125 0.7458333333333333 0.0578125 0.0375
1 0.50859375 0.6875 0.0546875 0.0375
1 0.58515625 0.6604166666666667 0.0484375 0.029166666666666667
1 0.65 0.78125 0.05625 0.05416666666666667
1 0.67734375 0.6677083333333333 0.0578125 0.04791666666666667
1 0.8046875 0.6916666666666667 0.0375 0.058333333333333334

5 0.32421875 0.596875 0.0203125 0.022916666666666665
4 0.3484375 0.5583333333333333 0.00625 0.020833333333333332
4 0.36953125 0.55 0.0078125 0.016666666666666666
5 0.40546875 0.5427083333333333 0.0078125 0.022916666666666665
5 0.41875 0.5416666666666666 0.009375 0.025
4 0.39609375 0.5302083333333333 0.0078125 0.01875
4 0.3671875 0.50625 0.0125 0.03333333333333333
4 0.3703125 0.49166666666666664 0.015625 0.016666666666666666
5 0.52109375 0.4166666666666667 0.0078125 0.025
1 0.5734375 0.4 0.021875 0.03333333333333333
5 0.534375 0.41770833333333335 0.00625 0.01875
5 0.55390625 0.4114583333333333 0.0078125 0.01875
5 0.553125 0.43125 0.009375 0.025
5 0.5796875 0.45729166666666665 0.009375 0.01875
5 0.58984375 0.39375 0.0171875 0.020833333333333332
5 0.6171875 0.42083333333333334 0.0125 0.020833333333333332
5 0.61171875 0.3885416666666667 0.0078125 0.014583333333333334
5 0.64296875 0.3729166666666667 0.0078125 0.016666666666666666
5 0.6171875 0.365625 0.009375 0.022916666666666665
5 0.615625 0.3458333333333333 0.0125 0.016666666666666666
5 0.615625 0.365625 0.015625 0.01875
5 0.5671875 0.3625 0.009375 0.016666666666666666
5 0.5515625 0.3697916666666667 0.00625 0.014583333333333334
5 0.5328125 0.35520833333333335 0.009375 0.014583333333333334
5 0.5375 0.35520833333333335 0.00625 0.01875
1 0.54453125 0.334375 0.0234375 0.03125
3 0.54453125 0.26145833333333335 0.0265625 0.06875
1 0.52890625 0.21875 0.0140625 0.020833333333333332
1 0.52890625 0.18958333333333333 0.0171875 0.025
3 0.52421875 0.14375 0.0203125 0.04583333333333333
1 0.51640625 0.11458333333333333 0.0109375 0.016666666666666666
1 0.5125 0.09270833333333334 0.0125 0.027083333333333334
1 0.5015625 0.06770833333333333 0.009375 0.014583333333333334
1 0.49140625 0.046875 0.0140625 0.022916666666666665
1 0.3828125 0.25 0.015625 0.020833333333333332
1 0.3625 0.24583333333333332 0.015625 0.025
1 0.3796875 0.22395833333333334 0.015625 0.01875
1 0.35859375 0.22395833333333334 0.0140625 0.01875
1 0.33984375 0.22395833333333334 0.0171875 0.027083333333333334
1 0.32109375 0.23020833333333332 0.0140625 0.022916666666666665
1 0.32109375 0.25833333333333336 0.0171875 0.029166666666666667
1 0.30078125 0.23229166666666667 0.0203125 0.022916666666666665
1 0.28125 0.22604166666666667 0.015625 0.01875
1 0.3875 0.184375 0.015625 0.01875
1 0.37265625 0.18854166666666666 0.0171875 0.01875
1 0.3328125 0.18645833333333334 0.0125 0.01875
1 0.3140625 0.19166666666666668 0.015625 0.029166666666666667
1 0.30390625 0.16875 0.0171875 0.025
1 0.490625 0.071875 0.01875 0.022916666666666665
1 0.5625 0.25729166666666664 0.015625 0.03125
1 0.55625 0.221875 0.015625 0.027083333333333334
1 0.55078125 0.190625 0.0140625 0.022916666666666665
1 0.5421875 0.16354166666666667 0.015625 0.022916666666666665
