
1 0.36953125 0.9760416666666667 0.0609375 0.04791666666666667
1 0.440625 0.9270833333333334 0.053125 0.041666666666666664
1 0.22890625 0.9927083333333333 0.0453125 0.014583333333333334
1 0.3078125 0.9583333333333334 0.0625 0.05
1 0.39375 0.9114583333333334 0.05625 0.04791666666666667
1 0.15859375 0.9854166666666667 0.0671875 0.029166666666666667
1 0.2453125 0.9458333333333333 0.059375 0.04583333333333333
1 0.32265625 0.9010416666666666 0.0484375 0.03958333333333333
1 0.3953125 0.8614583333333333 0.05625 0.03958333333333333
1 0.1078125 0.9770833333333333 0.065625 0.04583333333333333
1 0.1890625 0.928125 0.0625 0.04791666666666667
1 0.27890625 0.884375 0.0703125 0.04791666666666667
1 0.35859375 0.8416666666666667 0.0546875 0.041666666666666664

1 0.1890625 0.9291666666666667 0.059375 0.04583333333333333


1 0.20625 0.6885416666666667 0.040625 0.03958333333333333
1 0.20703125 0.715625 0.0359375 0.07708333333333334
1 0.86015625 0.4895833333333333 0.0359375 0.03333333333333333

1 0.65390625 0.7125 0.0484375 0.0625

1 0.81796875 0.790625 0.0484375 0.04375

5 0.2734375 0.628125 0.01875 0.014583333333333334
5 0.27421875 0.6291666666666667 0.0203125 0.020833333333333332
4 0.37890625 0.65 0.0140625 0.041666666666666664
4 0.38125 0.6385416666666667 0.009375 0.01875
5 0.1953125 0.7010416666666667 0.0125 0.014583333333333334
5 0.45234375 0.521875 0.0078125 0.022916666666666665
4 0.3890625 0.5229166666666667 0.009375 0.0125
4 0.35 0.5104166666666666 0.009375 0.016666666666666666
4 0.353125 0.50625 0.0125 0.0125
5 0.55078125 0.4125 0.0203125 0.03333333333333333
1 0.596875 0.521875 0.040625 0.08125
5 0.55 0.43125 0.0125 0.0125
5 0.65859375 0.6875 0.0109375 0.008333333333333333
5 0.60234375 0.553125 0.0421875 0.08125

5 0.8625 0.005208333333333333 0.053125 0.010416666666666666

5 0.63203125 0.3802083333333333 0.0171875 0.022916666666666665

5 0.63046875 0.375 0.0171875 0.029166666666666667
5 0.6609375 0.346875 0.021875 0.022916666666666665
5 0.84921875 0.46041666666666664 0.0140625 0.0125
5 0.696875 0.3927083333333333 0.01875 0.01875
5 0.59453125 0.515625 0.0359375 0.06875
5 0.6546875 0.7 0.025 0.03333333333333333
5 0.5203125 0.3697916666666667 0.00625 0.010416666666666666
1 0.56015625 0.38645833333333335 0.0203125 0.03958333333333333
3 0.74296875 0.9572916666666667 0.0484375 0.07708333333333334
1 0.1859375 0.7166666666666667 0.025 0.025
1 0.6953125 0.38333333333333336 0.0125 0.0125
3 0.5953125 0.5083333333333333 0.034375 0.05416666666666667
1 0.55703125 0.2604166666666667 0.0171875 0.025
1 0.5578125 0.25104166666666666 0.0125 0.014583333333333334
1 0.525 0.08333333333333333 0.025 0.020833333333333332
1 0.52421875 0.059375 0.0109375 0.014583333333333334
1 0.378125 0.25104166666666666 0.0125 0.01875
1 0.353125 0.24895833333333334 0.0125 0.022916666666666665
1 0.3734375 0.22708333333333333 0.015625 0.020833333333333332
1 0.3546875 0.225 0.0125 0.016666666666666666
1 0.3359375 0.225 0.0125 0.020833333333333332
1 0.3171875 0.22916666666666666 0.0125 0.016666666666666666
1 0.3171875 0.25416666666666665 0.015625 0.029166666666666667
1 0.29609375 0.23333333333333334 0.0203125 0.020833333333333332
1 0.27421875 0.22916666666666666 0.0140625 0.016666666666666666
1 0.3828125 0.18854166666666666 0.0125 0.01875
1 0.3671875 0.19166666666666668 0.0125 0.016666666666666666
1 0.3296875 0.18854166666666666 0.0125 0.01875
1 0.3125 0.19479166666666667 0.015625 0.03125
1 0.2984375 0.17291666666666666 0.021875 0.025
1 0.4890625 0.07604166666666666 0.015625 0.01875

1 0.79609375 0.9916666666666667 0.0265625 0.016666666666666666
1 0.7125 0.7083333333333334 0.015625 0.025
1 0.53671875 0.26979166666666665 0.0140625 0.01875
