
1 0.36953125 0.9760416666666667 0.0609375 0.04791666666666667
1 0.440625 0.9270833333333334 0.053125 0.041666666666666664
1 0.228125 0.9927083333333333 0.046875 0.014583333333333334
1 0.3078125 0.9583333333333334 0.0625 0.05
1 0.39375 0.9114583333333334 0.05625 0.04791666666666667
1 0.15859375 0.9854166666666667 0.0671875 0.029166666666666667
1 0.24609375 0.9458333333333333 0.0609375 0.04583333333333333
1 0.32265625 0.9 0.0484375 0.041666666666666664
1 0.3953125 0.8614583333333333 0.05625 0.03958333333333333
1 0.1078125 0.9770833333333333 0.065625 0.04583333333333333
1 0.1890625 0.928125 0.0625 0.04791666666666667
1 0.27890625 0.884375 0.0703125 0.04791666666666667
1 0.35859375 0.8416666666666667 0.0546875 0.041666666666666664

1 0.18984375 0.8177083333333334 0.0578125 0.26875


1 0.1921875 0.6958333333333333 0.040625 0.041666666666666664
1 0.19921875 0.721875 0.0453125 0.07708333333333334
1 0.865625 0.48854166666666665 0.0375 0.03125

1 0.6671875 0.721875 0.053125 0.06041666666666667

1 0.82578125 0.7833333333333333 0.0359375 0.03333333333333333

5 0.2765625 0.63125 0.021875 0.020833333333333332
5 0.27734375 0.628125 0.0203125 0.01875
4 0.375 0.64375 0.021875 0.03333333333333333
4 0.3796875 0.64375 0.009375 0.029166666666666667
5 0.1828125 0.709375 0.015625 0.014583333333333334
5 0.45234375 0.521875 0.0078125 0.022916666666666665
4 0.3890625 0.5229166666666667 0.009375 0.0125
4 0.35 0.5104166666666666 0.009375 0.016666666666666666
4 0.3515625 0.5083333333333333 0.0125 0.0125
5 0.55 0.42083333333333334 0.021875 0.025
1 0.59765625 0.528125 0.0390625 0.07708333333333334
5 0.55078125 0.43020833333333336 0.0109375 0.010416666666666666
5 0.6609375 0.7020833333333333 0.01875 0.0125
5 0.61484375 0.5697916666666667 0.0203125 0.052083333333333336

5 0.8609375 0.00625 0.053125 0.0125

5 0.63671875 0.38333333333333336 0.0203125 0.020833333333333332
5 0.6421875 0.3770833333333333 0.015625 0.016666666666666666
5 0.63046875 0.375 0.0171875 0.029166666666666667
5 0.6625 0.346875 0.021875 0.022916666666666665
5 0.85078125 0.4583333333333333 0.0140625 0.0125
5 0.696875 0.39479166666666665 0.015625 0.014583333333333334
5 0.59609375 0.5229166666666667 0.0359375 0.06666666666666667
5 0.6578125 0.709375 0.025 0.027083333333333334
5 0.5203125 0.3697916666666667 0.00625 0.010416666666666666
1 0.5609375 0.39166666666666666 0.021875 0.0375
3 0.7453125 0.9635416666666666 0.05 0.07291666666666667
1 0.17109375 0.7208333333333333 0.0296875 0.025
1 0.69609375 0.38958333333333334 0.0109375 0.0125
3 0.596875 0.5135416666666667 0.034375 0.04791666666666667
1 0.55703125 0.26875 0.0171875 0.016666666666666666
1 0.55859375 0.25625 0.0140625 0.016666666666666666
1 0.525 0.084375 0.025 0.022916666666666665
1 0.52421875 0.059375 0.0109375 0.014583333333333334
1 0.378125 0.25104166666666666 0.0125 0.01875
1 0.353125 0.24895833333333334 0.0125 0.022916666666666665
1 0.37421875 0.225 0.0140625 0.016666666666666666
1 0.3546875 0.225 0.0125 0.016666666666666666
1 0.3359375 0.225 0.0125 0.020833333333333332
1 0.3171875 0.22916666666666666 0.0125 0.016666666666666666
1 0.31640625 0.25416666666666665 0.0171875 0.029166666666666667
1 0.29609375 0.23333333333333334 0.0203125 0.020833333333333332
1 0.27421875 0.22916666666666666 0.0140625 0.016666666666666666
1 0.3828125 0.18854166666666666 0.0125 0.01875
1 0.3671875 0.190625 0.0125 0.01875
1 0.33046875 0.18854166666666666 0.0140625 0.01875
1 0.31328125 0.19583333333333333 0.0140625 0.029166666666666667
1 0.296875 0.17291666666666666 0.021875 0.025
1 0.4890625 0.075 0.015625 0.020833333333333332

1 0.79765625 0.996875 0.0203125 0.00625
1 0.7140625 0.7145833333333333 0.01875 0.029166666666666667
1 0.53671875 0.27395833333333336 0.0140625 0.014583333333333334
