
1 0.36953125 0.9760416666666667 0.0609375 0.04791666666666667
1 0.440625 0.9270833333333334 0.053125 0.041666666666666664
1 0.228125 0.9927083333333333 0.046875 0.014583333333333334
1 0.3078125 0.9583333333333334 0.0625 0.05
1 0.39375 0.9114583333333334 0.05625 0.04791666666666667
1 0.15859375 0.9864583333333333 0.0671875 0.027083333333333334
1 0.2453125 0.9458333333333333 0.059375 0.04583333333333333
1 0.32265625 0.9 0.0484375 0.041666666666666664
1 0.3953125 0.8614583333333333 0.05625 0.03958333333333333
1 0.1078125 0.9770833333333333 0.065625 0.04583333333333333
1 0.1890625 0.928125 0.0625 0.04791666666666667
1 0.278125 0.884375 0.06875 0.04791666666666667
1 0.35859375 0.8416666666666667 0.0546875 0.041666666666666664

1 0.1890625 0.8177083333333334 0.05625 0.26875


1 0.18515625 0.7 0.0421875 0.04583333333333333
1 0.19375 0.7333333333333333 0.040625 0.07083333333333333
1 0.8703125 0.48854166666666665 0.034375 0.03125

1 0.65703125 0.7270833333333333 0.0484375 0.0625

1 0.82578125 0.7822916666666667 0.0359375 0.035416666666666666

5 0.27890625 0.63125 0.0203125 0.020833333333333332
5 0.2796875 0.628125 0.021875 0.01875
4 0.37421875 0.6375 0.0203125 0.025
4 0.37890625 0.6385416666666667 0.0109375 0.022916666666666665
5 0.17734375 0.7114583333333333 0.0140625 0.014583333333333334
5 0.45234375 0.521875 0.0078125 0.022916666666666665
4 0.38828125 0.521875 0.0078125 0.010416666666666666
4 0.35078125 0.5104166666666666 0.0078125 0.016666666666666666
4 0.353125 0.50625 0.0125 0.0125
5 0.5484375 0.421875 0.01875 0.027083333333333334
1 0.60078125 0.5322916666666667 0.0421875 0.07708333333333334
5 0.55234375 0.42916666666666664 0.0109375 0.0125
5 0.6609375 0.7052083333333333 0.01875 0.010416666666666666
5 0.60078125 0.55625 0.0359375 0.0875

5 0.86015625 0.007291666666666667 0.0515625 0.014583333333333334

5 0.646875 0.3802083333333333 0.0125 0.01875
5 0.6359375 0.3729166666666667 0.021875 0.025
5 0.6296875 0.378125 0.01875 0.022916666666666665
5 0.6640625 0.3489583333333333 0.021875 0.022916666666666665
5 0.85390625 0.4583333333333333 0.0140625 0.0125
5 0.71875 0.4010416666666667 0.015625 0.014583333333333334
5 0.596875 0.5239583333333333 0.0375 0.06041666666666667
5 0.66015625 0.7166666666666667 0.0234375 0.03333333333333333
5 0.5203125 0.3697916666666667 0.00625 0.010416666666666666
1 0.5625 0.39791666666666664 0.021875 0.0375
3 0.7515625 0.9708333333333333 0.05 0.058333333333333334
1 0.159375 0.7270833333333333 0.03125 0.029166666666666667
1 0.69765625 0.390625 0.0109375 0.014583333333333334
3 0.59765625 0.525 0.0359375 0.058333333333333334
1 0.55703125 0.2708333333333333 0.0171875 0.016666666666666666
1 0.5609375 0.25729166666666664 0.0125 0.014583333333333334
1 0.525 0.08541666666666667 0.025 0.020833333333333332
1 0.52421875 0.058333333333333334 0.0109375 0.0125
1 0.378125 0.25104166666666666 0.0125 0.01875
1 0.35234375 0.25416666666666665 0.0140625 0.029166666666666667
1 0.37421875 0.225 0.0140625 0.016666666666666666
1 0.3546875 0.225 0.0125 0.016666666666666666
1 0.3359375 0.225 0.0125 0.020833333333333332
1 0.3171875 0.22916666666666666 0.0125 0.016666666666666666
1 0.31640625 0.25416666666666665 0.0171875 0.029166666666666667
1 0.29609375 0.23333333333333334 0.0203125 0.020833333333333332
1 0.27421875 0.22916666666666666 0.0140625 0.016666666666666666
1 0.3828125 0.18854166666666666 0.0125 0.01875
1 0.3671875 0.190625 0.0125 0.01875
1 0.33046875 0.18854166666666666 0.0140625 0.01875
1 0.31328125 0.19583333333333333 0.0140625 0.029166666666666667
1 0.29765625 0.17291666666666666 0.0234375 0.025
1 0.48828125 0.07604166666666666 0.0140625 0.01875


1 0.71875 0.725 0.015625 0.025
1 0.53828125 0.2760416666666667 0.0140625 0.014583333333333334
