
1 0.36953125 0.9760416666666667 0.0609375 0.04791666666666667
1 0.440625 0.9270833333333334 0.053125 0.041666666666666664
1 0.228125 0.9927083333333333 0.046875 0.014583333333333334
1 0.3078125 0.9583333333333334 0.0625 0.05
1 0.39375 0.9114583333333334 0.05625 0.04791666666666667
1 0.1578125 0.9864583333333333 0.06875 0.027083333333333334
1 0.2453125 0.9458333333333333 0.059375 0.04583333333333333
1 0.32265625 0.9 0.0484375 0.041666666666666664
1 0.3953125 0.8614583333333333 0.05625 0.03958333333333333
1 0.1078125 0.9760416666666667 0.065625 0.04791666666666667
1 0.1890625 0.928125 0.0625 0.04791666666666667
1 0.278125 0.884375 0.06875 0.04791666666666667
1 0.35859375 0.8416666666666667 0.0546875 0.041666666666666664

1 0.1859375 0.8197916666666667 0.05 0.25625


1 0.1734375 0.70625 0.04375 0.041666666666666664
1 0.17578125 0.7385416666666667 0.0359375 0.07708333333333334
1 0.8765625 0.48854166666666665 0.034375 0.03125

1 0.65859375 0.7354166666666667 0.0484375 0.058333333333333334

1 0.81953125 0.790625 0.0484375 0.04375

5 0.28359375 0.6270833333333333 0.0171875 0.016666666666666666
5 0.284375 0.6291666666666667 0.021875 0.020833333333333332
4 0.3734375 0.6385416666666667 0.01875 0.022916666666666665
4 0.37734375 0.6510416666666666 0.0109375 0.03958333333333333
5 0.16328125 0.7166666666666667 0.0109375 0.0125
5 0.453125 0.521875 0.009375 0.022916666666666665
4 0.38828125 0.5229166666666667 0.0078125 0.0125
4 0.35078125 0.5114583333333333 0.0078125 0.01875
4 0.353125 0.5072916666666667 0.0125 0.014583333333333334
5 0.5625 0.415625 0.021875 0.027083333333333334
1 0.603125 0.5416666666666666 0.040625 0.07916666666666666
5 0.5515625 0.42916666666666664 0.009375 0.0125
5 0.6640625 0.7145833333333333 0.015625 0.008333333333333333
5 0.61796875 0.584375 0.0234375 0.04791666666666667

5 0.86015625 0.007291666666666667 0.0515625 0.014583333333333334

5 0.6484375 0.38229166666666664 0.015625 0.022916666666666665
5 0.640625 0.378125 0.021875 0.027083333333333334
5 0.6359375 0.38229166666666664 0.021875 0.022916666666666665
5 0.6640625 0.34791666666666665 0.021875 0.020833333333333332
5 0.86171875 0.4583333333333333 0.0140625 0.0125
5 0.72421875 0.40208333333333335 0.0109375 0.0125
5 0.59921875 0.5354166666666667 0.0390625 0.0625
5 0.634375 0.6385416666666667 0.071875 0.18958333333333333
5 0.5203125 0.36875 0.00625 0.008333333333333333
1 0.56484375 0.40520833333333334 0.0203125 0.03958333333333333
3 0.75 0.9760416666666667 0.04375 0.04791666666666667
1 0.14609375 0.7333333333333333 0.0328125 0.025
1 0.703125 0.3885416666666667 0.0125 0.010416666666666666
3 0.60078125 0.528125 0.0359375 0.04791666666666667
1 0.55859375 0.2708333333333333 0.0140625 0.016666666666666666
1 0.5609375 0.259375 0.0125 0.014583333333333334
1 0.525 0.08541666666666667 0.025 0.020833333333333332
1 0.52421875 0.059375 0.0109375 0.014583333333333334
1 0.378125 0.25104166666666666 0.0125 0.01875
1 0.35234375 0.25416666666666665 0.0140625 0.029166666666666667
1 0.37421875 0.225 0.0140625 0.016666666666666666
1 0.3546875 0.225 0.0125 0.016666666666666666
1 0.3359375 0.225 0.0125 0.020833333333333332
1 0.3171875 0.22916666666666666 0.0125 0.016666666666666666
1 0.31640625 0.253125 0.0171875 0.027083333333333334
1 0.29609375 0.23333333333333334 0.0203125 0.020833333333333332
1 0.27421875 0.22916666666666666 0.0140625 0.016666666666666666
1 0.3828125 0.18854166666666666 0.0125 0.01875
1 0.3671875 0.190625 0.0125 0.01875
1 0.33046875 0.18854166666666666 0.0140625 0.01875
1 0.31328125 0.19583333333333333 0.0140625 0.029166666666666667
1 0.29765625 0.17291666666666666 0.0234375 0.025
1 0.4890625 0.07604166666666666 0.015625 0.01875


1 0.71953125 0.7322916666666667 0.0171875 0.03125
1 0.5390625 0.28020833333333334 0.0125 0.014583333333333334
