
1 0.36953125 0.9760416666666667 0.0609375 0.04791666666666667
1 0.440625 0.9270833333333334 0.053125 0.041666666666666664
1 0.228125 0.9927083333333333 0.046875 0.014583333333333334
1 0.3078125 0.9583333333333334 0.0625 0.05
1 0.39375 0.9114583333333334 0.05625 0.04791666666666667
1 0.1578125 0.9854166666666667 0.06875 0.029166666666666667
1 0.24453125 0.9458333333333333 0.0609375 0.04583333333333333
1 0.32265625 0.9 0.0484375 0.041666666666666664
1 0.3953125 0.8604166666666667 0.05625 0.041666666666666664
1 0.1078125 0.9760416666666667 0.065625 0.04791666666666667
1 0.1890625 0.928125 0.0625 0.04791666666666667
1 0.278125 0.884375 0.06875 0.04791666666666667
1 0.35859375 0.8416666666666667 0.0546875 0.041666666666666664

1 0.18359375 0.825 0.0546875 0.25


1 0.1609375 0.7104166666666667 0.040625 0.041666666666666664
1 0.16640625 0.740625 0.0265625 0.08125
1 0.87890625 0.48854166666666665 0.0359375 0.03125

1 0.66484375 0.740625 0.0421875 0.06041666666666667

1 0.825 0.7822916666666667 0.034375 0.035416666666666666

5 0.2875 0.625 0.01875 0.0125
5 0.28671875 0.6291666666666667 0.0234375 0.020833333333333332
4 0.37265625 0.6375 0.0171875 0.020833333333333332
4 0.3734375 0.6510416666666666 0.01875 0.03958333333333333
5 0.153125 0.7197916666666667 0.009375 0.010416666666666666
5 0.45234375 0.521875 0.0078125 0.022916666666666665
4 0.38828125 0.5239583333333333 0.0078125 0.014583333333333334
4 0.3515625 0.5114583333333333 0.009375 0.01875
4 0.3515625 0.5072916666666667 0.0125 0.014583333333333334
5 0.5484375 0.42291666666666666 0.01875 0.029166666666666667
1 0.60546875 0.5489583333333333 0.0453125 0.08125
5 0.55234375 0.42916666666666664 0.0109375 0.0125
5 0.66484375 0.71875 0.0140625 0.008333333333333333
5 0.6171875 0.5864583333333333 0.0375 0.06875

5 0.85859375 0.007291666666666667 0.0515625 0.014583333333333334

5 0.65078125 0.384375 0.0171875 0.027083333333333334
5 0.6421875 0.38229166666666664 0.01875 0.027083333333333334
5 0.63671875 0.38645833333333335 0.0203125 0.027083333333333334
5 0.66484375 0.3489583333333333 0.0203125 0.01875
5 0.8640625 0.4583333333333333 0.0125 0.0125
5 0.72578125 0.403125 0.0140625 0.014583333333333334
5 0.59921875 0.5385416666666667 0.0390625 0.06041666666666667
5 0.66328125 0.7291666666666666 0.0265625 0.03333333333333333
5 0.52109375 0.36875 0.0046875 0.008333333333333333
1 0.56640625 0.41041666666666665 0.0203125 0.0375
3 0.75390625 0.9770833333333333 0.0453125 0.04583333333333333
1 0.140625 0.7364583333333333 0.028125 0.027083333333333334
1 0.70546875 0.390625 0.0140625 0.010416666666666666
3 0.6015625 0.5333333333333333 0.034375 0.05
1 0.55859375 0.2708333333333333 0.0140625 0.016666666666666666
1 0.5609375 0.2604166666666667 0.015625 0.0125
1 0.525 0.08541666666666667 0.025 0.020833333333333332
1 0.52421875 0.058333333333333334 0.0109375 0.0125
1 0.37890625 0.25104166666666666 0.0140625 0.01875
1 0.35234375 0.25416666666666665 0.0140625 0.029166666666666667
1 0.37421875 0.225 0.0140625 0.016666666666666666
1 0.3546875 0.225 0.0125 0.016666666666666666
1 0.33515625 0.228125 0.0140625 0.027083333333333334
1 0.3171875 0.22916666666666666 0.0125 0.016666666666666666
1 0.31640625 0.253125 0.0171875 0.027083333333333334
1 0.29609375 0.23333333333333334 0.0203125 0.020833333333333332
1 0.27421875 0.22916666666666666 0.0140625 0.016666666666666666
1 0.3828125 0.18854166666666666 0.0125 0.01875
1 0.3671875 0.190625 0.0125 0.01875
1 0.33046875 0.18854166666666666 0.0140625 0.01875
1 0.31328125 0.19583333333333333 0.0140625 0.029166666666666667
1 0.29765625 0.17291666666666666 0.0234375 0.025
1 0.4890625 0.075 0.015625 0.020833333333333332


1 0.72265625 0.7385416666666667 0.0140625 0.027083333333333334
1 0.5390625 0.28229166666666666 0.0125 0.014583333333333334
