
1 0.36953125 0.9760416666666667 0.0609375 0.04791666666666667
1 0.43984375 0.9270833333333334 0.0515625 0.041666666666666664
1 0.228125 0.9927083333333333 0.046875 0.014583333333333334
1 0.3078125 0.9583333333333334 0.0625 0.05
1 0.39375 0.9114583333333334 0.05625 0.04791666666666667
1 0.1578125 0.9854166666666667 0.06875 0.029166666666666667
1 0.24453125 0.9447916666666667 0.0609375 0.04375
1 0.32265625 0.9 0.0484375 0.041666666666666664
1 0.3953125 0.8604166666666667 0.05625 0.041666666666666664
1 0.1078125 0.9760416666666667 0.065625 0.04791666666666667
1 0.1890625 0.928125 0.0625 0.04791666666666667
1 0.278125 0.884375 0.06875 0.04791666666666667
1 0.35859375 0.8416666666666667 0.0546875 0.041666666666666664

1 0.17578125 0.825 0.0703125 0.24583333333333332


1 0.15234375 0.715625 0.0390625 0.04375
1 0.16171875 0.7697916666666667 0.0328125 0.052083333333333336
1 0.88515625 0.4895833333333333 0.0359375 0.03333333333333333

1 0.66796875 0.7520833333333333 0.0390625 0.0625

1 0.825 0.7822916666666667 0.034375 0.035416666666666666

5 0.28984375 0.6291666666666667 0.0171875 0.020833333333333332
5 0.2921875 0.6291666666666667 0.021875 0.020833333333333332
4 0.36640625 0.6364583333333333 0.0203125 0.022916666666666665
4 0.37109375 0.6427083333333333 0.0203125 0.01875
5 0.14453125 0.7270833333333333 0.0109375 0.0125
5 0.45390625 0.5208333333333334 0.0078125 0.020833333333333332
4 0.38828125 0.5229166666666667 0.0078125 0.0125
4 0.35078125 0.5104166666666666 0.0078125 0.016666666666666666
4 0.35546875 0.5041666666666667 0.0140625 0.0125
5 0.55078125 0.4239583333333333 0.0203125 0.027083333333333334
1 0.6078125 0.5572916666666666 0.046875 0.08541666666666667
5 0.553125 0.42916666666666664 0.009375 0.0125
5 0.665625 0.728125 0.01875 0.010416666666666666
5 0.61484375 0.5760416666666667 0.0328125 0.06458333333333334

5 0.85703125 0.00625 0.0484375 0.0125

5 0.65 0.3958333333333333 0.01875 0.020833333333333332
5 0.64765625 0.3854166666666667 0.0171875 0.029166666666666667
5 0.6390625 0.3885416666666667 0.021875 0.03125
5 0.66484375 0.346875 0.0203125 0.014583333333333334
5 0.8671875 0.45729166666666665 0.0125 0.014583333333333334
5 0.72734375 0.40520833333333334 0.0109375 0.010416666666666666
5 0.603125 0.55 0.040625 0.06666666666666667
5 0.665625 0.7364583333333333 0.025 0.027083333333333334
5 0.52109375 0.3697916666666667 0.0046875 0.010416666666666666
1 0.56796875 0.4166666666666667 0.0203125 0.0375
3 0.75703125 0.9822916666666667 0.0421875 0.035416666666666666
1 0.12734375 0.74375 0.0328125 0.025
1 0.709375 0.3927083333333333 0.0125 0.010416666666666666
3 0.60546875 0.5427083333333333 0.0359375 0.052083333333333336
1 0.559375 0.27395833333333336 0.015625 0.014583333333333334
1 0.56015625 0.26458333333333334 0.0140625 0.0125
1 0.51875 0.07604166666666666 0.015625 0.01875
1 0.52421875 0.059375 0.0109375 0.014583333333333334
1 0.37890625 0.25104166666666666 0.0140625 0.01875
1 0.353125 0.24895833333333334 0.0125 0.022916666666666665
1 0.37421875 0.225 0.0140625 0.016666666666666666
1 0.3546875 0.225 0.0125 0.016666666666666666
1 0.33515625 0.228125 0.0140625 0.027083333333333334
1 0.3171875 0.22916666666666666 0.0125 0.016666666666666666
1 0.3171875 0.25416666666666665 0.015625 0.029166666666666667
1 0.29609375 0.23333333333333334 0.0203125 0.020833333333333332
1 0.27421875 0.22916666666666666 0.0140625 0.016666666666666666
1 0.3828125 0.18854166666666666 0.0125 0.01875
1 0.3671875 0.190625 0.0125 0.01875
1 0.33046875 0.18854166666666666 0.0140625 0.01875
1 0.31328125 0.19583333333333333 0.0140625 0.029166666666666667
1 0.29765625 0.17291666666666666 0.0234375 0.025
1 0.48984375 0.07604166666666666 0.0140625 0.01875


1 0.721875 0.7427083333333333 0.015625 0.022916666666666665
1 0.5390625 0.2875 0.0125 0.016666666666666666
