
1 0.36953125 0.9760416666666667 0.0609375 0.04791666666666667
1 0.43984375 0.9270833333333334 0.0515625 0.041666666666666664
1 0.228125 0.9927083333333333 0.046875 0.014583333333333334
1 0.30703125 0.9583333333333334 0.0640625 0.05
1 0.39296875 0.9114583333333334 0.0546875 0.04791666666666667
1 0.1578125 0.9854166666666667 0.06875 0.029166666666666667
1 0.2453125 0.9447916666666667 0.0625 0.04375
1 0.32265625 0.9 0.0484375 0.041666666666666664
1 0.3953125 0.8604166666666667 0.05625 0.041666666666666664
1 0.1078125 0.9760416666666667 0.065625 0.04791666666666667
1 0.1890625 0.928125 0.0625 0.04791666666666667
1 0.278125 0.884375 0.06875 0.04791666666666667
1 0.35859375 0.8416666666666667 0.0546875 0.041666666666666664

1 0.178125 0.828125 0.078125 0.24375


1 0.14453125 0.7197916666666667 0.0390625 0.03958333333333333
1 0.159375 0.7635416666666667 0.0375 0.06458333333333334
1 0.88828125 0.4895833333333333 0.0359375 0.03333333333333333

1 0.67265625 0.75625 0.0390625 0.058333333333333334

1 0.81953125 0.790625 0.0484375 0.04375

5 0.29453125 0.628125 0.0203125 0.01875
5 0.2953125 0.628125 0.021875 0.022916666666666665
4 0.37421875 0.6333333333333333 0.0140625 0.020833333333333332
4 0.37109375 0.6416666666666667 0.0203125 0.020833333333333332
5 0.134375 0.7302083333333333 0.0125 0.010416666666666666
5 0.45390625 0.5208333333333334 0.0078125 0.020833333333333332
4 0.38828125 0.5229166666666667 0.0078125 0.0125
4 0.35078125 0.5104166666666666 0.0078125 0.016666666666666666
4 0.3515625 0.5072916666666667 0.0125 0.014583333333333334
5 0.56875 0.42604166666666665 0.01875 0.035416666666666666
1 0.60859375 0.5604166666666667 0.0453125 0.07916666666666666
5 0.553125 0.43020833333333336 0.009375 0.010416666666666666
5 0.66796875 0.7375 0.0203125 0.0125
5 0.60390625 0.5302083333333333 0.0640625 0.18958333333333333

5 0.85546875 0.007291666666666667 0.0515625 0.014583333333333334

5 0.66171875 0.3958333333333333 0.0109375 0.020833333333333332
5 0.64921875 0.3875 0.0203125 0.029166666666666667
5 0.6421875 0.39166666666666666 0.025 0.03333333333333333
5 0.66484375 0.35 0.0203125 0.016666666666666666
5 0.87109375 0.45625 0.0140625 0.0125
5 0.72578125 0.40625 0.0140625 0.0125
5 0.60625 0.5572916666666666 0.04375 0.07291666666666667
5 0.6703125 0.7395833333333334 0.021875 0.025
5 0.5203125 0.36875 0.00625 0.008333333333333333
1 0.56875 0.421875 0.021875 0.03958333333333333
3 0.75703125 0.984375 0.0421875 0.03125
1 0.1171875 0.75 0.0375 0.0375
1 0.71015625 0.3927083333333333 0.0109375 0.010416666666666666
3 0.6046875 0.5427083333333333 0.03125 0.04375

1 0.559375 0.265625 0.0125 0.014583333333333334
1 0.5265625 0.08645833333333333 0.025 0.022916666666666665
1 0.52421875 0.059375 0.0109375 0.014583333333333334
1 0.37890625 0.25104166666666666 0.0140625 0.01875
1 0.353125 0.24895833333333334 0.0125 0.022916666666666665
1 0.37421875 0.22395833333333334 0.0140625 0.01875
1 0.3546875 0.225 0.0125 0.016666666666666666
1 0.3359375 0.225 0.0125 0.020833333333333332
1 0.31640625 0.23125 0.0140625 0.020833333333333332
1 0.315625 0.253125 0.015625 0.027083333333333334
1 0.29609375 0.23333333333333334 0.0203125 0.020833333333333332
1 0.27421875 0.22916666666666666 0.0140625 0.016666666666666666
1 0.3828125 0.18854166666666666 0.0125 0.01875
1 0.3671875 0.190625 0.0125 0.01875
1 0.33046875 0.18854166666666666 0.0140625 0.01875
1 0.3125 0.19479166666666667 0.015625 0.03125
1 0.29765625 0.17291666666666666 0.0234375 0.025
1 0.4890625 0.07708333333333334 0.015625 0.016666666666666666


1 0.72578125 0.7520833333333333 0.0140625 0.025
1 0.53984375 0.290625 0.0140625 0.014583333333333334
