
1 0.36953125 0.9760416666666667 0.0609375 0.04791666666666667
1 0.43984375 0.9270833333333334 0.0515625 0.041666666666666664
1 0.228125 0.9927083333333333 0.046875 0.014583333333333334
1 0.3078125 0.9583333333333334 0.0625 0.05
1 0.39375 0.9114583333333334 0.05625 0.04791666666666667
1 0.1578125 0.9854166666666667 0.06875 0.029166666666666667
1 0.24453125 0.9447916666666667 0.0609375 0.04375
1 0.32265625 0.9 0.0484375 0.041666666666666664
1 0.3953125 0.8604166666666667 0.05625 0.041666666666666664
1 0.10703125 0.9760416666666667 0.0640625 0.04791666666666667
1 0.1890625 0.928125 0.0625 0.04791666666666667
1 0.278125 0.884375 0.06875 0.04791666666666667
1 0.3578125 0.8416666666666667 0.05625 0.041666666666666664

1 0.17109375 0.8333333333333334 0.0921875 0.22916666666666666


1 0.13125 0.7270833333333333 0.0375 0.041666666666666664
1 0.13671875 0.7635416666666667 0.0234375 0.06458333333333334
1 0.89375 0.48854166666666665 0.034375 0.03125

1 0.67109375 0.765625 0.0390625 0.06041666666666667

1 0.82109375 0.7895833333333333 0.0484375 0.04583333333333333

5 0.3015625 0.6239583333333333 0.01875 0.014583333333333334
5 0.30078125 0.628125 0.0234375 0.022916666666666665
4 0.371875 0.6333333333333333 0.0125 0.025
4 0.37265625 0.6447916666666667 0.0171875 0.022916666666666665
5 0.12265625 0.7375 0.0109375 0.0125
5 0.4546875 0.5197916666666667 0.009375 0.022916666666666665
4 0.38984375 0.5229166666666667 0.0078125 0.0125
4 0.3515625 0.5114583333333333 0.009375 0.01875
4 0.3515625 0.5072916666666667 0.0125 0.014583333333333334
5 0.56953125 0.4375 0.0171875 0.03333333333333333
1 0.609375 0.56875 0.04375 0.08333333333333333
5 0.553125 0.42916666666666664 0.009375 0.0125
5 0.62421875 0.590625 0.1203125 0.33541666666666664
5 0.56953125 0.44166666666666665 0.0140625 0.020833333333333332

5 0.85625 0.007291666666666667 0.05 0.014583333333333334

5 0.66484375 0.39895833333333336 0.0140625 0.022916666666666665
5 0.65078125 0.3927083333333333 0.0234375 0.027083333333333334
5 0.64609375 0.39479166666666665 0.0328125 0.03125
5 0.66796875 0.35104166666666664 0.0234375 0.014583333333333334
5 0.87578125 0.4552083333333333 0.0140625 0.010416666666666666
5 0.72890625 0.409375 0.0171875 0.014583333333333334
5 0.60859375 0.5645833333333333 0.0421875 0.07083333333333333
5 0.67734375 0.75625 0.0171875 0.020833333333333332
5 0.52109375 0.36875 0.0046875 0.008333333333333333
1 0.5703125 0.43125 0.021875 0.041666666666666664
3 0.76171875 0.9885416666666667 0.0359375 0.022916666666666665
1 0.10546875 0.7520833333333333 0.0453125 0.041666666666666664
1 0.7125 0.3958333333333333 0.009375 0.008333333333333333
3 0.609375 0.5583333333333333 0.0375 0.0625

1 0.56171875 0.27291666666666664 0.0140625 0.016666666666666666
1 0.51875 0.07604166666666666 0.0125 0.01875
1 0.52421875 0.059375 0.0109375 0.014583333333333334
1 0.37890625 0.25104166666666666 0.0140625 0.01875
1 0.35234375 0.25416666666666665 0.0140625 0.029166666666666667
1 0.3734375 0.22708333333333333 0.015625 0.020833333333333332
1 0.3546875 0.225 0.0125 0.016666666666666666
1 0.3359375 0.225 0.0125 0.020833333333333332
1 0.3171875 0.22916666666666666 0.0125 0.016666666666666666
1 0.315625 0.253125 0.015625 0.027083333333333334
1 0.29609375 0.23333333333333334 0.0203125 0.020833333333333332
1 0.27421875 0.22916666666666666 0.0140625 0.016666666666666666
1 0.3828125 0.18854166666666666 0.0125 0.01875
1 0.36640625 0.19270833333333334 0.0140625 0.01875
1 0.33046875 0.18854166666666666 0.0140625 0.01875
1 0.31328125 0.19583333333333333 0.0140625 0.029166666666666667
1 0.29765625 0.17291666666666666 0.0234375 0.025
1 0.4890625 0.07708333333333334 0.015625 0.016666666666666666


1 0.72890625 0.7614583333333333 0.0171875 0.03125
1 0.53984375 0.2947916666666667 0.0140625 0.014583333333333334
