
1 0.36953125 0.9760416666666667 0.0609375 0.04791666666666667
1 0.440625 0.9270833333333334 0.053125 0.041666666666666664
1 0.228125 0.9927083333333333 0.046875 0.014583333333333334
1 0.30703125 0.9583333333333334 0.0640625 0.05
1 0.39375 0.9114583333333334 0.05625 0.04791666666666667
1 0.1578125 0.9854166666666667 0.06875 0.029166666666666667
1 0.24453125 0.9447916666666667 0.0609375 0.04375
1 0.32265625 0.9 0.0484375 0.041666666666666664
1 0.3953125 0.8604166666666667 0.05625 0.041666666666666664
1 0.10703125 0.9760416666666667 0.0640625 0.04791666666666667
1 0.1890625 0.928125 0.0625 0.04791666666666667
1 0.278125 0.8833333333333333 0.06875 0.05
1 0.3578125 0.8416666666666667 0.05625 0.041666666666666664

1 0.16953125 0.8333333333333334 0.0953125 0.22916666666666666


1 0.1265625 0.7291666666666666 0.040625 0.041666666666666664
1 0.12890625 0.78125 0.0359375 0.0375
1 0.89765625 0.48854166666666665 0.0328125 0.03125

1 0.67421875 0.7729166666666667 0.0421875 0.058333333333333334

1 0.8203125 0.790625 0.05 0.04375

5 0.30546875 0.6229166666666667 0.0171875 0.0125
5 0.3046875 0.625 0.021875 0.020833333333333332
4 0.37109375 0.6333333333333333 0.0140625 0.020833333333333332
4 0.36796875 0.640625 0.0140625 0.022916666666666665
5 0.115625 0.740625 0.009375 0.010416666666666666
5 0.4546875 0.5197916666666667 0.009375 0.022916666666666665
4 0.38984375 0.5229166666666667 0.0078125 0.0125
4 0.35078125 0.5114583333333333 0.0078125 0.01875
4 0.35546875 0.5041666666666667 0.0140625 0.0125
5 0.57109375 0.440625 0.0203125 0.035416666666666666
1 0.6125 0.5729166666666666 0.04375 0.07916666666666666
5 0.553125 0.42916666666666664 0.009375 0.0125
5 0.625 0.596875 0.115625 0.32708333333333334
5 0.5703125 0.44479166666666664 0.015625 0.022916666666666665

5 0.85625 0.007291666666666667 0.05 0.014583333333333334

5 0.665625 0.40520833333333334 0.01875 0.01875
5 0.66640625 0.396875 0.0171875 0.027083333333333334
5 0.64765625 0.39895833333333336 0.0296875 0.027083333333333334
5 0.66875 0.35208333333333336 0.021875 0.0125
5 0.87734375 0.45625 0.0140625 0.0125
5 0.73828125 0.40729166666666666 0.0140625 0.014583333333333334
5 0.609375 0.571875 0.0375 0.07291666666666667
5 0.67421875 0.7666666666666667 0.0265625 0.03333333333333333
5 0.521875 0.36770833333333336 0.00625 0.010416666666666666
1 0.57109375 0.434375 0.0203125 0.03958333333333333
3 0.7625 0.9916666666666667 0.034375 0.016666666666666666
1 0.096875 0.7614583333333333 0.0375 0.035416666666666666
1 0.71328125 0.39479166666666665 0.0078125 0.00625
3 0.61015625 0.5614583333333333 0.0359375 0.052083333333333336
1 0.565625 0.2833333333333333 0.009375 0.016666666666666666
1 0.56171875 0.271875 0.0140625 0.014583333333333334
1 0.52578125 0.08125 0.0234375 0.025
1 0.52421875 0.059375 0.0109375 0.014583333333333334
1 0.37890625 0.25104166666666666 0.0140625 0.01875
1 0.35234375 0.25416666666666665 0.0140625 0.029166666666666667
1 0.3734375 0.22708333333333333 0.015625 0.020833333333333332
1 0.3546875 0.225 0.0125 0.016666666666666666
1 0.3359375 0.225 0.0125 0.020833333333333332
1 0.31640625 0.22916666666666666 0.0140625 0.016666666666666666
1 0.31640625 0.253125 0.0171875 0.027083333333333334
1 0.29609375 0.23333333333333334 0.0203125 0.020833333333333332
1 0.27421875 0.22916666666666666 0.0140625 0.016666666666666666
1 0.3828125 0.18854166666666666 0.0125 0.01875
1 0.36640625 0.19166666666666668 0.0140625 0.020833333333333332
1 0.3296875 0.18854166666666666 0.0125 0.01875
1 0.31328125 0.19375 0.0140625 0.029166666666666667
1 0.29765625 0.17291666666666666 0.0234375 0.025
1 0.490625 0.07708333333333334 0.015625 0.016666666666666666


1 0.73203125 0.7708333333333334 0.0171875 0.025
1 0.54140625 0.2989583333333333 0.0140625 0.014583333333333334
