
1 0.36953125 0.9760416666666667 0.0609375 0.04791666666666667
1 0.43984375 0.9270833333333334 0.0515625 0.041666666666666664
1 0.228125 0.9927083333333333 0.046875 0.014583333333333334
1 0.30703125 0.9583333333333334 0.0640625 0.05
1 0.39375 0.9114583333333334 0.05625 0.04791666666666667
1 0.1578125 0.9854166666666667 0.06875 0.029166666666666667
1 0.24453125 0.9447916666666667 0.0609375 0.04375
1 0.32265625 0.9 0.0484375 0.041666666666666664
1 0.3953125 0.8604166666666667 0.05625 0.041666666666666664
1 0.10703125 0.9760416666666667 0.0640625 0.04791666666666667
1 0.1890625 0.928125 0.0625 0.04791666666666667
1 0.27734375 0.8833333333333333 0.0703125 0.05
1 0.3578125 0.8416666666666667 0.05625 0.041666666666666664

1 0.16484375 0.8416666666666667 0.1046875 0.2125


1 0.1140625 0.7364583333333333 0.0375 0.04375
1 0.11484375 0.7895833333333333 0.0328125 0.04583333333333333
1 0.90546875 0.4875 0.0328125 0.03333333333333333

1 0.67890625 0.7833333333333333 0.0390625 0.0625

1 0.81875 0.7895833333333333 0.05 0.04583333333333333

5 0.30859375 0.6270833333333333 0.0203125 0.016666666666666666
5 0.309375 0.6260416666666667 0.021875 0.022916666666666665
4 0.36953125 0.6322916666666667 0.0140625 0.022916666666666665
4 0.36015625 0.653125 0.0234375 0.035416666666666666
5 0.10234375 0.75 0.0109375 0.0125
5 0.4546875 0.5197916666666667 0.009375 0.022916666666666665
4 0.3890625 0.521875 0.009375 0.010416666666666666
4 0.35 0.5104166666666666 0.009375 0.016666666666666666
4 0.3515625 0.50625 0.0125 0.0125
5 0.5734375 0.446875 0.021875 0.03958333333333333
1 0.61484375 0.584375 0.0453125 0.08541666666666667
5 0.55234375 0.43020833333333336 0.0109375 0.010416666666666666
5 0.62734375 0.6041666666666666 0.1203125 0.3375
5 0.5703125 0.45208333333333334 0.015625 0.025

5 0.85625 0.007291666666666667 0.05 0.014583333333333334

5 0.66875 0.41041666666666665 0.021875 0.020833333333333332
5 0.66015625 0.39895833333333336 0.0265625 0.03125
5 0.6546875 0.4041666666666667 0.028125 0.03333333333333333
5 0.67265625 0.3541666666666667 0.0203125 0.0125
5 0.88203125 0.4552083333333333 0.0140625 0.010416666666666666
5 0.7375 0.4125 0.0125 0.016666666666666666
5 0.61171875 0.578125 0.0390625 0.06875
5 0.6796875 0.7666666666666667 0.01875 0.016666666666666666
5 0.52109375 0.3697916666666667 0.0046875 0.010416666666666666
1 0.57265625 0.440625 0.0203125 0.03958333333333333
3 0.76484375 0.99375 0.0328125 0.0125
1 0.084375 0.771875 0.034375 0.04791666666666667
1 0.71484375 0.39895833333333336 0.0078125 0.010416666666666666
3 0.6125 0.5697916666666667 0.0375 0.05625
1 0.56484375 0.28020833333333334 0.0109375 0.01875
1 0.56328125 0.275 0.0140625 0.0125
1 0.525 0.08125 0.021875 0.025
1 0.52421875 0.059375 0.0109375 0.014583333333333334
1 0.37890625 0.25104166666666666 0.0140625 0.01875
1 0.35234375 0.25416666666666665 0.0140625 0.029166666666666667
1 0.3734375 0.22708333333333333 0.015625 0.020833333333333332
1 0.3546875 0.225 0.0125 0.016666666666666666
1 0.3359375 0.225 0.0125 0.020833333333333332
1 0.3171875 0.22916666666666666 0.0125 0.016666666666666666
1 0.315625 0.253125 0.015625 0.027083333333333334
1 0.296875 0.23333333333333334 0.021875 0.020833333333333332
1 0.27421875 0.22916666666666666 0.0140625 0.016666666666666666
1 0.3828125 0.18854166666666666 0.0125 0.01875
1 0.3671875 0.190625 0.0125 0.01875
1 0.3296875 0.18854166666666666 0.0125 0.01875
1 0.3140625 0.19479166666666667 0.015625 0.027083333333333334
1 0.29765625 0.17291666666666666 0.0234375 0.025
1 0.48984375 0.078125 0.0140625 0.01875


1 0.73828125 0.7822916666666667 0.0109375 0.027083333333333334
1 0.5421875 0.3104166666666667 0.015625 0.020833333333333332
