
1 0.38125 0.975 0.059375 0.05
1 0.45078125 0.9260416666666667 0.0515625 0.04375
1 0.2421875 0.9927083333333333 0.04375 0.014583333333333334
1 0.31796875 0.9583333333333334 0.0640625 0.05
1 0.4046875 0.9114583333333334 0.05625 0.04791666666666667
1 0.16796875 0.9854166666666667 0.0640625 0.029166666666666667
1 0.25703125 0.9458333333333333 0.0609375 0.04583333333333333
1 0.3328125 0.9 0.046875 0.041666666666666664
1 0.40390625 0.8604166666666667 0.0546875 0.041666666666666664
1 0.11875 0.9770833333333333 0.065625 0.04583333333333333
1 0.19921875 0.928125 0.0609375 0.04791666666666667
1 0.28828125 0.8833333333333333 0.0703125 0.05
1 0.3671875 0.840625 0.053125 0.04375
1 0.00703125 0.9364583333333333 0.0140625 0.03125

1 0.0265625 0.8666666666666667 0.053125 0.058333333333333334
1 0.25234375 0.8135416666666667 0.0390625 0.04791666666666667
1 0.24453125 0.75 0.0171875 0.0375
1 0.35703125 0.7114583333333333 0.0546875 0.04375
1 0.421875 0.7479166666666667 0.05625 0.041666666666666664
1 0.50390625 0.6864583333333333 0.0546875 0.03958333333333333
1 0.578125 0.6583333333333333 0.05 0.029166666666666667
1 0.64609375 0.7802083333333333 0.0578125 0.05625
1 0.6703125 0.6666666666666666 0.059375 0.05
1 0.8 0.6822916666666666 0.040625 0.05625

5 0.3234375 0.596875 0.021875 0.027083333333333334
4 0.3484375 0.5583333333333333 0.00625 0.020833333333333332
4 0.36953125 0.55 0.0078125 0.016666666666666666
5 0.40546875 0.54375 0.0078125 0.025
5 0.41796875 0.540625 0.0078125 0.022916666666666665
4 0.39609375 0.5302083333333333 0.0078125 0.01875
4 0.3671875 0.50625 0.0125 0.03333333333333333
4 0.3703125 0.49270833333333336 0.015625 0.01875
5 0.52109375 0.4166666666666667 0.0078125 0.025
1 0.57265625 0.39895833333333336 0.0234375 0.03125
5 0.534375 0.41770833333333335 0.00625 0.01875
5 0.55390625 0.4114583333333333 0.0078125 0.01875
5 0.553125 0.43125 0.009375 0.025
5 0.58046875 0.46145833333333336 0.0109375 0.01875
5 0.590625 0.39166666666666666 0.015625 0.016666666666666666
5 0.6203125 0.4239583333333333 0.015625 0.01875
5 0.61171875 0.3885416666666667 0.0078125 0.014583333333333334
5 0.6421875 0.37395833333333334 0.009375 0.01875
5 0.6171875 0.36666666666666664 0.009375 0.020833333333333332
5 0.615625 0.3458333333333333 0.0125 0.016666666666666666
5 0.61484375 0.365625 0.0171875 0.01875
5 0.56796875 0.3614583333333333 0.0078125 0.014583333333333334
5 0.5515625 0.3697916666666667 0.00625 0.014583333333333334
5 0.5328125 0.35520833333333335 0.009375 0.014583333333333334
5 0.5375 0.35520833333333335 0.00625 0.01875
1 0.54453125 0.334375 0.0234375 0.03125
3 0.54453125 0.2625 0.0265625 0.06666666666666667
1 0.52890625 0.21875 0.0140625 0.020833333333333332
1 0.528125 0.18958333333333333 0.01875 0.025
3 0.52421875 0.14270833333333333 0.0203125 0.04791666666666667
1 0.51640625 0.11354166666666667 0.0109375 0.014583333333333334
1 0.51171875 0.090625 0.0140625 0.027083333333333334
1 0.5015625 0.06770833333333333 0.009375 0.014583333333333334
1 0.49140625 0.046875 0.0140625 0.022916666666666665
1 0.38046875 0.25 0.0171875 0.020833333333333332
1 0.3625 0.24583333333333332 0.015625 0.025
1 0.37890625 0.225 0.0171875 0.020833333333333332
1 0.35859375 0.22395833333333334 0.0140625 0.01875
1 0.33984375 0.22395833333333334 0.0171875 0.027083333333333334
1 0.32109375 0.23020833333333332 0.0140625 0.022916666666666665
1 0.3203125 0.25833333333333336 0.015625 0.029166666666666667
1 0.30078125 0.23229166666666667 0.0203125 0.022916666666666665
1 0.28046875 0.22604166666666667 0.0171875 0.01875
1 0.3875 0.184375 0.015625 0.01875
1 0.37265625 0.18854166666666666 0.0171875 0.01875
1 0.334375 0.1875 0.015625 0.020833333333333332
1 0.3140625 0.19166666666666668 0.015625 0.029166666666666667
1 0.30390625 0.16875 0.0171875 0.025
1 0.490625 0.071875 0.01875 0.01875
1 0.5625 0.25729166666666664 0.015625 0.03125
1 0.55625 0.221875 0.015625 0.03125
1 0.55078125 0.190625 0.0140625 0.022916666666666665
1 0.5421875 0.16354166666666667 0.015625 0.022916666666666665
