
1 0.36953125 0.9760416666666667 0.0609375 0.04791666666666667
1 0.43984375 0.9270833333333334 0.0515625 0.041666666666666664
1 0.228125 0.9916666666666667 0.046875 0.016666666666666666
1 0.30703125 0.9583333333333334 0.0640625 0.05
1 0.39375 0.9114583333333334 0.05625 0.04791666666666667
1 0.1578125 0.9854166666666667 0.06875 0.029166666666666667
1 0.24453125 0.9447916666666667 0.0609375 0.04375
1 0.32265625 0.9 0.0484375 0.041666666666666664
1 0.3953125 0.8604166666666667 0.05625 0.041666666666666664
1 0.10703125 0.9760416666666667 0.0640625 0.04791666666666667
1 0.1890625 0.9270833333333334 0.0625 0.05
1 0.278125 0.8833333333333333 0.06875 0.05
1 0.3578125 0.8416666666666667 0.05625 0.041666666666666664

1 0.165625 0.8458333333333333 0.103125 0.2125


1 0.1 0.74375 0.034375 0.041666666666666664
1 0.10703125 0.7354166666666667 0.0234375 0.0375
1 0.90703125 0.4875 0.0328125 0.03333333333333333

1 0.6796875 0.7885416666666667 0.040625 0.06041666666666667

1 0.8203125 0.7895833333333333 0.05 0.04583333333333333

5 0.31484375 0.621875 0.0171875 0.014583333333333334
5 0.3125 0.625 0.021875 0.020833333333333332
4 0.36953125 0.63125 0.0140625 0.020833333333333332
4 0.3703125 0.6520833333333333 0.021875 0.0375
5 0.09375 0.7541666666666667 0.0125 0.0125
5 0.4546875 0.5197916666666667 0.009375 0.022916666666666665
4 0.38984375 0.521875 0.0078125 0.010416666666666666
4 0.35078125 0.5104166666666666 0.0078125 0.016666666666666666
4 0.3515625 0.5072916666666667 0.0125 0.014583333333333334
5 0.5734375 0.45208333333333334 0.021875 0.0375
1 0.61640625 0.5864583333333333 0.0453125 0.08125
5 0.55234375 0.43020833333333336 0.0109375 0.010416666666666666
5 0.63125 0.6041666666666666 0.11875 0.3458333333333333
5 0.57109375 0.4552083333333333 0.0140625 0.027083333333333334

5 0.85546875 0.007291666666666667 0.0515625 0.014583333333333334

5 0.6703125 0.41354166666666664 0.021875 0.022916666666666665
5 0.6640625 0.40208333333333335 0.028125 0.029166666666666667
5 0.66015625 0.40520833333333334 0.0296875 0.03125
5 0.67265625 0.353125 0.0203125 0.010416666666666666
5 0.8859375 0.4552083333333333 0.015625 0.010416666666666666
5 0.7390625 0.4125 0.015625 0.016666666666666666
5 0.6140625 0.5822916666666667 0.040625 0.06875
5 0.68203125 0.78125 0.0265625 0.0375
5 0.521875 0.36770833333333336 0.00625 0.010416666666666666
1 0.5734375 0.4479166666666667 0.021875 0.041666666666666664

1 0.08359375 0.778125 0.0328125 0.035416666666666666
1 0.7171875 0.396875 0.00625 0.00625
3 0.6140625 0.5729166666666666 0.0375 0.05416666666666667
1 0.56484375 0.2833333333333333 0.0109375 0.020833333333333332
1 0.56328125 0.275 0.0140625 0.0125
1 0.52421875 0.07916666666666666 0.0203125 0.025
1 0.52421875 0.059375 0.0109375 0.014583333333333334
1 0.37890625 0.25104166666666666 0.0140625 0.01875
1 0.35234375 0.25416666666666665 0.0140625 0.029166666666666667
1 0.37421875 0.225 0.0140625 0.016666666666666666
1 0.3546875 0.225 0.0125 0.016666666666666666
1 0.3359375 0.22395833333333334 0.0125 0.022916666666666665
1 0.31640625 0.22916666666666666 0.0140625 0.016666666666666666
1 0.3171875 0.253125 0.015625 0.027083333333333334
1 0.296875 0.23333333333333334 0.021875 0.020833333333333332
1 0.275 0.22916666666666666 0.015625 0.016666666666666666
1 0.3828125 0.18854166666666666 0.0125 0.01875
1 0.3671875 0.190625 0.0125 0.01875
1 0.3296875 0.18854166666666666 0.0125 0.01875
1 0.3140625 0.19375 0.015625 0.029166666666666667
1 0.29765625 0.17291666666666666 0.0234375 0.025
1 0.48984375 0.078125 0.0140625 0.01875


1 0.73828125 0.784375 0.0140625 0.022916666666666665
1 0.54453125 0.31354166666666666 0.0171875 0.022916666666666665
