
1 0.36953125 0.9760416666666667 0.0609375 0.04791666666666667
1 0.440625 0.9270833333333334 0.053125 0.041666666666666664
1 0.228125 0.9916666666666667 0.046875 0.016666666666666666
1 0.30703125 0.9583333333333334 0.0640625 0.05
1 0.39375 0.9114583333333334 0.05625 0.04791666666666667
1 0.1578125 0.9854166666666667 0.06875 0.029166666666666667
1 0.24453125 0.9447916666666667 0.0609375 0.04375
1 0.32265625 0.8989583333333333 0.0484375 0.03958333333333333
1 0.3953125 0.8604166666666667 0.05625 0.041666666666666664
1 0.1078125 0.9760416666666667 0.065625 0.04791666666666667
1 0.1890625 0.9270833333333334 0.0625 0.05
1 0.27734375 0.8833333333333333 0.0703125 0.05
1 0.3578125 0.8416666666666667 0.05625 0.041666666666666664

1 0.096875 0.746875 0.040625 0.03958333333333333


1 0.09609375 0.746875 0.0390625 0.03958333333333333
1 0.10625 0.790625 0.021875 0.010416666666666666
1 0.91171875 0.48541666666666666 0.0328125 0.03333333333333333

1 0.68203125 0.7979166666666667 0.0421875 0.0625

1 0.82109375 0.7895833333333333 0.0484375 0.04583333333333333

5 0.31953125 0.621875 0.0171875 0.014583333333333334
5 0.31953125 0.625 0.0234375 0.020833333333333332
4 0.36640625 0.63125 0.0109375 0.020833333333333332
4 0.3578125 0.646875 0.01875 0.04791666666666667
5 0.08359375 0.7572916666666667 0.0078125 0.010416666666666666
5 0.45390625 0.5197916666666667 0.0078125 0.022916666666666665
4 0.38984375 0.5208333333333334 0.0078125 0.0125
4 0.34921875 0.509375 0.0078125 0.014583333333333334
4 0.3515625 0.5072916666666667 0.0125 0.014583333333333334
5 0.575 0.45729166666666665 0.021875 0.04791666666666667
1 0.61796875 0.5958333333333333 0.0453125 0.08333333333333333
5 0.55234375 0.43020833333333336 0.0109375 0.010416666666666666
5 0.63203125 0.609375 0.1203125 0.34791666666666665
5 0.57734375 0.46145833333333336 0.0203125 0.027083333333333334

5 0.85703125 0.007291666666666667 0.0484375 0.014583333333333334

5 0.68125 0.415625 0.01875 0.022916666666666665
5 0.68203125 0.41041666666666665 0.0171875 0.020833333333333332
5 0.66640625 0.4083333333333333 0.0234375 0.03333333333333333
5 0.675 0.3541666666666667 0.01875 0.008333333333333333
5 0.89296875 0.45416666666666666 0.0140625 0.008333333333333333
5 0.74140625 0.41354166666666664 0.0140625 0.014583333333333334
5 0.6140625 0.5864583333333333 0.040625 0.06041666666666667
5 0.68046875 0.7854166666666667 0.0203125 0.025
5 0.521875 0.36770833333333336 0.00625 0.010416666666666666
1 0.575 0.45416666666666666 0.021875 0.041666666666666664

1 0.08203125 0.78125 0.0046875 0.029166666666666667
1 0.7234375 0.39895833333333336 0.00625 0.00625
3 0.61640625 0.5833333333333334 0.0390625 0.058333333333333334
1 0.56640625 0.28854166666666664 0.0140625 0.022916666666666665
1 0.56328125 0.2833333333333333 0.0140625 0.020833333333333332
1 0.52265625 0.07916666666666666 0.0171875 0.025
1 0.52421875 0.059375 0.0109375 0.014583333333333334
1 0.37890625 0.25104166666666666 0.0140625 0.01875
1 0.35234375 0.25104166666666666 0.0140625 0.027083333333333334
1 0.3734375 0.228125 0.015625 0.022916666666666665
1 0.3546875 0.225 0.0125 0.016666666666666666
1 0.3359375 0.225 0.0125 0.020833333333333332
1 0.3171875 0.22916666666666666 0.0125 0.016666666666666666
1 0.31640625 0.25416666666666665 0.0171875 0.025
1 0.29921875 0.23125 0.0171875 0.020833333333333332
1 0.275 0.22916666666666666 0.015625 0.016666666666666666
1 0.38359375 0.1875 0.0140625 0.020833333333333332
1 0.3671875 0.190625 0.0125 0.01875
1 0.33046875 0.18854166666666666 0.0140625 0.01875
1 0.3140625 0.19375 0.015625 0.029166666666666667
1 0.29765625 0.17291666666666666 0.0234375 0.025
1 0.48984375 0.07916666666666666 0.0140625 0.016666666666666666


1 0.73828125 0.7895833333333333 0.0140625 0.020833333333333332
1 0.54453125 0.31979166666666664 0.0171875 0.027083333333333334
