
1 0.36953125 0.9760416666666667 0.0609375 0.04791666666666667
1 0.440625 0.9260416666666667 0.053125 0.04375
1 0.228125 0.9916666666666667 0.046875 0.016666666666666666
1 0.30703125 0.9583333333333334 0.0640625 0.05
1 0.39375 0.9114583333333334 0.05625 0.04791666666666667
1 0.1578125 0.9854166666666667 0.06875 0.029166666666666667
1 0.24453125 0.9447916666666667 0.0609375 0.04375
1 0.32265625 0.9 0.0484375 0.041666666666666664
1 0.3953125 0.8604166666666667 0.05625 0.041666666666666664
1 0.10703125 0.9760416666666667 0.0640625 0.04791666666666667
1 0.1890625 0.9270833333333334 0.0625 0.05
1 0.278125 0.8833333333333333 0.06875 0.05
1 0.35703125 0.8416666666666667 0.0546875 0.041666666666666664

1 0.13046875 0.8291666666666667 0.0953125 0.18333333333333332


1 0.084375 0.7510416666666667 0.034375 0.04375
1 0.10546875 0.7927083333333333 0.0203125 0.00625
1 0.915625 0.48541666666666666 0.034375 0.03333333333333333

1 0.684375 0.803125 0.0375 0.05625

1 0.81953125 0.7895833333333333 0.0484375 0.04583333333333333

5 0.3234375 0.625 0.021875 0.016666666666666666
5 0.3234375 0.6260416666666667 0.021875 0.022916666666666665
4 0.36484375 0.63125 0.0109375 0.025
4 0.36484375 0.65 0.0109375 0.041666666666666664
5 0.07421875 0.7645833333333333 0.0140625 0.0125
5 0.45390625 0.5208333333333334 0.0078125 0.020833333333333332
4 0.38984375 0.521875 0.0078125 0.010416666666666666
4 0.34921875 0.5083333333333333 0.0078125 0.0125
4 0.35078125 0.5083333333333333 0.0109375 0.0125
5 0.578125 0.465625 0.021875 0.04375
1 0.61875 0.6010416666666667 0.046875 0.08541666666666667
5 0.55234375 0.43020833333333336 0.0109375 0.010416666666666666
5 0.63515625 0.615625 0.1203125 0.34791666666666665
5 0.57890625 0.47291666666666665 0.0171875 0.025

5 0.85703125 0.007291666666666667 0.0484375 0.014583333333333334

5 0.6890625 0.41458333333333336 0.0125 0.016666666666666666
5 0.66953125 0.40625 0.0234375 0.029166666666666667
5 0.66796875 0.4125 0.0234375 0.03333333333333333
5 0.67734375 0.359375 0.0203125 0.014583333333333334
5 0.89453125 0.453125 0.0140625 0.010416666666666666
5 0.74375 0.415625 0.01875 0.014583333333333334
5 0.6171875 0.5947916666666667 0.04375 0.06875
5 0.684375 0.7958333333333333 0.025 0.03333333333333333
5 0.52109375 0.36770833333333336 0.0046875 0.010416666666666666
1 0.57578125 0.4583333333333333 0.0234375 0.041666666666666664


1 0.72578125 0.4 0.0078125 0.008333333333333333
3 0.61796875 0.5864583333333333 0.0390625 0.05625
1 0.56640625 0.28958333333333336 0.0140625 0.020833333333333332
1 0.5640625 0.28541666666666665 0.015625 0.020833333333333332
1 0.52578125 0.08125 0.0234375 0.025
1 0.52421875 0.058333333333333334 0.0109375 0.0125
1 0.37890625 0.25104166666666666 0.0140625 0.01875
1 0.35234375 0.253125 0.0140625 0.03125
1 0.3734375 0.228125 0.015625 0.022916666666666665
1 0.3546875 0.225 0.0125 0.016666666666666666
1 0.3359375 0.22395833333333334 0.0125 0.01875
1 0.3171875 0.22916666666666666 0.0125 0.016666666666666666
1 0.3171875 0.253125 0.015625 0.027083333333333334
1 0.29765625 0.23333333333333334 0.0203125 0.020833333333333332
1 0.27421875 0.22916666666666666 0.0140625 0.016666666666666666
1 0.38359375 0.1875 0.0140625 0.020833333333333332
1 0.3671875 0.190625 0.0125 0.01875
1 0.33125 0.18854166666666666 0.0125 0.01875
1 0.3140625 0.19375 0.015625 0.029166666666666667
1 0.29765625 0.17291666666666666 0.0234375 0.025
1 0.4890625 0.08020833333333334 0.015625 0.01875


1 0.74140625 0.8052083333333333 0.0203125 0.03125
1 0.5453125 0.32395833333333335 0.015625 0.027083333333333334
