
1 0.36953125 0.9760416666666667 0.0609375 0.04791666666666667
1 0.440625 0.9270833333333334 0.053125 0.041666666666666664
1 0.228125 0.9916666666666667 0.046875 0.016666666666666666
1 0.30703125 0.9583333333333334 0.0640625 0.05
1 0.39375 0.9114583333333334 0.05625 0.04791666666666667
1 0.1578125 0.9854166666666667 0.06875 0.029166666666666667
1 0.24453125 0.9447916666666667 0.0609375 0.04375
1 0.32265625 0.8989583333333333 0.0484375 0.03958333333333333
1 0.3953125 0.8604166666666667 0.05625 0.041666666666666664
1 0.1078125 0.9760416666666667 0.065625 0.04791666666666667
1 0.1890625 0.9270833333333334 0.0625 0.05
1 0.278125 0.8833333333333333 0.06875 0.05
1 0.3578125 0.840625 0.05625 0.04375

1 0.078125 0.7572916666666667 0.0375 0.03958333333333333


1 0.07265625 0.7614583333333333 0.0234375 0.03125
1 0.08359375 0.7947916666666667 0.0015625 0.0020833333333333333
1 0.92109375 0.48541666666666666 0.0328125 0.03333333333333333

1 0.684375 0.8135416666666667 0.04375 0.06041666666666667

1 0.81953125 0.790625 0.0484375 0.04375

5 0.328125 0.621875 0.01875 0.014583333333333334
5 0.32890625 0.6270833333333333 0.0234375 0.025
4 0.36328125 0.6291666666666667 0.0078125 0.020833333333333332
4 0.365625 0.6520833333333333 0.009375 0.0375
5 0.0640625 0.76875 0.009375 0.008333333333333333
5 0.45390625 0.5197916666666667 0.0078125 0.01875
4 0.38984375 0.5208333333333334 0.0078125 0.0125
4 0.35078125 0.5083333333333333 0.0078125 0.0125
4 0.3515625 0.5072916666666667 0.0125 0.014583333333333334
5 0.57890625 0.471875 0.0203125 0.04791666666666667
1 0.62265625 0.6104166666666667 0.0453125 0.0875
5 0.55234375 0.43020833333333336 0.0109375 0.010416666666666666
5 0.6359375 0.6270833333333333 0.125 0.3541666666666667
5 0.58125 0.48020833333333335 0.01875 0.027083333333333334

5 0.85703125 0.008333333333333333 0.0484375 0.016666666666666666

5 0.68671875 0.42291666666666666 0.0234375 0.020833333333333332
5 0.678125 0.41041666666666665 0.028125 0.029166666666666667
5 0.6703125 0.41458333333333336 0.025 0.029166666666666667
5 0.678125 0.359375 0.01875 0.014583333333333334
5 0.89765625 0.4510416666666667 0.0140625 0.010416666666666666
5 0.753125 0.41458333333333336 0.0125 0.0125
5 0.61875 0.60625 0.040625 0.075
5 0.684375 0.8104166666666667 0.021875 0.03333333333333333
5 0.52265625 0.36770833333333336 0.0046875 0.010416666666666666
1 0.578125 0.4666666666666667 0.021875 0.041666666666666664


1 0.72890625 0.4010416666666667 0.0078125 0.00625
3 0.6203125 0.6052083333333333 0.0375 0.07708333333333334
1 0.56640625 0.29375 0.0140625 0.020833333333333332
1 0.56640625 0.28958333333333336 0.0171875 0.020833333333333332
1 0.52265625 0.07916666666666666 0.0171875 0.025
1 0.52421875 0.058333333333333334 0.0109375 0.0125
1 0.37890625 0.25104166666666666 0.0140625 0.01875
1 0.35234375 0.25416666666666665 0.0140625 0.029166666666666667
1 0.37421875 0.22395833333333334 0.0140625 0.01875
1 0.3546875 0.225 0.0125 0.016666666666666666
1 0.3359375 0.22395833333333334 0.0125 0.01875
1 0.3171875 0.22916666666666666 0.0125 0.016666666666666666
1 0.3171875 0.253125 0.015625 0.027083333333333334
1 0.29765625 0.23333333333333334 0.0203125 0.020833333333333332
1 0.27734375 0.22604166666666667 0.0140625 0.014583333333333334
1 0.38359375 0.1875 0.0140625 0.020833333333333332
1 0.3671875 0.190625 0.0125 0.01875
1 0.33046875 0.18854166666666666 0.0140625 0.01875
1 0.3140625 0.19375 0.015625 0.029166666666666667
1 0.29765625 0.17291666666666666 0.0234375 0.025
1 0.4890625 0.08020833333333334 0.015625 0.01875


1 0.7453125 0.8166666666666667 0.01875 0.029166666666666667
1 0.54609375 0.321875 0.0171875 0.01875
