
1 0.36953125 0.9760416666666667 0.0609375 0.04791666666666667
1 0.440625 0.9270833333333334 0.053125 0.041666666666666664
1 0.228125 0.9916666666666667 0.046875 0.016666666666666666
1 0.30703125 0.9583333333333334 0.0640625 0.05
1 0.39375 0.9114583333333334 0.05625 0.04791666666666667
1 0.1578125 0.9854166666666667 0.06875 0.029166666666666667
1 0.24453125 0.9447916666666667 0.0609375 0.04375
1 0.32265625 0.8989583333333333 0.0484375 0.03958333333333333
1 0.3953125 0.8604166666666667 0.05625 0.041666666666666664
1 0.1078125 0.9760416666666667 0.065625 0.04791666666666667
1 0.1890625 0.9270833333333334 0.0625 0.05
1 0.278125 0.8833333333333333 0.06875 0.05
1 0.3578125 0.840625 0.05625 0.04375

1 0.07109375 0.7645833333333333 0.0421875 0.0375


1 0.06640625 0.7635416666666667 0.0359375 0.035416666666666666
1 0.096875 0.7958333333333333 0.0375 0.03333333333333333
1 0.92265625 0.48333333333333334 0.0328125 0.03333333333333333

1 0.6890625 0.821875 0.04375 0.06458333333333334

1 0.81875 0.790625 0.046875 0.04375

5 0.3328125 0.6208333333333333 0.01875 0.0125
5 0.3328125 0.6260416666666667 0.025 0.022916666666666665
4 0.3625 0.6302083333333334 0.009375 0.01875
4 0.3640625 0.6541666666666667 0.00625 0.03333333333333333
5 0.05625 0.7729166666666667 0.009375 0.0125
5 0.45390625 0.5197916666666667 0.0078125 0.01875
4 0.38984375 0.5208333333333334 0.0078125 0.0125
4 0.34921875 0.5083333333333333 0.0078125 0.0125
4 0.35078125 0.5083333333333333 0.0109375 0.0125
5 0.58046875 0.48125 0.0234375 0.04583333333333333
1 0.62421875 0.615625 0.0453125 0.08541666666666667
5 0.55234375 0.43020833333333336 0.0109375 0.010416666666666666
5 0.6375 0.63125 0.128125 0.3541666666666667
5 0.58046875 0.48854166666666665 0.0203125 0.027083333333333334

5 0.85859375 0.009375 0.0453125 0.01875

5 0.69296875 0.42916666666666664 0.0171875 0.025
5 0.68046875 0.41354166666666664 0.0234375 0.03125
5 0.67109375 0.42604166666666665 0.0203125 0.03125
5 0.6796875 0.36041666666666666 0.015625 0.0125
5 0.9 0.4510416666666667 0.0125 0.010416666666666666
5 0.75390625 0.41875 0.0140625 0.016666666666666666
5 0.62109375 0.6114583333333333 0.0421875 0.07291666666666667
5 0.6890625 0.8104166666666667 0.025 0.03333333333333333
5 0.521875 0.36770833333333336 0.00625 0.010416666666666666
1 0.57890625 0.47291666666666665 0.0234375 0.04583333333333333


1 0.7296875 0.40729166666666666 0.00625 0.00625
3 0.6234375 0.6083333333333333 0.0375 0.07083333333333333
1 0.5671875 0.29583333333333334 0.015625 0.020833333333333332
1 0.56640625 0.29270833333333335 0.0171875 0.01875
1 0.52578125 0.08125 0.0234375 0.025
1 0.52265625 0.0625 0.0140625 0.016666666666666666
1 0.37890625 0.25104166666666666 0.0140625 0.01875
1 0.353125 0.24895833333333334 0.0125 0.022916666666666665
1 0.3734375 0.228125 0.015625 0.022916666666666665
1 0.3546875 0.225 0.0125 0.016666666666666666
1 0.3359375 0.22395833333333334 0.0125 0.01875
1 0.3171875 0.22916666666666666 0.0125 0.016666666666666666
1 0.3171875 0.253125 0.015625 0.027083333333333334
1 0.296875 0.23333333333333334 0.021875 0.020833333333333332
1 0.27734375 0.22604166666666667 0.0140625 0.014583333333333334
1 0.38359375 0.1875 0.0140625 0.020833333333333332
1 0.36640625 0.19166666666666668 0.0140625 0.020833333333333332
1 0.33046875 0.18854166666666666 0.0140625 0.01875
1 0.3140625 0.19375 0.015625 0.029166666666666667
1 0.29765625 0.17291666666666666 0.0234375 0.025
1 0.48984375 0.07916666666666666 0.0140625 0.020833333333333332


1 0.746875 0.825 0.01875 0.029166666666666667
1 0.546875 0.325 0.015625 0.020833333333333332
