
1 0.36953125 0.9760416666666667 0.0609375 0.04791666666666667
1 0.440625 0.9270833333333334 0.053125 0.041666666666666664
1 0.228125 0.9916666666666667 0.046875 0.016666666666666666
1 0.30703125 0.9583333333333334 0.0640625 0.05
1 0.39375 0.9114583333333334 0.05625 0.04791666666666667
1 0.1578125 0.9854166666666667 0.06875 0.029166666666666667
1 0.2453125 0.9447916666666667 0.0625 0.04375
1 0.32265625 0.8989583333333333 0.0484375 0.03958333333333333
1 0.3953125 0.8604166666666667 0.05625 0.041666666666666664
1 0.10703125 0.9760416666666667 0.0640625 0.04791666666666667
1 0.1890625 0.9270833333333334 0.0625 0.05
1 0.278125 0.8833333333333333 0.06875 0.05
1 0.3578125 0.8416666666666667 0.05625 0.041666666666666664

1 0.059375 0.7697916666666667 0.0375 0.04375


1 0.053125 0.76875 0.034375 0.04583333333333333
1 0.08359375 0.7947916666666667 0.0015625 0.0020833333333333333
1 0.928125 0.48125 0.03125 0.03333333333333333

1 0.6953125 0.8333333333333334 0.0375 0.0625

1 0.8203125 0.7895833333333333 0.046875 0.04583333333333333

5 0.3390625 0.625 0.021875 0.016666666666666666
5 0.33984375 0.6270833333333333 0.0265625 0.025
4 0.36171875 0.6302083333333334 0.0078125 0.01875
4 0.3640625 0.6541666666666667 0.00625 0.03333333333333333
5 0.0421875 0.78125 0.0125 0.0125
5 0.45390625 0.5197916666666667 0.0078125 0.01875
4 0.390625 0.5208333333333334 0.00625 0.0125
4 0.35078125 0.509375 0.0078125 0.014583333333333334
4 0.3515625 0.5083333333333333 0.0125 0.0125
5 0.584375 0.4864583333333333 0.021875 0.04791666666666667
1 0.625 0.625 0.04375 0.08333333333333333
5 0.55234375 0.43020833333333336 0.0109375 0.010416666666666666
5 0.63828125 0.640625 0.1296875 0.35625
5 0.584375 0.4947916666666667 0.01875 0.027083333333333334

5 0.8578125 0.009375 0.04375 0.01875

5 0.69921875 0.43020833333333336 0.0203125 0.022916666666666665
5 0.68515625 0.41770833333333335 0.0234375 0.03125
5 0.67890625 0.428125 0.0234375 0.03125
5 0.68046875 0.3625 0.0171875 0.0125
5 0.9046875 0.4479166666666667 0.009375 0.008333333333333333
5 0.75625 0.41458333333333336 0.0125 0.0125
5 0.6234375 0.6145833333333334 0.040625 0.0625
5 0.69453125 0.8197916666666667 0.0203125 0.022916666666666665
5 0.521875 0.36770833333333336 0.00625 0.010416666666666666
1 0.58046875 0.48125 0.0234375 0.04583333333333333


1 0.73515625 0.403125 0.0078125 0.00625
3 0.625 0.6145833333333334 0.0375 0.0625
1 0.56796875 0.303125 0.0171875 0.027083333333333334
1 0.56640625 0.290625 0.0140625 0.010416666666666666
1 0.52578125 0.08125 0.0234375 0.025
1 0.5234375 0.0625 0.0125 0.016666666666666666
1 0.37890625 0.25104166666666666 0.0140625 0.01875
1 0.353125 0.24895833333333334 0.0125 0.022916666666666665
1 0.3734375 0.22708333333333333 0.015625 0.020833333333333332
1 0.3546875 0.225 0.0125 0.016666666666666666
1 0.3359375 0.22395833333333334 0.0125 0.01875
1 0.31796875 0.22916666666666666 0.0140625 0.016666666666666666
1 0.3171875 0.253125 0.015625 0.027083333333333334
1 0.29765625 0.23333333333333334 0.0203125 0.020833333333333332
1 0.27734375 0.22604166666666667 0.0140625 0.014583333333333334
1 0.38359375 0.1875 0.0140625 0.020833333333333332
1 0.36640625 0.19166666666666668 0.0140625 0.020833333333333332
1 0.33046875 0.18854166666666666 0.0140625 0.01875
1 0.3140625 0.19375 0.015625 0.029166666666666667
1 0.29765625 0.17291666666666666 0.0234375 0.025
1 0.4890625 0.08020833333333334 0.015625 0.022916666666666665


1 0.75 0.8354166666666667 0.021875 0.029166666666666667
1 0.54765625 0.33125 0.0171875 0.020833333333333332
