
1 0.36953125 0.9760416666666667 0.0609375 0.04791666666666667
1 0.440625 0.9260416666666667 0.053125 0.04375
1 0.228125 0.9916666666666667 0.046875 0.016666666666666666
1 0.30703125 0.9583333333333334 0.0640625 0.05
1 0.39375 0.9114583333333334 0.05625 0.04791666666666667
1 0.1578125 0.9854166666666667 0.06875 0.029166666666666667
1 0.24453125 0.9447916666666667 0.0609375 0.04375
1 0.32265625 0.8989583333333333 0.0484375 0.03958333333333333
1 0.3953125 0.8604166666666667 0.05625 0.041666666666666664
1 0.1078125 0.9760416666666667 0.065625 0.04791666666666667
1 0.1890625 0.9270833333333334 0.0625 0.05
1 0.278125 0.8833333333333333 0.06875 0.05
1 0.3578125 0.8416666666666667 0.05625 0.041666666666666664

1 0.05078125 0.775 0.0390625 0.041666666666666664


1 0.05078125 0.7729166666666667 0.0359375 0.0375
1 0.08359375 0.7947916666666667 0.0015625 0.0020833333333333333
1 0.9328125 0.48020833333333335 0.03125 0.035416666666666666

1 0.696875 0.8395833333333333 0.040625 0.0625

1 0.8203125 0.7895833333333333 0.046875 0.04583333333333333

5 0.3421875 0.6208333333333333 0.01875 0.0125
5 0.34296875 0.6270833333333333 0.0265625 0.025
4 0.36171875 0.6291666666666667 0.0078125 0.016666666666666666
4 0.3671875 0.6541666666666667 0.0125 0.03333333333333333
5 0.0359375 0.784375 0.00625 0.010416666666666666
5 0.45390625 0.5197916666666667 0.0078125 0.01875
4 0.390625 0.521875 0.00625 0.010416666666666666
4 0.35078125 0.5083333333333333 0.0078125 0.0125
4 0.3515625 0.5083333333333333 0.0125 0.0125
5 0.58515625 0.4979166666666667 0.0234375 0.05
1 0.62890625 0.63125 0.0453125 0.0875
5 0.55234375 0.43020833333333336 0.0109375 0.010416666666666666
5 0.6390625 0.6447916666666667 0.13125 0.35625
5 0.584375 0.503125 0.01875 0.027083333333333334

5 0.85859375 0.009375 0.0421875 0.01875

5 0.7078125 0.43125 0.0125 0.020833333333333332
5 0.69296875 0.42604166666666665 0.0328125 0.027083333333333334
5 0.6828125 0.42916666666666664 0.021875 0.029166666666666667
5 0.68203125 0.3625 0.0171875 0.0125
5 0.9078125 0.4479166666666667 0.009375 0.008333333333333333
5 0.75703125 0.41458333333333336 0.0140625 0.0125
5 0.625 0.628125 0.040625 0.07708333333333334
5 0.696875 0.8270833333333333 0.025 0.03333333333333333
5 0.52265625 0.36770833333333336 0.0046875 0.010416666666666666
1 0.5828125 0.4875 0.025 0.04583333333333333


1 0.7375 0.4041666666666667 0.009375 0.008333333333333333
3 0.6265625 0.6177083333333333 0.0375 0.06041666666666667
1 0.56796875 0.30625 0.0171875 0.025
1 0.5671875 0.29270833333333335 0.015625 0.014583333333333334
1 0.52578125 0.08020833333333334 0.0234375 0.027083333333333334
1 0.5234375 0.06354166666666666 0.0125 0.014583333333333334
1 0.37890625 0.25104166666666666 0.0140625 0.01875
1 0.35234375 0.2520833333333333 0.0140625 0.029166666666666667
1 0.37421875 0.22395833333333334 0.0140625 0.01875
1 0.3546875 0.225 0.0125 0.016666666666666666
1 0.3359375 0.22291666666666668 0.0125 0.020833333333333332
1 0.31796875 0.228125 0.0140625 0.01875
1 0.3171875 0.25416666666666665 0.015625 0.029166666666666667
1 0.3 0.23333333333333334 0.01875 0.020833333333333332
1 0.27734375 0.22604166666666667 0.0140625 0.014583333333333334
1 0.38359375 0.1875 0.0140625 0.020833333333333332
1 0.36640625 0.19166666666666668 0.0140625 0.020833333333333332
1 0.33125 0.18854166666666666 0.0125 0.01875
1 0.3140625 0.19375 0.015625 0.029166666666666667
1 0.29765625 0.17291666666666666 0.0234375 0.025
1 0.48984375 0.08125 0.0140625 0.020833333333333332


1 0.75 0.8416666666666667 0.021875 0.03333333333333333
1 0.5484375 0.3333333333333333 0.015625 0.020833333333333332
