
1 0.36953125 0.9760416666666667 0.0609375 0.04791666666666667
1 0.44140625 0.9260416666666667 0.0515625 0.04375
1 0.228125 0.9916666666666667 0.046875 0.016666666666666666
1 0.30703125 0.9583333333333334 0.0640625 0.05
1 0.39375 0.9114583333333334 0.05625 0.04791666666666667
1 0.1578125 0.9854166666666667 0.06875 0.029166666666666667
1 0.24453125 0.9447916666666667 0.0609375 0.04375
1 0.32265625 0.8989583333333333 0.0484375 0.03958333333333333
1 0.3953125 0.8604166666666667 0.05625 0.041666666666666664
1 0.1078125 0.9760416666666667 0.065625 0.04791666666666667
1 0.1890625 0.9270833333333334 0.0625 0.05
1 0.278125 0.8833333333333333 0.06875 0.05
1 0.3578125 0.8416666666666667 0.05625 0.041666666666666664

1 0.03984375 0.7822916666666667 0.0421875 0.04375


1 0.03671875 0.7802083333333333 0.0359375 0.035416666666666666
1 0.0578125 0.7947916666666667 0.053125 0.06458333333333334
1 0.93671875 0.4791666666666667 0.0296875 0.03333333333333333

1 0.6984375 0.8489583333333334 0.04375 0.06458333333333334

1 0.81953125 0.7895833333333333 0.0484375 0.04583333333333333

5 0.346875 0.6208333333333333 0.01875 0.0125
5 0.34609375 0.628125 0.0234375 0.022916666666666665
4 0.36015625 0.63125 0.0078125 0.016666666666666666

5 0.02421875 0.7885416666666667 0.0078125 0.010416666666666666
5 0.45390625 0.5197916666666667 0.0078125 0.01875
4 0.39140625 0.521875 0.0078125 0.010416666666666666
4 0.35078125 0.5083333333333333 0.0078125 0.0125
4 0.35234375 0.5072916666666667 0.0109375 0.014583333333333334
5 0.5859375 0.5010416666666667 0.025 0.04791666666666667
1 0.63125 0.640625 0.046875 0.08958333333333333
5 0.5515625 0.43020833333333336 0.0125 0.010416666666666666
5 0.64140625 0.6541666666666667 0.1328125 0.35833333333333334
5 0.58828125 0.5072916666666667 0.0171875 0.022916666666666665

5 0.86328125 0.010416666666666666 0.0390625 0.020833333333333332

5 0.7109375 0.43125 0.015625 0.020833333333333332
5 0.70078125 0.428125 0.0265625 0.027083333333333334
5 0.6875 0.4395833333333333 0.021875 0.041666666666666664
5 0.68671875 0.3645833333333333 0.0171875 0.0125
5 0.91328125 0.4479166666666667 0.0109375 0.008333333333333333
5 0.759375 0.41875 0.015625 0.016666666666666666
5 0.6265625 0.6291666666666667 0.040625 0.0625
5 0.69921875 0.8416666666666667 0.0234375 0.03333333333333333
5 0.52265625 0.36770833333333336 0.0046875 0.010416666666666666
1 0.584375 0.49583333333333335 0.025 0.04583333333333333

1 0.85703125 0.6979166666666666 0.0015625 0.004166666666666667
1 0.7421875 0.40520833333333334 0.009375 0.00625
3 0.63046875 0.6270833333333333 0.0390625 0.058333333333333334
1 0.56796875 0.30833333333333335 0.0171875 0.029166666666666667
1 0.56875 0.3020833333333333 0.01875 0.020833333333333332
1 0.52578125 0.08020833333333334 0.0234375 0.027083333333333334
1 0.52421875 0.06458333333333334 0.0140625 0.016666666666666666
1 0.37890625 0.25104166666666666 0.0140625 0.01875
1 0.35234375 0.25104166666666666 0.0140625 0.027083333333333334
1 0.37421875 0.228125 0.0171875 0.022916666666666665
1 0.3546875 0.225 0.0125 0.016666666666666666
1 0.3359375 0.22291666666666668 0.0125 0.020833333333333332
1 0.31796875 0.228125 0.0140625 0.01875
1 0.3171875 0.25416666666666665 0.015625 0.025
1 0.29765625 0.23333333333333334 0.0203125 0.020833333333333332
1 0.27734375 0.22604166666666667 0.0140625 0.014583333333333334
1 0.38359375 0.1875 0.0140625 0.020833333333333332
1 0.3671875 0.190625 0.0125 0.01875
1 0.33125 0.18854166666666666 0.0125 0.01875
1 0.3140625 0.19375 0.015625 0.029166666666666667
1 0.29765625 0.17291666666666666 0.0234375 0.025
1 0.490625 0.08020833333333334 0.015625 0.022916666666666665


1 0.75703125 0.8541666666666666 0.0203125 0.03333333333333333
1 0.54921875 0.3385416666666667 0.0171875 0.01875
