
1 0.36953125 0.9760416666666667 0.0609375 0.04791666666666667
1 0.44140625 0.9260416666666667 0.0515625 0.04375
1 0.228125 0.9916666666666667 0.046875 0.016666666666666666
1 0.30703125 0.9583333333333334 0.0640625 0.05
1 0.39375 0.9114583333333334 0.05625 0.04791666666666667
1 0.1578125 0.9854166666666667 0.06875 0.029166666666666667
1 0.24453125 0.9447916666666667 0.0609375 0.04375
1 0.32265625 0.8989583333333333 0.0484375 0.03958333333333333
1 0.3953125 0.859375 0.05625 0.03958333333333333
1 0.1078125 0.9760416666666667 0.065625 0.04791666666666667
1 0.1890625 0.9270833333333334 0.0625 0.05
1 0.278125 0.8833333333333333 0.06875 0.05
1 0.3578125 0.840625 0.05625 0.04375

1 0.034375 0.7864583333333334 0.0375 0.052083333333333336


1 0.0359375 0.7875 0.034375 0.05
1 0.04453125 0.7947916666666667 0.0484375 0.06458333333333334
1 0.93984375 0.4791666666666667 0.0296875 0.03333333333333333

1 0.7 0.8541666666666666 0.04375 0.0625

1 0.81875 0.7895833333333333 0.046875 0.04583333333333333

5 0.34765625 0.6260416666666667 0.0203125 0.014583333333333334
5 0.3484375 0.628125 0.021875 0.022916666666666665
4 0.36015625 0.63125 0.0078125 0.016666666666666666
4 0.365625 0.678125 0.003125 0.04791666666666667
5 0.0171875 0.7947916666666667 0.009375 0.010416666666666666
5 0.45390625 0.5197916666666667 0.0078125 0.01875
4 0.39140625 0.521875 0.0078125 0.010416666666666666
4 0.35078125 0.509375 0.0078125 0.014583333333333334
4 0.3515625 0.5072916666666667 0.0125 0.014583333333333334
5 0.5875 0.5072916666666667 0.025 0.052083333333333336
1 0.63359375 0.6458333333333334 0.0484375 0.0875
5 0.55234375 0.42916666666666664 0.0109375 0.0125
5 0.64296875 0.6614583333333334 0.1359375 0.36041666666666666
5 0.58828125 0.515625 0.0203125 0.027083333333333334

5 0.86328125 0.011458333333333333 0.0390625 0.022916666666666665

5 0.71796875 0.434375 0.0109375 0.014583333333333334
5 0.70390625 0.42916666666666664 0.0359375 0.029166666666666667
5 0.69296875 0.4395833333333333 0.0265625 0.041666666666666664
5 0.6890625 0.36666666666666664 0.015625 0.0125
5 0.9171875 0.44583333333333336 0.009375 0.008333333333333333
5 0.76953125 0.41875 0.0140625 0.0125
5 0.62890625 0.6333333333333333 0.0421875 0.058333333333333334
5 0.7 0.8458333333333333 0.021875 0.025
5 0.52265625 0.36875 0.0046875 0.0125
1 0.5859375 0.5 0.025 0.04583333333333333

1 0.59140625 0.5270833333333333 0.6578125 0.225
1 0.74296875 0.4083333333333333 0.0078125 0.008333333333333333
3 0.63125 0.6322916666666667 0.040625 0.06041666666666667
1 0.56796875 0.3125 0.0140625 0.020833333333333332
1 0.56796875 0.30104166666666665 0.0140625 0.01875
1 0.5265625 0.08020833333333334 0.021875 0.027083333333333334
1 0.5234375 0.06041666666666667 0.0125 0.0125
1 0.37890625 0.25104166666666666 0.0140625 0.01875
1 0.35234375 0.25104166666666666 0.0140625 0.027083333333333334
1 0.37421875 0.225 0.0140625 0.016666666666666666
1 0.3546875 0.225 0.0125 0.016666666666666666
1 0.3359375 0.22395833333333334 0.0125 0.01875
1 0.31796875 0.228125 0.0140625 0.01875
1 0.3171875 0.253125 0.015625 0.027083333333333334
1 0.29765625 0.23333333333333334 0.0203125 0.020833333333333332
1 0.27734375 0.22604166666666667 0.0140625 0.014583333333333334
1 0.38359375 0.1875 0.0140625 0.020833333333333332
1 0.36796875 0.190625 0.0140625 0.01875
1 0.33125 0.18854166666666666 0.0125 0.01875
1 0.3140625 0.19375 0.015625 0.029166666666666667
1 0.2984375 0.17291666666666666 0.025 0.025
1 0.48984375 0.08020833333333334 0.0171875 0.022916666666666665


1 0.759375 0.8625 0.021875 0.029166666666666667
1 0.55 0.340625 0.015625 0.01875
