
1 0.36953125 0.975 0.0609375 0.05
1 0.44140625 0.925 0.0515625 0.041666666666666664
1 0.228125 0.9916666666666667 0.046875 0.016666666666666666
1 0.30703125 0.9583333333333334 0.0640625 0.05
1 0.39375 0.9114583333333334 0.05625 0.04791666666666667
1 0.1578125 0.9854166666666667 0.06875 0.029166666666666667
1 0.24609375 0.9447916666666667 0.0609375 0.04375
1 0.32265625 0.8989583333333333 0.0484375 0.03958333333333333
1 0.3953125 0.859375 0.05625 0.03958333333333333
1 0.1078125 0.9760416666666667 0.065625 0.04791666666666667
1 0.1890625 0.9270833333333334 0.0625 0.05
1 0.278125 0.8833333333333333 0.06875 0.05
1 0.35859375 0.840625 0.0546875 0.04375

1 0.0265625 0.7927083333333333 0.053125 0.04791666666666667


1 0.03671875 0.8020833333333334 0.0359375 0.05
1 0.04296875 0.8104166666666667 0.0203125 0.03333333333333333
1 0.94453125 0.47604166666666664 0.0296875 0.035416666666666666

1 0.7015625 0.8677083333333333 0.05 0.06875

1 0.81875 0.7895833333333333 0.046875 0.04583333333333333

5 0.35625 0.621875 0.01875 0.010416666666666666
5 0.35390625 0.6302083333333334 0.0203125 0.022916666666666665
4 0.3625 0.63125 0.009375 0.016666666666666666
4 0.36171875 0.6854166666666667 0.0171875 0.03333333333333333
5 0.003125 0.8020833333333334 0.00625 0.0125
5 0.45390625 0.51875 0.0078125 0.020833333333333332
4 0.390625 0.5208333333333334 0.00625 0.0125
4 0.34921875 0.5083333333333333 0.0078125 0.0125
4 0.35078125 0.5083333333333333 0.0109375 0.0125
5 0.5890625 0.5166666666666667 0.021875 0.041666666666666664
1 0.63515625 0.6541666666666667 0.0484375 0.0875
5 0.55234375 0.428125 0.0109375 0.010416666666666666
5 0.6453125 0.6708333333333333 0.1375 0.35833333333333334
5 0.590625 0.51875 0.01875 0.025

5 0.8640625 0.0125 0.0375 0.025

5 0.72421875 0.43854166666666666 0.0140625 0.01875
5 0.70859375 0.43020833333333336 0.0359375 0.03125
5 0.6984375 0.44479166666666664 0.028125 0.035416666666666666
5 0.6921875 0.36770833333333336 0.015625 0.010416666666666666
5 0.921875 0.44375 0.00625 0.008333333333333333
5 0.77109375 0.421875 0.0140625 0.014583333333333334
5 0.63125 0.6479166666666667 0.040625 0.058333333333333334
5 0.703125 0.8552083333333333 0.021875 0.014583333333333334
5 0.52265625 0.36666666666666664 0.0046875 0.0125
1 0.58828125 0.5114583333333333 0.0234375 0.04791666666666667

1 0.59140625 0.5270833333333333 0.6578125 0.225
1 0.7453125 0.41041666666666665 0.00625 0.008333333333333333
3 0.634375 0.6427083333333333 0.040625 0.06458333333333334
1 0.56953125 0.31354166666666666 0.0140625 0.022916666666666665
1 0.56953125 0.30416666666666664 0.0140625 0.016666666666666666
1 0.52421875 0.08020833333333334 0.0203125 0.027083333333333334
1 0.52421875 0.06770833333333333 0.0140625 0.01875
1 0.37890625 0.25104166666666666 0.0140625 0.01875
1 0.353125 0.25104166666666666 0.015625 0.027083333333333334
1 0.375 0.22708333333333333 0.015625 0.020833333333333332
1 0.3546875 0.225 0.0125 0.016666666666666666
1 0.3359375 0.22291666666666668 0.0125 0.020833333333333332
1 0.3171875 0.23125 0.015625 0.020833333333333332
1 0.3171875 0.25416666666666665 0.015625 0.025
1 0.3 0.23229166666666667 0.01875 0.022916666666666665
1 0.278125 0.22604166666666667 0.0125 0.014583333333333334
1 0.38359375 0.1875 0.0140625 0.020833333333333332
1 0.36640625 0.19166666666666668 0.0140625 0.020833333333333332
1 0.33125 0.18854166666666666 0.0125 0.01875
1 0.3140625 0.19375 0.015625 0.029166666666666667
1 0.2984375 0.17291666666666666 0.025 0.025
1 0.490625 0.078125 0.015625 0.022916666666666665


1 0.76171875 0.875 0.0234375 0.029166666666666667
1 0.55 0.346875 0.015625 0.01875
