
1 0.38125 0.9760416666666667 0.059375 0.04791666666666667
1 0.45 0.9260416666666667 0.053125 0.04375
1 0.2421875 0.9927083333333333 0.04375 0.014583333333333334
1 0.31796875 0.9583333333333334 0.0640625 0.05
1 0.4046875 0.9114583333333334 0.05625 0.04791666666666667
1 0.16796875 0.9854166666666667 0.0640625 0.029166666666666667
1 0.25703125 0.9458333333333333 0.0609375 0.04583333333333333
1 0.3328125 0.9 0.046875 0.041666666666666664
1 0.40390625 0.8604166666666667 0.0546875 0.041666666666666664
1 0.11875 0.9770833333333333 0.065625 0.04583333333333333
1 0.19921875 0.928125 0.0609375 0.04791666666666667
1 0.2875 0.8833333333333333 0.06875 0.05
1 0.3671875 0.840625 0.053125 0.04375


1 0.01953125 0.8708333333333333 0.0390625 0.05416666666666667
1 0.2359375 0.8239583333333333 0.04375 0.06041666666666667
1 0.240625 0.8010416666666667 0.009375 0.00625
1 0.34609375 0.715625 0.0546875 0.04375
1 0.41484375 0.7510416666666667 0.0578125 0.04375
1 0.4953125 0.6864583333333333 0.05625 0.03958333333333333
1 0.57265625 0.6604166666666667 0.0546875 0.0375
1 0.640625 0.7729166666666667 0.05625 0.05
1 0.6640625 0.659375 0.059375 0.04791666666666667
1 0.79609375 0.6697916666666667 0.0390625 0.05625

5 0.334375 0.5916666666666667 0.015625 0.025
4 0.3484375 0.5583333333333333 0.00625 0.020833333333333332
4 0.36953125 0.55 0.0078125 0.016666666666666666
5 0.40546875 0.54375 0.0078125 0.025
5 0.41796875 0.540625 0.0078125 0.022916666666666665
4 0.39609375 0.5302083333333333 0.0078125 0.01875
4 0.36640625 0.5072916666666667 0.0109375 0.03125
4 0.3703125 0.49270833333333336 0.015625 0.01875
5 0.52109375 0.4166666666666667 0.0078125 0.025
1 0.5703125 0.4 0.021875 0.03333333333333333
5 0.53359375 0.41875 0.0078125 0.016666666666666666
5 0.55390625 0.4114583333333333 0.0078125 0.01875
5 0.553125 0.43125 0.009375 0.025
5 0.58125 0.46458333333333335 0.009375 0.020833333333333332
5 0.590625 0.39166666666666666 0.015625 0.016666666666666666
5 0.621875 0.425 0.01875 0.020833333333333332
5 0.61171875 0.3885416666666667 0.0078125 0.014583333333333334
5 0.64296875 0.37395833333333334 0.0078125 0.01875
5 0.6171875 0.36666666666666664 0.009375 0.020833333333333332
5 0.615625 0.3458333333333333 0.0125 0.016666666666666666
5 0.61484375 0.36666666666666664 0.0171875 0.020833333333333332
5 0.56796875 0.36041666666666666 0.0078125 0.016666666666666666
5 0.5515625 0.36875 0.00625 0.016666666666666666
5 0.534375 0.35520833333333335 0.009375 0.014583333333333334
5 0.53828125 0.35520833333333335 0.0078125 0.01875
1 0.54453125 0.33645833333333336 0.0234375 0.03125
3 0.54453125 0.2625 0.0265625 0.06666666666666667
1 0.52734375 0.21875 0.0140625 0.020833333333333332
1 0.52890625 0.18958333333333333 0.0171875 0.025
3 0.52109375 0.14479166666666668 0.0203125 0.04791666666666667
1 0.515625 0.11354166666666667 0.009375 0.014583333333333334
1 0.51171875 0.09166666666666666 0.0140625 0.025
1 0.50078125 0.06666666666666667 0.0109375 0.016666666666666666
1 0.49140625 0.04895833333333333 0.0140625 0.022916666666666665
1 0.38203125 0.25 0.0171875 0.020833333333333332
1 0.3625 0.246875 0.015625 0.027083333333333334
1 0.3796875 0.22395833333333334 0.015625 0.01875
1 0.35859375 0.22395833333333334 0.0140625 0.01875
1 0.3390625 0.225 0.015625 0.025
1 0.32109375 0.23020833333333332 0.0140625 0.022916666666666665
1 0.32109375 0.259375 0.0171875 0.03125
1 0.30078125 0.23229166666666667 0.0203125 0.022916666666666665
1 0.28125 0.22604166666666667 0.015625 0.01875
1 0.3875 0.184375 0.015625 0.01875
1 0.37265625 0.18854166666666666 0.0171875 0.01875
1 0.3328125 0.18645833333333334 0.0125 0.01875
1 0.3140625 0.19166666666666668 0.015625 0.029166666666666667
1 0.303125 0.16875 0.01875 0.025
1 0.48984375 0.071875 0.0203125 0.01875
1 0.5625 0.25833333333333336 0.015625 0.029166666666666667
1 0.55625 0.22291666666666668 0.015625 0.029166666666666667
1 0.55078125 0.190625 0.0140625 0.022916666666666665
1 0.54375 0.16041666666666668 0.015625 0.020833333333333332
