
1 0.36953125 0.975 0.0609375 0.05
1 0.44140625 0.925 0.0515625 0.041666666666666664
1 0.228125 0.9916666666666667 0.046875 0.016666666666666666
1 0.30703125 0.9583333333333334 0.0640625 0.05
1 0.39375 0.9114583333333334 0.05625 0.04791666666666667
1 0.15859375 0.9854166666666667 0.0671875 0.029166666666666667
1 0.24609375 0.9447916666666667 0.0609375 0.04375
1 0.32265625 0.8989583333333333 0.0484375 0.03958333333333333
1 0.3953125 0.859375 0.05625 0.03958333333333333
1 0.1078125 0.9760416666666667 0.065625 0.04791666666666667
1 0.1890625 0.9270833333333334 0.0625 0.05
1 0.278125 0.8833333333333333 0.06875 0.05
1 0.35859375 0.840625 0.0546875 0.04375

1 0.025 0.796875 0.05 0.052083333333333336


1 0.02890625 0.8072916666666666 0.0484375 0.05625

1 0.9515625 0.46875 0.025 0.025

1 0.703125 0.8760416666666667 0.053125 0.07291666666666667

1 0.82109375 0.7895833333333333 0.0453125 0.04583333333333333

5 0.36328125 0.6239583333333333 0.0171875 0.014583333333333334
5 0.35703125 0.6302083333333334 0.0234375 0.022916666666666665
4 0.3640625 0.6291666666666667 0.0125 0.016666666666666666
4 0.3578125 0.6875 0.01875 0.0375
5 0.0015625 0.8083333333333333 0.003125 0.008333333333333333
5 0.45390625 0.51875 0.0078125 0.020833333333333332
4 0.390625 0.5208333333333334 0.00625 0.0125
4 0.34921875 0.5083333333333333 0.0078125 0.0125
4 0.35234375 0.5052083333333334 0.0109375 0.010416666666666666
5 0.5890625 0.525 0.025 0.05
1 0.6375 0.6614583333333334 0.05 0.08958333333333333
5 0.55234375 0.428125 0.0109375 0.010416666666666666
5 0.64765625 0.6770833333333334 0.1390625 0.35833333333333334
5 0.590625 0.5291666666666667 0.021875 0.025

5 0.8703125 0.017708333333333333 0.021875 0.01875

5 0.72890625 0.4395833333333333 0.0171875 0.016666666666666666
5 0.71171875 0.43333333333333335 0.0328125 0.03333333333333333
5 0.7015625 0.4479166666666667 0.028125 0.03333333333333333
5 0.69375 0.36875 0.015625 0.008333333333333333
5 0.925 0.44166666666666665 0.00625 0.008333333333333333
5 0.771875 0.42291666666666666 0.015625 0.0125
5 0.6328125 0.65625 0.04375 0.07083333333333333
5 0.70703125 0.8708333333333333 0.0078125 0.0375
5 0.5234375 0.36666666666666664 0.00625 0.0125
1 0.58984375 0.5166666666666667 0.0234375 0.04583333333333333

1 0.26328125 0.41770833333333335 0.0015625 0.00625
1 0.746875 0.41354166666666664 0.00625 0.00625
3 0.63828125 0.65 0.0421875 0.06666666666666667
1 0.571875 0.31875 0.01875 0.025
1 0.5703125 0.30625 0.0125 0.0125
1 0.52578125 0.08020833333333334 0.0234375 0.027083333333333334
1 0.52421875 0.06875 0.0140625 0.020833333333333332
1 0.37890625 0.25104166666666666 0.0140625 0.01875
1 0.353125 0.25104166666666666 0.015625 0.027083333333333334
1 0.37421875 0.22708333333333333 0.0140625 0.020833333333333332
1 0.3546875 0.22395833333333334 0.0125 0.014583333333333334
1 0.3359375 0.22291666666666668 0.0125 0.020833333333333332
1 0.31796875 0.228125 0.0140625 0.01875
1 0.3171875 0.25416666666666665 0.015625 0.025
1 0.29765625 0.23229166666666667 0.0203125 0.022916666666666665
1 0.27890625 0.22604166666666667 0.0140625 0.014583333333333334
1 0.38359375 0.1875 0.0140625 0.020833333333333332
1 0.36640625 0.19166666666666668 0.0140625 0.020833333333333332
1 0.33125 0.1875 0.0125 0.020833333333333332
1 0.3140625 0.19375 0.015625 0.029166666666666667
1 0.2984375 0.171875 0.025 0.027083333333333334
1 0.48984375 0.075 0.0171875 0.016666666666666666


1 0.76328125 0.8822916666666667 0.0265625 0.027083333333333334
1 0.5515625 0.35104166666666664 0.015625 0.01875
