
1 0.36953125 0.975 0.0609375 0.05
1 0.44140625 0.925 0.0515625 0.041666666666666664
1 0.228125 0.9916666666666667 0.046875 0.016666666666666666
1 0.3078125 0.9583333333333334 0.0625 0.05
1 0.39375 0.9114583333333334 0.05625 0.04791666666666667
1 0.15859375 0.9854166666666667 0.0671875 0.029166666666666667
1 0.24609375 0.9447916666666667 0.0609375 0.04375
1 0.32265625 0.8989583333333333 0.0484375 0.03958333333333333
1 0.3953125 0.859375 0.05625 0.03958333333333333
1 0.1078125 0.975 0.065625 0.05
1 0.1890625 0.9270833333333334 0.0625 0.05
1 0.278125 0.8833333333333333 0.06875 0.05
1 0.3578125 0.840625 0.053125 0.04375

1 0.01875 0.8052083333333333 0.0375 0.052083333333333336


1 0.01875 0.8072916666666666 0.0375 0.06458333333333334
1 0.35078125 0.6302083333333334 0.0265625 0.022916666666666665
1 0.9625 0.46458333333333335 0.025 0.025

1 0.7078125 0.8927083333333333 0.053125 0.07291666666666667

1 0.81875 0.7895833333333333 0.046875 0.04583333333333333

5 0.36953125 0.625 0.0203125 0.0125
5 0.36953125 0.6291666666666667 0.0234375 0.020833333333333332
4 0.37109375 0.625 0.0171875 0.0125
4 0.353125 0.6979166666666666 0.025 0.041666666666666664

5 0.45390625 0.51875 0.0078125 0.020833333333333332
4 0.390625 0.5208333333333334 0.00625 0.0125
4 0.34921875 0.5083333333333333 0.0078125 0.0125
4 0.35 0.5083333333333333 0.009375 0.0125
5 0.590625 0.5375 0.025 0.05416666666666667
1 0.6421875 0.678125 0.05 0.09375
5 0.55234375 0.42916666666666664 0.0109375 0.0125
5 0.65 0.6916666666666667 0.140625 0.3625
5 0.59765625 0.540625 0.0171875 0.027083333333333334
5 0.5875 0.41458333333333336 0.015625 0.020833333333333332
5 0.8703125 0.017708333333333333 0.021875 0.01875

5 0.73984375 0.44375 0.0109375 0.016666666666666666
5 0.73046875 0.44375 0.0265625 0.025
5 0.70859375 0.46041666666666664 0.0328125 0.04583333333333333
5 0.6984375 0.3729166666666667 0.015625 0.0125
5 0.9296875 0.4375 0.009375 0.008333333333333333
5 0.7796875 0.4197916666666667 0.0125 0.010416666666666666
5 0.6375 0.6677083333333333 0.046875 0.06041666666666667
5 0.7125 0.8791666666666667 0.01875 0.020833333333333332
5 0.52109375 0.3697916666666667 0.0078125 0.014583333333333334
1 0.5921875 0.5302083333333333 0.025 0.04791666666666667

1 0.91953125 0.6375 0.0015625 0.004166666666666667
1 0.75546875 0.4114583333333333 0.0078125 0.00625
3 0.64140625 0.6697916666666667 0.0421875 0.07291666666666667
1 0.57265625 0.3229166666666667 0.0171875 0.025
1 0.57109375 0.3104166666666667 0.0140625 0.0125
1 0.52421875 0.08020833333333334 0.0203125 0.027083333333333334
1 0.525 0.07083333333333333 0.015625 0.020833333333333332
1 0.3796875 0.2520833333333333 0.015625 0.025
1 0.353125 0.25104166666666666 0.015625 0.027083333333333334
1 0.375 0.22708333333333333 0.015625 0.020833333333333332
1 0.35546875 0.22291666666666668 0.0140625 0.016666666666666666
1 0.3359375 0.22291666666666668 0.0125 0.020833333333333332
1 0.31796875 0.228125 0.0140625 0.01875
1 0.3171875 0.253125 0.015625 0.027083333333333334
1 0.29765625 0.23229166666666667 0.0203125 0.022916666666666665
1 0.27890625 0.22604166666666667 0.0140625 0.014583333333333334
1 0.38359375 0.18645833333333334 0.0140625 0.01875
1 0.36640625 0.19166666666666668 0.0140625 0.020833333333333332
1 0.33125 0.18645833333333334 0.0125 0.01875
1 0.3140625 0.19375 0.015625 0.029166666666666667
1 0.2984375 0.171875 0.025 0.027083333333333334
1 0.48984375 0.075 0.0171875 0.016666666666666666


1 0.76953125 0.9010416666666666 0.0296875 0.03958333333333333
1 0.5515625 0.35625 0.015625 0.0125
