
1 0.36953125 0.975 0.0609375 0.05
1 0.44140625 0.925 0.0515625 0.041666666666666664
1 0.228125 0.990625 0.046875 0.01875
1 0.30703125 0.9572916666666667 0.0640625 0.052083333333333336
1 0.39375 0.9114583333333334 0.05625 0.04791666666666667
1 0.1578125 0.9854166666666667 0.06875 0.029166666666666667
1 0.24609375 0.9447916666666667 0.0609375 0.04375
1 0.32265625 0.8989583333333333 0.0484375 0.03958333333333333
1 0.3953125 0.859375 0.05625 0.03958333333333333
1 0.1078125 0.975 0.065625 0.05
1 0.1890625 0.9270833333333334 0.0625 0.05
1 0.278125 0.8833333333333333 0.06875 0.05
1 0.35859375 0.840625 0.0546875 0.04375

1 0.18828125 0.9239583333333333 0.0578125 0.03125


1 0.375 0.63125 0.021875 0.016666666666666666
1 0.37734375 0.6291666666666667 0.0203125 0.020833333333333332
1 0.9671875 0.46458333333333335 0.028125 0.03333333333333333

1 0.71640625 0.9114583333333334 0.0578125 0.07708333333333334

1 0.81953125 0.7895833333333333 0.0484375 0.04583333333333333

5 0.378125 0.625 0.015625 0.0125
5 0.37578125 0.6322916666666667 0.0234375 0.022916666666666665
4 0.3796875 0.628125 0.0125 0.014583333333333334
4 0.34765625 0.7020833333333333 0.0203125 0.03333333333333333

5 0.45390625 0.51875 0.0078125 0.020833333333333332
4 0.39140625 0.51875 0.0078125 0.0125
4 0.34921875 0.5083333333333333 0.0078125 0.0125
4 0.35 0.5083333333333333 0.009375 0.0125
5 0.59609375 0.5541666666666667 0.0265625 0.05416666666666667
1 0.646875 0.6916666666666667 0.046875 0.09166666666666666
5 0.55234375 0.428125 0.0109375 0.010416666666666666
5 0.65390625 0.70625 0.1421875 0.3625
5 0.59921875 0.559375 0.0234375 0.03125
5 0.5984375 0.41770833333333335 0.0125 0.014583333333333334
5 0.86953125 0.020833333333333332 0.0203125 0.0125

5 0.753125 0.4479166666666667 0.0125 0.016666666666666666
5 0.740625 0.446875 0.034375 0.03125
5 0.7171875 0.46875 0.028125 0.0375
5 0.70625 0.37604166666666666 0.015625 0.010416666666666666
5 0.9359375 0.43333333333333335 0.009375 0.008333333333333333
5 0.78671875 0.421875 0.0109375 0.010416666666666666
5 0.64375 0.68125 0.04375 0.0625
5 0.71875 0.8958333333333334 0.021875 0.016666666666666666
5 0.5234375 0.36666666666666664 0.00625 0.0125
1 0.596875 0.5458333333333333 0.028125 0.05


1 0.7609375 0.41354166666666664 0.00625 0.00625
3 0.64609375 0.68125 0.0421875 0.07083333333333333
1 0.56796875 0.3260416666666667 0.0109375 0.01875
1 0.57265625 0.31875 0.0140625 0.016666666666666666
1 0.521875 0.08020833333333334 0.015625 0.027083333333333334
1 0.52421875 0.07083333333333333 0.0171875 0.020833333333333332
1 0.38046875 0.2520833333333333 0.0171875 0.025
1 0.35390625 0.25104166666666666 0.0171875 0.027083333333333334
1 0.375 0.22708333333333333 0.015625 0.020833333333333332
1 0.35546875 0.225 0.0140625 0.020833333333333332
1 0.3359375 0.22291666666666668 0.0125 0.020833333333333332
1 0.31796875 0.228125 0.0140625 0.01875
1 0.31796875 0.253125 0.0171875 0.027083333333333334
1 0.29765625 0.23229166666666667 0.0203125 0.022916666666666665
1 0.27890625 0.225 0.0140625 0.016666666666666666
1 0.38359375 0.18645833333333334 0.0140625 0.01875
1 0.36640625 0.19166666666666668 0.0140625 0.020833333333333332
1 0.33125 0.18645833333333334 0.0125 0.01875
1 0.3140625 0.19375 0.015625 0.029166666666666667
1 0.2984375 0.171875 0.025 0.027083333333333334
1 0.4890625 0.07395833333333333 0.01875 0.014583333333333334


1 0.7765625 0.9197916666666667 0.028125 0.03958333333333333
1 0.55390625 0.371875 0.0171875 0.022916666666666665
