
1 0.36953125 0.975 0.0609375 0.05
1 0.44140625 0.925 0.0515625 0.041666666666666664
1 0.22734375 0.990625 0.0484375 0.01875
1 0.3078125 0.9572916666666667 0.0625 0.052083333333333336
1 0.39375 0.9114583333333334 0.05625 0.04791666666666667
1 0.15859375 0.9854166666666667 0.0671875 0.029166666666666667
1 0.24609375 0.9447916666666667 0.0609375 0.04375
1 0.32265625 0.8989583333333333 0.0484375 0.03958333333333333
1 0.3953125 0.859375 0.05625 0.03958333333333333
1 0.10859375 0.975 0.0671875 0.05
1 0.1890625 0.9270833333333334 0.0625 0.05
1 0.278125 0.8822916666666667 0.06875 0.052083333333333336
1 0.35859375 0.840625 0.0546875 0.04375

1 0.1890625 0.925 0.05625 0.0375


1 0.36875 0.6322916666666667 0.040625 0.014583333333333334
1 0.38203125 0.6291666666666667 0.0171875 0.016666666666666666
1 0.9703125 0.4625 0.03125 0.03333333333333333

1 0.7171875 0.921875 0.059375 0.08125

1 0.81953125 0.7895833333333333 0.0484375 0.04583333333333333

5 0.38125 0.6260416666666667 0.015625 0.010416666666666666
5 0.38046875 0.63125 0.0234375 0.020833333333333332
4 0.38203125 0.628125 0.0140625 0.014583333333333334
4 0.34375 0.6958333333333333 0.021875 0.020833333333333332

5 0.45390625 0.51875 0.0078125 0.020833333333333332
4 0.39140625 0.51875 0.0078125 0.0125
4 0.35 0.5083333333333333 0.009375 0.0125
4 0.35 0.5083333333333333 0.009375 0.0125
5 0.58828125 0.5604166666666667 0.0203125 0.05
1 0.64765625 0.6958333333333333 0.0453125 0.0875
5 0.55234375 0.428125 0.0109375 0.010416666666666666
5 0.65703125 0.7114583333333333 0.1453125 0.3645833333333333
5 0.60078125 0.565625 0.0203125 0.027083333333333334
5 0.6 0.41875 0.0125 0.016666666666666666
5 0.86875 0.020833333333333332 0.01875 0.0125

5 0.75625 0.45 0.0125 0.016666666666666666
5 0.7453125 0.44895833333333335 0.03125 0.03125
5 0.72265625 0.46875 0.0359375 0.0375
5 0.70703125 0.37604166666666666 0.0140625 0.010416666666666666
5 0.94140625 0.43020833333333336 0.0078125 0.010416666666666666
5 0.7890625 0.42083333333333334 0.0125 0.0125
5 0.64765625 0.6875 0.0453125 0.06666666666666667
5 0.7203125 0.896875 0.025 0.01875
5 0.5234375 0.36666666666666664 0.00625 0.0125
1 0.5984375 0.5520833333333334 0.028125 0.05

1 0.271875 0.42604166666666665 0.009375 0.00625
1 0.76171875 0.41458333333333336 0.0078125 0.008333333333333333
3 0.64765625 0.6875 0.0421875 0.07083333333333333
1 0.56875 0.33125 0.009375 0.016666666666666666
1 0.5734375 0.32083333333333336 0.015625 0.0125
1 0.52421875 0.08020833333333334 0.0203125 0.027083333333333334
1 0.5265625 0.06458333333333334 0.015625 0.016666666666666666
1 0.37890625 0.25 0.0140625 0.020833333333333332
1 0.3546875 0.25104166666666666 0.015625 0.027083333333333334
1 0.37578125 0.22395833333333334 0.0140625 0.01875
1 0.3546875 0.225 0.015625 0.020833333333333332
1 0.3359375 0.22291666666666668 0.0125 0.020833333333333332
1 0.31796875 0.228125 0.0140625 0.01875
1 0.31796875 0.253125 0.0171875 0.027083333333333334
1 0.29765625 0.23229166666666667 0.0203125 0.022916666666666665
1 0.27890625 0.225 0.0140625 0.016666666666666666
1 0.38359375 0.18645833333333334 0.0140625 0.01875
1 0.36640625 0.19166666666666668 0.0140625 0.020833333333333332
1 0.33125 0.18645833333333334 0.0125 0.01875
1 0.3140625 0.19375 0.015625 0.029166666666666667
1 0.2984375 0.171875 0.025 0.027083333333333334
1 0.48984375 0.07291666666666667 0.0171875 0.016666666666666666


1 0.77734375 0.9239583333333333 0.0296875 0.03958333333333333
1 0.55546875 0.375 0.0171875 0.020833333333333332
