
1 0.36953125 0.975 0.0609375 0.05
1 0.44140625 0.925 0.0515625 0.041666666666666664
1 0.22734375 0.990625 0.0484375 0.01875
1 0.30703125 0.9572916666666667 0.0640625 0.052083333333333336
1 0.39375 0.9114583333333334 0.05625 0.04791666666666667
1 0.15859375 0.9854166666666667 0.0671875 0.029166666666666667
1 0.24609375 0.9447916666666667 0.0609375 0.04375
1 0.32265625 0.8989583333333333 0.0484375 0.03958333333333333
1 0.3953125 0.8583333333333333 0.05625 0.041666666666666664
1 0.10859375 0.975 0.0671875 0.05
1 0.1890625 0.9270833333333334 0.0625 0.05
1 0.278125 0.8822916666666667 0.06875 0.052083333333333336
1 0.35859375 0.840625 0.0546875 0.04375

1 0.1890625 0.9260416666666667 0.05625 0.035416666666666666


1 0.34609375 0.6322916666666667 0.0171875 0.014583333333333334
1 0.38671875 0.63125 0.0203125 0.016666666666666666
1 0.98046875 0.45416666666666666 0.0265625 0.025
1 0.671875 0.6989583333333333 0.084375 0.06875
1 0.71875 0.9322916666666666 0.0625 0.08125

1 0.8203125 0.7895833333333333 0.046875 0.04583333333333333

5 0.3828125 0.6270833333333333 0.0125 0.008333333333333333
5 0.384375 0.634375 0.021875 0.022916666666666665
4 0.3875 0.6291666666666667 0.015625 0.0125
4 0.34140625 0.6979166666666666 0.0171875 0.016666666666666666

5 0.45390625 0.51875 0.0078125 0.020833333333333332
4 0.3921875 0.51875 0.00625 0.0125
4 0.34921875 0.5083333333333333 0.0078125 0.0125
4 0.35 0.5083333333333333 0.009375 0.0125
5 0.59140625 0.575 0.0234375 0.04583333333333333
1 0.65 0.709375 0.046875 0.09375
5 0.55234375 0.43020833333333336 0.0109375 0.010416666666666666
5 0.66015625 0.7208333333333333 0.1453125 0.36666666666666664
5 0.603125 0.575 0.021875 0.029166666666666667
5 0.596875 0.4239583333333333 0.0125 0.01875
5 0.88046875 0.004166666666666667 0.0265625 0.008333333333333333

5 0.765625 0.45416666666666666 0.0125 0.016666666666666666
5 0.753125 0.45625 0.03125 0.025
5 0.7234375 0.475 0.0375 0.05
5 0.71015625 0.378125 0.0140625 0.010416666666666666
5 0.94375 0.428125 0.009375 0.010416666666666666
5 0.78984375 0.42083333333333334 0.0140625 0.0125
5 0.6484375 0.6989583333333333 0.04375 0.06041666666666667
5 0.72265625 0.9104166666666667 0.0046875 0.020833333333333332
5 0.52265625 0.36666666666666664 0.0046875 0.0125
1 0.6015625 0.5604166666666667 0.028125 0.05

1 0.271875 0.42604166666666665 0.009375 0.00625
1 0.76328125 0.41458333333333336 0.0078125 0.008333333333333333
3 0.65 0.7 0.040625 0.075
1 0.57421875 0.33541666666666664 0.0140625 0.020833333333333332
1 0.5734375 0.328125 0.0125 0.014583333333333334
1 0.52421875 0.08020833333333334 0.0203125 0.027083333333333334
1 0.52578125 0.065625 0.0171875 0.01875
1 0.37890625 0.25 0.0140625 0.020833333333333332
1 0.35390625 0.25104166666666666 0.0171875 0.027083333333333334
1 0.37578125 0.22395833333333334 0.0140625 0.01875
1 0.35625 0.22291666666666668 0.0125 0.016666666666666666
1 0.3359375 0.22291666666666668 0.0125 0.020833333333333332
1 0.31796875 0.228125 0.0140625 0.01875
1 0.31875 0.253125 0.015625 0.027083333333333334
1 0.29765625 0.23229166666666667 0.0203125 0.022916666666666665
1 0.27890625 0.225 0.0140625 0.016666666666666666
1 0.38359375 0.18645833333333334 0.0140625 0.01875
1 0.3671875 0.19166666666666668 0.015625 0.020833333333333332
1 0.33125 0.18645833333333334 0.0125 0.01875
1 0.3140625 0.19375 0.015625 0.029166666666666667
1 0.2984375 0.171875 0.025 0.027083333333333334
1 0.48984375 0.07291666666666667 0.0171875 0.016666666666666666


1 0.7796875 0.9354166666666667 0.034375 0.041666666666666664
1 0.55546875 0.37916666666666665 0.0140625 0.020833333333333332
