
1 0.36953125 0.975 0.0609375 0.05
1 0.44140625 0.925 0.0515625 0.041666666666666664
1 0.22734375 0.990625 0.0484375 0.01875
1 0.3078125 0.9572916666666667 0.0625 0.052083333333333336
1 0.39375 0.9114583333333334 0.05625 0.04791666666666667
1 0.1578125 0.9854166666666667 0.06875 0.029166666666666667
1 0.24609375 0.9447916666666667 0.0609375 0.04375
1 0.32265625 0.8989583333333333 0.0484375 0.03958333333333333
1 0.3953125 0.8583333333333333 0.05625 0.041666666666666664
1 0.1078125 0.975 0.065625 0.05
1 0.18984375 0.9270833333333334 0.0640625 0.05
1 0.278125 0.8822916666666667 0.06875 0.052083333333333336
1 0.35859375 0.840625 0.0546875 0.04375

1 0.19296875 0.9260416666666667 0.0484375 0.035416666666666666


1 0.353125 0.634375 0.025 0.010416666666666666
1 0.3515625 0.63125 0.028125 0.020833333333333332
1 0.9828125 0.45625 0.028125 0.029166666666666667
1 0.671875 0.709375 0.090625 0.08125
1 0.7203125 0.9395833333333333 0.0625 0.0875

1 0.82109375 0.7895833333333333 0.0484375 0.04583333333333333

5 0.3890625 0.6322916666666667 0.015625 0.014583333333333334
5 0.3890625 0.6364583333333333 0.021875 0.022916666666666665
4 0.39296875 0.6322916666666667 0.0109375 0.014583333333333334
4 0.36953125 0.55 0.0046875 0.004166666666666667

5 0.45390625 0.51875 0.0078125 0.020833333333333332
4 0.3921875 0.51875 0.00625 0.0125
4 0.34921875 0.5083333333333333 0.0078125 0.0125
4 0.35 0.5083333333333333 0.009375 0.0125
5 0.6015625 0.55625 0.025 0.03333333333333333
1 0.65234375 0.7125 0.0453125 0.0875
5 0.55234375 0.42916666666666664 0.0109375 0.0125
5 0.6609375 0.7260416666666667 0.14375 0.3645833333333333
5 0.6046875 0.5822916666666667 0.021875 0.027083333333333334
5 0.59609375 0.4270833333333333 0.0109375 0.016666666666666666
5 0.8796875 0.003125 0.028125 0.00625

5 0.76953125 0.45625 0.0109375 0.016666666666666666
5 0.7609375 0.459375 0.025 0.022916666666666665
5 0.7234375 0.475 0.0375 0.05
5 0.7109375 0.38125 0.015625 0.0125
5 0.94375 0.42604166666666665 0.009375 0.010416666666666666
5 0.79140625 0.4197916666666667 0.0171875 0.010416666666666666
5 0.6484375 0.703125 0.04375 0.06875
5 0.64609375 0.6541666666666667 0.1890625 0.5333333333333333
5 0.521875 0.36666666666666664 0.00625 0.0125
1 0.6015625 0.5666666666666667 0.028125 0.05

1 0.2734375 0.428125 0.0125 0.010416666666666666
1 0.76796875 0.41354166666666664 0.0078125 0.00625
3 0.65390625 0.7166666666666667 0.0421875 0.09583333333333334
1 0.571875 0.34375 0.0125 0.020833333333333332
1 0.5734375 0.328125 0.0125 0.014583333333333334
1 0.52421875 0.08020833333333334 0.0203125 0.027083333333333334
1 0.52578125 0.065625 0.0171875 0.01875
1 0.3796875 0.25 0.015625 0.020833333333333332
1 0.35390625 0.25104166666666666 0.0171875 0.027083333333333334
1 0.375 0.22708333333333333 0.015625 0.020833333333333332
1 0.35625 0.22291666666666668 0.0125 0.016666666666666666
1 0.3359375 0.22291666666666668 0.0125 0.020833333333333332
1 0.31796875 0.22708333333333333 0.0140625 0.016666666666666666
1 0.31875 0.253125 0.015625 0.027083333333333334
1 0.29765625 0.23229166666666667 0.0203125 0.022916666666666665
1 0.27890625 0.225 0.0140625 0.016666666666666666
1 0.38359375 0.18645833333333334 0.0140625 0.01875
1 0.36640625 0.19166666666666668 0.0140625 0.020833333333333332
1 0.33125 0.18645833333333334 0.0125 0.01875
1 0.3140625 0.19375 0.015625 0.029166666666666667
1 0.2984375 0.171875 0.025 0.027083333333333334
1 0.4875 0.07604166666666666 0.021875 0.01875


1 0.784375 0.9416666666666667 0.034375 0.04583333333333333
1 0.55546875 0.38125 0.0140625 0.016666666666666666
