
1 0.36953125 0.975 0.0609375 0.05
1 0.44140625 0.925 0.0515625 0.041666666666666664
1 0.2265625 0.990625 0.046875 0.01875
1 0.30703125 0.9572916666666667 0.0640625 0.052083333333333336
1 0.39375 0.9104166666666667 0.05625 0.05
1 0.15859375 0.9854166666666667 0.0671875 0.029166666666666667
1 0.24609375 0.94375 0.0609375 0.04583333333333333
1 0.3234375 0.8979166666666667 0.05 0.041666666666666664
1 0.39609375 0.8583333333333333 0.0546875 0.041666666666666664
1 0.1078125 0.975 0.065625 0.05
1 0.18984375 0.9270833333333334 0.0640625 0.05
1 0.278125 0.8822916666666667 0.06875 0.052083333333333336
1 0.35859375 0.8395833333333333 0.0546875 0.041666666666666664

1 0.18828125 0.9260416666666667 0.0453125 0.035416666666666666



1 0.396875 0.6375 0.01875 0.016666666666666666
1 0.9875 0.45208333333333334 0.025 0.03333333333333333
1 0.6796875 0.746875 0.090625 0.12291666666666666
1 0.7234375 0.9552083333333333 0.06875 0.08125

1 0.8203125 0.7895833333333333 0.046875 0.04583333333333333

5 0.39765625 0.634375 0.0140625 0.010416666666666666
5 0.39765625 0.640625 0.0234375 0.022916666666666665
4 0.39921875 0.634375 0.0140625 0.010416666666666666
4 0.3671875 0.5489583333333333 0.00625 0.010416666666666666

5 0.45390625 0.5177083333333333 0.0078125 0.022916666666666665
4 0.3921875 0.51875 0.00625 0.0125
4 0.34921875 0.5083333333333333 0.0078125 0.0125
4 0.35 0.5083333333333333 0.009375 0.0125
5 0.603125 0.5885416666666666 0.025 0.04791666666666667
1 0.6578125 0.7260416666666667 0.046875 0.08541666666666667
5 0.553125 0.42604166666666665 0.009375 0.014583333333333334
5 0.59609375 0.5645833333333333 0.0078125 0.008333333333333333
5 0.60859375 0.5958333333333333 0.0234375 0.029166666666666667
5 0.596875 0.434375 0.0125 0.014583333333333334
5 0.88046875 0.003125 0.0265625 0.00625

5 0.78359375 0.4583333333333333 0.0109375 0.016666666666666666
5 0.7765625 0.4635416666666667 0.021875 0.027083333333333334
5 0.7359375 0.475 0.034375 0.05
5 0.71640625 0.38333333333333336 0.0171875 0.008333333333333333
5 0.95 0.421875 0.0125 0.010416666666666666
5 0.80078125 0.4239583333333333 0.0109375 0.010416666666666666
5 0.65390625 0.7177083333333333 0.0421875 0.06458333333333334
5 0.64609375 0.6541666666666667 0.1890625 0.5333333333333333
5 0.521875 0.36666666666666664 0.00625 0.0125
1 0.60546875 0.58125 0.0265625 0.05


1 0.7734375 0.41458333333333336 0.009375 0.008333333333333333
3 0.65859375 0.7208333333333333 0.0421875 0.075
1 0.578125 0.3416666666666667 0.015625 0.025
1 0.5765625 0.3333333333333333 0.0125 0.0125
1 0.52109375 0.08020833333333334 0.0171875 0.027083333333333334
1 0.52578125 0.06458333333333334 0.0171875 0.016666666666666666
1 0.3796875 0.2520833333333333 0.015625 0.025
1 0.35390625 0.25104166666666666 0.0171875 0.027083333333333334
1 0.375 0.22604166666666667 0.015625 0.022916666666666665
1 0.3546875 0.22395833333333334 0.015625 0.01875
1 0.3359375 0.22291666666666668 0.0125 0.020833333333333332
1 0.31796875 0.228125 0.0140625 0.01875
1 0.31875 0.253125 0.015625 0.027083333333333334
1 0.29765625 0.23229166666666667 0.0203125 0.022916666666666665
1 0.27890625 0.225 0.0140625 0.016666666666666666
1 0.38359375 0.18645833333333334 0.0140625 0.01875
1 0.36640625 0.19166666666666668 0.0140625 0.020833333333333332
1 0.33203125 0.1875 0.0140625 0.020833333333333332
1 0.3140625 0.19375 0.015625 0.029166666666666667
1 0.29921875 0.171875 0.0234375 0.027083333333333334
1 0.4890625 0.07291666666666667 0.01875 0.016666666666666666


1 0.7921875 0.9635416666666666 0.03125 0.04375
1 0.5578125 0.396875 0.01875 0.027083333333333334
