
1 0.36953125 0.975 0.0609375 0.05
1 0.44140625 0.925 0.0515625 0.041666666666666664
1 0.2265625 0.990625 0.046875 0.01875
1 0.30703125 0.9572916666666667 0.0640625 0.052083333333333336
1 0.39375 0.9104166666666667 0.05625 0.05
1 0.15859375 0.9854166666666667 0.0671875 0.029166666666666667
1 0.2453125 0.94375 0.059375 0.04583333333333333
1 0.32265625 0.8989583333333333 0.0484375 0.03958333333333333
1 0.39609375 0.8583333333333333 0.0546875 0.041666666666666664
1 0.1078125 0.975 0.065625 0.05
1 0.1890625 0.9270833333333334 0.0625 0.05
1 0.278125 0.8822916666666667 0.06875 0.052083333333333336
1 0.3578125 0.8395833333333333 0.05625 0.041666666666666664

1 0.18828125 0.9260416666666667 0.0453125 0.035416666666666666


1 0.4078125 0.6385416666666667 0.025 0.01875
1 0.4015625 0.64375 0.021875 0.020833333333333332
1 0.98984375 0.44895833333333335 0.0203125 0.035416666666666666
1 0.6734375 0.7552083333333334 0.071875 0.11458333333333333
1 0.72890625 0.9625 0.0640625 0.075

1 0.821875 0.7895833333333333 0.046875 0.04583333333333333

5 0.40234375 0.6364583333333333 0.0140625 0.014583333333333334
5 0.40390625 0.6416666666666667 0.0203125 0.020833333333333332
4 0.40703125 0.640625 0.0109375 0.014583333333333334
4 0.3671875 0.55 0.009375 0.0125

5 0.45390625 0.5177083333333333 0.0078125 0.022916666666666665
4 0.39296875 0.51875 0.0078125 0.0125
4 0.34921875 0.5083333333333333 0.0078125 0.0125
4 0.3515625 0.5052083333333334 0.009375 0.010416666666666666
5 0.60703125 0.5958333333333333 0.0265625 0.041666666666666664
1 0.66171875 0.7333333333333333 0.0453125 0.07916666666666666
5 0.55390625 0.4270833333333333 0.0078125 0.0125
5 0.66796875 0.7520833333333333 0.1453125 0.36666666666666664
5 0.6140625 0.6041666666666666 0.01875 0.025
5 0.59765625 0.4375 0.0140625 0.0125
5 0.8671875 0.0125 0.028125 0.025

5 0.78828125 0.45729166666666665 0.0109375 0.014583333333333334
5 0.7875 0.465625 0.015625 0.01875
5 0.7359375 0.478125 0.034375 0.03958333333333333
5 0.72109375 0.3854166666666667 0.0171875 0.008333333333333333
5 0.95625 0.4197916666666667 0.009375 0.010416666666666666
5 0.80234375 0.421875 0.0109375 0.00625
5 0.6578125 0.73125 0.040625 0.06666666666666667
5 0.553125 0.4041666666666667 0.003125 0.004166666666666667
5 0.521875 0.36666666666666664 0.00625 0.0125
1 0.609375 0.5916666666666667 0.028125 0.05


1 0.7765625 0.41458333333333336 0.00625 0.008333333333333333
3 0.66171875 0.7322916666666667 0.0421875 0.07708333333333334
1 0.5765625 0.34791666666666665 0.01875 0.029166666666666667
1 0.57890625 0.3375 0.0140625 0.0125
1 0.521875 0.08020833333333334 0.015625 0.027083333333333334
1 0.52578125 0.065625 0.0171875 0.01875
1 0.3796875 0.2520833333333333 0.01875 0.025
1 0.35390625 0.25104166666666666 0.0171875 0.027083333333333334
1 0.375 0.22604166666666667 0.015625 0.022916666666666665
1 0.3546875 0.225 0.015625 0.020833333333333332
1 0.33671875 0.22291666666666668 0.0109375 0.020833333333333332
1 0.31796875 0.22708333333333333 0.0140625 0.016666666666666666
1 0.31875 0.253125 0.015625 0.027083333333333334
1 0.29765625 0.23229166666666667 0.0203125 0.022916666666666665
1 0.27890625 0.225 0.0140625 0.016666666666666666
1 0.38359375 0.18645833333333334 0.0140625 0.01875
1 0.36640625 0.19166666666666668 0.0140625 0.020833333333333332
1 0.33203125 0.1875 0.0140625 0.020833333333333332
1 0.3140625 0.19270833333333334 0.015625 0.027083333333333334
1 0.29921875 0.171875 0.0234375 0.027083333333333334
1 0.4890625 0.07291666666666667 0.01875 0.016666666666666666


1 0.79609375 0.975 0.0328125 0.05
1 0.559375 0.403125 0.01875 0.022916666666666665
