
1 0.3703125 0.975 0.059375 0.05
1 0.44140625 0.925 0.0515625 0.041666666666666664
1 0.2265625 0.990625 0.046875 0.01875
1 0.30703125 0.9572916666666667 0.0640625 0.052083333333333336
1 0.39375 0.9104166666666667 0.05625 0.05
1 0.15859375 0.984375 0.0671875 0.03125
1 0.2453125 0.94375 0.059375 0.04583333333333333
1 0.32265625 0.8979166666666667 0.0484375 0.041666666666666664
1 0.39609375 0.8583333333333333 0.0546875 0.041666666666666664
1 0.1078125 0.975 0.065625 0.05
1 0.18984375 0.9270833333333334 0.0640625 0.05
1 0.278125 0.8822916666666667 0.06875 0.052083333333333336
1 0.3578125 0.8395833333333333 0.05625 0.041666666666666664

1 0.1859375 0.9270833333333334 0.05 0.0375


1 0.41015625 0.6416666666666667 0.0203125 0.016666666666666666
1 0.39765625 0.6458333333333334 0.0359375 0.020833333333333332
1 0.99453125 0.4395833333333333 0.0109375 0.020833333333333332
1 0.66953125 0.7697916666666667 0.0578125 0.12291666666666666
1 0.73046875 0.965625 0.0671875 0.06875

1 0.821875 0.7885416666666667 0.046875 0.04791666666666667

5 0.40546875 0.6375 0.0140625 0.0125
5 0.40625 0.6427083333333333 0.01875 0.022916666666666665
4 0.41015625 0.6416666666666667 0.0109375 0.016666666666666666
4 0.365625 0.5510416666666667 0.009375 0.014583333333333334

5 0.45390625 0.5177083333333333 0.0078125 0.022916666666666665
4 0.39296875 0.5177083333333333 0.0078125 0.010416666666666666
4 0.34921875 0.5083333333333333 0.0078125 0.0125
4 0.3515625 0.5052083333333334 0.009375 0.010416666666666666
5 0.60546875 0.59375 0.0234375 0.0375
1 0.66328125 0.740625 0.0453125 0.08125
5 0.5546875 0.4270833333333333 0.009375 0.016666666666666666
5 0.66953125 0.7583333333333333 0.1421875 0.36666666666666664
5 0.61328125 0.6135416666666667 0.0234375 0.03125
5 0.59765625 0.440625 0.0140625 0.014583333333333334
5 0.8734375 0.011458333333333333 0.028125 0.022916666666666665

5 0.796875 0.4625 0.009375 0.0125
5 0.790625 0.46979166666666666 0.021875 0.022916666666666665
5 0.73828125 0.48125 0.0359375 0.0375
5 0.721875 0.3854166666666667 0.015625 0.008333333333333333
5 0.95859375 0.4166666666666667 0.0109375 0.0125
5 0.803125 0.421875 0.0125 0.010416666666666666
5 0.66015625 0.7364583333333333 0.0390625 0.06458333333333334
5 0.5546875 0.403125 0.00625 0.00625
5 0.52109375 0.36666666666666664 0.0078125 0.0125
1 0.61015625 0.5979166666666667 0.0296875 0.05416666666666667

1 0.5234375 0.22604166666666667 0.009375 0.014583333333333334
1 0.778125 0.415625 0.00625 0.010416666666666666
3 0.6640625 0.7375 0.04375 0.075
1 0.58046875 0.35208333333333336 0.0171875 0.029166666666666667
1 0.57890625 0.33958333333333335 0.0140625 0.0125
1 0.52109375 0.08020833333333334 0.0171875 0.027083333333333334
1 0.5265625 0.06354166666666666 0.015625 0.01875
1 0.37890625 0.2520833333333333 0.0171875 0.025
1 0.35390625 0.25 0.0171875 0.029166666666666667
1 0.375 0.22604166666666667 0.015625 0.022916666666666665
1 0.3546875 0.225 0.015625 0.020833333333333332
1 0.3359375 0.22291666666666668 0.0125 0.020833333333333332
1 0.31796875 0.22708333333333333 0.0140625 0.016666666666666666
1 0.31875 0.253125 0.015625 0.027083333333333334
1 0.29765625 0.23125 0.0203125 0.020833333333333332
1 0.27890625 0.225 0.0140625 0.016666666666666666
1 0.38359375 0.18645833333333334 0.0140625 0.01875
1 0.36640625 0.190625 0.0140625 0.01875
1 0.33203125 0.1875 0.0140625 0.020833333333333332
1 0.31484375 0.19375 0.0171875 0.029166666666666667
1 0.29921875 0.171875 0.0234375 0.027083333333333334
1 0.4890625 0.07291666666666667 0.01875 0.016666666666666666


1 0.79765625 0.9802083333333333 0.0296875 0.03958333333333333
1 0.559375 0.41041666666666665 0.01875 0.029166666666666667
