
1 0.36953125 0.975 0.0609375 0.05
1 0.44140625 0.925 0.0515625 0.041666666666666664
1 0.22734375 0.990625 0.0484375 0.01875
1 0.30703125 0.9572916666666667 0.0640625 0.052083333333333336
1 0.39375 0.9104166666666667 0.05625 0.05
1 0.15859375 0.984375 0.0671875 0.03125
1 0.2453125 0.94375 0.0625 0.04583333333333333
1 0.32265625 0.8979166666666667 0.0484375 0.041666666666666664
1 0.39609375 0.8583333333333333 0.0546875 0.041666666666666664
1 0.1078125 0.975 0.065625 0.05
1 0.1890625 0.9270833333333334 0.0625 0.05
1 0.278125 0.8822916666666667 0.06875 0.052083333333333336
1 0.3578125 0.8385416666666666 0.05625 0.04375

1 0.1859375 0.9260416666666667 0.05 0.03958333333333333


1 0.4125 0.646875 0.01875 0.01875
1 0.40234375 0.6479166666666667 0.0296875 0.020833333333333332
1 0.9953125 0.43854166666666666 0.009375 0.01875
1 0.66796875 0.7697916666666667 0.0515625 0.11458333333333333
1 0.73359375 0.9708333333333333 0.0640625 0.058333333333333334

1 0.82265625 0.7885416666666667 0.0484375 0.04791666666666667

5 0.4109375 0.6416666666666667 0.0125 0.0125
5 0.41171875 0.6447916666666667 0.0171875 0.01875
4 0.41171875 0.64375 0.0109375 0.0125
4 0.365625 0.5479166666666667 0.009375 0.016666666666666666

5 0.45390625 0.5177083333333333 0.0078125 0.022916666666666665
4 0.39296875 0.5177083333333333 0.0078125 0.010416666666666666
4 0.35 0.5072916666666667 0.00625 0.014583333333333334
4 0.35234375 0.503125 0.0078125 0.010416666666666666
5 0.6140625 0.609375 0.028125 0.04375
1 0.66484375 0.7489583333333333 0.0453125 0.07708333333333334
5 0.5515625 0.43125 0.009375 0.016666666666666666
5 0.66953125 0.76875 0.1421875 0.36666666666666664
5 0.61875 0.61875 0.021875 0.025
5 0.59765625 0.44479166666666664 0.0140625 0.014583333333333334
5 0.87578125 0.007291666666666667 0.0328125 0.014583333333333334

5 0.803125 0.4625 0.009375 0.0125
5 0.80234375 0.46875 0.0140625 0.020833333333333332
5 0.74453125 0.48125 0.0484375 0.0375
5 0.72421875 0.38645833333333335 0.0171875 0.00625
5 0.959375 0.4125 0.009375 0.0125
5 0.80546875 0.421875 0.0140625 0.010416666666666666
5 0.6625 0.7479166666666667 0.04375 0.06666666666666667
5 0.58125 0.35208333333333336 0.0125 0.0125
5 0.52109375 0.36666666666666664 0.0078125 0.0125
1 0.615625 0.6083333333333333 0.028125 0.05

1 0.52421875 0.22604166666666667 0.0109375 0.014583333333333334
1 0.78125 0.4166666666666667 0.00625 0.008333333333333333
3 0.665625 0.7479166666666667 0.04375 0.075
1 0.6171875 0.28541666666666665 0.0125 0.020833333333333332
1 0.578125 0.3458333333333333 0.0125 0.0125
1 0.52109375 0.08020833333333334 0.0171875 0.027083333333333334
1 0.5265625 0.06354166666666666 0.015625 0.01875
1 0.3796875 0.25 0.015625 0.020833333333333332
1 0.35390625 0.25 0.0171875 0.029166666666666667
1 0.375 0.22604166666666667 0.015625 0.022916666666666665
1 0.3546875 0.22395833333333334 0.015625 0.01875
1 0.3359375 0.22291666666666668 0.0125 0.020833333333333332
1 0.31796875 0.22708333333333333 0.0140625 0.016666666666666666
1 0.31875 0.253125 0.015625 0.027083333333333334
1 0.29765625 0.23229166666666667 0.0203125 0.022916666666666665
1 0.27890625 0.225 0.0140625 0.016666666666666666
1 0.38359375 0.18645833333333334 0.0140625 0.01875
1 0.36640625 0.19166666666666668 0.0140625 0.020833333333333332
1 0.33125 0.18645833333333334 0.0125 0.01875
1 0.31484375 0.19270833333333334 0.0171875 0.027083333333333334
1 0.29921875 0.171875 0.0234375 0.027083333333333334
1 0.48984375 0.07291666666666667 0.0171875 0.016666666666666666


1 0.80234375 0.9833333333333333 0.0328125 0.03333333333333333
1 0.56015625 0.4166666666666667 0.0203125 0.025
