
1 0.36953125 0.975 0.0609375 0.05
1 0.44140625 0.925 0.0515625 0.041666666666666664
1 0.22734375 0.990625 0.0484375 0.01875
1 0.30703125 0.9572916666666667 0.0640625 0.052083333333333336
1 0.39375 0.9104166666666667 0.05625 0.05
1 0.15859375 0.984375 0.0671875 0.03125
1 0.24609375 0.94375 0.0609375 0.04583333333333333
1 0.32265625 0.8979166666666667 0.0484375 0.041666666666666664
1 0.39609375 0.8583333333333333 0.0546875 0.041666666666666664
1 0.1078125 0.975 0.065625 0.05
1 0.1890625 0.9270833333333334 0.0625 0.05
1 0.278125 0.8822916666666667 0.06875 0.052083333333333336
1 0.3578125 0.8385416666666666 0.05625 0.04375

1 0.1859375 0.9260416666666667 0.05 0.03958333333333333


1 0.41484375 0.6489583333333333 0.0140625 0.014583333333333334
1 0.39296875 0.6427083333333333 0.0015625 0.0020833333333333333
1 0.99453125 0.440625 0.0109375 0.027083333333333334
1 0.675 0.7927083333333333 0.0625 0.13958333333333334
1 0.7359375 0.9739583333333334 0.065625 0.052083333333333336

1 0.82265625 0.7895833333333333 0.0484375 0.04583333333333333

5 0.4140625 0.6427083333333333 0.0125 0.010416666666666666
5 0.415625 0.6458333333333334 0.01875 0.020833333333333332
4 0.4140625 0.640625 0.009375 0.010416666666666666
4 0.365625 0.55 0.0125 0.020833333333333332

5 0.45390625 0.5177083333333333 0.0078125 0.022916666666666665
4 0.39140625 0.5166666666666667 0.0078125 0.008333333333333333
4 0.34921875 0.5083333333333333 0.0078125 0.0125
4 0.35234375 0.5041666666666667 0.0078125 0.008333333333333333
5 0.6140625 0.6104166666666667 0.028125 0.041666666666666664
1 0.66640625 0.7583333333333333 0.0453125 0.08333333333333333
5 0.553125 0.434375 0.0125 0.01875
5 0.6046875 0.5958333333333333 0.00625 0.008333333333333333
5 0.61875 0.628125 0.025 0.027083333333333334
5 0.5984375 0.44895833333333335 0.0125 0.014583333333333334
5 0.87578125 0.007291666666666667 0.0328125 0.014583333333333334

5 0.809375 0.4625 0.0125 0.008333333333333333
5 0.80703125 0.46770833333333334 0.0171875 0.014583333333333334
5 0.7453125 0.4822916666666667 0.05 0.035416666666666666
5 0.72578125 0.38645833333333335 0.0140625 0.00625
5 0.96171875 0.4114583333333333 0.0109375 0.014583333333333334
5 0.80703125 0.42291666666666666 0.0171875 0.008333333333333333
5 0.6625 0.7552083333333334 0.040625 0.05625
5 0.58046875 0.35520833333333335 0.0109375 0.00625
5 0.52109375 0.36666666666666664 0.0078125 0.0125
1 0.61640625 0.6135416666666667 0.0296875 0.052083333333333336

1 0.525 0.228125 0.009375 0.014583333333333334
1 0.78359375 0.4166666666666667 0.0078125 0.008333333333333333
3 0.6671875 0.7583333333333333 0.04375 0.08333333333333333
1 0.61640625 0.2833333333333333 0.0140625 0.016666666666666666
1 0.57890625 0.346875 0.0109375 0.010416666666666666
1 0.521875 0.08020833333333334 0.015625 0.027083333333333334
1 0.5265625 0.06354166666666666 0.015625 0.01875
1 0.38046875 0.2520833333333333 0.0171875 0.025
1 0.35390625 0.24895833333333334 0.0171875 0.027083333333333334
1 0.375 0.22604166666666667 0.015625 0.022916666666666665
1 0.3546875 0.22395833333333334 0.015625 0.01875
1 0.3359375 0.22291666666666668 0.0125 0.020833333333333332
1 0.31796875 0.22708333333333333 0.0140625 0.016666666666666666
1 0.31875 0.253125 0.015625 0.027083333333333334
1 0.29765625 0.23125 0.0203125 0.020833333333333332
1 0.27890625 0.225 0.0140625 0.016666666666666666
1 0.38359375 0.18645833333333334 0.0140625 0.01875
1 0.3671875 0.19166666666666668 0.015625 0.020833333333333332
1 0.33125 0.18645833333333334 0.0125 0.01875
1 0.3140625 0.19270833333333334 0.015625 0.027083333333333334
1 0.29921875 0.171875 0.0234375 0.027083333333333334
1 0.490625 0.07291666666666667 0.01875 0.016666666666666666


1 0.80546875 0.9875 0.0328125 0.025
1 0.5609375 0.42083333333333334 0.01875 0.025
