
1 0.3703125 0.975 0.059375 0.05
1 0.44140625 0.925 0.0515625 0.041666666666666664
1 0.22578125 0.990625 0.0484375 0.01875
1 0.30703125 0.9572916666666667 0.0640625 0.052083333333333336
1 0.39453125 0.9104166666666667 0.0546875 0.05
1 0.15859375 0.984375 0.0671875 0.03125
1 0.24609375 0.94375 0.0609375 0.04583333333333333
1 0.32265625 0.8979166666666667 0.0484375 0.041666666666666664
1 0.39609375 0.8583333333333333 0.0546875 0.041666666666666664
1 0.1078125 0.975 0.065625 0.05
1 0.1890625 0.9270833333333334 0.0625 0.05
1 0.278125 0.88125 0.06875 0.05
1 0.3578125 0.8385416666666666 0.05625 0.04375

1 0.1859375 0.9260416666666667 0.05 0.03958333333333333


1 0.41953125 0.6489583333333333 0.0109375 0.014583333333333334
1 0.41875 0.65 0.015625 0.016666666666666666
1 0.996875 0.440625 0.00625 0.027083333333333334
1 0.67734375 0.7958333333333333 0.0640625 0.13333333333333333
1 0.7375 0.9791666666666666 0.06875 0.041666666666666664

1 0.82265625 0.7885416666666667 0.0484375 0.04791666666666667

5 0.41875 0.6479166666666667 0.0125 0.0125
5 0.4203125 0.6510416666666666 0.01875 0.01875
4 0.42421875 0.65 0.0078125 0.0125
4 0.36484375 0.5489583333333333 0.0140625 0.022916666666666665

5 0.45390625 0.5166666666666667 0.0078125 0.020833333333333332
4 0.3921875 0.5177083333333333 0.00625 0.010416666666666666
4 0.34921875 0.5083333333333333 0.0078125 0.0125
4 0.35234375 0.503125 0.0078125 0.010416666666666666
5 0.6171875 0.6270833333333333 0.028125 0.041666666666666664
1 0.66953125 0.765625 0.0484375 0.07708333333333334
5 0.55390625 0.4427083333333333 0.0109375 0.01875
5 0.609375 0.6041666666666666 0.00625 0.008333333333333333
5 0.62265625 0.6395833333333333 0.0234375 0.025
5 0.6 0.4552083333333333 0.015625 0.014583333333333334
5 0.87578125 0.009375 0.0328125 0.01875

5 0.81640625 0.4625 0.0109375 0.0125
5 0.8171875 0.4708333333333333 0.0125 0.020833333333333332
5 0.76328125 0.4864583333333333 0.0484375 0.027083333333333334
5 0.73046875 0.38958333333333334 0.0140625 0.008333333333333333
5 0.96640625 0.41041666666666665 0.0109375 0.0125
5 0.8140625 0.425 0.009375 0.008333333333333333
5 0.6609375 0.75625 0.0375 0.05
5 0.58046875 0.3614583333333333 0.0171875 0.027083333333333334
5 0.52109375 0.36666666666666664 0.0078125 0.0125
1 0.61796875 0.6239583333333333 0.0296875 0.052083333333333336

1 0.525 0.22916666666666666 0.009375 0.016666666666666666
1 0.7875 0.41770833333333335 0.00625 0.00625
3 0.66640625 0.75 0.0359375 0.04583333333333333
1 0.6140625 0.2916666666666667 0.00625 0.008333333333333333
1 0.5796875 0.35208333333333336 0.0125 0.0125
1 0.52109375 0.08020833333333334 0.0171875 0.027083333333333334
1 0.5265625 0.06354166666666666 0.015625 0.01875
1 0.3796875 0.25 0.015625 0.020833333333333332
1 0.35390625 0.25 0.0171875 0.029166666666666667
1 0.375 0.22604166666666667 0.015625 0.022916666666666665
1 0.3546875 0.22395833333333334 0.015625 0.01875
1 0.3359375 0.22291666666666668 0.0125 0.020833333333333332
1 0.31796875 0.22708333333333333 0.0140625 0.016666666666666666
1 0.31875 0.253125 0.015625 0.027083333333333334
1 0.29765625 0.23125 0.0203125 0.020833333333333332
1 0.27890625 0.225 0.0140625 0.016666666666666666
1 0.38359375 0.18645833333333334 0.0140625 0.01875
1 0.36640625 0.190625 0.0140625 0.01875
1 0.33125 0.18645833333333334 0.0125 0.01875
1 0.31484375 0.19270833333333334 0.0171875 0.027083333333333334
1 0.29921875 0.171875 0.0234375 0.027083333333333334
1 0.48984375 0.07291666666666667 0.0171875 0.016666666666666666


1 0.8078125 0.9927083333333333 0.03125 0.014583333333333334
1 0.5609375 0.428125 0.021875 0.03125
