
1 0.36953125 0.975 0.0609375 0.05
1 0.44140625 0.925 0.0515625 0.041666666666666664
1 0.2265625 0.990625 0.05 0.01875
1 0.30703125 0.9572916666666667 0.0640625 0.052083333333333336
1 0.39375 0.9104166666666667 0.05625 0.05
1 0.15859375 0.984375 0.0671875 0.03125
1 0.2453125 0.94375 0.0625 0.04583333333333333
1 0.32265625 0.8979166666666667 0.0484375 0.041666666666666664
1 0.39609375 0.8583333333333333 0.0546875 0.041666666666666664
1 0.1078125 0.975 0.065625 0.05
1 0.1890625 0.9270833333333334 0.0625 0.05
1 0.278125 0.88125 0.06875 0.05
1 0.3578125 0.8395833333333333 0.05625 0.041666666666666664

1 0.1890625 0.925 0.05625 0.041666666666666664


1 0.4234375 0.6510416666666666 0.009375 0.010416666666666666
1 0.3296875 0.634375 0.009375 0.010416666666666666
1 0.99453125 0.440625 0.0109375 0.027083333333333334
1 0.67890625 0.7989583333333333 0.0609375 0.12708333333333333
1 0.74140625 0.9822916666666667 0.0609375 0.035416666666666666

1 0.82265625 0.7885416666666667 0.0484375 0.04791666666666667

5 0.42421875 0.6552083333333333 0.0171875 0.01875
5 0.425 0.653125 0.015625 0.01875
4 0.4265625 0.6510416666666666 0.009375 0.014583333333333334
4 0.36328125 0.5479166666666667 0.0140625 0.025
5 0.42734375 0.5135416666666667 0.0171875 0.0020833333333333333
5 0.45390625 0.5177083333333333 0.0078125 0.022916666666666665
4 0.3921875 0.5166666666666667 0.00625 0.008333333333333333
4 0.34921875 0.5083333333333333 0.0078125 0.0125
4 0.353125 0.503125 0.009375 0.010416666666666666
5 0.61796875 0.6270833333333333 0.0265625 0.041666666666666664
1 0.671875 0.7729166666666667 0.046875 0.07916666666666666
5 0.55703125 0.4427083333333333 0.0140625 0.01875
5 0.609375 0.6104166666666667 0.00625 0.008333333333333333
5 0.6234375 0.646875 0.025 0.027083333333333334
5 0.60078125 0.45729166666666665 0.0140625 0.014583333333333334
5 0.87421875 0.011458333333333333 0.0296875 0.022916666666666665
5 0.59765625 0.428125 0.0140625 0.01875
5 0.8203125 0.46145833333333336 0.0125 0.010416666666666666
5 0.81953125 0.46979166666666666 0.0140625 0.01875
5 0.76328125 0.48854166666666665 0.0484375 0.022916666666666665
5 0.73359375 0.390625 0.0140625 0.00625
5 0.96953125 0.40625 0.0109375 0.0125
5 0.8171875 0.425 0.009375 0.008333333333333333
5 0.665625 0.765625 0.040625 0.06041666666666667
5 0.5828125 0.36666666666666664 0.015625 0.029166666666666667
5 0.52109375 0.36666666666666664 0.0078125 0.0125
1 0.62109375 0.6302083333333334 0.0296875 0.05625

1 0.52421875 0.23125 0.0109375 0.016666666666666666
1 0.7890625 0.41770833333333335 0.00625 0.00625
3 0.66796875 0.75625 0.0359375 0.04583333333333333
1 0.615625 0.28854166666666664 0.0125 0.014583333333333334
1 0.58125 0.35833333333333334 0.015625 0.016666666666666666
1 0.52109375 0.08020833333333334 0.0171875 0.027083333333333334
1 0.5265625 0.06354166666666666 0.015625 0.01875
1 0.3796875 0.25 0.015625 0.020833333333333332
1 0.35390625 0.24895833333333334 0.0171875 0.027083333333333334
1 0.375 0.22604166666666667 0.015625 0.022916666666666665
1 0.3546875 0.22395833333333334 0.015625 0.01875
1 0.3359375 0.22291666666666668 0.0125 0.020833333333333332
1 0.31796875 0.22708333333333333 0.0140625 0.016666666666666666
1 0.31875 0.25416666666666665 0.015625 0.029166666666666667
1 0.29765625 0.23125 0.0203125 0.020833333333333332
1 0.27890625 0.225 0.0140625 0.016666666666666666
1 0.38359375 0.18645833333333334 0.0140625 0.01875
1 0.3671875 0.19166666666666668 0.015625 0.020833333333333332
1 0.33125 0.18645833333333334 0.0125 0.01875
1 0.3140625 0.19375 0.015625 0.029166666666666667
1 0.29921875 0.171875 0.0234375 0.027083333333333334
1 0.48984375 0.07291666666666667 0.0171875 0.016666666666666666


1 0.81171875 0.9958333333333333 0.0234375 0.008333333333333333
1 0.56484375 0.4354166666666667 0.0203125 0.03333333333333333
