
1 0.36953125 0.975 0.0609375 0.05
1 0.44140625 0.925 0.0515625 0.041666666666666664
1 0.22734375 0.990625 0.0484375 0.01875
1 0.30703125 0.9572916666666667 0.0640625 0.052083333333333336
1 0.39375 0.9104166666666667 0.05625 0.05
1 0.15859375 0.984375 0.0671875 0.03125
1 0.24453125 0.94375 0.0609375 0.04583333333333333
1 0.32265625 0.8979166666666667 0.0484375 0.041666666666666664
1 0.39609375 0.8583333333333333 0.0546875 0.041666666666666664
1 0.1078125 0.975 0.065625 0.05
1 0.1890625 0.9260416666666667 0.0625 0.052083333333333336
1 0.278125 0.88125 0.06875 0.05
1 0.3578125 0.8385416666666666 0.05625 0.04375

1 0.1890625 0.925 0.05625 0.041666666666666664


1 0.43359375 0.6604166666666667 0.0046875 0.0125
1 0.32578125 0.6291666666666667 0.0171875 0.020833333333333332
1 0.99375 0.43854166666666666 0.0125 0.027083333333333334
1 0.67578125 0.8041666666666667 0.0515625 0.11666666666666667
1 0.74375 0.9864583333333333 0.05625 0.027083333333333334

1 0.82421875 0.7885416666666667 0.0515625 0.04791666666666667

5 0.428125 0.6520833333333333 0.0125 0.0125
5 0.4296875 0.65625 0.015625 0.020833333333333332
4 0.428125 0.6520833333333333 0.009375 0.0125
4 0.36484375 0.5479166666666667 0.0140625 0.025
5 0.43125 0.5125 0.025 0.020833333333333332
5 0.45390625 0.5177083333333333 0.0078125 0.022916666666666665
4 0.39296875 0.5166666666666667 0.0078125 0.008333333333333333
4 0.34921875 0.5083333333333333 0.0078125 0.0125
4 0.353125 0.5041666666666667 0.009375 0.008333333333333333
5 0.6203125 0.6395833333333333 0.025 0.0375
1 0.67265625 0.7802083333333333 0.0453125 0.07291666666666667
5 0.56484375 0.45625 0.0140625 0.020833333333333332
5 0.61171875 0.6229166666666667 0.0078125 0.008333333333333333
5 0.6296875 0.6520833333333333 0.01875 0.029166666666666667
5 0.6015625 0.4625 0.015625 0.0125
5 0.87890625 0.014583333333333334 0.0359375 0.029166666666666667
5 0.6 0.43020833333333336 0.015625 0.014583333333333334
5 0.83046875 0.46458333333333335 0.0109375 0.0125
5 0.82421875 0.4739583333333333 0.0203125 0.022916666666666665

5 0.73671875 0.39166666666666666 0.0109375 0.008333333333333333
5 0.9734375 0.403125 0.0125 0.014583333333333334
5 0.81875 0.4239583333333333 0.0125 0.010416666666666666
5 0.66953125 0.7708333333333334 0.0421875 0.05
5 0.58359375 0.3729166666666667 0.0171875 0.03333333333333333
5 0.52109375 0.36666666666666664 0.0078125 0.0125
1 0.625 0.640625 0.03125 0.052083333333333336

1 0.525 0.23333333333333334 0.0125 0.016666666666666666
1 0.7921875 0.41770833333333335 0.00625 0.00625
3 0.66953125 0.7625 0.0328125 0.0375
1 0.61484375 0.29375 0.0109375 0.020833333333333332
1 0.5828125 0.3625 0.015625 0.016666666666666666
1 0.52109375 0.08020833333333334 0.0171875 0.027083333333333334
1 0.5265625 0.0625 0.015625 0.016666666666666666
1 0.3796875 0.25 0.015625 0.020833333333333332
1 0.35546875 0.25 0.0171875 0.029166666666666667
1 0.375 0.22604166666666667 0.015625 0.022916666666666665
1 0.3546875 0.22395833333333334 0.015625 0.01875
1 0.3359375 0.22291666666666668 0.0125 0.020833333333333332
1 0.31796875 0.22708333333333333 0.0140625 0.016666666666666666
1 0.31875 0.253125 0.015625 0.027083333333333334
1 0.29765625 0.23125 0.0203125 0.020833333333333332
1 0.27890625 0.225 0.0140625 0.016666666666666666
1 0.38359375 0.18645833333333334 0.0140625 0.01875
1 0.3671875 0.18958333333333333 0.015625 0.020833333333333332
1 0.33203125 0.1875 0.0140625 0.020833333333333332
1 0.31484375 0.19166666666666668 0.0171875 0.029166666666666667
1 0.29921875 0.171875 0.0234375 0.027083333333333334
1 0.490625 0.07291666666666667 0.01875 0.016666666666666666


1 0.82734375 0.9979166666666667 0.0046875 0.004166666666666667
1 0.56484375 0.44166666666666665 0.0203125 0.03333333333333333
