
1 0.3703125 0.975 0.059375 0.05
1 0.44140625 0.925 0.0515625 0.041666666666666664
1 0.22734375 0.990625 0.0484375 0.01875
1 0.30703125 0.9572916666666667 0.0640625 0.052083333333333336
1 0.39375 0.9104166666666667 0.05625 0.05
1 0.15859375 0.984375 0.0671875 0.03125
1 0.2453125 0.9427083333333334 0.059375 0.04375
1 0.32265625 0.8979166666666667 0.0484375 0.041666666666666664
1 0.39609375 0.8583333333333333 0.0546875 0.041666666666666664
1 0.1078125 0.975 0.065625 0.05
1 0.1890625 0.9260416666666667 0.0625 0.052083333333333336
1 0.278125 0.88125 0.06875 0.05
1 0.35859375 0.8385416666666666 0.0546875 0.04375

1 0.18984375 0.925 0.0578125 0.041666666666666664


1 0.52890625 0.6541666666666667 0.2046875 0.03333333333333333
1 0.32421875 0.63125 0.0140625 0.016666666666666666
1 0.99296875 0.4354166666666667 0.0140625 0.025
1 0.62578125 0.6447916666666667 0.0265625 0.04791666666666667
1 0.7484375 0.990625 0.05 0.01875

1 0.825 0.7885416666666667 0.05 0.04791666666666667

5 0.43125 0.659375 0.015625 0.014583333333333334
5 0.43203125 0.659375 0.0171875 0.01875
4 0.43203125 0.6583333333333333 0.0140625 0.016666666666666666
4 0.36484375 0.5479166666666667 0.0140625 0.025
5 0.4328125 0.5135416666666667 0.015625 0.010416666666666666
5 0.45390625 0.5177083333333333 0.0078125 0.022916666666666665
4 0.39296875 0.515625 0.0078125 0.010416666666666666
4 0.34921875 0.5072916666666667 0.0078125 0.014583333333333334
4 0.353125 0.5020833333333333 0.009375 0.008333333333333333
5 0.61796875 0.64375 0.0296875 0.03333333333333333
1 0.67421875 0.7833333333333333 0.0421875 0.06666666666666667
5 0.56171875 0.46145833333333336 0.0140625 0.022916666666666665
5 0.61484375 0.6260416666666667 0.0046875 0.00625
5 0.6296875 0.6635416666666667 0.025 0.027083333333333334
5 0.6015625 0.4666666666666667 0.015625 0.0125
5 0.878125 0.011458333333333333 0.0375 0.022916666666666665
5 0.5984375 0.43645833333333334 0.0125 0.022916666666666665
5 0.8328125 0.4635416666666667 0.009375 0.010416666666666666
5 0.8328125 0.471875 0.0125 0.01875

5 0.7390625 0.39166666666666666 0.009375 0.008333333333333333
5 0.975 0.4 0.0125 0.016666666666666666
5 0.81953125 0.4239583333333333 0.0109375 0.010416666666666666
5 0.671875 0.7791666666666667 0.0375 0.041666666666666664
5 0.58515625 0.375 0.0203125 0.0375
5 0.52109375 0.36666666666666664 0.0078125 0.0125
1 0.6265625 0.646875 0.03125 0.05625

1 0.52578125 0.234375 0.0109375 0.014583333333333334
1 0.79375 0.41770833333333335 0.00625 0.00625
3 0.67421875 0.7770833333333333 0.0390625 0.05416666666666667
1 0.61484375 0.30104166666666665 0.0109375 0.022916666666666665
1 0.58203125 0.36666666666666664 0.0140625 0.020833333333333332
1 0.5203125 0.08020833333333334 0.015625 0.027083333333333334
1 0.5265625 0.0625 0.015625 0.016666666666666666
1 0.38046875 0.2520833333333333 0.0171875 0.025
1 0.35546875 0.25 0.0171875 0.029166666666666667
1 0.375 0.22708333333333333 0.015625 0.020833333333333332
1 0.3546875 0.22395833333333334 0.015625 0.01875
1 0.3359375 0.22291666666666668 0.0125 0.020833333333333332
1 0.31796875 0.22708333333333333 0.0140625 0.016666666666666666
1 0.31875 0.253125 0.015625 0.027083333333333334
1 0.29765625 0.23125 0.0203125 0.020833333333333332
1 0.27890625 0.225 0.0140625 0.016666666666666666
1 0.384375 0.18645833333333334 0.015625 0.01875
1 0.3671875 0.19166666666666668 0.015625 0.020833333333333332
1 0.33203125 0.1875 0.0140625 0.020833333333333332
1 0.31484375 0.19166666666666668 0.0171875 0.029166666666666667
1 0.29921875 0.171875 0.0234375 0.027083333333333334
1 0.490625 0.07291666666666667 0.01875 0.016666666666666666


1 0.82578125 0.9947916666666666 0.0171875 0.010416666666666666
1 0.565625 0.4479166666666667 0.021875 0.0375
