
1 0.36953125 0.975 0.0609375 0.05
1 0.44140625 0.925 0.0515625 0.041666666666666664
1 0.2265625 0.990625 0.05 0.01875
1 0.30703125 0.9572916666666667 0.0640625 0.052083333333333336
1 0.39375 0.9104166666666667 0.05625 0.05
1 0.15859375 0.984375 0.0671875 0.03125
1 0.24453125 0.9427083333333334 0.0609375 0.04375
1 0.32265625 0.896875 0.0484375 0.03958333333333333
1 0.39609375 0.8583333333333333 0.0546875 0.041666666666666664
1 0.1078125 0.975 0.065625 0.05
1 0.1890625 0.925 0.0625 0.05
1 0.278125 0.88125 0.06875 0.05
1 0.3578125 0.8385416666666666 0.053125 0.04375

1 0.18984375 0.9239583333333333 0.0578125 0.04375


1 0.53359375 0.6541666666666667 0.2046875 0.03333333333333333
1 0.31015625 0.6333333333333333 0.0171875 0.020833333333333332
1 0.99296875 0.43333333333333335 0.0140625 0.020833333333333332
1 0.63046875 0.65625 0.0328125 0.05
1 0.75703125 0.9947916666666666 0.0328125 0.010416666666666666

1 0.825 0.7885416666666667 0.05 0.04791666666666667

5 0.43671875 0.6604166666666667 0.0140625 0.016666666666666666
5 0.4375 0.6625 0.015625 0.020833333333333332
4 0.440625 0.6625 0.00625 0.016666666666666666
4 0.36484375 0.5447916666666667 0.0140625 0.022916666666666665
5 0.44140625 0.5114583333333333 0.0109375 0.01875
5 0.45390625 0.5177083333333333 0.0078125 0.022916666666666665
4 0.39296875 0.5166666666666667 0.0078125 0.008333333333333333
4 0.35 0.5083333333333333 0.00625 0.0125
4 0.35390625 0.5020833333333333 0.0109375 0.008333333333333333
5 0.62734375 0.6583333333333333 0.0328125 0.041666666666666664
1 0.67734375 0.7916666666666666 0.0421875 0.0625
5 0.56875 0.46770833333333334 0.015625 0.01875
5 0.6171875 0.6364583333333333 0.00625 0.00625
5 0.6328125 0.675 0.025 0.029166666666666667
5 0.603125 0.471875 0.015625 0.014583333333333334
5 0.878125 0.011458333333333333 0.0375 0.022916666666666665

5 0.84296875 0.4666666666666667 0.0109375 0.008333333333333333
5 0.83828125 0.475 0.0203125 0.020833333333333332

5 0.74140625 0.39479166666666665 0.0109375 0.00625
5 0.97734375 0.396875 0.0109375 0.014583333333333334
5 0.821875 0.4239583333333333 0.0125 0.010416666666666666
5 0.67265625 0.7854166666666667 0.0359375 0.04583333333333333
5 0.58515625 0.37916666666666665 0.0203125 0.03333333333333333
5 0.521875 0.36666666666666664 0.00625 0.0125
1 0.63046875 0.6583333333333333 0.0328125 0.058333333333333334

1 0.52578125 0.23854166666666668 0.0109375 0.014583333333333334
1 0.796875 0.41770833333333335 0.00625 0.00625
3 0.6765625 0.7833333333333333 0.0375 0.04583333333333333
1 0.615625 0.303125 0.0125 0.022916666666666665
1 0.58515625 0.3729166666666667 0.0171875 0.020833333333333332
1 0.51953125 0.08125 0.0140625 0.025
1 0.5265625 0.0625 0.015625 0.016666666666666666
1 0.38046875 0.2520833333333333 0.0171875 0.025
1 0.35546875 0.25 0.0171875 0.029166666666666667
1 0.375 0.22604166666666667 0.015625 0.022916666666666665
1 0.3546875 0.22395833333333334 0.015625 0.01875
1 0.3359375 0.22291666666666668 0.0125 0.020833333333333332
1 0.31796875 0.22708333333333333 0.0140625 0.016666666666666666
1 0.31875 0.25416666666666665 0.015625 0.029166666666666667
1 0.29765625 0.23125 0.0203125 0.020833333333333332
1 0.27890625 0.225 0.0140625 0.016666666666666666
1 0.384375 0.18645833333333334 0.015625 0.01875
1 0.3671875 0.19166666666666668 0.015625 0.020833333333333332
1 0.33203125 0.1875 0.0140625 0.020833333333333332
1 0.3140625 0.19166666666666668 0.015625 0.029166666666666667
1 0.29921875 0.171875 0.0234375 0.027083333333333334
1 0.490625 0.07291666666666667 0.01875 0.016666666666666666


1 0.82421875 0.990625 0.0203125 0.01875
1 0.56640625 0.453125 0.0203125 0.035416666666666666
