
1 0.36953125 0.975 0.0609375 0.05
1 0.44140625 0.925 0.0515625 0.041666666666666664
1 0.22734375 0.990625 0.0484375 0.01875
1 0.30703125 0.9572916666666667 0.0640625 0.052083333333333336
1 0.39375 0.9104166666666667 0.05625 0.05
1 0.15859375 0.984375 0.0671875 0.03125
1 0.2453125 0.94375 0.0625 0.04583333333333333
1 0.32265625 0.896875 0.0484375 0.03958333333333333
1 0.39609375 0.8583333333333333 0.0546875 0.041666666666666664
1 0.1078125 0.975 0.065625 0.05
1 0.1890625 0.925 0.0625 0.05
1 0.278125 0.88125 0.06875 0.05
1 0.35859375 0.8385416666666666 0.0546875 0.04375

1 0.18984375 0.9239583333333333 0.0578125 0.04375


1 0.6328125 0.6604166666666667 0.03125 0.05416666666666667
1 0.31015625 0.6447916666666667 0.0171875 0.014583333333333334
1 0.99296875 0.43333333333333335 0.0140625 0.020833333333333332
1 0.63125 0.6625 0.034375 0.05416666666666667


1 0.82421875 0.7885416666666667 0.0515625 0.04791666666666667

5 0.4421875 0.6645833333333333 0.0125 0.016666666666666666
5 0.44140625 0.665625 0.0140625 0.01875
4 0.44296875 0.6625 0.0078125 0.016666666666666666
4 0.36640625 0.546875 0.0140625 0.022916666666666665
5 0.43984375 0.5114583333333333 0.0109375 0.01875
5 0.45390625 0.5177083333333333 0.0078125 0.022916666666666665
4 0.3921875 0.5166666666666667 0.00625 0.008333333333333333
4 0.35 0.5083333333333333 0.00625 0.0125
4 0.353125 0.5020833333333333 0.009375 0.008333333333333333
5 0.63046875 0.6625 0.0328125 0.05
1 0.67890625 0.796875 0.0421875 0.06041666666666667
5 0.56484375 0.4739583333333333 0.0171875 0.01875
5 0.6203125 0.64375 0.00625 0.008333333333333333
5 0.6359375 0.68125 0.025 0.029166666666666667
5 0.60390625 0.47291666666666665 0.0171875 0.016666666666666666
5 0.8796875 0.011458333333333333 0.0375 0.022916666666666665
5 0.68203125 0.36875 0.0015625 0.004166666666666667
5 0.846875 0.4635416666666667 0.009375 0.010416666666666666
5 0.846875 0.4739583333333333 0.0125 0.01875

5 0.74296875 0.39479166666666665 0.0109375 0.00625
5 0.9796875 0.39479166666666665 0.0125 0.014583333333333334
5 0.82734375 0.42604166666666665 0.0109375 0.00625
5 0.678125 0.7989583333333333 0.040625 0.05625
5 0.5859375 0.38125 0.021875 0.03333333333333333
5 0.52109375 0.36666666666666664 0.0078125 0.0125
1 0.63125 0.6645833333333333 0.03125 0.058333333333333334

1 0.5296875 0.23958333333333334 0.0125 0.016666666666666666
1 0.8 0.41875 0.009375 0.004166666666666667
3 0.678125 0.7885416666666667 0.0375 0.04375
1 0.61484375 0.30416666666666664 0.0109375 0.020833333333333332
1 0.58515625 0.3770833333333333 0.0171875 0.025
1 0.51953125 0.08020833333333334 0.0140625 0.027083333333333334
1 0.5265625 0.0625 0.015625 0.016666666666666666
1 0.37734375 0.25 0.0171875 0.020833333333333332
1 0.35546875 0.25 0.0171875 0.029166666666666667
1 0.375 0.22604166666666667 0.015625 0.022916666666666665
1 0.3546875 0.22395833333333334 0.015625 0.01875
1 0.33671875 0.22291666666666668 0.0140625 0.020833333333333332
1 0.31796875 0.22708333333333333 0.0140625 0.016666666666666666
1 0.31875 0.25416666666666665 0.015625 0.029166666666666667
1 0.29765625 0.23125 0.0203125 0.020833333333333332
1 0.27890625 0.225 0.0140625 0.016666666666666666
1 0.38359375 0.18645833333333334 0.0140625 0.01875
1 0.3671875 0.18958333333333333 0.015625 0.020833333333333332
1 0.33203125 0.1875 0.0140625 0.020833333333333332
1 0.31484375 0.19166666666666668 0.0171875 0.029166666666666667
1 0.29921875 0.171875 0.0234375 0.027083333333333334
1 0.490625 0.07291666666666667 0.01875 0.016666666666666666


1 0.8265625 0.990625 0.01875 0.01875
1 0.56640625 0.4583333333333333 0.0203125 0.03333333333333333
