
1 0.38125 0.9760416666666667 0.059375 0.04791666666666667
1 0.45 0.9260416666666667 0.053125 0.04375
1 0.2421875 0.9927083333333333 0.04375 0.014583333333333334
1 0.31796875 0.9583333333333334 0.0640625 0.05
1 0.4046875 0.9114583333333334 0.05625 0.04791666666666667
1 0.16875 0.9854166666666667 0.065625 0.029166666666666667
1 0.25703125 0.9458333333333333 0.0609375 0.04583333333333333
1 0.3328125 0.9 0.046875 0.041666666666666664
1 0.40390625 0.8604166666666667 0.0546875 0.041666666666666664
1 0.11796875 0.9770833333333333 0.0671875 0.04583333333333333
1 0.19921875 0.928125 0.0609375 0.04791666666666667
1 0.2890625 0.884375 0.06875 0.052083333333333336
1 0.365625 0.840625 0.053125 0.04375


1 0.00546875 0.871875 0.0109375 0.035416666666666666
1 0.22265625 0.828125 0.0390625 0.052083333333333336
1 0.2234375 0.8229166666666666 0.034375 0.029166666666666667
1 0.3296875 0.7229166666666667 0.053125 0.04583333333333333
1 0.40390625 0.753125 0.0578125 0.04375
1 0.48125 0.6854166666666667 0.05625 0.0375
1 0.546875 0.6520833333333333 0.03125 0.029166666666666667
1 0.634375 0.7697916666666667 0.05625 0.052083333333333336
1 0.65 0.6552083333333333 0.059375 0.04791666666666667
1 0.78984375 0.6489583333333333 0.0359375 0.05625

5 0.3421875 0.58125 0.01875 0.020833333333333332
4 0.3484375 0.5583333333333333 0.00625 0.020833333333333332
4 0.36875 0.55 0.009375 0.016666666666666666
5 0.40546875 0.5447916666666667 0.0078125 0.022916666666666665
5 0.41875 0.5416666666666666 0.009375 0.025
4 0.39609375 0.5302083333333333 0.0078125 0.01875
4 0.36640625 0.5083333333333333 0.0109375 0.029166666666666667
4 0.3703125 0.49270833333333336 0.015625 0.01875
5 0.52109375 0.4166666666666667 0.0078125 0.025
1 0.5703125 0.4 0.021875 0.03333333333333333
5 0.53359375 0.41875 0.0078125 0.016666666666666666
5 0.55390625 0.4114583333333333 0.0078125 0.01875
5 0.553125 0.43125 0.009375 0.025
5 0.584375 0.46875 0.009375 0.020833333333333332
5 0.5890625 0.39375 0.015625 0.020833333333333332
5 0.62265625 0.42916666666666664 0.0203125 0.020833333333333332
5 0.61171875 0.3885416666666667 0.0078125 0.014583333333333334
5 0.64296875 0.37395833333333334 0.0078125 0.01875
5 0.61796875 0.36666666666666664 0.0109375 0.025
5 0.615625 0.3458333333333333 0.0125 0.016666666666666666
5 0.61484375 0.365625 0.0171875 0.022916666666666665
5 0.56796875 0.3614583333333333 0.0078125 0.014583333333333334
5 0.55234375 0.3729166666666667 0.0078125 0.016666666666666666
5 0.53359375 0.35520833333333335 0.0078125 0.014583333333333334
5 0.53828125 0.35520833333333335 0.0078125 0.01875
1 0.5453125 0.33645833333333336 0.021875 0.03125
3 0.54453125 0.2635416666666667 0.0265625 0.06458333333333334
1 0.52734375 0.21875 0.0140625 0.020833333333333332
1 0.528125 0.18958333333333333 0.01875 0.025
3 0.52421875 0.14270833333333333 0.0203125 0.04791666666666667
1 0.51484375 0.11354166666666667 0.0109375 0.014583333333333334
1 0.5109375 0.09270833333333334 0.015625 0.027083333333333334
1 0.49140625 0.05416666666666667 0.0109375 0.016666666666666666
1 0.490625 0.052083333333333336 0.015625 0.020833333333333332
1 0.38203125 0.25 0.0171875 0.020833333333333332
1 0.3625 0.246875 0.015625 0.022916666666666665
1 0.378125 0.225 0.015625 0.020833333333333332
1 0.35859375 0.22395833333333334 0.0140625 0.01875
1 0.33984375 0.22291666666666668 0.0140625 0.020833333333333332
1 0.32109375 0.228125 0.0140625 0.01875
1 0.3203125 0.259375 0.015625 0.03125
1 0.3 0.23229166666666667 0.021875 0.022916666666666665
1 0.28046875 0.22708333333333333 0.0171875 0.016666666666666666
1 0.3875 0.18541666666666667 0.015625 0.020833333333333332
1 0.37265625 0.18958333333333333 0.0171875 0.020833333333333332
1 0.3328125 0.18645833333333334 0.0125 0.01875
1 0.3140625 0.19166666666666668 0.015625 0.029166666666666667
1 0.303125 0.16875 0.01875 0.025
1 0.4890625 0.07083333333333333 0.01875 0.016666666666666666
1 0.5625 0.259375 0.015625 0.03125
1 0.55625 0.22395833333333334 0.015625 0.03125
1 0.55078125 0.190625 0.0140625 0.022916666666666665
1 0.54296875 0.16145833333333334 0.0140625 0.01875
