
1 0.36953125 0.975 0.0609375 0.05
1 0.44140625 0.925 0.0515625 0.041666666666666664
1 0.2265625 0.990625 0.05 0.01875
1 0.30703125 0.9572916666666667 0.0640625 0.052083333333333336
1 0.39375 0.9104166666666667 0.05625 0.05
1 0.1578125 0.984375 0.065625 0.03125
1 0.24453125 0.94375 0.0609375 0.04583333333333333
1 0.32265625 0.896875 0.0484375 0.03958333333333333
1 0.39609375 0.8583333333333333 0.0546875 0.041666666666666664
1 0.10703125 0.975 0.0671875 0.05
1 0.1890625 0.925 0.0625 0.05
1 0.278125 0.88125 0.06875 0.05
1 0.3578125 0.8385416666666666 0.05625 0.04375

1 0.18984375 0.925 0.0578125 0.04583333333333333


1 0.6375 0.6739583333333333 0.034375 0.05625
1 0.30859375 0.640625 0.0140625 0.00625
1 0.99296875 0.42916666666666664 0.0140625 0.016666666666666666
1 0.6296875 0.671875 0.0375 0.052083333333333336


1 0.8234375 0.7885416666666667 0.05 0.04791666666666667

5 0.44375 0.6677083333333333 0.0125 0.014583333333333334
5 0.4453125 0.6708333333333333 0.015625 0.020833333333333332
4 0.4453125 0.6697916666666667 0.0125 0.01875
4 0.365625 0.5458333333333333 0.015625 0.025
5 0.44140625 0.5125 0.0109375 0.020833333333333332
5 0.45390625 0.5166666666666667 0.0078125 0.020833333333333332
4 0.3921875 0.515625 0.00625 0.010416666666666666
4 0.34921875 0.5072916666666667 0.0078125 0.014583333333333334
4 0.353125 0.5020833333333333 0.009375 0.008333333333333333
5 0.63515625 0.6739583333333333 0.0328125 0.05625
1 0.68203125 0.8114583333333333 0.0421875 0.06875
5 0.56484375 0.4791666666666667 0.0171875 0.025
5 0.62421875 0.65 0.0046875 0.008333333333333333
5 0.6390625 0.6916666666666667 0.025 0.029166666666666667
5 0.60703125 0.4822916666666667 0.0140625 0.014583333333333334
5 0.88359375 0.015625 0.0296875 0.03125
5 0.690625 0.36875 0.01875 0.016666666666666666
5 0.85234375 0.46875 0.0109375 0.0125
5 0.85390625 0.471875 0.0171875 0.01875
5 0.8125 0.484375 0.021875 0.014583333333333334
5 0.74609375 0.3958333333333333 0.0109375 0.004166666666666667
5 0.984375 0.3927083333333333 0.015625 0.014583333333333334
5 0.83125 0.42604166666666665 0.009375 0.00625
5 0.68125 0.80625 0.040625 0.05416666666666667
5 0.58671875 0.38645833333333335 0.0234375 0.035416666666666666
5 0.521875 0.36666666666666664 0.00625 0.0125
1 0.634375 0.6739583333333333 0.03125 0.05625

1 0.53046875 0.240625 0.0109375 0.014583333333333334
1 0.80390625 0.41770833333333335 0.0078125 0.00625
3 0.68125 0.7979166666666667 0.0375 0.041666666666666664
1 0.615625 0.30520833333333336 0.0125 0.022916666666666665
1 0.5875 0.38333333333333336 0.01875 0.029166666666666667
1 0.5203125 0.0875 0.0125 0.041666666666666664
1 0.5265625 0.0625 0.015625 0.016666666666666666
1 0.3796875 0.25 0.015625 0.020833333333333332
1 0.35546875 0.2520833333333333 0.0171875 0.03333333333333333
1 0.375 0.22604166666666667 0.015625 0.022916666666666665
1 0.3546875 0.22395833333333334 0.015625 0.01875
1 0.33671875 0.22291666666666668 0.0140625 0.020833333333333332
1 0.31796875 0.22604166666666667 0.0140625 0.01875
1 0.31875 0.25416666666666665 0.015625 0.029166666666666667
1 0.29765625 0.23125 0.0203125 0.020833333333333332
1 0.27890625 0.225 0.0140625 0.016666666666666666
1 0.384375 0.18645833333333334 0.015625 0.01875
1 0.3671875 0.190625 0.015625 0.01875
1 0.33203125 0.1875 0.0140625 0.020833333333333332
1 0.3140625 0.19166666666666668 0.015625 0.029166666666666667
1 0.3 0.171875 0.021875 0.027083333333333334
1 0.48984375 0.07291666666666667 0.0203125 0.016666666666666666


1 0.825 0.990625 0.021875 0.01875
1 0.56796875 0.465625 0.0203125 0.035416666666666666
