
1 0.3703125 0.975 0.059375 0.05
1 0.44140625 0.925 0.0515625 0.041666666666666664
1 0.2265625 0.990625 0.05 0.01875
1 0.30703125 0.9572916666666667 0.0640625 0.052083333333333336
1 0.39453125 0.9104166666666667 0.0546875 0.05
1 0.1578125 0.984375 0.065625 0.03125
1 0.24609375 0.9427083333333334 0.0609375 0.04375
1 0.32265625 0.896875 0.0484375 0.03958333333333333
1 0.39609375 0.8583333333333333 0.0546875 0.041666666666666664
1 0.10703125 0.975 0.0671875 0.05
1 0.1890625 0.925 0.0625 0.05
1 0.278125 0.88125 0.06875 0.05
1 0.35859375 0.8385416666666666 0.0546875 0.04375

1 0.1890625 0.9270833333333334 0.05625 0.05


1 0.6390625 0.6802083333333333 0.034375 0.06041666666666667
1 0.3203125 0.625 0.0125 0.020833333333333332
1 0.63515625 0.6875 0.0171875 0.029166666666666667
1 0.63828125 0.678125 0.0328125 0.05625


1 0.8234375 0.7885416666666667 0.05 0.04791666666666667

5 0.44921875 0.6708333333333333 0.0140625 0.016666666666666666
5 0.44765625 0.675 0.0171875 0.020833333333333332
4 0.45390625 0.675 0.0078125 0.0125
4 0.36875 0.5479166666666667 0.01875 0.025
5 0.440625 0.5135416666666667 0.009375 0.022916666666666665
5 0.45390625 0.5166666666666667 0.0078125 0.020833333333333332
4 0.39296875 0.515625 0.0078125 0.010416666666666666
4 0.34921875 0.5072916666666667 0.0078125 0.014583333333333334
4 0.35390625 0.5020833333333333 0.0109375 0.008333333333333333
5 0.63671875 0.68125 0.0296875 0.041666666666666664
1 0.68515625 0.81875 0.0421875 0.07083333333333333
5 0.56796875 0.48854166666666665 0.0171875 0.022916666666666665
5 0.62421875 0.6583333333333333 0.0046875 0.008333333333333333
5 0.64140625 0.6989583333333333 0.0265625 0.03125
5 0.6078125 0.4864583333333333 0.015625 0.014583333333333334
5 0.88828125 0.01875 0.0265625 0.025
5 0.69375 0.3729166666666667 0.015625 0.025
5 0.86015625 0.465625 0.0078125 0.00625
5 0.86015625 0.4739583333333333 0.0140625 0.01875
5 0.81796875 0.4822916666666667 0.0109375 0.01875
5 0.7484375 0.396875 0.009375 0.00625
5 0.98828125 0.39166666666666666 0.0171875 0.016666666666666666
5 0.8328125 0.425 0.009375 0.008333333333333333
5 0.68359375 0.8166666666666667 0.0359375 0.05416666666666667
5 0.5859375 0.390625 0.021875 0.035416666666666666
5 0.52265625 0.36666666666666664 0.0046875 0.0125
1 0.6359375 0.678125 0.03125 0.05625

1 0.5296875 0.24270833333333333 0.0125 0.014583333333333334
1 0.80625 0.41770833333333335 0.009375 0.00625
3 0.6828125 0.803125 0.0375 0.03958333333333333
1 0.61640625 0.30833333333333335 0.0109375 0.020833333333333332
1 0.5890625 0.38645833333333335 0.021875 0.03125
1 0.521875 0.08125 0.0125 0.029166666666666667
1 0.52578125 0.034375 0.0171875 0.06875
1 0.3796875 0.25 0.015625 0.020833333333333332
1 0.35546875 0.2520833333333333 0.0171875 0.03333333333333333
1 0.37421875 0.22604166666666667 0.0171875 0.022916666666666665
1 0.3546875 0.22395833333333334 0.015625 0.01875
1 0.3359375 0.22291666666666668 0.0125 0.020833333333333332
1 0.31796875 0.22604166666666667 0.0140625 0.01875
1 0.31875 0.25416666666666665 0.015625 0.029166666666666667
1 0.29765625 0.23125 0.0203125 0.020833333333333332
1 0.27890625 0.225 0.0140625 0.016666666666666666
1 0.384375 0.18645833333333334 0.015625 0.01875
1 0.3671875 0.18958333333333333 0.015625 0.020833333333333332
1 0.33203125 0.18854166666666666 0.0140625 0.022916666666666665
1 0.3140625 0.19166666666666668 0.015625 0.029166666666666667
1 0.29921875 0.171875 0.0234375 0.027083333333333334
1 0.490625 0.07291666666666667 0.01875 0.016666666666666666


1 0.825 0.990625 0.021875 0.01875
1 0.56796875 0.46875 0.0171875 0.0375
