
1 0.36953125 0.975 0.0609375 0.05
1 0.44140625 0.925 0.0515625 0.041666666666666664
1 0.2265625 0.990625 0.05 0.01875
1 0.30703125 0.9572916666666667 0.0640625 0.052083333333333336
1 0.39375 0.9104166666666667 0.05625 0.05
1 0.1578125 0.984375 0.065625 0.03125
1 0.24609375 0.9427083333333334 0.0609375 0.04375
1 0.32265625 0.896875 0.0484375 0.03958333333333333
1 0.3953125 0.8583333333333333 0.05625 0.041666666666666664
1 0.10703125 0.975 0.0671875 0.05
1 0.1890625 0.925 0.0625 0.05
1 0.278125 0.88125 0.06875 0.05
1 0.3578125 0.8385416666666666 0.05625 0.04375

1 0.18984375 0.925 0.0578125 0.04583333333333333


1 0.6453125 0.690625 0.028125 0.05625
1 0.31875 0.6270833333333333 0.015625 0.020833333333333332
1 0.646875 0.7010416666666667 0.01875 0.03958333333333333
1 0.64140625 0.6895833333333333 0.0359375 0.05416666666666667


1 0.8234375 0.7885416666666667 0.046875 0.04791666666666667

5 0.4578125 0.6791666666666667 0.009375 0.016666666666666666
5 0.45703125 0.678125 0.0109375 0.01875
4 0.4578125 0.6770833333333334 0.00625 0.0125
4 0.3671875 0.5416666666666666 0.015625 0.025
5 0.440625 0.5135416666666667 0.009375 0.022916666666666665
5 0.45390625 0.5177083333333333 0.0078125 0.022916666666666665
4 0.3921875 0.5166666666666667 0.00625 0.008333333333333333
4 0.34921875 0.5072916666666667 0.0078125 0.014583333333333334
4 0.35390625 0.5020833333333333 0.0109375 0.008333333333333333
5 0.64296875 0.6854166666666667 0.0265625 0.041666666666666664
1 0.6890625 0.828125 0.04375 0.06875
5 0.56953125 0.49375 0.0171875 0.025
5 0.62890625 0.6677083333333333 0.0046875 0.00625
5 0.6484375 0.7010416666666667 0.021875 0.03125
5 0.60859375 0.490625 0.0171875 0.014583333333333334
5 0.88984375 0.01875 0.0296875 0.025
5 0.69609375 0.375 0.0140625 0.020833333333333332
5 0.86484375 0.46979166666666666 0.0109375 0.010416666666666666
5 0.8640625 0.4739583333333333 0.0125 0.01875
5 0.83359375 0.48125 0.0109375 0.0125
5 0.7515625 0.39791666666666664 0.009375 0.004166666666666667
5 0.98828125 0.3885416666666667 0.0171875 0.01875
5 0.83515625 0.425 0.0109375 0.008333333333333333
5 0.68828125 0.828125 0.0421875 0.06041666666666667
5 0.5859375 0.39375 0.021875 0.029166666666666667
5 0.521875 0.36666666666666664 0.00625 0.0125
1 0.6421875 0.690625 0.03125 0.06041666666666667

1 0.5296875 0.25 0.015625 0.020833333333333332
1 0.8078125 0.42291666666666666 0.00625 0.008333333333333333
3 0.68671875 0.8145833333333333 0.0390625 0.041666666666666664
1 0.6171875 0.31145833333333334 0.0125 0.022916666666666665
1 0.58828125 0.390625 0.0203125 0.027083333333333334
1 0.521875 0.08020833333333334 0.0125 0.027083333333333334
1 0.5234375 0.03333333333333333 0.01875 0.06666666666666667
1 0.38046875 0.25104166666666666 0.0171875 0.022916666666666665
1 0.35546875 0.2520833333333333 0.0171875 0.03333333333333333
1 0.37421875 0.22604166666666667 0.0171875 0.022916666666666665
1 0.3546875 0.22395833333333334 0.015625 0.01875
1 0.3359375 0.22291666666666668 0.0125 0.020833333333333332
1 0.31796875 0.22604166666666667 0.0140625 0.01875
1 0.31875 0.25416666666666665 0.015625 0.029166666666666667
1 0.2984375 0.23125 0.021875 0.020833333333333332
1 0.27890625 0.225 0.0140625 0.016666666666666666
1 0.384375 0.18645833333333334 0.015625 0.01875
1 0.3671875 0.18958333333333333 0.015625 0.020833333333333332
1 0.33203125 0.1875 0.0140625 0.020833333333333332
1 0.3140625 0.19166666666666668 0.015625 0.029166666666666667
1 0.29921875 0.171875 0.0234375 0.027083333333333334
1 0.490625 0.07291666666666667 0.01875 0.016666666666666666


1 0.83046875 0.9885416666666667 0.0171875 0.022916666666666665
1 0.56953125 0.4822916666666667 0.0203125 0.03958333333333333
