
1 0.36953125 0.975 0.0609375 0.05
1 0.44140625 0.925 0.0515625 0.041666666666666664
1 0.2265625 0.990625 0.05 0.01875
1 0.30703125 0.9572916666666667 0.0640625 0.052083333333333336
1 0.39375 0.9104166666666667 0.05625 0.05
1 0.1578125 0.984375 0.065625 0.03125
1 0.24609375 0.9427083333333334 0.0609375 0.04375
1 0.32265625 0.896875 0.0484375 0.03958333333333333
1 0.3953125 0.8583333333333333 0.05625 0.041666666666666664
1 0.10703125 0.975 0.0671875 0.05
1 0.1890625 0.925 0.0625 0.05
1 0.278125 0.88125 0.06875 0.05
1 0.35703125 0.8385416666666666 0.0546875 0.04375

1 0.18984375 0.9270833333333334 0.0578125 0.05


1 0.64609375 0.696875 0.0328125 0.05625
1 0.2953125 0.65 0.01875 0.05
1 0.6515625 0.7010416666666667 0.021875 0.06458333333333334
1 0.64453125 0.696875 0.0359375 0.05625


1 0.8234375 0.7885416666666667 0.046875 0.04791666666666667

5 0.45859375 0.6791666666666667 0.0109375 0.016666666666666666
5 0.459375 0.6802083333333333 0.0125 0.01875
4 0.459375 0.6791666666666667 0.009375 0.0125
4 0.3671875 0.54375 0.015625 0.029166666666666667
5 0.440625 0.5135416666666667 0.009375 0.022916666666666665
5 0.45390625 0.5177083333333333 0.0078125 0.022916666666666665
4 0.3921875 0.5166666666666667 0.00625 0.008333333333333333
4 0.34921875 0.5083333333333333 0.0078125 0.0125
4 0.35390625 0.5020833333333333 0.0109375 0.008333333333333333
5 0.6484375 0.6989583333333333 0.021875 0.03125
1 0.6875 0.81875 0.034375 0.03333333333333333
5 0.57109375 0.49583333333333335 0.0171875 0.029166666666666667
5 0.63125 0.6739583333333333 0.003125 0.010416666666666666
5 0.64921875 0.715625 0.0265625 0.03125
5 0.6109375 0.4947916666666667 0.015625 0.014583333333333334
5 0.88984375 0.01875 0.0296875 0.025
5 0.69609375 0.3802083333333333 0.0140625 0.01875
5 0.87109375 0.4666666666666667 0.0109375 0.004166666666666667
5 0.86953125 0.4708333333333333 0.0171875 0.016666666666666666
5 0.828125 0.4822916666666667 0.021875 0.01875
5 0.75234375 0.39791666666666664 0.0078125 0.004166666666666667
5 0.990625 0.38645833333333335 0.01875 0.01875
5 0.8375 0.42604166666666665 0.009375 0.00625
5 0.690625 0.8322916666666667 0.0375 0.052083333333333336
5 0.5890625 0.3958333333333333 0.021875 0.03333333333333333
5 0.52265625 0.36666666666666664 0.0046875 0.0125
1 0.64375 0.6958333333333333 0.034375 0.058333333333333334

1 0.53125 0.253125 0.015625 0.022916666666666665
1 0.809375 0.4239583333333333 0.00625 0.010416666666666666
3 0.68828125 0.825 0.0390625 0.04583333333333333
1 0.61484375 0.3125 0.0140625 0.020833333333333332
1 0.58984375 0.3958333333333333 0.0203125 0.03333333333333333
1 0.521875 0.08020833333333334 0.0125 0.027083333333333334
1 0.52265625 0.03333333333333333 0.0171875 0.06666666666666667
1 0.37734375 0.25 0.0171875 0.020833333333333332
1 0.35546875 0.2520833333333333 0.0171875 0.03333333333333333
1 0.37421875 0.22604166666666667 0.0171875 0.022916666666666665
1 0.3546875 0.22395833333333334 0.015625 0.01875
1 0.3359375 0.22291666666666668 0.0125 0.020833333333333332
1 0.31796875 0.22604166666666667 0.0140625 0.01875
1 0.31875 0.253125 0.015625 0.027083333333333334
1 0.2984375 0.23125 0.021875 0.020833333333333332
1 0.27890625 0.225 0.0140625 0.016666666666666666
1 0.384375 0.18645833333333334 0.015625 0.01875
1 0.3671875 0.18958333333333333 0.015625 0.020833333333333332
1 0.33203125 0.18854166666666666 0.0140625 0.022916666666666665
1 0.31484375 0.19166666666666668 0.0171875 0.029166666666666667
1 0.29921875 0.171875 0.0234375 0.027083333333333334
1 0.490625 0.07291666666666667 0.01875 0.016666666666666666


1 0.828125 0.9885416666666667 0.0125 0.022916666666666665
1 0.5703125 0.48333333333333334 0.01875 0.0375
