
1 0.36953125 0.975 0.0578125 0.05
1 0.44140625 0.925 0.0515625 0.041666666666666664
1 0.225 0.990625 0.05 0.01875
1 0.30703125 0.9572916666666667 0.0640625 0.052083333333333336
1 0.39453125 0.9104166666666667 0.0546875 0.05
1 0.1578125 0.9833333333333333 0.065625 0.03333333333333333
1 0.24609375 0.9427083333333334 0.0609375 0.04375
1 0.32265625 0.896875 0.0484375 0.03958333333333333
1 0.39609375 0.8583333333333333 0.0546875 0.041666666666666664
1 0.1078125 0.975 0.065625 0.05
1 0.1890625 0.925 0.0625 0.05
1 0.27734375 0.88125 0.0671875 0.05
1 0.3578125 0.8385416666666666 0.05625 0.04375

1 0.18984375 0.925 0.0578125 0.04583333333333333


1 0.65 0.70625 0.028125 0.058333333333333334
1 0.2984375 0.6427083333333333 0.003125 0.0020833333333333333
1 0.65234375 0.7166666666666667 0.0234375 0.041666666666666664
1 0.6453125 0.7052083333333333 0.0375 0.05625


1 0.82265625 0.7885416666666667 0.0484375 0.04791666666666667

5 0.46328125 0.6854166666666667 0.0171875 0.016666666666666666
5 0.46328125 0.6885416666666667 0.0171875 0.022916666666666665
4 0.46953125 0.6864583333333333 0.0078125 0.014583333333333334
4 0.36640625 0.5427083333333333 0.0140625 0.027083333333333334
5 0.43984375 0.5125 0.0078125 0.025
5 0.45390625 0.5177083333333333 0.0078125 0.022916666666666665
4 0.3921875 0.5166666666666667 0.00625 0.008333333333333333
4 0.35 0.5083333333333333 0.00625 0.0125
4 0.35546875 0.5020833333333333 0.0109375 0.008333333333333333
5 0.5046875 0.42083333333333334 0.00625 0.016666666666666666
1 0.69375 0.8416666666666667 0.040625 0.058333333333333334
5 0.57265625 0.509375 0.0171875 0.022916666666666665
5 0.63359375 0.6875 0.0078125 0.008333333333333333
5 0.653125 0.7239583333333334 0.021875 0.027083333333333334
5 0.6125 0.503125 0.015625 0.014583333333333334
5 0.88984375 0.01875 0.0296875 0.025
5 0.70234375 0.375 0.0171875 0.020833333333333332
5 0.87890625 0.46979166666666666 0.0109375 0.010416666666666666
5 0.878125 0.4739583333333333 0.0125 0.01875
5 0.82578125 0.490625 0.0171875 0.027083333333333334
5 0.75546875 0.39791666666666664 0.0078125 0.004166666666666667
5 0.99296875 0.38333333333333336 0.0140625 0.016666666666666666
5 0.84375 0.42604166666666665 0.009375 0.00625
5 0.69375 0.85 0.040625 0.058333333333333334
5 0.590625 0.4010416666666667 0.021875 0.03125
5 0.5234375 0.36666666666666664 0.00625 0.0125
1 0.64609375 0.7083333333333334 0.0328125 0.0625

1 0.53046875 0.25416666666666665 0.0171875 0.020833333333333332
1 0.815625 0.42083333333333334 0.009375 0.004166666666666667
3 0.6921875 0.8333333333333334 0.0375 0.041666666666666664
1 0.615625 0.3145833333333333 0.015625 0.025
1 0.590625 0.4010416666666667 0.021875 0.03125
1 0.521875 0.08020833333333334 0.0125 0.027083333333333334
1 0.521875 0.03229166666666667 0.015625 0.06458333333333334
1 0.37734375 0.25104166666666666 0.0171875 0.022916666666666665
1 0.35546875 0.25 0.0171875 0.029166666666666667
1 0.37421875 0.22604166666666667 0.0171875 0.022916666666666665
1 0.3546875 0.22395833333333334 0.015625 0.01875
1 0.33671875 0.22291666666666668 0.0140625 0.020833333333333332
1 0.31796875 0.22604166666666667 0.0140625 0.01875
1 0.31875 0.253125 0.015625 0.03125
1 0.2984375 0.23125 0.021875 0.020833333333333332
1 0.27890625 0.225 0.0140625 0.016666666666666666
1 0.384375 0.18645833333333334 0.015625 0.01875
1 0.3671875 0.18958333333333333 0.015625 0.020833333333333332
1 0.33203125 0.1875 0.0140625 0.020833333333333332
1 0.31484375 0.19166666666666668 0.0171875 0.029166666666666667
1 0.29921875 0.171875 0.0234375 0.027083333333333334
1 0.490625 0.07291666666666667 0.01875 0.016666666666666666


1 0.8296875 0.990625 0.009375 0.01875
1 0.571875 0.49166666666666664 0.01875 0.0375
