
1 0.36953125 0.975 0.0578125 0.05
1 0.44140625 0.925 0.0515625 0.041666666666666664
1 0.225 0.990625 0.05 0.01875
1 0.30703125 0.9572916666666667 0.0640625 0.052083333333333336
1 0.39453125 0.9104166666666667 0.0546875 0.05
1 0.1578125 0.984375 0.065625 0.03125
1 0.2453125 0.9427083333333334 0.059375 0.04375
1 0.32265625 0.896875 0.0484375 0.03958333333333333
1 0.3953125 0.8583333333333333 0.05625 0.041666666666666664
1 0.10703125 0.975 0.0671875 0.05
1 0.1890625 0.925 0.0625 0.05
1 0.278125 0.88125 0.06875 0.05
1 0.3578125 0.8385416666666666 0.05625 0.04375

1 0.18984375 0.9239583333333333 0.0578125 0.04375


1 0.65703125 0.7260416666666667 0.0296875 0.052083333333333336
1 0.2953125 0.634375 0.01875 0.022916666666666665
1 0.65859375 0.7416666666666667 0.0265625 0.0375
1 0.6578125 0.7395833333333334 0.028125 0.03333333333333333


1 0.825 0.7885416666666667 0.05 0.04791666666666667

5 0.47421875 0.69375 0.0109375 0.016666666666666666
5 0.475 0.69375 0.0125 0.016666666666666666
4 0.475 0.6927083333333334 0.00625 0.014583333333333334
4 0.365625 0.5427083333333333 0.015625 0.027083333333333334
5 0.4390625 0.5135416666666667 0.009375 0.022916666666666665
5 0.45390625 0.5177083333333333 0.0078125 0.022916666666666665
4 0.3921875 0.515625 0.00625 0.010416666666666666
4 0.35 0.5083333333333333 0.00625 0.0125
4 0.3515625 0.5052083333333334 0.009375 0.010416666666666666
5 0.50234375 0.41770833333333335 0.0109375 0.01875
1 0.7 0.8625 0.04375 0.0625
5 0.57265625 0.5239583333333333 0.0171875 0.027083333333333334
5 0.640625 0.7041666666666667 0.00625 0.008333333333333333
5 0.65703125 0.7447916666666666 0.0265625 0.03125
5 0.6140625 0.5114583333333333 0.015625 0.014583333333333334
5 0.89453125 0.015625 0.0359375 0.03125
5 0.69921875 0.38645833333333335 0.0203125 0.022916666666666665
5 0.8921875 0.46875 0.009375 0.008333333333333333
5 0.89140625 0.4739583333333333 0.0140625 0.01875
5 0.83984375 0.4979166666666667 0.0203125 0.03333333333333333
5 0.759375 0.39895833333333336 0.00625 0.00625
5 0.9953125 0.3802083333333333 0.009375 0.01875
5 0.85 0.42604166666666665 0.009375 0.00625
5 0.70390625 0.875 0.0421875 0.06666666666666667
5 0.5921875 0.4083333333333333 0.01875 0.03333333333333333
5 0.5234375 0.36770833333333336 0.00625 0.010416666666666666
1 0.6515625 0.725 0.028125 0.058333333333333334

1 0.53203125 0.253125 0.0109375 0.014583333333333334
1 0.821875 0.4239583333333333 0.009375 0.00625
3 0.696875 0.846875 0.03125 0.03125
1 0.62109375 0.32083333333333336 0.0140625 0.020833333333333332
1 0.59296875 0.409375 0.0203125 0.03125
1 0.521875 0.08020833333333334 0.0125 0.027083333333333334
1 0.52265625 0.03229166666666667 0.0140625 0.06458333333333334
1 0.3796875 0.25104166666666666 0.01875 0.022916666666666665
1 0.3546875 0.25 0.01875 0.029166666666666667
1 0.37421875 0.22604166666666667 0.0171875 0.022916666666666665
1 0.3546875 0.22395833333333334 0.015625 0.01875
1 0.33671875 0.22291666666666668 0.0140625 0.020833333333333332
1 0.31796875 0.22604166666666667 0.0140625 0.01875
1 0.31875 0.2520833333333333 0.015625 0.029166666666666667
1 0.2984375 0.23125 0.021875 0.020833333333333332
1 0.27890625 0.225 0.0140625 0.016666666666666666
1 0.384375 0.18645833333333334 0.015625 0.01875
1 0.3671875 0.18958333333333333 0.015625 0.020833333333333332
1 0.33203125 0.1875 0.0140625 0.020833333333333332
1 0.31484375 0.19166666666666668 0.0171875 0.029166666666666667
1 0.3 0.17083333333333334 0.021875 0.029166666666666667
1 0.490625 0.07291666666666667 0.01875 0.016666666666666666


1 0.83359375 0.9822916666666667 0.0015625 0.0020833333333333333

