
1 0.36953125 0.975 0.0578125 0.05
1 0.44140625 0.925 0.0515625 0.041666666666666664
1 0.225 0.990625 0.05 0.01875
1 0.30703125 0.9572916666666667 0.0640625 0.052083333333333336
1 0.39375 0.9104166666666667 0.05625 0.05
1 0.1578125 0.9833333333333333 0.065625 0.03333333333333333
1 0.24609375 0.94375 0.0609375 0.04583333333333333
1 0.32265625 0.896875 0.0484375 0.03958333333333333
1 0.3953125 0.8583333333333333 0.05625 0.041666666666666664
1 0.10703125 0.975 0.0671875 0.05
1 0.1890625 0.925 0.0625 0.05
1 0.278125 0.88125 0.06875 0.05
1 0.3578125 0.8385416666666666 0.05625 0.04375

1 0.1890625 0.925 0.059375 0.04583333333333333


1 0.65859375 0.7364583333333333 0.0328125 0.05625
1 0.29296875 0.640625 0.0140625 0.00625
1 0.66171875 0.746875 0.0265625 0.035416666666666666
1 0.6625 0.7479166666666667 0.025 0.03333333333333333


1 0.82421875 0.7875 0.0515625 0.05

5 0.47578125 0.6947916666666667 0.0109375 0.014583333333333334
5 0.47578125 0.6947916666666667 0.0140625 0.01875
4 0.4796875 0.6947916666666667 0.003125 0.00625
4 0.36640625 0.5427083333333333 0.0140625 0.027083333333333334
5 0.43984375 0.5125 0.0078125 0.020833333333333332
5 0.45390625 0.5177083333333333 0.0078125 0.022916666666666665
4 0.3921875 0.5166666666666667 0.00625 0.008333333333333333
4 0.35 0.5083333333333333 0.00625 0.0125
4 0.353125 0.503125 0.009375 0.00625
5 0.50625 0.415625 0.009375 0.022916666666666665
1 0.7015625 0.8677083333333333 0.040625 0.05625
5 0.5765625 0.5270833333333333 0.01875 0.029166666666666667
5 0.6421875 0.709375 0.00625 0.00625
5 0.6640625 0.746875 0.021875 0.03125
5 0.615625 0.515625 0.015625 0.014583333333333334
5 0.8953125 0.015625 0.0375 0.03125
5 0.71015625 0.38229166666666664 0.0140625 0.022916666666666665
5 0.896875 0.4666666666666667 0.009375 0.008333333333333333
5 0.89453125 0.471875 0.0109375 0.01875
5 0.83359375 0.4979166666666667 0.0328125 0.03333333333333333
5 0.7609375 0.39895833333333336 0.00625 0.00625
5 0.99609375 0.378125 0.0078125 0.014583333333333334
5 0.8515625 0.42604166666666665 0.009375 0.00625
5 0.703125 0.8791666666666667 0.0375 0.0625
5 0.59375 0.4114583333333333 0.015625 0.03125
5 0.5234375 0.36770833333333336 0.00625 0.010416666666666666
1 0.653125 0.7322916666666667 0.028125 0.06458333333333334

1 0.5328125 0.25416666666666665 0.009375 0.016666666666666666
1 0.82421875 0.425 0.0078125 0.008333333333333333
3 0.69921875 0.859375 0.0359375 0.03958333333333333
1 0.61953125 0.3229166666666667 0.0171875 0.025
1 0.59296875 0.4114583333333333 0.0171875 0.03125
1 0.521875 0.08020833333333334 0.0125 0.027083333333333334
1 0.525 0.03229166666666667 0.0125 0.06458333333333334
1 0.37734375 0.25 0.0171875 0.020833333333333332
1 0.35625 0.24479166666666666 0.015625 0.027083333333333334
1 0.375 0.22604166666666667 0.015625 0.022916666666666665
1 0.3546875 0.22395833333333334 0.015625 0.01875
1 0.3359375 0.22291666666666668 0.0125 0.020833333333333332
1 0.31796875 0.22604166666666667 0.0140625 0.01875
1 0.31875 0.253125 0.015625 0.03125
1 0.2984375 0.23125 0.021875 0.020833333333333332
1 0.27890625 0.225 0.0140625 0.016666666666666666
1 0.384375 0.18645833333333334 0.015625 0.01875
1 0.3671875 0.18958333333333333 0.015625 0.020833333333333332
1 0.3328125 0.1875 0.015625 0.020833333333333332
1 0.31484375 0.19166666666666668 0.0171875 0.029166666666666667
1 0.29921875 0.17083333333333334 0.0234375 0.029166666666666667
1 0.490625 0.07291666666666667 0.01875 0.016666666666666666


1 0.83359375 0.9822916666666667 0.0015625 0.0020833333333333333
1 0.575 0.5114583333333333 0.021875 0.03958333333333333
