
1 0.36953125 0.975 0.0578125 0.05
1 0.44140625 0.925 0.0515625 0.041666666666666664
1 0.22578125 0.990625 0.0515625 0.01875
1 0.30703125 0.9572916666666667 0.0640625 0.052083333333333336
1 0.39375 0.9104166666666667 0.05625 0.05
1 0.1578125 0.9833333333333333 0.065625 0.03333333333333333
1 0.2453125 0.9427083333333334 0.059375 0.04375
1 0.32265625 0.896875 0.0484375 0.03958333333333333
1 0.39609375 0.8583333333333333 0.0546875 0.041666666666666664
1 0.10703125 0.975 0.0671875 0.05
1 0.1890625 0.925 0.0625 0.05
1 0.278125 0.88125 0.06875 0.05
1 0.3578125 0.8385416666666666 0.05625 0.04375

1 0.1890625 0.925 0.059375 0.04583333333333333


1 0.6609375 0.753125 0.034375 0.04791666666666667
1 0.309375 0.625 0.01875 0.020833333333333332
1 0.66015625 0.7541666666666667 0.0359375 0.04583333333333333
1 0.6671875 0.7552083333333334 0.025 0.035416666666666666


1 0.82421875 0.7875 0.0515625 0.05

5 0.48046875 0.6989583333333333 0.0140625 0.014583333333333334
5 0.48046875 0.7010416666666667 0.0140625 0.01875
4 0.484375 0.7010416666666667 0.00625 0.010416666666666666
4 0.365625 0.54375 0.015625 0.025
5 0.4375 0.5145833333333333 0.009375 0.020833333333333332
5 0.45390625 0.5177083333333333 0.0078125 0.022916666666666665
4 0.39140625 0.5177083333333333 0.0078125 0.010416666666666666
4 0.35 0.5083333333333333 0.00625 0.0125
4 0.3515625 0.5052083333333334 0.009375 0.010416666666666666
5 0.50625 0.41354166666666664 0.009375 0.022916666666666665
1 0.703125 0.8666666666666667 0.034375 0.03333333333333333
5 0.5765625 0.5375 0.01875 0.025
5 0.64609375 0.7197916666666667 0.0046875 0.00625
5 0.66640625 0.7604166666666666 0.0234375 0.029166666666666667
5 0.615625 0.5208333333333334 0.015625 0.016666666666666666
5 0.8953125 0.015625 0.0375 0.03125
5 0.71015625 0.38229166666666664 0.0171875 0.022916666666666665
5 0.90234375 0.4666666666666667 0.0140625 0.008333333333333333
5 0.8984375 0.47291666666666665 0.015625 0.020833333333333332
5 0.83203125 0.49375 0.0296875 0.03333333333333333
5 0.76171875 0.4010416666666667 0.0078125 0.00625
5 0.996875 0.37604166666666666 0.00625 0.014583333333333334
5 0.859375 0.42604166666666665 0.00625 0.00625
5 0.70546875 0.890625 0.0421875 0.06875
5 0.59609375 0.41458333333333336 0.0171875 0.029166666666666667
5 0.5234375 0.36666666666666664 0.00625 0.0125
1 0.6578125 0.7427083333333333 0.03125 0.06041666666666667

1 0.5328125 0.25729166666666664 0.009375 0.014583333333333334
1 0.83046875 0.4239583333333333 0.0078125 0.00625
3 0.70390625 0.871875 0.0390625 0.04375
1 0.61875 0.325 0.01875 0.020833333333333332
1 0.63203125 0.3145833333333333 0.0140625 0.025
1 0.521875 0.07916666666666666 0.0125 0.025
1 0.51953125 0.03229166666666667 0.0140625 0.06458333333333334
1 0.37734375 0.25 0.0171875 0.020833333333333332
1 0.35546875 0.25 0.0171875 0.029166666666666667
1 0.375 0.22604166666666667 0.015625 0.022916666666666665
1 0.3546875 0.22395833333333334 0.015625 0.01875
1 0.3359375 0.22291666666666668 0.0125 0.020833333333333332
1 0.31796875 0.22604166666666667 0.0140625 0.01875
1 0.31875 0.253125 0.015625 0.03125
1 0.2984375 0.23125 0.021875 0.020833333333333332
1 0.27890625 0.225 0.0140625 0.016666666666666666
1 0.384375 0.18645833333333334 0.015625 0.01875
1 0.3671875 0.18958333333333333 0.015625 0.020833333333333332
1 0.33203125 0.1875 0.0140625 0.020833333333333332
1 0.31484375 0.19166666666666668 0.0171875 0.029166666666666667
1 0.29921875 0.17083333333333334 0.0234375 0.029166666666666667
1 0.48984375 0.07291666666666667 0.0203125 0.016666666666666666



1 0.578125 0.5208333333333334 0.021875 0.041666666666666664
