
1 0.36953125 0.9739583333333334 0.0578125 0.052083333333333336
1 0.44140625 0.9229166666666667 0.0515625 0.041666666666666664
1 0.22734375 0.990625 0.0484375 0.01875
1 0.30625 0.9572916666666667 0.0625 0.052083333333333336
1 0.39296875 0.9104166666666667 0.0546875 0.05
1 0.1578125 0.9833333333333333 0.065625 0.03333333333333333
1 0.2453125 0.9416666666666667 0.059375 0.04583333333333333
1 0.32265625 0.896875 0.0484375 0.03958333333333333
1 0.3953125 0.8583333333333333 0.05625 0.041666666666666664
1 0.10703125 0.975 0.0671875 0.05
1 0.1890625 0.925 0.0625 0.05
1 0.278125 0.88125 0.06875 0.05
1 0.3578125 0.8375 0.05625 0.041666666666666664

1 0.18984375 0.925 0.0578125 0.04583333333333333


1 0.66640625 0.7614583333333333 0.0328125 0.06041666666666667
1 0.2875 0.65625 0.009375 0.0375
1 0.6671875 0.7760416666666666 0.03125 0.04375
1 0.67265625 0.7802083333333333 0.0265625 0.03125


1 0.82421875 0.7875 0.0515625 0.05

5 0.4921875 0.7104166666666667 0.0125 0.016666666666666666
5 0.4921875 0.7104166666666667 0.0125 0.020833333333333332
4 0.49453125 0.7114583333333333 0.0046875 0.010416666666666666
4 0.365625 0.5416666666666666 0.015625 0.025
5 0.43984375 0.5125 0.0078125 0.020833333333333332
5 0.45390625 0.5166666666666667 0.0078125 0.020833333333333332
4 0.390625 0.5166666666666667 0.00625 0.008333333333333333
4 0.35 0.5083333333333333 0.00625 0.0125
4 0.35078125 0.50625 0.0078125 0.008333333333333333
5 0.5078125 0.409375 0.009375 0.022916666666666665
1 0.7109375 0.9 0.04375 0.0625
5 0.57890625 0.5385416666666667 0.0171875 0.052083333333333336
5 0.65 0.7385416666666667 0.009375 0.00625
5 0.671875 0.78125 0.025 0.029166666666666667
5 0.6203125 0.5322916666666667 0.01875 0.014583333333333334
5 0.8953125 0.015625 0.0375 0.03125
5 0.715625 0.38645833333333335 0.01875 0.022916666666666665
5 0.91328125 0.465625 0.0109375 0.00625
5 0.91171875 0.4708333333333333 0.0109375 0.016666666666666666
5 0.83203125 0.4979166666666667 0.0359375 0.03333333333333333
5 0.76796875 0.4041666666666667 0.0109375 0.008333333333333333
5 0.9984375 0.378125 0.003125 0.010416666666666666
5 0.86484375 0.42604166666666665 0.0078125 0.00625
5 0.71015625 0.9125 0.0453125 0.07916666666666666
5 0.63203125 0.30833333333333335 0.0078125 0.004166666666666667
5 0.5234375 0.36666666666666664 0.00625 0.0125
1 0.6625 0.7395833333333334 0.025 0.025

1 0.53046875 0.259375 0.0109375 0.010416666666666666
1 0.83515625 0.425 0.0109375 0.008333333333333333
3 0.709375 0.890625 0.040625 0.04375
1 0.61484375 0.328125 0.0328125 0.022916666666666665
1 0.62890625 0.315625 0.0078125 0.01875
1 0.521875 0.08020833333333334 0.0125 0.027083333333333334
1 0.521875 0.007291666666666667 0.0125 0.014583333333333334
1 0.37890625 0.25104166666666666 0.0171875 0.022916666666666665
1 0.35546875 0.25 0.0171875 0.029166666666666667
1 0.375 0.22604166666666667 0.015625 0.022916666666666665
1 0.3546875 0.22395833333333334 0.015625 0.01875
1 0.3359375 0.221875 0.0125 0.022916666666666665
1 0.31796875 0.22604166666666667 0.0140625 0.01875
1 0.31875 0.2520833333333333 0.015625 0.029166666666666667
1 0.2984375 0.23125 0.021875 0.020833333333333332
1 0.27890625 0.225 0.0140625 0.016666666666666666
1 0.384375 0.18645833333333334 0.015625 0.01875
1 0.3671875 0.18958333333333333 0.015625 0.020833333333333332
1 0.33203125 0.1875 0.0140625 0.020833333333333332
1 0.31171875 0.190625 0.0171875 0.027083333333333334
1 0.29921875 0.17083333333333334 0.0234375 0.029166666666666667
1 0.490625 0.07291666666666667 0.01875 0.016666666666666666



1 0.58203125 0.53125 0.0203125 0.0375
