
1 0.36953125 0.9739583333333334 0.0578125 0.052083333333333336
1 0.44140625 0.9239583333333333 0.0515625 0.03958333333333333
1 0.22421875 0.990625 0.0515625 0.01875
1 0.30625 0.9572916666666667 0.0625 0.052083333333333336
1 0.39296875 0.9104166666666667 0.0546875 0.05
1 0.1578125 0.9833333333333333 0.065625 0.03333333333333333
1 0.2453125 0.9416666666666667 0.059375 0.04583333333333333
1 0.32265625 0.896875 0.0484375 0.03958333333333333
1 0.39453125 0.8583333333333333 0.0546875 0.041666666666666664
1 0.10703125 0.975 0.0671875 0.05
1 0.1890625 0.925 0.0625 0.05
1 0.27734375 0.88125 0.0671875 0.05
1 0.3578125 0.8375 0.05625 0.041666666666666664

1 0.1890625 0.9239583333333333 0.059375 0.04791666666666667


1 0.66953125 0.7697916666666667 0.0328125 0.06041666666666667
1 0.2890625 0.65625 0.00625 0.0375
1 0.67578125 0.7875 0.0265625 0.03333333333333333
1 0.67578125 0.7854166666666667 0.0265625 0.029166666666666667


1 0.825 0.7875 0.053125 0.05

5 0.49453125 0.7125 0.0078125 0.016666666666666666
5 0.49453125 0.7135416666666666 0.0109375 0.01875
4 0.49453125 0.715625 0.0078125 0.014583333333333334
4 0.3671875 0.5416666666666666 0.015625 0.025
5 0.43984375 0.5125 0.0078125 0.020833333333333332
5 0.45390625 0.5166666666666667 0.0078125 0.020833333333333332
4 0.390625 0.515625 0.00625 0.010416666666666666
4 0.35 0.5083333333333333 0.00625 0.0125
4 0.35078125 0.50625 0.0078125 0.008333333333333333
5 0.50703125 0.4083333333333333 0.0109375 0.025
1 0.71171875 0.90625 0.0421875 0.05416666666666667
5 0.58203125 0.5583333333333333 0.0203125 0.029166666666666667
5 0.6546875 0.74375 0.003125 0.008333333333333333
5 0.67421875 0.7875 0.0265625 0.029166666666666667
5 0.6203125 0.5354166666666667 0.01875 0.016666666666666666
5 0.90234375 0.015625 0.0453125 0.03125
5 0.71640625 0.38645833333333335 0.0203125 0.022916666666666665
5 0.91953125 0.465625 0.0109375 0.00625
5 0.9171875 0.46770833333333334 0.015625 0.014583333333333334
5 0.83828125 0.490625 0.0484375 0.04791666666666667
5 0.76953125 0.40625 0.0109375 0.008333333333333333

5 0.86640625 0.42604166666666665 0.0078125 0.00625
5 0.71484375 0.921875 0.0515625 0.06875
5 0.63359375 0.3145833333333333 0.0140625 0.016666666666666666
5 0.5234375 0.36666666666666664 0.00625 0.0125
1 0.665625 0.7614583333333333 0.03125 0.052083333333333336

1 0.53046875 0.259375 0.0109375 0.010416666666666666
1 0.83671875 0.425 0.0109375 0.008333333333333333
3 0.7109375 0.896875 0.040625 0.03958333333333333
1 0.6203125 0.3333333333333333 0.021875 0.025
1 0.62890625 0.31979166666666664 0.0109375 0.022916666666666665
1 0.521875 0.08020833333333334 0.0125 0.027083333333333334
1 0.52109375 0.007291666666666667 0.0109375 0.014583333333333334
1 0.37734375 0.25 0.0171875 0.020833333333333332
1 0.35546875 0.25 0.0171875 0.029166666666666667
1 0.37421875 0.22604166666666667 0.0171875 0.022916666666666665
1 0.353125 0.22395833333333334 0.015625 0.01875
1 0.33515625 0.22395833333333334 0.0140625 0.022916666666666665
1 0.31796875 0.22604166666666667 0.0140625 0.01875
1 0.31875 0.2520833333333333 0.015625 0.029166666666666667
1 0.2984375 0.23125 0.021875 0.020833333333333332
1 0.27890625 0.225 0.0140625 0.016666666666666666
1 0.384375 0.18645833333333334 0.015625 0.01875
1 0.3671875 0.18958333333333333 0.015625 0.020833333333333332
1 0.33203125 0.1875 0.0140625 0.020833333333333332
1 0.31484375 0.19166666666666668 0.0171875 0.029166666666666667
1 0.29921875 0.17083333333333334 0.0234375 0.029166666666666667
1 0.490625 0.07291666666666667 0.01875 0.016666666666666666



1 0.58203125 0.540625 0.0203125 0.04791666666666667
