
1 0.36875 0.975 0.059375 0.05
1 0.44140625 0.9229166666666667 0.0515625 0.041666666666666664
1 0.22421875 0.990625 0.0515625 0.01875
1 0.30625 0.9572916666666667 0.0625 0.052083333333333336
1 0.39296875 0.9104166666666667 0.0546875 0.05
1 0.1578125 0.9833333333333333 0.065625 0.03333333333333333
1 0.2453125 0.9416666666666667 0.059375 0.04583333333333333
1 0.32265625 0.896875 0.0484375 0.03958333333333333
1 0.3953125 0.8583333333333333 0.05625 0.041666666666666664
1 0.10703125 0.975 0.0671875 0.05
1 0.1890625 0.925 0.0625 0.05
1 0.278125 0.88125 0.06875 0.05
1 0.3578125 0.8375 0.05625 0.041666666666666664

1 0.18984375 0.9239583333333333 0.0578125 0.04791666666666667


1 0.6734375 0.7833333333333333 0.0375 0.07083333333333333
1 0.3 0.628125 0.021875 0.027083333333333334
1 0.6796875 0.8 0.028125 0.03333333333333333
1 0.6796875 0.7979166666666667 0.028125 0.029166666666666667


1 0.825 0.7875 0.053125 0.05

5 0.50234375 0.7208333333333333 0.0109375 0.016666666666666666
5 0.5015625 0.7197916666666667 0.0125 0.01875
4 0.50546875 0.721875 0.0015625 0.00625
4 0.3671875 0.5416666666666666 0.015625 0.025
5 0.4390625 0.5114583333333333 0.00625 0.01875
5 0.45390625 0.5166666666666667 0.0078125 0.020833333333333332
4 0.390625 0.5145833333333333 0.00625 0.008333333333333333
4 0.35 0.5072916666666667 0.00625 0.014583333333333334
4 0.35078125 0.5072916666666667 0.0078125 0.010416666666666666
5 0.50859375 0.40520833333333334 0.0109375 0.022916666666666665
1 0.7171875 0.9177083333333333 0.04375 0.06041666666666667
5 0.58125 0.55 0.015625 0.04583333333333333
5 0.65625 0.7583333333333333 0.00625 0.008333333333333333
5 0.67890625 0.8010416666666667 0.0265625 0.03125
5 0.62265625 0.5427083333333333 0.0171875 0.014583333333333334
5 0.896875 0.015625 0.040625 0.03125
5 0.72265625 0.3885416666666667 0.0171875 0.022916666666666665
5 0.9265625 0.4635416666666667 0.009375 0.00625
5 0.92578125 0.46979166666666666 0.0109375 0.01875
5 0.83984375 0.490625 0.0515625 0.04791666666666667
5 0.76953125 0.4083333333333333 0.0140625 0.008333333333333333

5 0.87109375 0.42604166666666665 0.0078125 0.00625
5 0.71640625 0.9239583333333333 0.0484375 0.05625
5 0.625 0.32395833333333335 0.0125 0.022916666666666665
5 0.5234375 0.36666666666666664 0.00625 0.0125
1 0.6671875 0.76875 0.028125 0.04583333333333333

1 0.53125 0.26145833333333335 0.0125 0.010416666666666666
1 0.8421875 0.4239583333333333 0.00625 0.010416666666666666
3 0.715625 0.9083333333333333 0.040625 0.041666666666666664
1 0.62265625 0.33645833333333336 0.0234375 0.022916666666666665
1 0.628125 0.32395833333333335 0.0125 0.022916666666666665
1 0.52265625 0.08020833333333334 0.0140625 0.027083333333333334
1 0.521875 0.008333333333333333 0.009375 0.016666666666666666
1 0.3765625 0.25 0.01875 0.020833333333333332
1 0.35546875 0.25 0.0171875 0.029166666666666667
1 0.37421875 0.22604166666666667 0.0171875 0.022916666666666665
1 0.353125 0.22395833333333334 0.015625 0.01875
1 0.3359375 0.221875 0.0125 0.022916666666666665
1 0.31796875 0.22604166666666667 0.0140625 0.01875
1 0.31875 0.2520833333333333 0.015625 0.029166666666666667
1 0.2984375 0.23125 0.021875 0.020833333333333332
1 0.27890625 0.225 0.0140625 0.016666666666666666
1 0.384375 0.18645833333333334 0.015625 0.01875
1 0.3671875 0.18958333333333333 0.015625 0.020833333333333332
1 0.33203125 0.1875 0.0140625 0.020833333333333332
1 0.31484375 0.19166666666666668 0.0171875 0.029166666666666667
1 0.29921875 0.17083333333333334 0.0234375 0.029166666666666667
1 0.48984375 0.07291666666666667 0.0203125 0.016666666666666666


1 0.85703125 0.9197916666666667 0.0015625 0.0020833333333333333
1 0.5828125 0.546875 0.021875 0.04375
