
1 0.36875 0.975 0.059375 0.05
1 0.44140625 0.9229166666666667 0.0515625 0.041666666666666664
1 0.22421875 0.990625 0.0515625 0.01875
1 0.30625 0.9572916666666667 0.0625 0.052083333333333336
1 0.39296875 0.9104166666666667 0.0546875 0.05
1 0.1578125 0.9833333333333333 0.065625 0.03333333333333333
1 0.2453125 0.9416666666666667 0.059375 0.04583333333333333
1 0.32265625 0.896875 0.0484375 0.03958333333333333
1 0.3953125 0.8583333333333333 0.05625 0.041666666666666664
1 0.10625 0.975 0.065625 0.05
1 0.1890625 0.925 0.0625 0.05
1 0.278125 0.88125 0.06875 0.05
1 0.3578125 0.8375 0.05625 0.041666666666666664

1 0.18984375 0.9239583333333333 0.0578125 0.04791666666666667


1 0.6796875 0.7927083333333333 0.028125 0.06041666666666667
1 0.29296875 0.6583333333333333 0.0203125 0.041666666666666664
1 0.68203125 0.803125 0.0265625 0.035416666666666666
1 0.6796875 0.8 0.03125 0.041666666666666664


1 0.825 0.7875 0.053125 0.05

5 0.5046875 0.7239583333333334 0.009375 0.01875
5 0.50546875 0.7239583333333334 0.0109375 0.01875
4 0.50625 0.7239583333333334 0.003125 0.010416666666666666
4 0.365625 0.54375 0.015625 0.025
5 0.43984375 0.5114583333333333 0.0078125 0.01875
5 0.45390625 0.5166666666666667 0.0078125 0.020833333333333332
4 0.39140625 0.515625 0.0046875 0.010416666666666666
4 0.35 0.5083333333333333 0.00625 0.0125
4 0.3515625 0.50625 0.009375 0.008333333333333333
5 0.51015625 0.403125 0.0109375 0.022916666666666665
1 0.7171875 0.9125 0.0375 0.03333333333333333
5 0.5859375 0.5645833333333333 0.021875 0.041666666666666664
5 0.66015625 0.7635416666666667 0.0078125 0.00625
5 0.68125 0.8052083333333333 0.028125 0.03125
5 0.62421875 0.546875 0.0171875 0.014583333333333334
5 0.90234375 0.015625 0.0453125 0.03125
5 0.725 0.39166666666666666 0.015625 0.025
5 0.9296875 0.46145833333333336 0.009375 0.00625
5 0.928125 0.4666666666666667 0.009375 0.016666666666666666
5 0.83984375 0.48854166666666665 0.0515625 0.06041666666666667
5 0.771875 0.409375 0.015625 0.00625

5 0.875 0.42604166666666665 0.00625 0.00625
5 0.71953125 0.9354166666666667 0.0453125 0.06666666666666667
5 0.62578125 0.32395833333333335 0.0140625 0.022916666666666665
5 0.5234375 0.36666666666666664 0.00625 0.0125
1 0.67109375 0.7760416666666666 0.0296875 0.04375

1 0.5296875 0.2604166666666667 0.0125 0.008333333333333333
1 0.846875 0.4239583333333333 0.009375 0.00625
3 0.71875 0.9166666666666666 0.040625 0.041666666666666664
1 0.6234375 0.33645833333333336 0.025 0.022916666666666665
1 0.62890625 0.32395833333333335 0.0140625 0.022916666666666665
1 0.52265625 0.08020833333333334 0.0140625 0.027083333333333334
1 0.521875 0.008333333333333333 0.009375 0.016666666666666666
1 0.3796875 0.2520833333333333 0.015625 0.025
1 0.35546875 0.25 0.0171875 0.029166666666666667
1 0.375 0.22604166666666667 0.015625 0.022916666666666665
1 0.35390625 0.22291666666666668 0.0171875 0.020833333333333332
1 0.3359375 0.221875 0.0125 0.022916666666666665
1 0.31796875 0.22604166666666667 0.0140625 0.01875
1 0.31875 0.2520833333333333 0.015625 0.029166666666666667
1 0.2984375 0.23125 0.021875 0.020833333333333332
1 0.27890625 0.225 0.0140625 0.016666666666666666
1 0.384375 0.18645833333333334 0.015625 0.01875
1 0.3671875 0.18958333333333333 0.015625 0.020833333333333332
1 0.33203125 0.1875 0.0140625 0.020833333333333332
1 0.31171875 0.190625 0.0171875 0.027083333333333334
1 0.29921875 0.17083333333333334 0.0234375 0.029166666666666667
1 0.4875 0.075 0.021875 0.016666666666666666


1 0.85703125 0.9177083333333333 0.0015625 0.00625
1 0.584375 0.5572916666666666 0.01875 0.04791666666666667
