
1 0.36875 0.9739583333333334 0.059375 0.052083333333333336
1 0.44140625 0.9229166666666667 0.0515625 0.041666666666666664
1 0.22734375 0.990625 0.0484375 0.01875
1 0.30625 0.9572916666666667 0.0625 0.052083333333333336
1 0.39296875 0.9104166666666667 0.0546875 0.05
1 0.1578125 0.9833333333333333 0.065625 0.03333333333333333
1 0.2453125 0.9416666666666667 0.059375 0.04583333333333333
1 0.32265625 0.896875 0.0484375 0.03958333333333333
1 0.3953125 0.8583333333333333 0.05625 0.041666666666666664
1 0.10703125 0.975 0.0671875 0.05
1 0.1890625 0.9239583333333333 0.0625 0.04791666666666667
1 0.278125 0.88125 0.06875 0.05
1 0.3578125 0.8375 0.05625 0.041666666666666664

1 0.1890625 0.9239583333333333 0.059375 0.04791666666666667


1 0.68125 0.80625 0.03125 0.05
1 0.2984375 0.6260416666666667 0.01875 0.022916666666666665
1 0.6859375 0.81875 0.025 0.03333333333333333
1 0.684375 0.8135416666666667 0.03125 0.03958333333333333


1 0.825 0.7875 0.053125 0.05

5 0.50703125 0.7260416666666667 0.0109375 0.014583333333333334
5 0.50625 0.7270833333333333 0.0125 0.016666666666666666
4 0.51015625 0.728125 0.0046875 0.010416666666666666
4 0.3671875 0.5427083333333333 0.015625 0.027083333333333334
5 0.4390625 0.5114583333333333 0.00625 0.01875
5 0.45390625 0.515625 0.0078125 0.022916666666666665
4 0.390625 0.5145833333333333 0.00625 0.008333333333333333
4 0.35078125 0.5083333333333333 0.0078125 0.0125
4 0.35078125 0.5072916666666667 0.0078125 0.010416666666666666
5 0.51015625 0.40208333333333335 0.0109375 0.020833333333333332
1 0.721875 0.9322916666666666 0.040625 0.04791666666666667
5 0.58671875 0.5645833333333333 0.0203125 0.04583333333333333
5 0.6625 0.778125 0.003125 0.010416666666666666
5 0.68515625 0.81875 0.0296875 0.03333333333333333
5 0.6265625 0.5520833333333334 0.015625 0.016666666666666666
5 0.90234375 0.015625 0.0453125 0.03125
5 0.72734375 0.390625 0.0171875 0.022916666666666665
5 0.9390625 0.46145833333333336 0.009375 0.00625
5 0.93828125 0.4666666666666667 0.0109375 0.016666666666666666
5 0.83828125 0.49270833333333336 0.0484375 0.06041666666666667
5 0.77421875 0.4114583333333333 0.0109375 0.010416666666666666

5 0.87734375 0.4239583333333333 0.0078125 0.00625
5 0.728125 0.953125 0.05625 0.08541666666666667
5 0.62421875 0.325 0.0203125 0.020833333333333332
5 0.52265625 0.36666666666666664 0.0046875 0.0125
1 0.6765625 0.7822916666666667 0.03125 0.03958333333333333

1 0.5296875 0.265625 0.0125 0.014583333333333334
1 0.8515625 0.4239583333333333 0.009375 0.00625
3 0.72265625 0.9302083333333333 0.0421875 0.04375
1 0.62421875 0.3375 0.0265625 0.025
1 0.6328125 0.3260416666666667 0.015625 0.01875
1 0.52265625 0.07916666666666666 0.0140625 0.029166666666666667
1 0.52265625 0.009375 0.0109375 0.014583333333333334
1 0.37890625 0.25 0.0140625 0.020833333333333332
1 0.35546875 0.25 0.0171875 0.029166666666666667
1 0.37421875 0.22604166666666667 0.0171875 0.022916666666666665
1 0.35390625 0.22291666666666668 0.0171875 0.020833333333333332
1 0.3359375 0.221875 0.0125 0.022916666666666665
1 0.3171875 0.22604166666666667 0.015625 0.01875
1 0.31875 0.2520833333333333 0.015625 0.029166666666666667
1 0.2984375 0.23125 0.021875 0.020833333333333332
1 0.27890625 0.225 0.0140625 0.016666666666666666
1 0.384375 0.18645833333333334 0.015625 0.01875
1 0.36640625 0.18958333333333333 0.0140625 0.020833333333333332
1 0.33203125 0.1875 0.0140625 0.020833333333333332
1 0.31328125 0.19166666666666668 0.0171875 0.029166666666666667
1 0.29921875 0.17083333333333334 0.0234375 0.029166666666666667
1 0.48984375 0.07291666666666667 0.0203125 0.016666666666666666


1 0.91875 0.6364583333333333 0.003125 0.00625
1 0.5875 0.5625 0.021875 0.04583333333333333
