
1 0.36875 0.9739583333333334 0.059375 0.052083333333333336
1 0.44140625 0.9229166666666667 0.0515625 0.041666666666666664
1 0.22734375 0.990625 0.0484375 0.01875
1 0.30625 0.9572916666666667 0.0625 0.052083333333333336
1 0.39375 0.9104166666666667 0.05625 0.05
1 0.1578125 0.9833333333333333 0.065625 0.03333333333333333
1 0.2453125 0.9416666666666667 0.059375 0.04583333333333333
1 0.32265625 0.896875 0.0484375 0.03958333333333333
1 0.39609375 0.8583333333333333 0.0546875 0.041666666666666664
1 0.10625 0.975 0.065625 0.05
1 0.1890625 0.9239583333333333 0.0625 0.04791666666666667
1 0.278125 0.88125 0.06875 0.05
1 0.3578125 0.8375 0.05625 0.041666666666666664

1 0.18984375 0.9260416666666667 0.0578125 0.052083333333333336


1 0.6859375 0.8166666666666667 0.03125 0.05416666666666667
1 0.278125 0.671875 0.01875 0.022916666666666665
1 0.6921875 0.8354166666666667 0.028125 0.03333333333333333
1 0.69375 0.840625 0.034375 0.04375


1 0.82578125 0.7875 0.0515625 0.05

5 0.51796875 0.740625 0.0109375 0.01875
5 0.5171875 0.740625 0.0125 0.01875
4 0.52109375 0.740625 0.0015625 0.010416666666666666
4 0.378125 0.5354166666666667 0.009375 0.016666666666666666
5 0.43984375 0.5104166666666666 0.0078125 0.020833333333333332
5 0.45390625 0.515625 0.0078125 0.022916666666666665
4 0.390625 0.5145833333333333 0.00625 0.008333333333333333
4 0.34921875 0.5072916666666667 0.0078125 0.014583333333333334
4 0.35 0.50625 0.009375 0.0125
5 0.509375 0.40208333333333335 0.009375 0.020833333333333332
1 0.728125 0.95 0.040625 0.041666666666666664
5 0.58984375 0.5802083333333333 0.0234375 0.04791666666666667
5 0.6703125 0.7947916666666667 0.009375 0.00625
5 0.6921875 0.84375 0.03125 0.041666666666666664
5 0.62890625 0.5666666666666667 0.0171875 0.016666666666666666
5 0.90234375 0.015625 0.0453125 0.03125
5 0.73359375 0.39479166666666665 0.0171875 0.022916666666666665
5 0.946875 0.45729166666666665 0.009375 0.00625
5 0.94453125 0.46145833333333336 0.0109375 0.014583333333333334
5 0.83984375 0.490625 0.0453125 0.04791666666666667
5 0.7828125 0.4083333333333333 0.009375 0.008333333333333333

5 0.88515625 0.42291666666666666 0.0078125 0.004166666666666667
5 0.73046875 0.9666666666666667 0.0546875 0.06666666666666667
5 0.625 0.33125 0.021875 0.029166666666666667
5 0.521875 0.36666666666666664 0.00625 0.0125
1 0.68046875 0.8020833333333334 0.0296875 0.041666666666666664

1 0.5296875 0.2708333333333333 0.015625 0.016666666666666666
1 0.85703125 0.42291666666666666 0.0078125 0.008333333333333333
3 0.728125 0.9489583333333333 0.04375 0.03958333333333333
1 0.62421875 0.3385416666666667 0.0265625 0.027083333333333334
1 0.625 0.3333333333333333 0.021875 0.025
1 0.52265625 0.07916666666666666 0.0140625 0.029166666666666667
1 0.52265625 0.0125 0.0109375 0.016666666666666666
1 0.3796875 0.2520833333333333 0.015625 0.025
1 0.35625 0.24583333333333332 0.015625 0.025
1 0.37421875 0.22604166666666667 0.0171875 0.022916666666666665
1 0.353125 0.22291666666666668 0.015625 0.020833333333333332
1 0.3359375 0.221875 0.0125 0.022916666666666665
1 0.31796875 0.22604166666666667 0.0140625 0.01875
1 0.31875 0.2520833333333333 0.015625 0.029166666666666667
1 0.2984375 0.23020833333333332 0.021875 0.022916666666666665
1 0.27890625 0.225 0.0140625 0.016666666666666666
1 0.384375 0.18541666666666667 0.015625 0.020833333333333332
1 0.36640625 0.18958333333333333 0.0140625 0.020833333333333332
1 0.33203125 0.1875 0.0140625 0.020833333333333332
1 0.31328125 0.19166666666666668 0.0171875 0.029166666666666667
1 0.29921875 0.17083333333333334 0.0234375 0.029166666666666667
1 0.48984375 0.07291666666666667 0.0203125 0.016666666666666666


1 0.92578125 0.6489583333333333 0.0359375 0.04375
1 0.58984375 0.5802083333333333 0.0234375 0.04791666666666667
