
1 0.36875 0.975 0.059375 0.05
1 0.44140625 0.9229166666666667 0.0515625 0.041666666666666664
1 0.22578125 0.9895833333333334 0.0546875 0.020833333333333332
1 0.30625 0.9572916666666667 0.0625 0.052083333333333336
1 0.39453125 0.9104166666666667 0.0546875 0.05
1 0.1578125 0.9833333333333333 0.065625 0.03333333333333333
1 0.2453125 0.9416666666666667 0.059375 0.04583333333333333
1 0.32265625 0.896875 0.0484375 0.03958333333333333
1 0.39609375 0.8583333333333333 0.0546875 0.041666666666666664
1 0.10625 0.975 0.065625 0.05
1 0.1890625 0.9239583333333333 0.0625 0.04791666666666667
1 0.278125 0.88125 0.06875 0.05
1 0.3578125 0.8375 0.05625 0.041666666666666664

1 0.18984375 0.9239583333333333 0.0578125 0.04791666666666667


1 0.68984375 0.8260416666666667 0.0328125 0.06458333333333334
1 0.290625 0.6270833333333333 0.021875 0.025
1 0.69609375 0.8416666666666667 0.0265625 0.03333333333333333
1 0.6953125 0.8458333333333333 0.03125 0.041666666666666664


1 0.825 0.7875 0.053125 0.05

5 0.521875 0.7416666666666667 0.009375 0.016666666666666666
5 0.52109375 0.7427083333333333 0.0109375 0.01875
4 0.521875 0.7427083333333333 0.003125 0.00625
4 0.36875 0.5416666666666666 0.015625 0.025
5 0.43984375 0.5104166666666666 0.0078125 0.020833333333333332
5 0.45390625 0.515625 0.0078125 0.022916666666666665
4 0.390625 0.515625 0.00625 0.010416666666666666
4 0.34921875 0.5072916666666667 0.0078125 0.014583333333333334
4 0.35 0.50625 0.009375 0.0125
5 0.5109375 0.4 0.009375 0.020833333333333332
1 0.73125 0.9583333333333334 0.040625 0.041666666666666664
5 0.58984375 0.5895833333333333 0.0234375 0.04583333333333333
5 0.6734375 0.8010416666666667 0.00625 0.00625
5 0.6953125 0.8489583333333334 0.028125 0.035416666666666666
5 0.62890625 0.5666666666666667 0.0171875 0.0125
5 0.90234375 0.015625 0.0453125 0.03125
5 0.7359375 0.3958333333333333 0.01875 0.025
5 0.9546875 0.45729166666666665 0.009375 0.00625
5 0.9515625 0.46041666666666664 0.0125 0.0125
5 0.83984375 0.49583333333333335 0.0453125 0.0375
5 0.784375 0.409375 0.009375 0.00625
5 0.60546875 0.365625 0.0203125 0.01875
5 0.88984375 0.4239583333333333 0.0078125 0.0020833333333333333
5 0.73359375 0.9708333333333333 0.0546875 0.058333333333333334
5 0.64296875 0.328125 0.0203125 0.022916666666666665
5 0.521875 0.36666666666666664 0.00625 0.0125
1 0.684375 0.8104166666666667 0.028125 0.041666666666666664

1 0.525 0.265625 0.0125 0.014583333333333334
1 0.86171875 0.42291666666666666 0.0078125 0.008333333333333333
3 0.734375 0.9614583333333333 0.046875 0.052083333333333336
1 0.62421875 0.33958333333333335 0.0265625 0.029166666666666667
1 0.640625 0.3260416666666667 0.021875 0.022916666666666665
1 0.52265625 0.07916666666666666 0.0140625 0.029166666666666667
1 0.52265625 0.014583333333333334 0.0109375 0.016666666666666666
1 0.37734375 0.25 0.0171875 0.020833333333333332
1 0.35703125 0.24583333333333332 0.0140625 0.025
1 0.375 0.22604166666666667 0.015625 0.022916666666666665
1 0.353125 0.22291666666666668 0.015625 0.020833333333333332
1 0.3359375 0.221875 0.0125 0.022916666666666665
1 0.31796875 0.225 0.0140625 0.016666666666666666
1 0.31875 0.2520833333333333 0.015625 0.029166666666666667
1 0.2984375 0.23020833333333332 0.021875 0.022916666666666665
1 0.27890625 0.225 0.0140625 0.016666666666666666
1 0.384375 0.184375 0.015625 0.01875
1 0.3671875 0.18958333333333333 0.015625 0.020833333333333332
1 0.33203125 0.18645833333333334 0.0140625 0.022916666666666665
1 0.3140625 0.19166666666666668 0.01875 0.029166666666666667
1 0.29921875 0.16979166666666667 0.0234375 0.027083333333333334
1 0.48984375 0.071875 0.0203125 0.014583333333333334


1 0.9265625 0.6447916666666667 0.0375 0.052083333333333336
1 0.590625 0.5854166666666667 0.025 0.04583333333333333
