
1 0.36875 0.9739583333333334 0.059375 0.052083333333333336
1 0.44140625 0.9229166666666667 0.0515625 0.041666666666666664
1 0.2265625 0.9895833333333334 0.053125 0.020833333333333332
1 0.30703125 0.9572916666666667 0.0640625 0.052083333333333336
1 0.39375 0.9104166666666667 0.05625 0.05
1 0.1578125 0.9833333333333333 0.065625 0.03333333333333333
1 0.2453125 0.9416666666666667 0.059375 0.04583333333333333
1 0.32265625 0.896875 0.0484375 0.03958333333333333
1 0.39609375 0.8583333333333333 0.0546875 0.041666666666666664
1 0.10625 0.9739583333333334 0.065625 0.052083333333333336
1 0.1890625 0.9239583333333333 0.0625 0.04791666666666667
1 0.278125 0.88125 0.06875 0.05
1 0.3578125 0.8375 0.05625 0.041666666666666664

1 0.28515625 0.86875 0.0046875 0.016666666666666666


1 0.69375 0.85 0.034375 0.05416666666666667
1 0.28984375 0.6260416666666667 0.0171875 0.01875
1 0.70390625 0.8666666666666667 0.0328125 0.0375
1 0.70546875 0.875 0.0359375 0.05


1 0.825 0.7875 0.05 0.05

5 0.53125 0.7552083333333334 0.009375 0.01875
5 0.528125 0.7541666666666667 0.015625 0.020833333333333332
4 0.53359375 0.7572916666666667 0.0046875 0.010416666666666666
4 0.36953125 0.5416666666666666 0.0171875 0.025
5 0.43984375 0.509375 0.0078125 0.022916666666666665
5 0.45390625 0.515625 0.0078125 0.022916666666666665
4 0.390625 0.515625 0.00625 0.010416666666666666
4 0.34921875 0.5072916666666667 0.0078125 0.014583333333333334
4 0.35078125 0.503125 0.0078125 0.010416666666666666
5 0.5125 0.396875 0.009375 0.01875
1 0.74296875 0.9791666666666666 0.0453125 0.041666666666666664
5 0.59765625 0.6010416666666667 0.0296875 0.052083333333333336
5 0.67890625 0.8239583333333333 0.0046875 0.014583333333333334
5 0.703125 0.875 0.03125 0.04583333333333333
5 0.634375 0.5791666666666667 0.01875 0.0125
5 0.90234375 0.015625 0.0453125 0.03125
5 0.740625 0.39895833333333336 0.015625 0.022916666666666665
5 0.96171875 0.4510416666666667 0.0109375 0.00625
5 0.96015625 0.45625 0.0109375 0.016666666666666666
5 0.84140625 0.490625 0.0484375 0.04791666666666667
5 0.78828125 0.41354166666666664 0.0109375 0.00625

5 0.89375 0.4239583333333333 0.009375 0.00625
5 0.73828125 0.9791666666666666 0.0515625 0.041666666666666664
5 0.64453125 0.33229166666666665 0.0234375 0.027083333333333334
5 0.521875 0.36666666666666664 0.00625 0.0125
1 0.6921875 0.8333333333333334 0.034375 0.05

1 0.525 0.2604166666666667 0.009375 0.008333333333333333
1 0.86875 0.4239583333333333 0.009375 0.010416666666666666
3 0.74140625 0.9791666666666666 0.0453125 0.041666666666666664
1 0.625 0.34791666666666665 0.028125 0.029166666666666667
1 0.64609375 0.32916666666666666 0.0234375 0.020833333333333332
1 0.521875 0.07916666666666666 0.015625 0.029166666666666667
1 0.5234375 0.016666666666666666 0.0125 0.016666666666666666
1 0.37890625 0.25 0.0140625 0.020833333333333332
1 0.35546875 0.24895833333333334 0.0171875 0.03125
1 0.37421875 0.22604166666666667 0.0171875 0.022916666666666665
1 0.353125 0.221875 0.015625 0.01875
1 0.33671875 0.221875 0.0140625 0.022916666666666665
1 0.31796875 0.225 0.0140625 0.016666666666666666
1 0.31875 0.2520833333333333 0.015625 0.029166666666666667
1 0.29921875 0.23020833333333332 0.0203125 0.022916666666666665
1 0.27890625 0.225 0.0140625 0.016666666666666666
1 0.384375 0.184375 0.015625 0.01875
1 0.3671875 0.18854166666666666 0.015625 0.01875
1 0.33203125 0.18645833333333334 0.0140625 0.022916666666666665
1 0.3140625 0.190625 0.01875 0.027083333333333334
1 0.29921875 0.16979166666666667 0.0234375 0.027083333333333334
1 0.4875 0.07395833333333333 0.021875 0.01875


1 0.9296875 0.6364583333333333 0.04375 0.06875
1 0.5953125 0.6010416666666667 0.03125 0.052083333333333336
