
1 0.38125 0.9760416666666667 0.059375 0.04791666666666667
1 0.45 0.9260416666666667 0.053125 0.04375
1 0.2421875 0.9927083333333333 0.04375 0.014583333333333334
1 0.31796875 0.9583333333333334 0.0640625 0.05
1 0.4046875 0.9114583333333334 0.05625 0.04791666666666667
1 0.16875 0.9854166666666667 0.065625 0.029166666666666667
1 0.25703125 0.9458333333333333 0.0609375 0.04583333333333333
1 0.33203125 0.9 0.0484375 0.041666666666666664
1 0.40390625 0.8604166666666667 0.0546875 0.041666666666666664
1 0.11875 0.9770833333333333 0.065625 0.04583333333333333
1 0.19921875 0.9302083333333333 0.0609375 0.04791666666666667
1 0.2890625 0.8833333333333333 0.06875 0.05
1 0.365625 0.840625 0.053125 0.04375



1 0.203125 0.8427083333333333 0.04375 0.052083333333333336
1 0.19296875 0.8322916666666667 0.0328125 0.035416666666666666
1 0.31640625 0.7333333333333333 0.0671875 0.05416666666666667
1 0.3921875 0.7583333333333333 0.05625 0.04583333333333333
1 0.4671875 0.6854166666666667 0.05625 0.0375
1 0.546875 0.653125 0.053125 0.035416666666666666
1 0.625 0.7625 0.05625 0.04583333333333333
1 0.63515625 0.65 0.0609375 0.05416666666666667
1 0.78203125 0.628125 0.0359375 0.052083333333333336

5 0.34375 0.5791666666666667 0.021875 0.020833333333333332
4 0.3484375 0.5583333333333333 0.00625 0.020833333333333332
4 0.36953125 0.5510416666666667 0.0078125 0.014583333333333334
5 0.40546875 0.54375 0.0078125 0.025
5 0.41953125 0.5427083333333333 0.0109375 0.022916666666666665
4 0.39609375 0.5302083333333333 0.0078125 0.01875
4 0.36640625 0.509375 0.0109375 0.027083333333333334
4 0.37109375 0.49375 0.0140625 0.020833333333333332
5 0.52109375 0.4166666666666667 0.0078125 0.025
1 0.571875 0.39895833333333336 0.021875 0.03125
5 0.53359375 0.41875 0.0078125 0.016666666666666666
5 0.553125 0.41354166666666664 0.009375 0.01875
5 0.55234375 0.43125 0.0078125 0.020833333333333332
5 0.584375 0.4739583333333333 0.009375 0.01875
5 0.590625 0.39166666666666666 0.015625 0.016666666666666666
5 0.62578125 0.4354166666666667 0.0234375 0.03333333333333333
5 0.61171875 0.3885416666666667 0.0078125 0.014583333333333334
5 0.64296875 0.37395833333333334 0.0078125 0.01875
5 0.61796875 0.36666666666666664 0.0109375 0.025
5 0.615625 0.3458333333333333 0.0125 0.016666666666666666
5 0.61328125 0.36354166666666665 0.0203125 0.022916666666666665
5 0.5671875 0.3614583333333333 0.00625 0.014583333333333334
5 0.55078125 0.3729166666666667 0.0078125 0.016666666666666666
5 0.534375 0.35625 0.009375 0.016666666666666666
5 0.53828125 0.35520833333333335 0.0078125 0.022916666666666665
1 0.5453125 0.33958333333333335 0.021875 0.03333333333333333
3 0.5453125 0.26458333333333334 0.028125 0.06666666666666667
1 0.52734375 0.21979166666666666 0.0140625 0.022916666666666665
1 0.52734375 0.18958333333333333 0.0171875 0.025
3 0.52109375 0.14375 0.0203125 0.05
1 0.51484375 0.11354166666666667 0.0109375 0.014583333333333334
1 0.51015625 0.09375 0.0171875 0.029166666666666667
1 0.490625 0.05625 0.009375 0.016666666666666666
1 0.49140625 0.05416666666666667 0.0140625 0.020833333333333332
1 0.38046875 0.25 0.0171875 0.020833333333333332
1 0.36171875 0.246875 0.0140625 0.022916666666666665
1 0.37734375 0.225 0.0171875 0.020833333333333332
1 0.35859375 0.22395833333333334 0.0140625 0.01875
1 0.33984375 0.22291666666666668 0.0140625 0.020833333333333332
1 0.32109375 0.22708333333333333 0.0140625 0.016666666666666666
1 0.3203125 0.259375 0.015625 0.03125
1 0.3 0.23229166666666667 0.021875 0.022916666666666665
1 0.28125 0.22708333333333333 0.015625 0.016666666666666666
1 0.3875 0.18541666666666667 0.015625 0.020833333333333332
1 0.37265625 0.18958333333333333 0.0171875 0.020833333333333332
1 0.3328125 0.18645833333333334 0.0125 0.01875
1 0.3140625 0.19166666666666668 0.015625 0.029166666666666667
1 0.303125 0.16875 0.01875 0.025
1 0.4890625 0.07291666666666667 0.01875 0.016666666666666666
1 0.56328125 0.259375 0.0140625 0.03125
1 0.55859375 0.22395833333333334 0.0171875 0.035416666666666666
1 0.55 0.190625 0.0125 0.022916666666666665
1 0.54296875 0.16041666666666668 0.0140625 0.020833333333333332
