
1 0.36875 0.9739583333333334 0.059375 0.052083333333333336
1 0.44140625 0.9229166666666667 0.0515625 0.041666666666666664
1 0.2265625 0.9895833333333334 0.053125 0.020833333333333332
1 0.30625 0.9572916666666667 0.0625 0.052083333333333336
1 0.39375 0.9104166666666667 0.053125 0.05
1 0.1578125 0.9833333333333333 0.065625 0.03333333333333333
1 0.2453125 0.9416666666666667 0.059375 0.04583333333333333
1 0.32265625 0.896875 0.0484375 0.03958333333333333
1 0.39609375 0.8583333333333333 0.0546875 0.041666666666666664
1 0.10703125 0.9739583333333334 0.0671875 0.052083333333333336
1 0.1890625 0.9229166666666667 0.0625 0.05
1 0.278125 0.88125 0.06875 0.05
1 0.3578125 0.8375 0.05625 0.041666666666666664

1 0.18984375 0.921875 0.0578125 0.04375


1 0.70390625 0.8583333333333333 0.0359375 0.06666666666666667
1 0.27109375 0.65 0.0328125 0.025
1 0.70703125 0.8802083333333334 0.0328125 0.03958333333333333
1 0.709375 0.8895833333333333 0.034375 0.05416666666666667


1 0.825 0.7875 0.05 0.05

5 0.53671875 0.759375 0.0109375 0.01875
5 0.53671875 0.759375 0.0109375 0.01875
4 0.5375 0.759375 0.003125 0.010416666666666666
4 0.36875 0.540625 0.015625 0.022916666666666665
5 0.440625 0.509375 0.00625 0.022916666666666665
5 0.45390625 0.515625 0.0078125 0.022916666666666665
4 0.390625 0.515625 0.00625 0.010416666666666666
4 0.35078125 0.5072916666666667 0.0078125 0.014583333333333334
4 0.35078125 0.50625 0.0078125 0.0125
5 0.5125 0.3958333333333333 0.009375 0.016666666666666666
1 0.74453125 0.9854166666666667 0.0421875 0.029166666666666667
5 0.59921875 0.609375 0.0328125 0.052083333333333336
5 0.6859375 0.834375 0.003125 0.0020833333333333333
5 0.7078125 0.8875 0.03125 0.05
5 0.6359375 0.5833333333333334 0.01875 0.016666666666666666
5 0.90234375 0.015625 0.0453125 0.03125
5 0.74375 0.396875 0.01875 0.01875
5 0.971875 0.44895833333333335 0.0125 0.00625
5 0.97109375 0.4552083333333333 0.0109375 0.01875
5 0.6375 0.3385416666666667 0.00625 0.010416666666666666
5 0.78828125 0.415625 0.0140625 0.010416666666666666

5 0.89765625 0.42291666666666666 0.0109375 0.008333333333333333
5 0.740625 0.9864583333333333 0.05 0.027083333333333334
5 0.64140625 0.3333333333333333 0.0140625 0.020833333333333332
5 0.521875 0.3645833333333333 0.00625 0.016666666666666666
1 0.69609375 0.8416666666666667 0.0296875 0.04583333333333333

1 0.525 0.2604166666666667 0.009375 0.008333333333333333
1 0.87265625 0.4239583333333333 0.0109375 0.010416666666666666
3 0.74453125 0.9854166666666667 0.0453125 0.029166666666666667
1 0.62421875 0.3489583333333333 0.0265625 0.03125
1 0.63671875 0.340625 0.0203125 0.022916666666666665
1 0.521875 0.07916666666666666 0.015625 0.029166666666666667
1 0.5234375 0.01875 0.0125 0.016666666666666666
1 0.37890625 0.24895833333333334 0.0140625 0.01875
1 0.35546875 0.25 0.0171875 0.029166666666666667
1 0.37421875 0.22604166666666667 0.0171875 0.022916666666666665
1 0.353125 0.22291666666666668 0.015625 0.020833333333333332
1 0.3359375 0.221875 0.0125 0.022916666666666665
1 0.31796875 0.22604166666666667 0.0140625 0.01875
1 0.31875 0.2520833333333333 0.015625 0.029166666666666667
1 0.29921875 0.23020833333333332 0.0203125 0.022916666666666665
1 0.2796875 0.22395833333333334 0.015625 0.01875
1 0.384375 0.184375 0.015625 0.01875
1 0.3671875 0.18854166666666666 0.015625 0.01875
1 0.33203125 0.18645833333333334 0.0140625 0.022916666666666665
1 0.31484375 0.190625 0.0171875 0.027083333333333334
1 0.29921875 0.16979166666666667 0.0234375 0.027083333333333334
1 0.48984375 0.071875 0.0203125 0.014583333333333334


1 0.92578125 0.646875 0.0359375 0.04791666666666667
1 0.59765625 0.609375 0.0359375 0.052083333333333336
