
1 0.36875 0.9739583333333334 0.059375 0.052083333333333336
1 0.44140625 0.9229166666666667 0.0515625 0.041666666666666664
1 0.22421875 0.9895833333333334 0.0515625 0.020833333333333332
1 0.30703125 0.9572916666666667 0.0640625 0.052083333333333336
1 0.39296875 0.9104166666666667 0.0546875 0.05
1 0.1578125 0.9833333333333333 0.065625 0.03333333333333333
1 0.2453125 0.9416666666666667 0.059375 0.04583333333333333
1 0.32265625 0.8958333333333334 0.0484375 0.041666666666666664
1 0.39609375 0.8572916666666667 0.0546875 0.04375
1 0.10703125 0.9739583333333334 0.0671875 0.052083333333333336
1 0.18828125 0.9239583333333333 0.0609375 0.04791666666666667
1 0.278125 0.88125 0.06875 0.05
1 0.3578125 0.8375 0.05625 0.041666666666666664

1 0.28515625 0.8729166666666667 0.0359375 0.03333333333333333


1 0.70390625 0.865625 0.0359375 0.06458333333333334
1 0.27734375 0.6541666666666667 0.0203125 0.03333333333333333
1 0.709375 0.8875 0.034375 0.0375
1 0.7125 0.896875 0.0375 0.06041666666666667


1 0.825 0.7875 0.05 0.05

5 0.53671875 0.7614583333333333 0.0109375 0.014583333333333334
5 0.5375 0.7635416666666667 0.0125 0.01875
4 0.5390625 0.7625 0.00625 0.004166666666666667
4 0.36953125 0.540625 0.0171875 0.022916666666666665
5 0.440625 0.509375 0.00625 0.022916666666666665
5 0.45390625 0.515625 0.0078125 0.022916666666666665
4 0.390625 0.5145833333333333 0.00625 0.008333333333333333
4 0.34921875 0.5072916666666667 0.0078125 0.014583333333333334
4 0.35234375 0.503125 0.0078125 0.010416666666666666
5 0.51328125 0.3958333333333333 0.0078125 0.016666666666666666
1 0.746875 0.9885416666666667 0.040625 0.022916666666666665
5 0.60234375 0.6145833333333334 0.0296875 0.05
5 0.68671875 0.846875 0.0078125 0.010416666666666666
5 0.709375 0.8927083333333333 0.03125 0.04375
5 0.63828125 0.5895833333333333 0.0171875 0.0125
5 0.90234375 0.015625 0.0453125 0.03125
5 0.746875 0.39895833333333336 0.01875 0.01875
5 0.97421875 0.4479166666666667 0.0109375 0.008333333333333333
5 0.975 0.453125 0.009375 0.014583333333333334
5 0.6375 0.33958333333333335 0.015625 0.0125
5 0.790625 0.415625 0.009375 0.00625
5 0.64296875 0.3302083333333333 0.0015625 0.0020833333333333333
5 0.9 0.421875 0.009375 0.00625
5 0.74296875 0.9895833333333334 0.0484375 0.020833333333333332
5 0.63515625 0.340625 0.0203125 0.022916666666666665
5 0.52265625 0.3645833333333333 0.0078125 0.016666666666666666
1 0.6984375 0.8479166666666667 0.03125 0.04583333333333333

1 0.525 0.259375 0.009375 0.010416666666666666
1 0.87890625 0.42083333333333334 0.0109375 0.008333333333333333
3 0.74609375 0.9885416666666667 0.0421875 0.022916666666666665
1 0.62421875 0.34791666666666665 0.0265625 0.029166666666666667
1 0.64765625 0.33645833333333336 0.0234375 0.022916666666666665
1 0.521875 0.078125 0.015625 0.03125
1 0.5234375 0.019791666666666666 0.0125 0.01875
1 0.37890625 0.24895833333333334 0.0140625 0.01875
1 0.35546875 0.25 0.0171875 0.029166666666666667
1 0.37421875 0.22604166666666667 0.0171875 0.022916666666666665
1 0.353125 0.22291666666666668 0.015625 0.020833333333333332
1 0.33671875 0.221875 0.0140625 0.022916666666666665
1 0.31796875 0.225 0.0140625 0.016666666666666666
1 0.31875 0.2520833333333333 0.015625 0.029166666666666667
1 0.29921875 0.23020833333333332 0.0203125 0.022916666666666665
1 0.27890625 0.225 0.0140625 0.016666666666666666
1 0.384375 0.184375 0.015625 0.01875
1 0.3671875 0.18854166666666666 0.015625 0.01875
1 0.33203125 0.18645833333333334 0.0140625 0.022916666666666665
1 0.31484375 0.190625 0.0171875 0.027083333333333334
1 0.29921875 0.16979166666666667 0.0234375 0.027083333333333334
1 0.4890625 0.071875 0.01875 0.014583333333333334


1 0.92578125 0.6489583333333333 0.0359375 0.04375
1 0.59765625 0.6166666666666667 0.0359375 0.05416666666666667
