
1 0.36953125 0.9739583333333334 0.0609375 0.052083333333333336
1 0.44140625 0.9229166666666667 0.0515625 0.041666666666666664
1 0.22421875 0.9895833333333334 0.0515625 0.020833333333333332
1 0.30703125 0.9572916666666667 0.0640625 0.052083333333333336
1 0.39296875 0.9104166666666667 0.0546875 0.05
1 0.1578125 0.9833333333333333 0.065625 0.03333333333333333
1 0.2453125 0.9416666666666667 0.059375 0.04583333333333333
1 0.32265625 0.8958333333333334 0.0484375 0.041666666666666664
1 0.39609375 0.8572916666666667 0.0546875 0.04375
1 0.10703125 0.9739583333333334 0.0671875 0.052083333333333336
1 0.1890625 0.9229166666666667 0.0625 0.05
1 0.278125 0.88125 0.06875 0.05
1 0.3578125 0.8375 0.05625 0.041666666666666664

1 0.18984375 0.9229166666666667 0.0578125 0.041666666666666664


1 0.70703125 0.8791666666666667 0.0359375 0.0625
1 0.2890625 0.6270833333333333 0.021875 0.025
1 0.71328125 0.9020833333333333 0.0359375 0.04583333333333333
1 0.71796875 0.9104166666666667 0.0421875 0.0625


1 0.8234375 0.7875 0.05 0.05

5 0.54296875 0.7697916666666667 0.0140625 0.01875
5 0.54296875 0.7697916666666667 0.0140625 0.01875
4 0.54765625 0.775 0.0046875 0.008333333333333333
4 0.36953125 0.5395833333333333 0.0171875 0.020833333333333332
5 0.43984375 0.509375 0.0078125 0.022916666666666665
5 0.45390625 0.515625 0.0078125 0.022916666666666665
4 0.390625 0.5145833333333333 0.00625 0.008333333333333333
4 0.35 0.5083333333333333 0.00625 0.0125
4 0.353125 0.503125 0.009375 0.010416666666666666
5 0.51484375 0.3958333333333333 0.0078125 0.016666666666666666
1 0.74921875 0.9947916666666666 0.0359375 0.010416666666666666
5 0.60390625 0.625 0.0328125 0.05416666666666667
5 0.6890625 0.85 0.00625 0.004166666666666667
5 0.7140625 0.9052083333333333 0.034375 0.04791666666666667
5 0.64140625 0.5979166666666667 0.0140625 0.016666666666666666
5 0.90234375 0.016666666666666666 0.0453125 0.03333333333333333
5 0.75078125 0.40208333333333335 0.0171875 0.020833333333333332
5 0.978125 0.44583333333333336 0.009375 0.008333333333333333
5 0.978125 0.44895833333333335 0.009375 0.014583333333333334
5 0.63984375 0.34479166666666666 0.0203125 0.01875
5 0.79765625 0.41354166666666664 0.0078125 0.00625
5 0.6390625 0.334375 0.009375 0.010416666666666666
5 0.90546875 0.421875 0.0078125 0.00625
5 0.746875 0.9947916666666666 0.040625 0.010416666666666666
5 0.63984375 0.3416666666666667 0.0203125 0.020833333333333332
5 0.52265625 0.3645833333333333 0.0078125 0.016666666666666666
1 0.7 0.8604166666666667 0.03125 0.04583333333333333

1 0.52578125 0.2604166666666667 0.0078125 0.008333333333333333
1 0.88203125 0.42083333333333334 0.0109375 0.008333333333333333
3 0.7484375 0.9947916666666666 0.0375 0.010416666666666666
1 0.62421875 0.35 0.0265625 0.025
1 0.65390625 0.3489583333333333 0.0203125 0.01875
1 0.5203125 0.078125 0.015625 0.03125
1 0.52421875 0.020833333333333332 0.0109375 0.016666666666666666
1 0.3796875 0.24895833333333334 0.015625 0.01875
1 0.35546875 0.24895833333333334 0.0171875 0.03125
1 0.37421875 0.22604166666666667 0.0171875 0.022916666666666665
1 0.353125 0.22291666666666668 0.015625 0.020833333333333332
1 0.33671875 0.221875 0.0140625 0.022916666666666665
1 0.31796875 0.22604166666666667 0.0140625 0.01875
1 0.31875 0.2520833333333333 0.015625 0.029166666666666667
1 0.29921875 0.23020833333333332 0.0203125 0.022916666666666665
1 0.2796875 0.225 0.015625 0.016666666666666666
1 0.384375 0.184375 0.015625 0.01875
1 0.3671875 0.18854166666666666 0.015625 0.01875
1 0.3328125 0.18645833333333334 0.015625 0.022916666666666665
1 0.31484375 0.190625 0.0171875 0.027083333333333334
1 0.29921875 0.16979166666666667 0.0234375 0.027083333333333334
1 0.48984375 0.071875 0.0203125 0.014583333333333334


1 0.91640625 0.65 0.0109375 0.041666666666666664
1 0.6 0.621875 0.040625 0.04375
