
1 0.3703125 0.9739583333333334 0.059375 0.052083333333333336
1 0.44140625 0.9229166666666667 0.0515625 0.041666666666666664
1 0.22734375 0.990625 0.0484375 0.01875
1 0.30703125 0.9572916666666667 0.0640625 0.052083333333333336
1 0.39375 0.9104166666666667 0.053125 0.05
1 0.1578125 0.9833333333333333 0.065625 0.03333333333333333
1 0.24609375 0.9416666666666667 0.0609375 0.04583333333333333
1 0.32265625 0.8958333333333334 0.0484375 0.041666666666666664
1 0.39609375 0.8572916666666667 0.0546875 0.04375
1 0.10703125 0.9739583333333334 0.0671875 0.052083333333333336
1 0.1890625 0.9229166666666667 0.0625 0.05
1 0.278125 0.88125 0.06875 0.05
1 0.3578125 0.8375 0.05625 0.041666666666666664

1 0.27890625 0.8729166666666667 0.0484375 0.03333333333333333


1 0.709375 0.8864583333333333 0.034375 0.06041666666666667
1 0.2859375 0.628125 0.0125 0.022916666666666665
1 0.71875 0.9083333333333333 0.034375 0.04583333333333333
1 0.72421875 0.9166666666666666 0.0421875 0.0625


1 0.82421875 0.7875 0.0484375 0.05

5 0.55 0.778125 0.009375 0.01875
5 0.55078125 0.778125 0.0109375 0.01875
4 0.55078125 0.78125 0.0078125 0.0125
4 0.36796875 0.540625 0.0140625 0.022916666666666665
5 0.43984375 0.509375 0.0078125 0.022916666666666665
5 0.45390625 0.515625 0.0078125 0.022916666666666665
4 0.390625 0.515625 0.00625 0.010416666666666666
4 0.35078125 0.5083333333333333 0.0078125 0.0125
4 0.3546875 0.503125 0.009375 0.010416666666666666
5 0.51484375 0.3958333333333333 0.0078125 0.016666666666666666
1 0.7578125 0.9979166666666667 0.01875 0.004166666666666667
5 0.60234375 0.6333333333333333 0.0390625 0.05416666666666667
5 0.69453125 0.85625 0.0078125 0.008333333333333333
5 0.71796875 0.9145833333333333 0.0328125 0.05416666666666667
5 0.640625 0.6010416666666667 0.015625 0.014583333333333334
5 0.90234375 0.015625 0.0453125 0.03125
5 0.75390625 0.403125 0.0140625 0.022916666666666665
5 0.9859375 0.44479166666666664 0.009375 0.010416666666666666
5 0.984375 0.446875 0.0125 0.014583333333333334
5 0.63828125 0.3458333333333333 0.0171875 0.016666666666666666
5 0.80078125 0.41458333333333336 0.0078125 0.004166666666666667
5 0.6375 0.3416666666666667 0.021875 0.0125
5 0.9078125 0.421875 0.009375 0.00625
5 0.78515625 0.990625 0.0609375 0.01875
5 0.64765625 0.340625 0.0171875 0.01875
5 0.52265625 0.3645833333333333 0.0078125 0.016666666666666666
1 0.70390625 0.8708333333333333 0.0328125 0.04583333333333333

1 0.525 0.259375 0.009375 0.010416666666666666
1 0.88515625 0.41875 0.0109375 0.008333333333333333
3 0.7578125 0.9979166666666667 0.01875 0.004166666666666667
1 0.625 0.353125 0.025 0.027083333333333334
1 0.6390625 0.3416666666666667 0.01875 0.016666666666666666
1 0.52109375 0.078125 0.0171875 0.03125
1 0.525 0.022916666666666665 0.0125 0.016666666666666666
1 0.3796875 0.24895833333333334 0.015625 0.01875
1 0.35625 0.24479166666666666 0.015625 0.027083333333333334
1 0.37421875 0.225 0.0171875 0.020833333333333332
1 0.353125 0.22291666666666668 0.015625 0.020833333333333332
1 0.33671875 0.221875 0.0140625 0.022916666666666665
1 0.31796875 0.225 0.0140625 0.016666666666666666
1 0.31953125 0.2520833333333333 0.0140625 0.029166666666666667
1 0.29921875 0.23020833333333332 0.0203125 0.022916666666666665
1 0.2796875 0.225 0.015625 0.016666666666666666
1 0.384375 0.184375 0.015625 0.01875
1 0.3671875 0.18854166666666666 0.015625 0.01875
1 0.3328125 0.18645833333333334 0.015625 0.022916666666666665
1 0.31484375 0.190625 0.0171875 0.027083333333333334
1 0.3 0.16979166666666667 0.021875 0.027083333333333334
1 0.4890625 0.071875 0.01875 0.014583333333333334


1 0.91640625 0.6510416666666666 0.0109375 0.03958333333333333
1 0.5984375 0.6333333333333333 0.0375 0.05416666666666667
