
1 0.36875 0.9739583333333334 0.059375 0.052083333333333336
1 0.44140625 0.9229166666666667 0.0515625 0.041666666666666664
1 0.2265625 0.9895833333333334 0.053125 0.020833333333333332
1 0.30703125 0.9572916666666667 0.0640625 0.052083333333333336
1 0.39375 0.9104166666666667 0.053125 0.05
1 0.1578125 0.9833333333333333 0.065625 0.03333333333333333
1 0.24609375 0.9416666666666667 0.0609375 0.04583333333333333
1 0.32265625 0.8958333333333334 0.0484375 0.041666666666666664
1 0.39609375 0.8572916666666667 0.0546875 0.04375
1 0.10703125 0.9739583333333334 0.0671875 0.052083333333333336
1 0.1890625 0.9229166666666667 0.0625 0.05
1 0.278125 0.88125 0.06875 0.05
1 0.3578125 0.8375 0.05625 0.041666666666666664

1 0.2640625 0.884375 0.01875 0.010416666666666666


1 0.71796875 0.903125 0.0359375 0.07708333333333334
1 0.2828125 0.628125 0.015625 0.022916666666666665
1 0.725 0.9322916666666666 0.0375 0.04791666666666667
1 0.725 0.921875 0.03125 0.03958333333333333


1 0.82421875 0.7875 0.0484375 0.05

5 0.5546875 0.7864583333333334 0.0125 0.01875
5 0.55546875 0.7875 0.0140625 0.020833333333333332
4 0.5578125 0.7875 0.00625 0.008333333333333333
4 0.38359375 0.534375 0.0140625 0.014583333333333334
5 0.43984375 0.509375 0.0078125 0.022916666666666665
5 0.45390625 0.515625 0.0078125 0.022916666666666665
4 0.390625 0.5135416666666667 0.00625 0.010416666666666666
4 0.35 0.5083333333333333 0.00625 0.0125
4 0.35546875 0.5020833333333333 0.0109375 0.008333333333333333
5 0.5171875 0.3958333333333333 0.009375 0.016666666666666666

5 0.61484375 0.6479166666666667 0.0328125 0.05416666666666667
5 0.69765625 0.8791666666666667 0.0078125 0.008333333333333333
5 0.725 0.9364583333333333 0.034375 0.052083333333333336
5 0.64609375 0.6135416666666667 0.0140625 0.014583333333333334
5 0.7546875 0.20729166666666668 0.31875 0.39791666666666664
5 0.75703125 0.40208333333333335 0.0171875 0.020833333333333332
5 0.99296875 0.44166666666666665 0.0140625 0.0125
5 0.99453125 0.44479166666666664 0.0109375 0.014583333333333334
5 0.646875 0.346875 0.0125 0.014583333333333334
5 0.80546875 0.4166666666666667 0.0078125 0.004166666666666667
5 0.63046875 0.35 0.0328125 0.016666666666666666
5 0.9140625 0.421875 0.0125 0.010416666666666666
5 0.80703125 0.996875 0.0234375 0.00625
5 0.646875 0.3458333333333333 0.0125 0.016666666666666666
5 0.5234375 0.3645833333333333 0.00625 0.016666666666666666
1 0.7125 0.8885416666666667 0.03125 0.04791666666666667

1 0.52578125 0.259375 0.0078125 0.010416666666666666
1 0.8875 0.4239583333333333 0.009375 0.010416666666666666

1 0.62421875 0.36041666666666666 0.0265625 0.029166666666666667
1 0.6375 0.34375 0.01875 0.020833333333333332
1 0.5203125 0.078125 0.015625 0.03125
1 0.525 0.025 0.0125 0.016666666666666666
1 0.3796875 0.24895833333333334 0.015625 0.01875
1 0.35546875 0.24895833333333334 0.0171875 0.03125
1 0.37421875 0.225 0.0171875 0.020833333333333332
1 0.353125 0.22291666666666668 0.015625 0.020833333333333332
1 0.33671875 0.221875 0.0140625 0.022916666666666665
1 0.31796875 0.225 0.0140625 0.016666666666666666
1 0.31953125 0.2520833333333333 0.0140625 0.029166666666666667
1 0.29921875 0.23020833333333332 0.0203125 0.022916666666666665
1 0.2796875 0.225 0.015625 0.016666666666666666
1 0.384375 0.184375 0.015625 0.01875
1 0.3671875 0.18854166666666666 0.015625 0.01875
1 0.33203125 0.18645833333333334 0.0140625 0.022916666666666665
1 0.31484375 0.190625 0.0171875 0.027083333333333334
1 0.3 0.16979166666666667 0.021875 0.027083333333333334
1 0.48984375 0.071875 0.0203125 0.014583333333333334


1 0.91640625 0.65 0.0109375 0.041666666666666664
1 0.6078125 0.6489583333333333 0.040625 0.052083333333333336
