
1 0.36953125 0.9739583333333334 0.0578125 0.052083333333333336
1 0.44140625 0.9229166666666667 0.0515625 0.041666666666666664
1 0.22578125 0.9895833333333334 0.0546875 0.020833333333333332
1 0.30703125 0.9572916666666667 0.0640625 0.052083333333333336
1 0.39453125 0.9104166666666667 0.0546875 0.05
1 0.1578125 0.9833333333333333 0.065625 0.03333333333333333
1 0.2453125 0.9416666666666667 0.059375 0.04583333333333333
1 0.32265625 0.8958333333333334 0.0484375 0.041666666666666664
1 0.39609375 0.8572916666666667 0.0546875 0.04375
1 0.10703125 0.9739583333333334 0.0671875 0.052083333333333336
1 0.1890625 0.9229166666666667 0.0625 0.05
1 0.278125 0.88125 0.06875 0.05
1 0.3578125 0.8375 0.05625 0.041666666666666664

1 0.2640625 0.8833333333333333 0.01875 0.0125


1 0.721875 0.9166666666666666 0.040625 0.07916666666666666
1 0.27109375 0.65625 0.0328125 0.0375
1 0.72890625 0.9395833333333333 0.0359375 0.04583333333333333
1 0.72890625 0.94375 0.0359375 0.058333333333333334


1 0.82421875 0.7875 0.0484375 0.05

5 0.56328125 0.7958333333333333 0.0109375 0.020833333333333332
5 0.56328125 0.796875 0.0140625 0.022916666666666665
4 0.56484375 0.796875 0.0046875 0.00625
4 0.36953125 0.5395833333333333 0.0171875 0.025
5 0.440625 0.509375 0.00625 0.022916666666666665
5 0.45390625 0.5166666666666667 0.0078125 0.025
4 0.390625 0.5135416666666667 0.00625 0.010416666666666666
4 0.34921875 0.5104166666666666 0.0078125 0.016666666666666666
4 0.353125 0.5052083333333334 0.009375 0.010416666666666666
5 0.5171875 0.396875 0.009375 0.01875

5 0.61796875 0.6552083333333333 0.0296875 0.04791666666666667
5 0.7015625 0.89375 0.00625 0.0125
5 0.72734375 0.946875 0.0359375 0.05625
5 0.64609375 0.6239583333333333 0.0171875 0.014583333333333334
5 0.6 0.39791666666666664 0.01875 0.020833333333333332
5 0.7625 0.403125 0.01875 0.01875
5 0.99453125 0.440625 0.0109375 0.010416666666666666
5 0.99609375 0.44479166666666664 0.0078125 0.014583333333333334
5 0.646875 0.34791666666666665 0.0125 0.0125
5 0.80546875 0.421875 0.0109375 0.010416666666666666
5 0.6328125 0.34791666666666665 0.028125 0.016666666666666666
5 0.91953125 0.4166666666666667 0.0078125 0.008333333333333333

5 0.64609375 0.3458333333333333 0.0109375 0.016666666666666666
5 0.5234375 0.3645833333333333 0.00625 0.016666666666666666
1 0.71640625 0.8989583333333333 0.0328125 0.04791666666666667

1 0.525 0.2625 0.009375 0.0125
1 0.89609375 0.4166666666666667 0.0109375 0.008333333333333333

1 0.625 0.36041666666666666 0.025 0.029166666666666667
1 0.63671875 0.346875 0.0203125 0.01875
1 0.52109375 0.078125 0.0171875 0.03125
1 0.5265625 0.027083333333333334 0.0125 0.016666666666666666
1 0.3796875 0.24895833333333334 0.015625 0.01875
1 0.35546875 0.24895833333333334 0.0171875 0.03125
1 0.37421875 0.225 0.0171875 0.020833333333333332
1 0.353125 0.22291666666666668 0.015625 0.020833333333333332
1 0.33671875 0.221875 0.0140625 0.022916666666666665
1 0.31796875 0.22604166666666667 0.0140625 0.01875
1 0.31953125 0.2520833333333333 0.0140625 0.029166666666666667
1 0.2984375 0.23020833333333332 0.021875 0.022916666666666665
1 0.27890625 0.225 0.0140625 0.016666666666666666
1 0.384375 0.184375 0.015625 0.01875
1 0.3671875 0.18854166666666666 0.015625 0.01875
1 0.3328125 0.18645833333333334 0.015625 0.022916666666666665
1 0.31484375 0.190625 0.0171875 0.027083333333333334
1 0.29921875 0.16979166666666667 0.0234375 0.027083333333333334
1 0.4890625 0.071875 0.01875 0.014583333333333334


1 0.91640625 0.65 0.0109375 0.041666666666666664
1 0.61328125 0.6541666666666667 0.0359375 0.041666666666666664
