
1 0.36953125 0.9739583333333334 0.0578125 0.052083333333333336
1 0.44140625 0.9229166666666667 0.0515625 0.041666666666666664
1 0.225 0.9895833333333334 0.053125 0.020833333333333332
1 0.30703125 0.9572916666666667 0.0640625 0.052083333333333336
1 0.39453125 0.9104166666666667 0.0546875 0.05
1 0.1578125 0.9833333333333333 0.065625 0.03333333333333333
1 0.24609375 0.9416666666666667 0.0609375 0.04583333333333333
1 0.3234375 0.8958333333333334 0.05 0.041666666666666664
1 0.39609375 0.8583333333333333 0.0546875 0.041666666666666664
1 0.10703125 0.9739583333333334 0.0671875 0.052083333333333336
1 0.1890625 0.9239583333333333 0.0625 0.04791666666666667
1 0.278125 0.88125 0.06875 0.05
1 0.35859375 0.8375 0.0546875 0.041666666666666664

1 0.27109375 0.8791666666666667 0.0421875 0.0375


1 0.721875 0.9208333333333333 0.0375 0.07083333333333333
1 0.27890625 0.628125 0.0203125 0.022916666666666665
1 0.73203125 0.9510416666666667 0.0390625 0.04791666666666667
1 0.73515625 0.959375 0.0390625 0.06458333333333334


1 0.82421875 0.7875 0.0484375 0.05

5 0.56640625 0.8010416666666667 0.0109375 0.022916666666666665
5 0.5671875 0.8010416666666667 0.0125 0.022916666666666665
4 0.5671875 0.8010416666666667 0.00625 0.010416666666666666
4 0.36875 0.540625 0.015625 0.022916666666666665
5 0.43984375 0.509375 0.0078125 0.022916666666666665
5 0.45390625 0.515625 0.0078125 0.022916666666666665
4 0.390625 0.5145833333333333 0.00625 0.008333333333333333
4 0.35 0.5083333333333333 0.00625 0.0125
4 0.35625 0.5010416666666667 0.009375 0.010416666666666666
5 0.51796875 0.3958333333333333 0.0078125 0.016666666666666666

5 0.61796875 0.6625 0.0296875 0.05
5 0.70625 0.8989583333333333 0.00625 0.00625
5 0.73125 0.9583333333333334 0.034375 0.058333333333333334
5 0.64765625 0.6291666666666667 0.0203125 0.016666666666666666
5 0.5984375 0.39791666666666664 0.021875 0.020833333333333332
5 0.76640625 0.40729166666666666 0.0171875 0.022916666666666665
5 0.99375 0.43854166666666666 0.0125 0.014583333333333334
5 0.99453125 0.4427083333333333 0.0109375 0.01875
5 0.64765625 0.35 0.0140625 0.0125
5 0.8078125 0.42291666666666666 0.009375 0.008333333333333333
5 0.63984375 0.35 0.0203125 0.016666666666666666
5 0.92421875 0.415625 0.0078125 0.010416666666666666

5 0.6484375 0.346875 0.0125 0.014583333333333334
5 0.5234375 0.365625 0.00625 0.014583333333333334
1 0.71796875 0.9072916666666667 0.0296875 0.04791666666666667

1 0.52578125 0.2604166666666667 0.0078125 0.008333333333333333
1 0.8984375 0.4166666666666667 0.009375 0.008333333333333333

1 0.6265625 0.36041666666666666 0.025 0.029166666666666667
1 0.6421875 0.35 0.01875 0.016666666666666666
1 0.52109375 0.078125 0.0171875 0.03125
1 0.5265625 0.028125 0.0125 0.014583333333333334
1 0.3796875 0.24895833333333334 0.015625 0.01875
1 0.35625 0.24895833333333334 0.01875 0.03125
1 0.37421875 0.225 0.0171875 0.020833333333333332
1 0.35390625 0.22291666666666668 0.0171875 0.020833333333333332
1 0.33671875 0.221875 0.0140625 0.022916666666666665
1 0.31796875 0.22604166666666667 0.0140625 0.01875
1 0.31875 0.2520833333333333 0.015625 0.029166666666666667
1 0.2984375 0.23020833333333332 0.021875 0.022916666666666665
1 0.27890625 0.225 0.0140625 0.016666666666666666
1 0.384375 0.184375 0.015625 0.01875
1 0.3671875 0.18854166666666666 0.015625 0.01875
1 0.3328125 0.18645833333333334 0.015625 0.022916666666666665
1 0.31484375 0.190625 0.0171875 0.027083333333333334
1 0.29921875 0.16979166666666667 0.0234375 0.027083333333333334
1 0.48984375 0.07083333333333333 0.0203125 0.016666666666666666


1 0.91953125 0.6697916666666667 0.0015625 0.0020833333333333333
1 0.6171875 0.6583333333333333 0.028125 0.041666666666666664
