
1 0.3703125 0.9739583333333334 0.059375 0.052083333333333336
1 0.44140625 0.9229166666666667 0.0515625 0.041666666666666664
1 0.22421875 0.9895833333333334 0.0515625 0.020833333333333332
1 0.30703125 0.9572916666666667 0.0640625 0.052083333333333336
1 0.39375 0.9104166666666667 0.05625 0.05
1 0.1578125 0.9833333333333333 0.065625 0.03333333333333333
1 0.24609375 0.9416666666666667 0.0609375 0.04583333333333333
1 0.32265625 0.8958333333333334 0.0484375 0.041666666666666664
1 0.39609375 0.8583333333333333 0.0546875 0.041666666666666664
1 0.1078125 0.975 0.065625 0.05
1 0.1890625 0.9229166666666667 0.0625 0.05
1 0.278125 0.88125 0.06875 0.05
1 0.35859375 0.8375 0.0546875 0.041666666666666664

1 0.2703125 0.8791666666666667 0.0375 0.0375


1 0.7265625 0.9333333333333333 0.0375 0.075
1 0.27734375 0.6270833333333333 0.0203125 0.025
1 0.73984375 0.965625 0.0390625 0.052083333333333336
1 0.740625 0.9677083333333333 0.0375 0.05625


1 0.82421875 0.7875 0.0484375 0.05

5 0.56875 0.80625 0.0125 0.016666666666666666
5 0.5703125 0.8114583333333333 0.015625 0.022916666666666665
4 0.57265625 0.809375 0.0078125 0.00625
4 0.36796875 0.5416666666666666 0.0140625 0.025
5 0.440625 0.509375 0.00625 0.022916666666666665
5 0.45390625 0.515625 0.0078125 0.022916666666666665
4 0.390625 0.5145833333333333 0.00625 0.008333333333333333
4 0.34921875 0.5104166666666666 0.0078125 0.016666666666666666
4 0.3515625 0.5052083333333334 0.009375 0.010416666666666666
5 0.51875 0.396875 0.009375 0.01875

5 0.62109375 0.6739583333333333 0.0359375 0.05625
5 0.709375 0.909375 0.009375 0.010416666666666666
5 0.73828125 0.9697916666666667 0.0359375 0.05625
5 0.6578125 0.6322916666666667 0.0125 0.014583333333333334
5 0.59765625 0.396875 0.0296875 0.027083333333333334
5 0.7703125 0.40625 0.015625 0.020833333333333332
5 0.99296875 0.43854166666666666 0.0140625 0.014583333333333334
5 0.99453125 0.4427083333333333 0.0109375 0.01875
5 0.64609375 0.35 0.0140625 0.0125
5 0.8125 0.4239583333333333 0.0125 0.010416666666666666
5 0.640625 0.353125 0.021875 0.01875
5 0.9265625 0.4125 0.00625 0.008333333333333333

5 0.64765625 0.35208333333333336 0.0140625 0.016666666666666666
5 0.5234375 0.365625 0.00625 0.014583333333333334
1 0.72265625 0.9177083333333333 0.0359375 0.04791666666666667

1 0.52578125 0.2604166666666667 0.0078125 0.008333333333333333
1 0.903125 0.41458333333333336 0.009375 0.008333333333333333

1 0.6265625 0.3625 0.025 0.029166666666666667
1 0.6421875 0.3541666666666667 0.025 0.016666666666666666
1 0.521875 0.07916666666666666 0.015625 0.029166666666666667
1 0.5265625 0.029166666666666667 0.0125 0.016666666666666666
1 0.3796875 0.24895833333333334 0.015625 0.01875
1 0.35546875 0.24895833333333334 0.0171875 0.03125
1 0.375 0.225 0.015625 0.020833333333333332
1 0.35390625 0.22291666666666668 0.0171875 0.020833333333333332
1 0.3375 0.221875 0.0125 0.022916666666666665
1 0.31796875 0.22604166666666667 0.0140625 0.01875
1 0.3203125 0.2520833333333333 0.015625 0.029166666666666667
1 0.29921875 0.23020833333333332 0.0203125 0.022916666666666665
1 0.2796875 0.225 0.015625 0.016666666666666666
1 0.384375 0.184375 0.015625 0.01875
1 0.3671875 0.18854166666666666 0.015625 0.01875
1 0.3328125 0.18645833333333334 0.015625 0.022916666666666665
1 0.31484375 0.190625 0.0171875 0.027083333333333334
1 0.3015625 0.16875 0.01875 0.025
1 0.48828125 0.071875 0.0203125 0.014583333333333334


1 0.5703125 0.21041666666666667 0.00625 0.0125
1 0.6203125 0.6739583333333333 0.034375 0.04791666666666667
