
1 0.3703125 0.9739583333333334 0.059375 0.052083333333333336
1 0.44140625 0.9229166666666667 0.0515625 0.041666666666666664
1 0.225 0.9895833333333334 0.053125 0.020833333333333332
1 0.30703125 0.9572916666666667 0.0640625 0.052083333333333336
1 0.39453125 0.9104166666666667 0.0546875 0.05
1 0.1578125 0.9833333333333333 0.065625 0.03333333333333333
1 0.24609375 0.9416666666666667 0.0609375 0.04583333333333333
1 0.3234375 0.8958333333333334 0.05 0.041666666666666664
1 0.39609375 0.8583333333333333 0.0546875 0.041666666666666664
1 0.1078125 0.9739583333333334 0.065625 0.052083333333333336
1 0.1890625 0.9239583333333333 0.0625 0.04791666666666667
1 0.278125 0.88125 0.06875 0.05
1 0.35859375 0.8375 0.0546875 0.041666666666666664

1 0.34140625 0.8364583333333333 0.0234375 0.014583333333333334


1 0.7328125 0.9385416666666667 0.040625 0.07291666666666667
1 0.27578125 0.628125 0.0203125 0.022916666666666665
1 0.7421875 0.9708333333333333 0.0375 0.05
1 0.7453125 0.9729166666666667 0.0375 0.05416666666666667


1 0.825 0.7875 0.05 0.05

5 0.578125 0.815625 0.0125 0.01875
5 0.578125 0.8166666666666667 0.0125 0.020833333333333332
4 0.58046875 0.815625 0.0046875 0.00625
4 0.36796875 0.5416666666666666 0.0140625 0.025
5 0.43984375 0.5083333333333333 0.0078125 0.020833333333333332
5 0.45390625 0.515625 0.0078125 0.022916666666666665
4 0.390625 0.5145833333333333 0.00625 0.008333333333333333
4 0.35 0.5114583333333333 0.009375 0.01875
4 0.35234375 0.5052083333333334 0.0109375 0.010416666666666666
5 0.51875 0.396875 0.009375 0.01875

5 0.6265625 0.6822916666666666 0.034375 0.05625
5 0.7125 0.9125 0.009375 0.008333333333333333
5 0.740625 0.9739583333333334 0.034375 0.052083333333333336
5 0.6578125 0.6416666666666667 0.0125 0.016666666666666666
5 0.59765625 0.396875 0.0296875 0.027083333333333334
5 0.771875 0.40520833333333334 0.015625 0.014583333333333334
5 0.99375 0.4375 0.0125 0.020833333333333332
5 0.9953125 0.4427083333333333 0.009375 0.01875
5 0.64765625 0.35208333333333336 0.0140625 0.0125
5 0.81796875 0.42083333333333334 0.0109375 0.004166666666666667
5 0.6375 0.3541666666666667 0.025 0.016666666666666666
5 0.928125 0.41354166666666664 0.009375 0.010416666666666666

5 0.65078125 0.35 0.0109375 0.0125
5 0.5234375 0.3645833333333333 0.00625 0.016666666666666666
1 0.7265625 0.9239583333333333 0.034375 0.04791666666666667

1 0.52578125 0.2604166666666667 0.0078125 0.008333333333333333
1 0.9046875 0.41458333333333336 0.009375 0.008333333333333333

1 0.628125 0.3645833333333333 0.028125 0.025
1 0.64140625 0.35520833333333335 0.0265625 0.014583333333333334
1 0.52109375 0.07916666666666666 0.0171875 0.029166666666666667
1 0.52734375 0.030208333333333334 0.0140625 0.014583333333333334
1 0.3796875 0.24895833333333334 0.015625 0.01875
1 0.3578125 0.24479166666666666 0.015625 0.027083333333333334
1 0.375 0.225 0.015625 0.020833333333333332
1 0.35390625 0.22291666666666668 0.0171875 0.020833333333333332
1 0.33671875 0.221875 0.0140625 0.022916666666666665
1 0.31796875 0.22604166666666667 0.0140625 0.01875
1 0.3203125 0.2520833333333333 0.015625 0.029166666666666667
1 0.29921875 0.23020833333333332 0.0203125 0.022916666666666665
1 0.28046875 0.225 0.0140625 0.016666666666666666
1 0.384375 0.184375 0.015625 0.01875
1 0.3671875 0.18854166666666666 0.015625 0.01875
1 0.3328125 0.1875 0.015625 0.020833333333333332
1 0.31484375 0.19166666666666668 0.0171875 0.029166666666666667
1 0.3 0.16979166666666667 0.021875 0.027083333333333334
1 0.4890625 0.071875 0.01875 0.014583333333333334


1 0.5625 0.209375 0.0125 0.010416666666666666
1 0.62421875 0.68125 0.0296875 0.05
