
1 0.3703125 0.9739583333333334 0.059375 0.052083333333333336
1 0.44140625 0.9229166666666667 0.0515625 0.041666666666666664
1 0.225 0.9895833333333334 0.053125 0.020833333333333332
1 0.30703125 0.9572916666666667 0.0640625 0.052083333333333336
1 0.39453125 0.9104166666666667 0.0546875 0.05
1 0.1578125 0.9833333333333333 0.065625 0.03333333333333333
1 0.24609375 0.9416666666666667 0.0609375 0.04583333333333333
1 0.3234375 0.8958333333333334 0.05 0.041666666666666664
1 0.39609375 0.8583333333333333 0.0546875 0.041666666666666664
1 0.1078125 0.9739583333333334 0.065625 0.052083333333333336
1 0.1890625 0.9239583333333333 0.0625 0.04791666666666667
1 0.278125 0.88125 0.06875 0.05
1 0.35859375 0.8375 0.0546875 0.041666666666666664

1 0.34140625 0.8364583333333333 0.0234375 0.014583333333333334


1 0.73515625 0.9479166666666666 0.0421875 0.07083333333333333
1 0.27421875 0.628125 0.0171875 0.022916666666666665
1 0.74765625 0.9791666666666666 0.0390625 0.041666666666666664
1 0.7484375 0.9791666666666666 0.040625 0.041666666666666664


1 0.8234375 0.7875 0.05 0.05

5 0.5828125 0.8239583333333333 0.009375 0.022916666666666665
5 0.58359375 0.825 0.0109375 0.025
4 0.5828125 0.8229166666666666 0.003125 0.008333333333333333
4 0.36953125 0.540625 0.0171875 0.022916666666666665
5 0.43984375 0.509375 0.0078125 0.022916666666666665
5 0.4546875 0.515625 0.009375 0.022916666666666665
4 0.390625 0.5135416666666667 0.00625 0.010416666666666666
4 0.35 0.5083333333333333 0.00625 0.0125
4 0.3515625 0.5052083333333334 0.009375 0.010416666666666666
5 0.51953125 0.396875 0.0078125 0.01875

5 0.6296875 0.6895833333333333 0.03125 0.05
5 0.71640625 0.93125 0.0078125 0.008333333333333333
5 0.74453125 0.9802083333333333 0.0359375 0.03958333333333333
5 0.65859375 0.6458333333333334 0.0140625 0.016666666666666666
5 0.59765625 0.396875 0.0296875 0.027083333333333334
5 0.77578125 0.40520833333333334 0.0171875 0.014583333333333334
5 0.99296875 0.434375 0.0140625 0.022916666666666665
5 0.99453125 0.4395833333333333 0.0109375 0.025
5 0.64921875 0.353125 0.0140625 0.010416666666666666
5 0.81953125 0.4239583333333333 0.0140625 0.010416666666666666
5 0.63828125 0.35520833333333335 0.0265625 0.014583333333333334
5 0.93125 0.4083333333333333 0.00625 0.008333333333333333

5 0.65 0.35104166666666664 0.0125 0.010416666666666666
5 0.5234375 0.365625 0.00625 0.014583333333333334
1 0.73125 0.9375 0.034375 0.05

1 0.52578125 0.2604166666666667 0.0078125 0.008333333333333333
1 0.9109375 0.41354166666666664 0.009375 0.010416666666666666

1 0.62890625 0.365625 0.0296875 0.022916666666666665
1 0.6421875 0.3572916666666667 0.025 0.014583333333333334
1 0.52109375 0.07916666666666666 0.0171875 0.029166666666666667
1 0.528125 0.03229166666666667 0.0125 0.014583333333333334
1 0.3796875 0.24895833333333334 0.015625 0.01875
1 0.3578125 0.24479166666666666 0.015625 0.027083333333333334
1 0.375 0.225 0.015625 0.020833333333333332
1 0.35390625 0.22291666666666668 0.0171875 0.020833333333333332
1 0.3375 0.221875 0.0125 0.022916666666666665
1 0.31875 0.22604166666666667 0.015625 0.01875
1 0.3203125 0.253125 0.015625 0.03125
1 0.29921875 0.23020833333333332 0.0203125 0.022916666666666665
1 0.28046875 0.225 0.0140625 0.016666666666666666
1 0.384375 0.184375 0.015625 0.01875
1 0.3671875 0.18854166666666666 0.015625 0.01875
1 0.3328125 0.18645833333333334 0.015625 0.022916666666666665
1 0.31484375 0.18958333333333333 0.0171875 0.029166666666666667
1 0.3015625 0.16875 0.01875 0.025
1 0.4890625 0.071875 0.01875 0.014583333333333334


1 0.5703125 0.21145833333333333 0.0125 0.014583333333333334
1 0.62890625 0.6875 0.0296875 0.04583333333333333
