
1 0.3703125 0.9739583333333334 0.059375 0.052083333333333336
1 0.44140625 0.9229166666666667 0.0515625 0.041666666666666664
1 0.225 0.9895833333333334 0.053125 0.020833333333333332
1 0.30703125 0.9572916666666667 0.0640625 0.052083333333333336
1 0.39453125 0.9104166666666667 0.0546875 0.05
1 0.1578125 0.9833333333333333 0.065625 0.03333333333333333
1 0.24609375 0.9416666666666667 0.0609375 0.04583333333333333
1 0.3234375 0.896875 0.05 0.03958333333333333
1 0.39609375 0.8583333333333333 0.0546875 0.041666666666666664
1 0.1078125 0.9739583333333334 0.065625 0.052083333333333336
1 0.1890625 0.9239583333333333 0.0625 0.04791666666666667
1 0.27890625 0.88125 0.0671875 0.05
1 0.359375 0.8375 0.05625 0.041666666666666664

1 0.34375 0.8364583333333333 0.028125 0.01875


1 0.73984375 0.965625 0.0484375 0.06875
1 0.2703125 0.628125 0.009375 0.022916666666666665
1 0.7546875 0.9854166666666667 0.040625 0.029166666666666667
1 0.75625 0.9885416666666667 0.0375 0.022916666666666665


1 0.82421875 0.7875 0.0515625 0.05

5 0.590625 0.8354166666666667 0.0125 0.020833333333333332
5 0.59140625 0.8364583333333333 0.0140625 0.01875
4 0.59453125 0.8385416666666666 0.0015625 0.0020833333333333333
4 0.36875 0.5416666666666666 0.015625 0.025
5 0.43984375 0.509375 0.0078125 0.022916666666666665
5 0.4546875 0.5166666666666667 0.009375 0.025
4 0.390625 0.5135416666666667 0.00625 0.010416666666666666
4 0.35 0.5083333333333333 0.00625 0.0125
4 0.35078125 0.5052083333333334 0.0078125 0.010416666666666666
5 0.5203125 0.396875 0.009375 0.01875

5 0.6359375 0.709375 0.028125 0.05625
5 0.72578125 0.9427083333333334 0.0078125 0.00625
5 0.75546875 0.9895833333333334 0.0359375 0.020833333333333332
5 0.66328125 0.6604166666666667 0.0140625 0.0125
5 0.596875 0.396875 0.028125 0.027083333333333334
5 0.78203125 0.4083333333333333 0.0171875 0.016666666666666666
5 0.996875 0.43125 0.00625 0.020833333333333332
5 0.996875 0.434375 0.00625 0.022916666666666665
5 0.64921875 0.35833333333333334 0.0140625 0.0125
5 0.828125 0.42291666666666666 0.0125 0.008333333333333333
5 0.6375 0.35833333333333334 0.028125 0.016666666666666666
5 0.9390625 0.40520833333333334 0.00625 0.010416666666666666

5 0.65625 0.353125 0.009375 0.010416666666666666
5 0.525 0.371875 0.009375 0.014583333333333334
1 0.73828125 0.9541666666666667 0.0359375 0.04583333333333333

1 0.52578125 0.25833333333333336 0.0078125 0.008333333333333333
1 0.91640625 0.40520833333333334 0.0109375 0.010416666666666666

1 0.63046875 0.36875 0.0328125 0.025
1 0.640625 0.35833333333333334 0.025 0.016666666666666666
1 0.5203125 0.07916666666666666 0.015625 0.029166666666666667
1 0.52890625 0.035416666666666666 0.0109375 0.016666666666666666
1 0.3796875 0.24895833333333334 0.015625 0.01875
1 0.35859375 0.24479166666666666 0.0171875 0.027083333333333334
1 0.375 0.225 0.015625 0.020833333333333332
1 0.3546875 0.22291666666666668 0.015625 0.020833333333333332
1 0.33671875 0.221875 0.0140625 0.022916666666666665
1 0.31953125 0.22604166666666667 0.0140625 0.01875
1 0.3203125 0.253125 0.015625 0.03125
1 0.29921875 0.23020833333333332 0.0203125 0.022916666666666665
1 0.28046875 0.225 0.0140625 0.016666666666666666
1 0.384375 0.184375 0.015625 0.01875
1 0.3671875 0.18854166666666666 0.015625 0.01875
1 0.33359375 0.18541666666666667 0.0140625 0.020833333333333332
1 0.31484375 0.19166666666666668 0.0171875 0.029166666666666667
1 0.3015625 0.16770833333333332 0.01875 0.027083333333333334
1 0.4890625 0.071875 0.01875 0.014583333333333334


1 0.5703125 0.21145833333333333 0.0125 0.014583333333333334
1 0.63515625 0.7020833333333333 0.0265625 0.0375
