
1 0.3703125 0.9739583333333334 0.059375 0.052083333333333336
1 0.44140625 0.9229166666666667 0.0515625 0.041666666666666664
1 0.225 0.9895833333333334 0.053125 0.020833333333333332
1 0.30703125 0.9572916666666667 0.0640625 0.052083333333333336
1 0.39453125 0.9104166666666667 0.0546875 0.05
1 0.1578125 0.9833333333333333 0.065625 0.03333333333333333
1 0.24609375 0.9416666666666667 0.0609375 0.04583333333333333
1 0.3234375 0.896875 0.05 0.03958333333333333
1 0.39609375 0.8583333333333333 0.0546875 0.041666666666666664
1 0.1078125 0.9739583333333334 0.065625 0.052083333333333336
1 0.1890625 0.9239583333333333 0.0625 0.04791666666666667
1 0.27890625 0.88125 0.0671875 0.05
1 0.35859375 0.8375 0.0546875 0.041666666666666664

1 0.3484375 0.8395833333333333 0.00625 0.008333333333333333


1 0.7453125 0.9697916666666667 0.04375 0.06041666666666667
1 0.27109375 0.634375 0.0328125 0.01875
1 0.7546875 0.9875 0.0375 0.025
1 0.76015625 0.990625 0.0328125 0.01875


1 0.82421875 0.7875 0.0515625 0.05

5 0.5953125 0.84375 0.0125 0.020833333333333332
5 0.5953125 0.8447916666666667 0.0125 0.022916666666666665
4 0.59609375 0.8416666666666667 0.0046875 0.004166666666666667
4 0.36875 0.5416666666666666 0.015625 0.025
5 0.43984375 0.509375 0.0078125 0.022916666666666665
5 0.4546875 0.5166666666666667 0.009375 0.025
4 0.390625 0.5135416666666667 0.00625 0.010416666666666666
4 0.35078125 0.5083333333333333 0.0078125 0.0125
4 0.3515625 0.5052083333333334 0.009375 0.010416666666666666
5 0.5203125 0.396875 0.009375 0.01875

5 0.63828125 0.721875 0.0265625 0.06041666666666667
5 0.7265625 0.9541666666666667 0.009375 0.008333333333333333
5 0.76015625 0.9927083333333333 0.0328125 0.014583333333333334
5 0.66171875 0.671875 0.0171875 0.014583333333333334
5 0.603125 0.3854166666666667 0.01875 0.029166666666666667
5 0.784375 0.409375 0.015625 0.014583333333333334
5 0.9984375 0.434375 0.003125 0.014583333333333334
5 0.99765625 0.43645833333333334 0.0046875 0.01875
5 0.65546875 0.35520833333333335 0.0140625 0.010416666666666666
5 0.83125 0.421875 0.009375 0.00625
5 0.63828125 0.35833333333333334 0.0265625 0.016666666666666666
5 0.940625 0.403125 0.00625 0.010416666666666666
5 0.64609375 0.3572916666666667 0.0015625 0.0020833333333333333
5 0.659375 0.35833333333333334 0.0125 0.0125
5 0.525 0.37083333333333335 0.009375 0.016666666666666666
1 0.74140625 0.9614583333333333 0.0359375 0.04375

1 0.52578125 0.25833333333333336 0.0078125 0.008333333333333333
1 0.9171875 0.4041666666666667 0.009375 0.008333333333333333

1 0.63671875 0.36875 0.0296875 0.025
1 0.6421875 0.35833333333333334 0.025 0.016666666666666666
1 0.5203125 0.078125 0.015625 0.03125
1 0.52890625 0.035416666666666666 0.0109375 0.016666666666666666
1 0.3796875 0.24895833333333334 0.015625 0.01875
1 0.35859375 0.24479166666666666 0.0171875 0.027083333333333334
1 0.375 0.225 0.015625 0.020833333333333332
1 0.3546875 0.22291666666666668 0.015625 0.020833333333333332
1 0.33671875 0.221875 0.0140625 0.022916666666666665
1 0.31953125 0.22604166666666667 0.0140625 0.01875
1 0.3203125 0.253125 0.015625 0.03125
1 0.29921875 0.23020833333333332 0.0203125 0.022916666666666665
1 0.28046875 0.225 0.0140625 0.016666666666666666
1 0.384375 0.184375 0.015625 0.01875
1 0.3671875 0.18854166666666666 0.015625 0.01875
1 0.33359375 0.18541666666666667 0.0140625 0.020833333333333332
1 0.31484375 0.19166666666666668 0.0171875 0.029166666666666667
1 0.3015625 0.16770833333333332 0.01875 0.027083333333333334
1 0.4890625 0.07083333333333333 0.01875 0.016666666666666666


1 0.5703125 0.21145833333333333 0.0125 0.014583333333333334
1 0.63828125 0.7125 0.0265625 0.041666666666666664
