
1 0.3703125 0.9739583333333334 0.059375 0.052083333333333336
1 0.44140625 0.9229166666666667 0.0515625 0.041666666666666664
1 0.22578125 0.9895833333333334 0.0515625 0.020833333333333332
1 0.3078125 0.9572916666666667 0.0625 0.052083333333333336
1 0.39453125 0.9104166666666667 0.0546875 0.05
1 0.1578125 0.9833333333333333 0.065625 0.03333333333333333
1 0.24609375 0.9416666666666667 0.0609375 0.04583333333333333
1 0.3234375 0.896875 0.05 0.03958333333333333
1 0.39609375 0.8583333333333333 0.0546875 0.041666666666666664
1 0.1078125 0.9739583333333334 0.065625 0.052083333333333336
1 0.1890625 0.9239583333333333 0.0625 0.04791666666666667
1 0.27890625 0.88125 0.0671875 0.05
1 0.359375 0.8375 0.05625 0.041666666666666664

1 0.3484375 0.8395833333333333 0.034375 0.029166666666666667


1 0.75 0.975 0.04375 0.05
1 0.2625 0.6375 0.021875 0.020833333333333332
1 0.76328125 0.99375 0.0296875 0.0125
1 0.76328125 0.9947916666666666 0.0265625 0.010416666666666666


1 0.82578125 0.7875 0.0515625 0.05

5 0.6 0.8489583333333334 0.0125 0.01875
5 0.6 0.8510416666666667 0.0125 0.022916666666666665
4 0.60078125 0.846875 0.0046875 0.00625
4 0.3671875 0.5416666666666666 0.015625 0.025
5 0.43984375 0.5104166666666666 0.0078125 0.020833333333333332
5 0.45390625 0.5166666666666667 0.0078125 0.025
4 0.390625 0.5145833333333333 0.00625 0.008333333333333333
4 0.35 0.5083333333333333 0.00625 0.0125
4 0.35078125 0.5072916666666667 0.0078125 0.010416666666666666
5 0.5203125 0.396875 0.009375 0.01875

5 0.6453125 0.7364583333333333 0.03125 0.06458333333333334
5 0.734375 0.9635416666666666 0.009375 0.010416666666666666
5 0.76328125 0.9947916666666666 0.0265625 0.010416666666666666
5 0.6703125 0.6760416666666667 0.0125 0.014583333333333334
5 0.596875 0.396875 0.028125 0.027083333333333334
5 0.7875 0.4083333333333333 0.015625 0.0125


5 0.66015625 0.359375 0.0140625 0.010416666666666666
5 0.83515625 0.421875 0.0078125 0.00625
5 0.6484375 0.36041666666666666 0.03125 0.016666666666666666
5 0.9421875 0.4 0.00625 0.008333333333333333
5 0.64609375 0.3572916666666667 0.0015625 0.0020833333333333333
5 0.6609375 0.3572916666666667 0.009375 0.010416666666666666
5 0.5265625 0.3729166666666667 0.009375 0.016666666666666666
1 0.74609375 0.9729166666666667 0.0359375 0.04583333333333333

1 0.525 0.259375 0.009375 0.010416666666666666
1 0.9203125 0.40208333333333335 0.00625 0.008333333333333333

1 0.6375 0.3729166666666667 0.028125 0.03333333333333333
1 0.64296875 0.3614583333333333 0.0265625 0.01875
1 0.5203125 0.078125 0.015625 0.03125
1 0.5296875 0.0375 0.0125 0.016666666666666666
1 0.3796875 0.24895833333333334 0.015625 0.01875
1 0.3578125 0.24479166666666666 0.015625 0.027083333333333334
1 0.37734375 0.22604166666666667 0.0171875 0.022916666666666665
1 0.3546875 0.22291666666666668 0.015625 0.020833333333333332
1 0.33671875 0.22395833333333334 0.0140625 0.022916666666666665
1 0.31953125 0.22604166666666667 0.0140625 0.01875
1 0.3203125 0.253125 0.015625 0.03125
1 0.29921875 0.23020833333333332 0.0203125 0.022916666666666665
1 0.28046875 0.225 0.0140625 0.016666666666666666
1 0.38515625 0.184375 0.0171875 0.01875
1 0.36796875 0.18854166666666666 0.0140625 0.01875
1 0.33359375 0.18541666666666667 0.0140625 0.020833333333333332
1 0.31484375 0.19166666666666668 0.0171875 0.029166666666666667
1 0.3015625 0.16770833333333332 0.01875 0.027083333333333334
1 0.4890625 0.071875 0.01875 0.014583333333333334


1 0.5671875 0.21354166666666666 0.00625 0.010416666666666666
1 0.64453125 0.7322916666666667 0.0296875 0.05625
