
1 0.3703125 0.9739583333333334 0.059375 0.052083333333333336
1 0.44140625 0.9229166666666667 0.0515625 0.041666666666666664
1 0.22578125 0.9895833333333334 0.0515625 0.020833333333333332
1 0.3078125 0.9572916666666667 0.0625 0.052083333333333336
1 0.39453125 0.9104166666666667 0.0546875 0.05
1 0.1578125 0.9833333333333333 0.065625 0.03333333333333333
1 0.24609375 0.9416666666666667 0.0609375 0.04583333333333333
1 0.3234375 0.896875 0.05 0.03958333333333333
1 0.396875 0.8583333333333333 0.05625 0.041666666666666664
1 0.1078125 0.9739583333333334 0.065625 0.052083333333333336
1 0.1890625 0.9239583333333333 0.0625 0.04791666666666667
1 0.278125 0.88125 0.06875 0.05
1 0.359375 0.8375 0.05625 0.041666666666666664

1 0.35 0.8364583333333333 0.034375 0.03125


1 0.7546875 0.9833333333333333 0.04375 0.03333333333333333
1 0.24921875 0.6333333333333333 0.0203125 0.025




1 0.825 0.7875 0.053125 0.05

5 0.6109375 0.865625 0.0125 0.022916666666666665
5 0.6109375 0.865625 0.0125 0.022916666666666665
4 0.61171875 0.8635416666666667 0.0015625 0.00625
4 0.36796875 0.5416666666666666 0.0140625 0.025
5 0.43984375 0.5104166666666666 0.0078125 0.020833333333333332
5 0.4546875 0.5166666666666667 0.009375 0.025
4 0.390625 0.5145833333333333 0.00625 0.008333333333333333
4 0.35 0.5072916666666667 0.00625 0.014583333333333334
4 0.35078125 0.50625 0.0078125 0.0125
5 0.52109375 0.39895833333333336 0.0109375 0.01875

5 0.64921875 0.7479166666666667 0.0296875 0.058333333333333334
5 0.7421875 0.9833333333333333 0.0125 0.0125

5 0.675 0.6916666666666667 0.009375 0.016666666666666666
5 0.596875 0.396875 0.028125 0.027083333333333334
5 0.79296875 0.409375 0.0171875 0.010416666666666666


5 0.6640625 0.3614583333333333 0.009375 0.010416666666666666
5 0.840625 0.42604166666666665 0.00625 0.00625
5 0.66171875 0.36354166666666665 0.0171875 0.014583333333333334
5 0.9453125 0.39375 0.00625 0.008333333333333333
5 0.65234375 0.365625 0.0140625 0.010416666666666666
5 0.6640625 0.36041666666666666 0.00625 0.008333333333333333
5 0.53125 0.3697916666666667 0.00625 0.010416666666666666
1 0.75703125 0.984375 0.0390625 0.03125

1 0.525 0.259375 0.009375 0.010416666666666666
1 0.92734375 0.396875 0.0078125 0.010416666666666666

1 0.6375 0.375 0.028125 0.0375
1 0.64375 0.365625 0.021875 0.01875
1 0.5203125 0.078125 0.015625 0.03125
1 0.53046875 0.040625 0.0109375 0.014583333333333334
1 0.3796875 0.24895833333333334 0.015625 0.01875
1 0.3578125 0.24375 0.015625 0.025
1 0.375 0.225 0.015625 0.020833333333333332
1 0.3546875 0.22291666666666668 0.015625 0.020833333333333332
1 0.3375 0.221875 0.0125 0.022916666666666665
1 0.31953125 0.22604166666666667 0.0140625 0.01875
1 0.31875 0.25625 0.015625 0.03333333333333333
1 0.29921875 0.23020833333333332 0.0203125 0.022916666666666665
1 0.28046875 0.225 0.0140625 0.016666666666666666
1 0.3859375 0.184375 0.015625 0.01875
1 0.36796875 0.18854166666666666 0.0140625 0.01875
1 0.33359375 0.18645833333333334 0.0140625 0.01875
1 0.31484375 0.190625 0.0171875 0.027083333333333334
1 0.3015625 0.16770833333333332 0.01875 0.027083333333333334
1 0.4875 0.07395833333333333 0.021875 0.01875


1 0.56796875 0.21666666666666667 0.0015625 0.004166666666666667
1 0.64921875 0.7479166666666667 0.0296875 0.058333333333333334
