
1 0.3703125 0.9739583333333334 0.059375 0.052083333333333336
1 0.44140625 0.9229166666666667 0.0515625 0.041666666666666664
1 0.22578125 0.9895833333333334 0.0515625 0.020833333333333332
1 0.3078125 0.9572916666666667 0.0625 0.052083333333333336
1 0.39453125 0.9104166666666667 0.0546875 0.05
1 0.1578125 0.9833333333333333 0.065625 0.03333333333333333
1 0.24609375 0.940625 0.0609375 0.04375
1 0.3234375 0.896875 0.05 0.03958333333333333
1 0.396875 0.8583333333333333 0.05625 0.041666666666666664
1 0.1078125 0.9739583333333334 0.065625 0.052083333333333336
1 0.18984375 0.9239583333333333 0.0640625 0.04791666666666667
1 0.27890625 0.88125 0.0671875 0.05
1 0.359375 0.8375 0.05625 0.041666666666666664

1 0.35 0.8375 0.034375 0.03333333333333333


1 0.75625 0.9875 0.040625 0.025
1 0.246875 0.6520833333333333 0.01875 0.0375




1 0.825 0.7875 0.053125 0.05

5 0.6140625 0.8708333333333333 0.0125 0.020833333333333332
5 0.6140625 0.871875 0.0125 0.022916666666666665
4 0.61328125 0.865625 0.0046875 0.00625
4 0.36953125 0.540625 0.0171875 0.022916666666666665
5 0.440625 0.5104166666666666 0.00625 0.020833333333333332
5 0.4546875 0.5166666666666667 0.009375 0.025
4 0.390625 0.5135416666666667 0.00625 0.010416666666666666
4 0.35 0.5083333333333333 0.00625 0.0125
4 0.35078125 0.5072916666666667 0.0078125 0.010416666666666666
5 0.52109375 0.39791666666666664 0.0109375 0.020833333333333332

5 0.6515625 0.7520833333333333 0.025 0.05
5 0.74375 0.990625 0.0125 0.010416666666666666

5 0.67421875 0.6947916666666667 0.0109375 0.014583333333333334
5 0.59921875 0.396875 0.0234375 0.027083333333333334
5 0.79453125 0.409375 0.0171875 0.010416666666666666

5 0.67578125 0.37604166666666666 0.0078125 0.014583333333333334
5 0.665625 0.36354166666666665 0.009375 0.010416666666666666
5 0.84609375 0.4239583333333333 0.0078125 0.0020833333333333333
5 0.65625 0.365625 0.028125 0.01875
5 0.9484375 0.39166666666666666 0.00625 0.008333333333333333
5 0.65234375 0.36666666666666664 0.0203125 0.0125
5 0.66640625 0.3625 0.0078125 0.008333333333333333
5 0.53203125 0.37083333333333335 0.0078125 0.0125
1 0.7578125 0.9875 0.0375 0.025

1 0.525 0.2604166666666667 0.009375 0.008333333333333333
1 0.9296875 0.3958333333333333 0.009375 0.008333333333333333

1 0.63828125 0.375 0.0265625 0.0375
1 0.64453125 0.365625 0.0234375 0.01875
1 0.5203125 0.078125 0.015625 0.03125
1 0.53046875 0.041666666666666664 0.0109375 0.016666666666666666
1 0.3796875 0.24895833333333334 0.015625 0.01875
1 0.3578125 0.24479166666666666 0.015625 0.027083333333333334
1 0.378125 0.22604166666666667 0.015625 0.022916666666666665
1 0.3546875 0.22291666666666668 0.015625 0.020833333333333332
1 0.3375 0.221875 0.0125 0.022916666666666665
1 0.31953125 0.22604166666666667 0.0140625 0.01875
1 0.31875 0.25625 0.015625 0.03333333333333333
1 0.29921875 0.23020833333333332 0.0203125 0.022916666666666665
1 0.28046875 0.225 0.0140625 0.016666666666666666
1 0.384375 0.184375 0.015625 0.01875
1 0.36796875 0.18854166666666666 0.0140625 0.01875
1 0.33359375 0.18645833333333334 0.0140625 0.01875
1 0.31484375 0.19166666666666668 0.0171875 0.029166666666666667
1 0.30234375 0.16770833333333332 0.0203125 0.027083333333333334
1 0.4875 0.07395833333333333 0.021875 0.01875


1 0.56875 0.2125 0.009375 0.0125
1 0.6515625 0.7489583333333333 0.025 0.04375
