
1 0.3703125 0.9739583333333334 0.059375 0.052083333333333336
1 0.44140625 0.9229166666666667 0.0515625 0.041666666666666664
1 0.22578125 0.9895833333333334 0.0515625 0.020833333333333332
1 0.3078125 0.9572916666666667 0.0625 0.052083333333333336
1 0.39453125 0.9104166666666667 0.0546875 0.05
1 0.1578125 0.9833333333333333 0.065625 0.03333333333333333
1 0.24609375 0.9416666666666667 0.0609375 0.04583333333333333
1 0.3234375 0.896875 0.05 0.03958333333333333
1 0.396875 0.8583333333333333 0.05625 0.041666666666666664
1 0.1078125 0.975 0.065625 0.05
1 0.18984375 0.9239583333333333 0.0640625 0.04791666666666667
1 0.278125 0.88125 0.06875 0.05
1 0.359375 0.8375 0.05625 0.041666666666666664

1 0.34921875 0.8375 0.0359375 0.03333333333333333


1 0.7609375 0.9927083333333333 0.028125 0.014583333333333334
1 0.246875 0.65 0.025 0.041666666666666664




1 0.82421875 0.7875 0.0515625 0.05

5 0.61640625 0.878125 0.0140625 0.01875
5 0.6171875 0.8791666666666667 0.0125 0.020833333333333332
4 0.61796875 0.8770833333333333 0.0078125 0.008333333333333333
4 0.3671875 0.5416666666666666 0.015625 0.025
5 0.440625 0.509375 0.00625 0.022916666666666665
5 0.4546875 0.5166666666666667 0.009375 0.025
4 0.390625 0.5135416666666667 0.00625 0.010416666666666666
4 0.35 0.5072916666666667 0.00625 0.010416666666666666
4 0.35078125 0.5072916666666667 0.0078125 0.010416666666666666
5 0.5203125 0.39791666666666664 0.0125 0.020833333333333332

5 0.646875 0.7708333333333334 0.040625 0.058333333333333334
5 0.75 0.996875 0.0125 0.00625

5 0.678125 0.7052083333333333 0.009375 0.010416666666666666
5 0.596875 0.396875 0.028125 0.027083333333333334
5 0.80078125 0.4114583333333333 0.0140625 0.010416666666666666

5 0.6671875 0.375 0.021875 0.0125
5 0.6671875 0.365625 0.009375 0.010416666666666666
5 0.8515625 0.4239583333333333 0.00625 0.0020833333333333333
5 0.66640625 0.36666666666666664 0.0171875 0.016666666666666666
5 0.95390625 0.38958333333333334 0.0078125 0.008333333333333333
5 0.6515625 0.365625 0.021875 0.014583333333333334
5 0.6671875 0.3625 0.00625 0.008333333333333333
5 0.53046875 0.3729166666666667 0.0078125 0.020833333333333332
1 0.76015625 0.9927083333333333 0.0328125 0.014583333333333334

1 0.525 0.259375 0.009375 0.010416666666666666
1 0.93359375 0.3927083333333333 0.0109375 0.010416666666666666

1 0.63828125 0.3770833333333333 0.0265625 0.03333333333333333
1 0.64140625 0.36666666666666664 0.0234375 0.020833333333333332
1 0.5203125 0.078125 0.015625 0.03125
1 0.53125 0.04375 0.0125 0.016666666666666666
1 0.38046875 0.25 0.0171875 0.020833333333333332
1 0.3578125 0.24479166666666666 0.015625 0.027083333333333334
1 0.375 0.225 0.015625 0.020833333333333332
1 0.3546875 0.22291666666666668 0.015625 0.020833333333333332
1 0.33671875 0.22395833333333334 0.0140625 0.022916666666666665
1 0.31953125 0.22604166666666667 0.0140625 0.01875
1 0.3203125 0.253125 0.015625 0.03125
1 0.29921875 0.23020833333333332 0.0203125 0.022916666666666665
1 0.28046875 0.225 0.0140625 0.016666666666666666
1 0.384375 0.184375 0.015625 0.01875
1 0.36796875 0.18854166666666666 0.0140625 0.01875
1 0.33359375 0.18645833333333334 0.0140625 0.01875
1 0.31484375 0.19166666666666668 0.0171875 0.029166666666666667
1 0.30234375 0.16770833333333332 0.0203125 0.027083333333333334
1 0.48828125 0.07395833333333333 0.0203125 0.01875


1 0.58984375 0.21145833333333333 0.0078125 0.014583333333333334
1 0.646875 0.775 0.040625 0.058333333333333334
