
1 0.3703125 0.9739583333333334 0.059375 0.052083333333333336
1 0.44140625 0.9229166666666667 0.0515625 0.041666666666666664
1 0.22578125 0.9895833333333334 0.0515625 0.020833333333333332
1 0.3078125 0.9572916666666667 0.0625 0.052083333333333336
1 0.39453125 0.9104166666666667 0.0546875 0.05
1 0.1578125 0.9833333333333333 0.065625 0.03333333333333333
1 0.24609375 0.9416666666666667 0.0609375 0.04583333333333333
1 0.3234375 0.896875 0.05 0.03958333333333333
1 0.396875 0.8583333333333333 0.05625 0.041666666666666664
1 0.1078125 0.975 0.065625 0.05
1 0.18984375 0.9239583333333333 0.0640625 0.04791666666666667
1 0.278125 0.88125 0.06875 0.05
1 0.359375 0.8375 0.05625 0.041666666666666664

1 0.3484375 0.8375 0.0375 0.03333333333333333


1 0.7640625 0.9958333333333333 0.025 0.008333333333333333
1 0.24609375 0.65625 0.0203125 0.0375




1 0.82421875 0.7875 0.0515625 0.05

5 0.62265625 0.884375 0.0140625 0.01875
5 0.62265625 0.8864583333333333 0.0140625 0.022916666666666665
4 0.62109375 0.88125 0.0078125 0.008333333333333333
4 0.3671875 0.5416666666666666 0.015625 0.025
5 0.440625 0.509375 0.00625 0.022916666666666665
5 0.4546875 0.5166666666666667 0.009375 0.025
4 0.390625 0.5135416666666667 0.00625 0.010416666666666666
4 0.35078125 0.5083333333333333 0.0078125 0.0125
4 0.35078125 0.5072916666666667 0.0078125 0.010416666666666666
5 0.51328125 0.4010416666666667 0.0140625 0.027083333333333334

5 0.646875 0.775 0.040625 0.05
5 0.759375 0.9979166666666667 0.0125 0.004166666666666667

5 0.678125 0.7125 0.0125 0.0125
5 0.60078125 0.3958333333333333 0.0203125 0.029166666666666667
5 0.80234375 0.4114583333333333 0.0140625 0.010416666666666666

5 0.6859375 0.378125 0.015625 0.014583333333333334
5 0.66953125 0.36666666666666664 0.0109375 0.008333333333333333
5 0.8546875 0.42291666666666666 0.00625 0.004166666666666667
5 0.6640625 0.3697916666666667 0.021875 0.014583333333333334
5 0.9546875 0.38645833333333335 0.00625 0.00625
5 0.64375 0.35520833333333335 0.009375 0.00625
5 0.66953125 0.3645833333333333 0.0078125 0.008333333333333333
5 0.53125 0.37083333333333335 0.009375 0.020833333333333332
1 0.7640625 0.9958333333333333 0.025 0.008333333333333333

1 0.525 0.259375 0.009375 0.010416666666666666
1 0.9375 0.3885416666666667 0.009375 0.010416666666666666

1 0.63828125 0.37916666666666665 0.0265625 0.0375
1 0.6421875 0.36770833333333336 0.025 0.01875
1 0.52109375 0.078125 0.0171875 0.03125
1 0.53125 0.04479166666666667 0.0125 0.014583333333333334
1 0.38046875 0.25104166666666666 0.0171875 0.022916666666666665
1 0.3578125 0.24479166666666666 0.015625 0.027083333333333334
1 0.375 0.225 0.015625 0.020833333333333332
1 0.3546875 0.22291666666666668 0.015625 0.020833333333333332
1 0.3375 0.221875 0.0125 0.022916666666666665
1 0.31953125 0.22604166666666667 0.0140625 0.01875
1 0.3203125 0.253125 0.015625 0.03125
1 0.29921875 0.23020833333333332 0.0203125 0.022916666666666665
1 0.28046875 0.225 0.0140625 0.016666666666666666
1 0.384375 0.184375 0.015625 0.01875
1 0.36796875 0.18854166666666666 0.0140625 0.01875
1 0.33359375 0.18541666666666667 0.0140625 0.020833333333333332
1 0.31484375 0.19166666666666668 0.0171875 0.029166666666666667
1 0.30234375 0.16770833333333332 0.0203125 0.027083333333333334
1 0.4875 0.07395833333333333 0.021875 0.01875


1 0.56875 0.2125 0.009375 0.0125
1 0.646875 0.778125 0.040625 0.052083333333333336
