
1 0.38125 0.9760416666666667 0.059375 0.04791666666666667
1 0.45 0.9260416666666667 0.053125 0.04375
1 0.24140625 0.9927083333333333 0.0421875 0.014583333333333334
1 0.31796875 0.9583333333333334 0.0640625 0.05
1 0.4046875 0.9114583333333334 0.05625 0.04791666666666667
1 0.16796875 0.9854166666666667 0.0640625 0.029166666666666667
1 0.25703125 0.9458333333333333 0.0609375 0.04583333333333333
1 0.33203125 0.9 0.0484375 0.041666666666666664
1 0.4046875 0.8604166666666667 0.05625 0.041666666666666664
1 0.11796875 0.9770833333333333 0.0671875 0.04583333333333333
1 0.2 0.9291666666666667 0.0625 0.05
1 0.2890625 0.8833333333333333 0.06875 0.05
1 0.3671875 0.840625 0.053125 0.04375



1 0.18359375 0.8552083333333333 0.0234375 0.06041666666666667
1 0.17734375 0.8260416666666667 0.0015625 0.0020833333333333333
1 0.2953125 0.7458333333333333 0.059375 0.0625
1 0.38125 0.7625 0.059375 0.04583333333333333
1 0.45234375 0.6833333333333333 0.0515625 0.029166666666666667
1 0.5328125 0.65 0.053125 0.03333333333333333
1 0.61875 0.7572916666666667 0.05625 0.04791666666666667
1 0.621875 0.6427083333333333 0.059375 0.04791666666666667
1 0.7734375 0.60625 0.0375 0.05

5 0.34765625 0.5770833333333333 0.0203125 0.020833333333333332
4 0.3484375 0.5572916666666666 0.00625 0.01875
4 0.36953125 0.5510416666666667 0.0078125 0.014583333333333334
5 0.40546875 0.54375 0.0078125 0.025
5 0.41875 0.5416666666666666 0.009375 0.025
4 0.39609375 0.5302083333333333 0.0078125 0.01875
4 0.3671875 0.5104166666666666 0.009375 0.025
4 0.37109375 0.4947916666666667 0.0140625 0.01875
5 0.52109375 0.4166666666666667 0.0078125 0.025
1 0.571875 0.39895833333333336 0.021875 0.03125
5 0.5328125 0.41875 0.00625 0.016666666666666666
5 0.55390625 0.4114583333333333 0.0078125 0.01875
5 0.55234375 0.43125 0.0078125 0.020833333333333332
5 0.58671875 0.48125 0.0109375 0.020833333333333332
5 0.5890625 0.39375 0.015625 0.020833333333333332
5 0.625 0.4427083333333333 0.021875 0.022916666666666665
5 0.61171875 0.38958333333333334 0.0078125 0.0125
5 0.64296875 0.37395833333333334 0.0078125 0.01875
5 0.61796875 0.36770833333333336 0.0109375 0.027083333333333334
5 0.615625 0.3458333333333333 0.0125 0.016666666666666666
5 0.609375 0.36354166666666665 0.021875 0.022916666666666665
5 0.5671875 0.3614583333333333 0.00625 0.014583333333333334
5 0.55 0.3729166666666667 0.00625 0.016666666666666666
5 0.53515625 0.35625 0.0078125 0.016666666666666666
5 0.53828125 0.35520833333333335 0.0078125 0.022916666666666665
1 0.546875 0.340625 0.021875 0.03125
3 0.5453125 0.2677083333333333 0.028125 0.06458333333333334
1 0.52734375 0.22083333333333333 0.0140625 0.020833333333333332
1 0.52734375 0.18958333333333333 0.0171875 0.025
3 0.5234375 0.14166666666666666 0.021875 0.05
1 0.51484375 0.11354166666666667 0.0109375 0.014583333333333334
1 0.50390625 0.09166666666666666 0.0203125 0.029166666666666667
1 0.4890625 0.05625 0.009375 0.016666666666666666
1 0.50078125 0.0125 0.0140625 0.016666666666666666
1 0.38046875 0.25 0.0171875 0.020833333333333332
1 0.35859375 0.24895833333333334 0.0171875 0.027083333333333334
1 0.378125 0.225 0.015625 0.020833333333333332
1 0.35859375 0.22395833333333334 0.0140625 0.01875
1 0.33984375 0.22291666666666668 0.0140625 0.020833333333333332
1 0.32109375 0.22708333333333333 0.0140625 0.016666666666666666
1 0.3203125 0.259375 0.015625 0.03125
1 0.3 0.23125 0.021875 0.020833333333333332
1 0.28046875 0.22708333333333333 0.0171875 0.016666666666666666
1 0.3875 0.18541666666666667 0.015625 0.020833333333333332
1 0.37265625 0.18958333333333333 0.0171875 0.020833333333333332
1 0.33203125 0.18645833333333334 0.0140625 0.01875
1 0.31640625 0.19166666666666668 0.0171875 0.029166666666666667
1 0.303125 0.16875 0.01875 0.025
1 0.48671875 0.071875 0.0171875 0.01875
1 0.5625 0.2604166666666667 0.015625 0.03333333333333333
1 0.55625 0.22395833333333334 0.015625 0.03125
1 0.55 0.190625 0.0125 0.022916666666666665
1 0.5421875 0.16145833333333334 0.015625 0.01875
