
1 0.3703125 0.9739583333333334 0.059375 0.052083333333333336
1 0.44140625 0.9229166666666667 0.0515625 0.041666666666666664
1 0.22578125 0.9895833333333334 0.0515625 0.020833333333333332
1 0.3078125 0.9572916666666667 0.0625 0.052083333333333336
1 0.39453125 0.9104166666666667 0.0546875 0.05
1 0.15859375 0.9833333333333333 0.0671875 0.03333333333333333
1 0.24609375 0.9416666666666667 0.0609375 0.04583333333333333
1 0.3234375 0.896875 0.05 0.03958333333333333
1 0.396875 0.8583333333333333 0.05625 0.041666666666666664
1 0.1078125 0.975 0.065625 0.05
1 0.18984375 0.9239583333333333 0.0640625 0.04791666666666667
1 0.27890625 0.88125 0.0671875 0.05
1 0.359375 0.8375 0.05625 0.041666666666666664

1 0.3484375 0.8364583333333333 0.0375 0.035416666666666666



1 0.24609375 0.65625 0.0203125 0.0375




1 0.8265625 0.7885416666666667 0.05 0.04791666666666667

5 0.62890625 0.896875 0.0140625 0.022916666666666665
5 0.6296875 0.8979166666666667 0.0125 0.025
4 0.62890625 0.8916666666666667 0.0078125 0.008333333333333333
4 0.3671875 0.5427083333333333 0.015625 0.027083333333333334
5 0.440625 0.5104166666666666 0.00625 0.020833333333333332
5 0.4546875 0.5166666666666667 0.009375 0.025
4 0.390625 0.5145833333333333 0.00625 0.008333333333333333
4 0.35078125 0.5083333333333333 0.0078125 0.0125
4 0.35078125 0.5072916666666667 0.0078125 0.010416666666666666
5 0.51171875 0.40208333333333335 0.0140625 0.029166666666666667

5 0.6546875 0.7791666666666667 0.040625 0.041666666666666664


5 0.68359375 0.721875 0.0109375 0.014583333333333334
5 0.59609375 0.396875 0.0265625 0.027083333333333334
5 0.80546875 0.4125 0.0140625 0.008333333333333333
5 0.646875 0.38645833333333335 0.01875 0.00625
5 0.69140625 0.3802083333333333 0.0171875 0.014583333333333334
5 0.67578125 0.3729166666666667 0.0140625 0.0125
5 0.859375 0.42291666666666666 0.00625 0.004166666666666667
5 0.6703125 0.3729166666666667 0.025 0.016666666666666666
5 0.9578125 0.38333333333333336 0.00625 0.008333333333333333
5 0.64375 0.35520833333333335 0.009375 0.00625
5 0.67265625 0.36666666666666664 0.0046875 0.004166666666666667
5 0.53125 0.37083333333333335 0.009375 0.020833333333333332


1 0.52421875 0.259375 0.0109375 0.010416666666666666
1 0.9390625 0.3875 0.009375 0.008333333333333333

1 0.63828125 0.37916666666666665 0.0265625 0.0375
1 0.66875 0.371875 0.015625 0.014583333333333334
1 0.52109375 0.078125 0.0171875 0.03125
1 0.53125 0.04583333333333333 0.0125 0.016666666666666666
1 0.38046875 0.25104166666666666 0.0171875 0.022916666666666665
1 0.3578125 0.24375 0.015625 0.025
1 0.3765625 0.225 0.015625 0.020833333333333332
1 0.3546875 0.22291666666666668 0.015625 0.020833333333333332
1 0.3375 0.22291666666666668 0.0125 0.020833333333333332
1 0.31953125 0.22604166666666667 0.0140625 0.01875
1 0.3203125 0.253125 0.015625 0.03125
1 0.29921875 0.23020833333333332 0.0203125 0.022916666666666665
1 0.28046875 0.225 0.0140625 0.016666666666666666
1 0.384375 0.184375 0.015625 0.01875
1 0.36796875 0.18854166666666666 0.0140625 0.01875
1 0.33359375 0.18645833333333334 0.0140625 0.022916666666666665
1 0.31484375 0.19166666666666668 0.0171875 0.029166666666666667
1 0.3015625 0.16770833333333332 0.01875 0.027083333333333334
1 0.48828125 0.07395833333333333 0.0203125 0.01875


1 0.56875 0.21354166666666666 0.009375 0.010416666666666666
1 0.64921875 0.7875 0.0296875 0.03333333333333333
