
1 0.3703125 0.9739583333333334 0.059375 0.052083333333333336
1 0.4421875 0.9229166666666667 0.05 0.041666666666666664
1 0.2265625 0.9895833333333334 0.053125 0.020833333333333332
1 0.3078125 0.9572916666666667 0.0625 0.052083333333333336
1 0.3953125 0.9104166666666667 0.053125 0.05
1 0.159375 0.9833333333333333 0.065625 0.03333333333333333
1 0.24609375 0.9416666666666667 0.0609375 0.04583333333333333
1 0.32421875 0.896875 0.0484375 0.03958333333333333
1 0.396875 0.8583333333333333 0.05625 0.041666666666666664
1 0.1078125 0.975 0.065625 0.05
1 0.18984375 0.9239583333333333 0.0640625 0.04791666666666667
1 0.27890625 0.88125 0.0671875 0.05
1 0.36015625 0.8375 0.0578125 0.041666666666666664

1 0.3484375 0.8375 0.0375 0.0375



1 0.2546875 0.63125 0.009375 0.020833333333333332




1 0.82578125 0.7885416666666667 0.0515625 0.04791666666666667

5 0.64140625 0.9145833333333333 0.0109375 0.020833333333333332
5 0.640625 0.9145833333333333 0.0125 0.020833333333333332
4 0.6421875 0.9083333333333333 0.003125 0.004166666666666667
4 0.36796875 0.5447916666666667 0.0171875 0.027083333333333334
5 0.440625 0.509375 0.00625 0.022916666666666665
5 0.4546875 0.5177083333333333 0.009375 0.022916666666666665
4 0.390625 0.5145833333333333 0.00625 0.008333333333333333
4 0.35078125 0.5072916666666667 0.0078125 0.010416666666666666
4 0.35078125 0.5072916666666667 0.0078125 0.010416666666666666
5 0.51015625 0.40208333333333335 0.0140625 0.029166666666666667

5 0.6703125 0.7927083333333333 0.01875 0.00625


5 0.68984375 0.7385416666666667 0.0109375 0.014583333333333334
5 0.60390625 0.390625 0.0203125 0.035416666666666666
5 0.8125 0.41354166666666664 0.015625 0.010416666666666666
5 0.65390625 0.3854166666666667 0.0484375 0.0125
5 0.696875 0.38333333333333336 0.01875 0.016666666666666666
5 0.67890625 0.371875 0.0109375 0.010416666666666666
5 0.86640625 0.4239583333333333 0.0046875 0.0020833333333333333
5 0.68046875 0.371875 0.0140625 0.014583333333333334
5 0.9578125 0.378125 0.00625 0.010416666666666666
5 0.65234375 0.359375 0.0203125 0.010416666666666666
5 0.678125 0.36875 0.00625 0.008333333333333333
5 0.53125 0.37083333333333335 0.009375 0.020833333333333332


1 0.5234375 0.2604166666666667 0.0125 0.0125
1 0.94453125 0.3802083333333333 0.0078125 0.010416666666666666

1 0.63984375 0.3854166666666667 0.0265625 0.041666666666666664
1 0.67578125 0.37604166666666666 0.0109375 0.014583333333333334
1 0.52109375 0.078125 0.0171875 0.03125
1 0.53203125 0.05 0.0109375 0.016666666666666666
1 0.3796875 0.24895833333333334 0.015625 0.01875
1 0.35703125 0.246875 0.0171875 0.027083333333333334
1 0.375 0.225 0.015625 0.020833333333333332
1 0.3546875 0.22291666666666668 0.015625 0.020833333333333332
1 0.33671875 0.22291666666666668 0.0140625 0.020833333333333332
1 0.31953125 0.22604166666666667 0.0140625 0.01875
1 0.31875 0.25729166666666664 0.015625 0.03125
1 0.29921875 0.23020833333333332 0.0203125 0.022916666666666665
1 0.28046875 0.225 0.0140625 0.016666666666666666
1 0.38515625 0.18541666666666667 0.0171875 0.016666666666666666
1 0.36796875 0.18958333333333333 0.0140625 0.020833333333333332
1 0.33359375 0.1875 0.0140625 0.020833333333333332
1 0.31484375 0.19166666666666668 0.0171875 0.029166666666666667
1 0.303125 0.16770833333333332 0.01875 0.027083333333333334
1 0.4890625 0.07604166666666666 0.021875 0.01875


1 0.57578125 0.21458333333333332 0.0171875 0.008333333333333333
1 0.6703125 0.7989583333333333 0.01875 0.01875
