
1 0.3703125 0.9739583333333334 0.059375 0.052083333333333336
1 0.4421875 0.9229166666666667 0.05 0.041666666666666664
1 0.2265625 0.990625 0.053125 0.01875
1 0.3078125 0.9572916666666667 0.0625 0.052083333333333336
1 0.3953125 0.9104166666666667 0.053125 0.05
1 0.15859375 0.9833333333333333 0.0671875 0.03333333333333333
1 0.24609375 0.9416666666666667 0.0609375 0.04583333333333333
1 0.32421875 0.896875 0.0484375 0.03958333333333333
1 0.396875 0.8583333333333333 0.05625 0.041666666666666664
1 0.1078125 0.975 0.065625 0.05
1 0.18984375 0.9239583333333333 0.0640625 0.04791666666666667
1 0.27890625 0.88125 0.0671875 0.05
1 0.36015625 0.8375 0.0578125 0.041666666666666664

1 0.3484375 0.8364583333333333 0.0375 0.03958333333333333



1 0.2421875 0.65625 0.028125 0.0375




1 0.825 0.7885416666666667 0.05 0.04791666666666667

5 0.64375 0.9208333333333333 0.009375 0.020833333333333332
5 0.64453125 0.921875 0.0109375 0.022916666666666665
4 0.64375 0.9145833333333333 0.003125 0.004166666666666667
4 0.3671875 0.5427083333333333 0.015625 0.027083333333333334
5 0.440625 0.5104166666666666 0.00625 0.020833333333333332
5 0.4546875 0.5177083333333333 0.009375 0.022916666666666665
4 0.390625 0.5135416666666667 0.00625 0.010416666666666666
4 0.35078125 0.5083333333333333 0.0078125 0.0125
4 0.353125 0.5041666666666667 0.009375 0.008333333333333333
5 0.50859375 0.40208333333333335 0.0140625 0.029166666666666667

5 0.67890625 0.7989583333333333 0.0109375 0.01875


5 0.69140625 0.74375 0.0109375 0.0125
5 0.60390625 0.3927083333333333 0.0203125 0.03125
5 0.81484375 0.41458333333333336 0.0171875 0.008333333333333333
5 0.6546875 0.3854166666666667 0.05 0.0125
5 0.69765625 0.38229166666666664 0.0203125 0.01875
5 0.67890625 0.37604166666666666 0.0109375 0.010416666666666666
5 0.86875 0.4239583333333333 0.003125 0.0020833333333333333
5 0.68046875 0.3729166666666667 0.0140625 0.0125
5 0.9609375 0.37604166666666666 0.00625 0.00625
5 0.65546875 0.36354166666666665 0.0203125 0.014583333333333334
5 0.67890625 0.3697916666666667 0.0078125 0.00625
5 0.53203125 0.37083333333333335 0.0109375 0.020833333333333332


1 0.52265625 0.2604166666666667 0.0109375 0.0125
1 0.9453125 0.3802083333333333 0.009375 0.010416666666666666

1 0.640625 0.3854166666666667 0.028125 0.041666666666666664
1 0.67734375 0.37916666666666665 0.0109375 0.016666666666666666
1 0.52109375 0.078125 0.0171875 0.03125
1 0.53203125 0.052083333333333336 0.0109375 0.016666666666666666
1 0.38046875 0.25104166666666666 0.0171875 0.022916666666666665
1 0.35703125 0.246875 0.0171875 0.027083333333333334
1 0.37578125 0.225 0.0140625 0.020833333333333332
1 0.3546875 0.22291666666666668 0.015625 0.020833333333333332
1 0.33671875 0.22395833333333334 0.0140625 0.022916666666666665
1 0.31953125 0.22604166666666667 0.0140625 0.01875
1 0.31875 0.25729166666666664 0.015625 0.03125
1 0.29921875 0.23020833333333332 0.0203125 0.022916666666666665
1 0.28046875 0.225 0.0140625 0.016666666666666666
1 0.3859375 0.18541666666666667 0.015625 0.016666666666666666
1 0.36796875 0.18958333333333333 0.0140625 0.020833333333333332
1 0.33359375 0.1875 0.0140625 0.020833333333333332
1 0.31484375 0.19166666666666668 0.0171875 0.029166666666666667
1 0.30234375 0.16875 0.0171875 0.025
1 0.48828125 0.07604166666666666 0.0203125 0.01875


1 0.58515625 0.21145833333333333 0.0140625 0.014583333333333334
1 0.68125 0.815625 0.025 0.052083333333333336
