
1 0.3703125 0.9739583333333334 0.059375 0.052083333333333336
1 0.4421875 0.9239583333333333 0.053125 0.03958333333333333
1 0.22734375 0.9895833333333334 0.0515625 0.020833333333333332
1 0.3078125 0.9572916666666667 0.0625 0.052083333333333336
1 0.3953125 0.9104166666666667 0.053125 0.05
1 0.15859375 0.9833333333333333 0.0671875 0.03333333333333333
1 0.24609375 0.9416666666666667 0.0609375 0.04583333333333333
1 0.32421875 0.896875 0.0484375 0.03958333333333333
1 0.396875 0.8583333333333333 0.05625 0.041666666666666664
1 0.1078125 0.975 0.065625 0.05
1 0.18984375 0.9239583333333333 0.0640625 0.04791666666666667
1 0.27890625 0.88125 0.0671875 0.05
1 0.359375 0.8375 0.05625 0.041666666666666664

1 0.35 0.8364583333333333 0.040625 0.03958333333333333



1 0.234375 0.6583333333333333 0.021875 0.041666666666666664




1 0.82578125 0.7885416666666667 0.0484375 0.04791666666666667

5 0.646875 0.93125 0.0125 0.025
5 0.64765625 0.93125 0.0140625 0.025
4 0.64765625 0.9239583333333333 0.0046875 0.010416666666666666
4 0.36875 0.5458333333333333 0.01875 0.025
5 0.440625 0.509375 0.00625 0.022916666666666665
5 0.4546875 0.515625 0.009375 0.022916666666666665
4 0.39140625 0.5145833333333333 0.0078125 0.008333333333333333
4 0.35078125 0.5072916666666667 0.0078125 0.014583333333333334
4 0.353125 0.503125 0.009375 0.010416666666666666
5 0.50859375 0.40208333333333335 0.0140625 0.029166666666666667




5 0.69453125 0.753125 0.0078125 0.010416666666666666
5 0.6046875 0.38958333333333334 0.01875 0.03333333333333333
5 0.81953125 0.41458333333333336 0.0140625 0.008333333333333333
5 0.70625 0.3875 0.00625 0.008333333333333333
5 0.70234375 0.3854166666666667 0.0171875 0.020833333333333332
5 0.684375 0.37395833333333334 0.0125 0.010416666666666666
5 0.875 0.4239583333333333 0.003125 0.0020833333333333333
5 0.68515625 0.37395833333333334 0.0140625 0.014583333333333334
5 0.965625 0.371875 0.00625 0.00625
5 0.6421875 0.3614583333333333 0.01875 0.010416666666666666
5 0.6828125 0.37083333333333335 0.00625 0.008333333333333333
5 0.5328125 0.36770833333333336 0.0125 0.022916666666666665


1 0.52421875 0.259375 0.0078125 0.010416666666666666
1 0.9484375 0.3770833333333333 0.009375 0.008333333333333333

1 0.640625 0.38958333333333334 0.028125 0.0375
1 0.68046875 0.38125 0.0140625 0.016666666666666666
1 0.52265625 0.07708333333333334 0.0171875 0.03333333333333333
1 0.5328125 0.052083333333333336 0.009375 0.016666666666666666
1 0.3796875 0.24895833333333334 0.015625 0.01875
1 0.35703125 0.246875 0.0171875 0.027083333333333334
1 0.37578125 0.225 0.0140625 0.020833333333333332
1 0.3546875 0.22291666666666668 0.015625 0.020833333333333332
1 0.33671875 0.22395833333333334 0.0140625 0.022916666666666665
1 0.31953125 0.22604166666666667 0.0140625 0.01875
1 0.31875 0.25729166666666664 0.015625 0.03125
1 0.29921875 0.23125 0.0203125 0.020833333333333332
1 0.28046875 0.225 0.0140625 0.016666666666666666
1 0.3859375 0.18541666666666667 0.015625 0.016666666666666666
1 0.36796875 0.18958333333333333 0.0140625 0.020833333333333332
1 0.33359375 0.1875 0.0140625 0.020833333333333332
1 0.31484375 0.19166666666666668 0.0171875 0.029166666666666667
1 0.3015625 0.16875 0.01875 0.025
1 0.48828125 0.07604166666666666 0.0203125 0.01875


1 0.5875 0.21145833333333333 0.015625 0.014583333333333334
1 0.68515625 0.8260416666666667 0.0203125 0.035416666666666666
