
1 0.3703125 0.9739583333333334 0.059375 0.052083333333333336
1 0.4421875 0.9229166666666667 0.053125 0.041666666666666664
1 0.22734375 0.9895833333333334 0.0515625 0.020833333333333332
1 0.3078125 0.9572916666666667 0.0625 0.052083333333333336
1 0.3953125 0.9104166666666667 0.053125 0.05
1 0.15859375 0.9833333333333333 0.0671875 0.03333333333333333
1 0.24609375 0.9416666666666667 0.0609375 0.04583333333333333
1 0.32421875 0.896875 0.0484375 0.03958333333333333
1 0.396875 0.8583333333333333 0.05625 0.041666666666666664
1 0.1078125 0.975 0.065625 0.05
1 0.18984375 0.9239583333333333 0.0640625 0.04791666666666667
1 0.27890625 0.88125 0.0671875 0.05
1 0.359375 0.8375 0.05625 0.041666666666666664

1 0.35 0.8375 0.040625 0.041666666666666664



1 0.2484375 0.6333333333333333 0.015625 0.020833333333333332




1 0.82421875 0.7885416666666667 0.0515625 0.04791666666666667

5 0.66015625 0.9489583333333333 0.0109375 0.027083333333333334
5 0.6609375 0.9510416666666667 0.0125 0.027083333333333334
4 0.66015625 0.9395833333333333 0.0046875 0.008333333333333333
4 0.36796875 0.5427083333333333 0.0171875 0.027083333333333334
5 0.440625 0.5104166666666666 0.00625 0.020833333333333332
5 0.45546875 0.5166666666666667 0.0078125 0.025
4 0.39140625 0.515625 0.0078125 0.010416666666666666
4 0.35078125 0.5072916666666667 0.0078125 0.014583333333333334
4 0.35234375 0.503125 0.0078125 0.010416666666666666
5 0.50625 0.40208333333333335 0.015625 0.029166666666666667

5 0.696875 0.8385416666666666 0.003125 0.0020833333333333333
5 0.6015625 0.41770833333333335 0.00625 0.00625

5 0.70234375 0.7708333333333334 0.0109375 0.0125
5 0.60546875 0.38958333333333334 0.0203125 0.0375
5 0.828125 0.415625 0.0125 0.010416666666666666
5 0.70546875 0.39166666666666666 0.0171875 0.008333333333333333
5 0.70703125 0.39166666666666666 0.0140625 0.020833333333333332
5 0.690625 0.37916666666666665 0.0125 0.0125
5 0.88515625 0.4197916666666667 0.0015625 0.0020833333333333333
5 0.68984375 0.378125 0.0171875 0.014583333333333334
5 0.971875 0.36875 0.00625 0.008333333333333333
5 0.64296875 0.3614583333333333 0.0171875 0.010416666666666666
5 0.6890625 0.3770833333333333 0.009375 0.008333333333333333
5 0.53359375 0.36666666666666664 0.0109375 0.020833333333333332


1 0.52109375 0.26458333333333334 0.0109375 0.0125
1 0.9546875 0.3697916666666667 0.009375 0.010416666666666666

1 0.65625 0.371875 0.009375 0.014583333333333334
1 0.6859375 0.38229166666666664 0.0125 0.014583333333333334
1 0.52578125 0.07604166666666666 0.0203125 0.035416666666666666
1 0.534375 0.05625 0.0125 0.016666666666666666
1 0.3796875 0.24895833333333334 0.015625 0.01875
1 0.35703125 0.246875 0.0171875 0.027083333333333334
1 0.37578125 0.225 0.0140625 0.020833333333333332
1 0.3546875 0.22291666666666668 0.015625 0.020833333333333332
1 0.3375 0.22291666666666668 0.0125 0.020833333333333332
1 0.31953125 0.22604166666666667 0.0140625 0.01875
1 0.3203125 0.25416666666666665 0.015625 0.029166666666666667
1 0.29921875 0.23125 0.0203125 0.020833333333333332
1 0.28046875 0.225 0.0140625 0.016666666666666666
1 0.3859375 0.18541666666666667 0.015625 0.016666666666666666
1 0.36796875 0.18958333333333333 0.0140625 0.020833333333333332
1 0.33359375 0.1875 0.0140625 0.020833333333333332
1 0.31484375 0.19166666666666668 0.0171875 0.029166666666666667
1 0.30234375 0.16875 0.0171875 0.025
1 0.48828125 0.07708333333333334 0.0203125 0.020833333333333332


1 0.58828125 0.2125 0.0171875 0.016666666666666666
1 0.696875 0.8416666666666667 0.01875 0.03333333333333333
