
1 0.3703125 0.9739583333333334 0.059375 0.052083333333333336
1 0.44296875 0.9229166666666667 0.0515625 0.041666666666666664
1 0.22734375 0.990625 0.0515625 0.01875
1 0.3078125 0.9572916666666667 0.0625 0.052083333333333336
1 0.3953125 0.9104166666666667 0.053125 0.05
1 0.159375 0.9833333333333333 0.065625 0.03333333333333333
1 0.24609375 0.940625 0.0609375 0.04375
1 0.32421875 0.896875 0.0484375 0.03958333333333333
1 0.396875 0.8583333333333333 0.05625 0.041666666666666664
1 0.10859375 0.9739583333333334 0.0671875 0.052083333333333336
1 0.190625 0.9239583333333333 0.0625 0.04791666666666667
1 0.27890625 0.88125 0.0671875 0.05
1 0.359375 0.8375 0.05625 0.041666666666666664

1 0.3515625 0.8375 0.04375 0.041666666666666664



1 0.246875 0.6302083333333334 0.015625 0.01875




1 0.82421875 0.7885416666666667 0.0515625 0.04791666666666667

5 0.6609375 0.95625 0.015625 0.025
5 0.6609375 0.9572916666666667 0.015625 0.027083333333333334
4 0.6609375 0.95 0.00625 0.008333333333333333
4 0.3671875 0.5427083333333333 0.015625 0.027083333333333334
5 0.440625 0.5104166666666666 0.00625 0.020833333333333332
5 0.4546875 0.5177083333333333 0.009375 0.022916666666666665
4 0.39140625 0.515625 0.0078125 0.010416666666666666
4 0.35078125 0.5072916666666667 0.0078125 0.014583333333333334
4 0.353125 0.503125 0.009375 0.010416666666666666
5 0.50625 0.40208333333333335 0.015625 0.029166666666666667

5 0.6953125 0.8395833333333333 0.00625 0.004166666666666667
5 0.59921875 0.4197916666666667 0.0015625 0.0020833333333333333

5 0.70390625 0.7770833333333333 0.0109375 0.008333333333333333
5 0.60546875 0.3875 0.0203125 0.03333333333333333
5 0.83046875 0.415625 0.0140625 0.010416666666666666
5 0.70859375 0.39479166666666665 0.0171875 0.014583333333333334
5 0.709375 0.3927083333333333 0.015625 0.01875
5 0.6921875 0.37916666666666665 0.0125 0.008333333333333333
5 0.890625 0.4197916666666667 0.0125 0.0020833333333333333
5 0.69296875 0.378125 0.0171875 0.014583333333333334
5 0.97265625 0.3645833333333333 0.0046875 0.008333333333333333
5 0.64453125 0.3625 0.0171875 0.008333333333333333
5 0.69140625 0.378125 0.0078125 0.00625
5 0.534375 0.365625 0.009375 0.010416666666666666


1 0.52265625 0.2604166666666667 0.0109375 0.008333333333333333
1 0.95625 0.365625 0.009375 0.010416666666666666


1 0.6890625 0.38229166666666664 0.0125 0.014583333333333334
1 0.5265625 0.07708333333333334 0.021875 0.03333333333333333
1 0.53515625 0.057291666666666664 0.0109375 0.014583333333333334
1 0.38046875 0.24895833333333334 0.0140625 0.01875
1 0.359375 0.24583333333333332 0.015625 0.025
1 0.378125 0.22708333333333333 0.015625 0.025
1 0.35546875 0.22291666666666668 0.0171875 0.020833333333333332
1 0.3375 0.22291666666666668 0.0125 0.020833333333333332
1 0.31953125 0.22604166666666667 0.0140625 0.01875
1 0.3203125 0.25416666666666665 0.015625 0.029166666666666667
1 0.29921875 0.23125 0.0203125 0.020833333333333332
1 0.28046875 0.225 0.0140625 0.016666666666666666
1 0.3859375 0.18645833333333334 0.015625 0.01875
1 0.36796875 0.18958333333333333 0.0140625 0.020833333333333332
1 0.33359375 0.1875 0.0140625 0.020833333333333332
1 0.31484375 0.19166666666666668 0.0171875 0.029166666666666667
1 0.303125 0.16875 0.01875 0.025
1 0.4890625 0.07708333333333334 0.021875 0.020833333333333332


1 0.58828125 0.2125 0.0171875 0.016666666666666666
1 0.696875 0.8572916666666667 0.025 0.04791666666666667
