
1 0.3703125 0.975 0.059375 0.05
1 0.44296875 0.9229166666666667 0.0515625 0.041666666666666664
1 0.22734375 0.990625 0.0515625 0.01875
1 0.3078125 0.9572916666666667 0.0625 0.052083333333333336
1 0.3953125 0.9104166666666667 0.053125 0.05
1 0.159375 0.9833333333333333 0.065625 0.03333333333333333
1 0.246875 0.940625 0.059375 0.04375
1 0.32421875 0.896875 0.0484375 0.03958333333333333
1 0.396875 0.8583333333333333 0.05625 0.041666666666666664
1 0.10859375 0.9739583333333334 0.0671875 0.052083333333333336
1 0.190625 0.9239583333333333 0.0625 0.04791666666666667
1 0.27890625 0.88125 0.0671875 0.05
1 0.359375 0.8375 0.05625 0.041666666666666664

1 0.35 0.8354166666666667 0.040625 0.0375



1 0.228125 0.6552083333333333 0.025 0.03958333333333333




1 0.82421875 0.7885416666666667 0.0515625 0.04791666666666667

5 0.66640625 0.96875 0.0171875 0.025
5 0.66640625 0.9697916666666667 0.0171875 0.027083333333333334
4 0.665625 0.9583333333333334 0.00625 0.004166666666666667
4 0.3671875 0.5416666666666666 0.015625 0.025
5 0.440625 0.5104166666666666 0.00625 0.020833333333333332
5 0.45546875 0.5177083333333333 0.0078125 0.022916666666666665
4 0.390625 0.5135416666666667 0.00625 0.010416666666666666
4 0.35 0.5083333333333333 0.00625 0.0125
4 0.353125 0.503125 0.009375 0.010416666666666666
5 0.5109375 0.39479166666666665 0.015625 0.022916666666666665

5 0.70078125 0.8635416666666667 0.0203125 0.022916666666666665
5 0.59921875 0.4197916666666667 0.0015625 0.0020833333333333333

5 0.70703125 0.7864583333333334 0.0109375 0.014583333333333334
5 0.60546875 0.38645833333333335 0.0203125 0.035416666666666666
5 0.8359375 0.415625 0.0125 0.010416666666666666
5 0.71640625 0.3958333333333333 0.0140625 0.0125
5 0.71171875 0.39791666666666664 0.0203125 0.020833333333333332
5 0.69453125 0.38125 0.0140625 0.0125
5 0.89453125 0.4197916666666667 0.0109375 0.0020833333333333333
5 0.6953125 0.3802083333333333 0.015625 0.014583333333333334
5 0.9734375 0.3625 0.00625 0.0125
5 0.64296875 0.3625 0.0171875 0.0125
5 0.6921875 0.37916666666666665 0.00625 0.004166666666666667
5 0.53203125 0.3645833333333333 0.0140625 0.020833333333333332


1 0.52109375 0.265625 0.0109375 0.014583333333333334
1 0.96015625 0.36354166666666665 0.0078125 0.010416666666666666


1 0.69296875 0.38645833333333335 0.0140625 0.014583333333333334
1 0.52578125 0.07708333333333334 0.0203125 0.03333333333333333
1 0.5359375 0.058333333333333334 0.0125 0.016666666666666666
1 0.38046875 0.25104166666666666 0.0171875 0.022916666666666665
1 0.359375 0.24583333333333332 0.015625 0.025
1 0.3765625 0.225 0.015625 0.020833333333333332
1 0.35546875 0.22291666666666668 0.0171875 0.020833333333333332
1 0.3375 0.22291666666666668 0.0125 0.020833333333333332
1 0.31953125 0.22604166666666667 0.0140625 0.01875
1 0.31875 0.25729166666666664 0.015625 0.03125
1 0.29921875 0.23125 0.0203125 0.020833333333333332
1 0.28046875 0.225 0.0140625 0.016666666666666666
1 0.3859375 0.18645833333333334 0.015625 0.01875
1 0.36875 0.18958333333333333 0.015625 0.020833333333333332
1 0.33359375 0.1875 0.0140625 0.020833333333333332
1 0.315625 0.19166666666666668 0.015625 0.029166666666666667
1 0.303125 0.16979166666666667 0.01875 0.027083333333333334
1 0.4890625 0.07708333333333334 0.021875 0.020833333333333332


1 0.584375 0.21354166666666666 0.009375 0.010416666666666666
1 0.69921875 0.8739583333333333 0.0203125 0.04375
