
1 0.3703125 0.975 0.059375 0.05
1 0.44296875 0.9239583333333333 0.0515625 0.04375
1 0.22734375 0.990625 0.0515625 0.01875
1 0.30859375 0.9572916666666667 0.0609375 0.052083333333333336
1 0.3953125 0.9104166666666667 0.053125 0.05
1 0.159375 0.9833333333333333 0.065625 0.03333333333333333
1 0.246875 0.9416666666666667 0.059375 0.04583333333333333
1 0.32421875 0.896875 0.0484375 0.03958333333333333
1 0.396875 0.8583333333333333 0.05625 0.041666666666666664
1 0.10859375 0.9739583333333334 0.0671875 0.052083333333333336
1 0.190625 0.9239583333333333 0.0625 0.04791666666666667
1 0.2796875 0.88125 0.06875 0.05
1 0.359375 0.8375 0.05625 0.041666666666666664

1 0.3515625 0.8364583333333333 0.04375 0.03958333333333333



1 0.24296875 0.63125 0.0140625 0.020833333333333332




1 0.82578125 0.7885416666666667 0.0484375 0.04791666666666667

5 0.66953125 0.9760416666666667 0.0171875 0.027083333333333334
5 0.66953125 0.9760416666666667 0.0171875 0.027083333333333334
4 0.67265625 0.9666666666666667 0.0046875 0.004166666666666667
4 0.3671875 0.5416666666666666 0.015625 0.025
5 0.44140625 0.5104166666666666 0.0078125 0.020833333333333332
5 0.45546875 0.5166666666666667 0.0078125 0.025
4 0.390625 0.5135416666666667 0.00625 0.010416666666666666
4 0.35078125 0.5083333333333333 0.0078125 0.0125
4 0.353125 0.503125 0.009375 0.010416666666666666
5 0.50234375 0.40208333333333335 0.0171875 0.029166666666666667

5 0.71484375 0.8833333333333333 0.0203125 0.04583333333333333
5 0.68515625 0.2125 0.1734375 0.4166666666666667

5 0.7078125 0.796875 0.015625 0.014583333333333334
5 0.60390625 0.38333333333333336 0.0203125 0.03333333333333333
5 0.83828125 0.4166666666666667 0.0140625 0.008333333333333333
5 0.7109375 0.39895833333333336 0.021875 0.014583333333333334
5 0.71328125 0.39791666666666664 0.0203125 0.020833333333333332
5 0.69609375 0.38125 0.0140625 0.0125
5 0.896875 0.4197916666666667 0.009375 0.0020833333333333333
5 0.696875 0.3802083333333333 0.015625 0.014583333333333334
5 0.9765625 0.36041666666666666 0.00625 0.008333333333333333
5 0.6421875 0.36354166666666665 0.015625 0.014583333333333334
5 0.69453125 0.3802083333333333 0.0078125 0.00625
5 0.53125 0.3645833333333333 0.0125 0.020833333333333332


1 0.52109375 0.265625 0.0109375 0.014583333333333334
1 0.9625 0.3625 0.009375 0.008333333333333333

1 0.6921875 0.3875 0.00625 0.008333333333333333
1 0.69375 0.390625 0.015625 0.01875
1 0.5265625 0.07708333333333334 0.021875 0.03333333333333333
1 0.5359375 0.059375 0.0125 0.014583333333333334
1 0.38046875 0.24895833333333334 0.0140625 0.01875
1 0.359375 0.24583333333333332 0.015625 0.025
1 0.378125 0.22395833333333334 0.015625 0.01875
1 0.35546875 0.22395833333333334 0.0171875 0.01875
1 0.3375 0.22291666666666668 0.0125 0.020833333333333332
1 0.31953125 0.22604166666666667 0.0140625 0.01875
1 0.3203125 0.25416666666666665 0.015625 0.029166666666666667
1 0.29921875 0.23125 0.0203125 0.020833333333333332
1 0.28046875 0.225 0.0140625 0.016666666666666666
1 0.3859375 0.18645833333333334 0.015625 0.01875
1 0.36875 0.18958333333333333 0.015625 0.020833333333333332
1 0.33359375 0.1875 0.0140625 0.020833333333333332
1 0.31484375 0.19166666666666668 0.0171875 0.029166666666666667
1 0.303125 0.16979166666666667 0.01875 0.027083333333333334
1 0.4890625 0.07708333333333334 0.021875 0.020833333333333332


1 0.5890625 0.21458333333333332 0.01875 0.0125
1 0.703125 0.8927083333333333 0.021875 0.03958333333333333
