1 0.02578125 0.95 0.0515625 0.058333333333333334
1 0.38203125 0.975 0.0609375 0.05
1 0.4515625 0.9239583333333333 0.053125 0.04375
1 0.2421875 0.990625 0.04375 0.01875
1 0.31953125 0.9572916666666667 0.0640625 0.052083333333333336
1 0.40546875 0.9104166666666667 0.0546875 0.05
1 0.1671875 0.9854166666666667 0.065625 0.029166666666666667
1 0.25859375 0.9447916666666667 0.0609375 0.04791666666666667
1 0.33359375 0.8989583333333333 0.0484375 0.03958333333333333
1 0.40546875 0.8583333333333333 0.0546875 0.041666666666666664
1 0.1203125 0.9770833333333333 0.065625 0.04583333333333333
1 0.20078125 0.9270833333333334 0.0609375 0.05
1 0.290625 0.8822916666666667 0.06875 0.052083333333333336
1 0.36875 0.8395833333333333 0.053125 0.04583333333333333
1 0.17109375 0.8375 0.0609375 0.05
1 0.10546875 0.778125 0.0515625 0.04791666666666667
1 0.2328125 0.7552083333333334 0.05625 0.04791666666666667
1 0.3953125 0.746875 0.053125 0.03958333333333333
1 0.403125 0.6614583333333334 0.053125 0.035416666666666666
1 0.50390625 0.68125 0.0515625 0.03333333333333333
1 0.525 0.7447916666666666 0.05625 0.03958333333333333
1 0.60859375 0.7104166666666667 0.0546875 0.0375
1 0.68984375 0.7197916666666667 0.0484375 0.04791666666666667
1 0.71328125 0.828125 0.0484375 0.052083333333333336
1 0.81171875 0.771875 0.0671875 0.05625
1 0.8734375 0.865625 0.040625 0.07291666666666667
5 0.01171875 0.7802083333333333 0.0234375 0.027083333333333334
5 0.284375 0.6114583333333333 0.021875 0.022916666666666665
4 0.34921875 0.5583333333333333 0.0078125 0.020833333333333332
4 0.36953125 0.55 0.0078125 0.016666666666666666
5 0.40625 0.54375 0.009375 0.025
5 0.4203125 0.540625 0.009375 0.027083333333333334
4 0.39765625 0.5291666666666667 0.0078125 0.016666666666666666
4 0.365625 0.5125 0.009375 0.020833333333333332
4 0.375 0.5 0.0125 0.0125
5 0.52265625 0.415625 0.0078125 0.022916666666666665
1 0.5734375 0.39791666666666664 0.021875 0.03333333333333333
5 0.5359375 0.4166666666666667 0.00625 0.016666666666666666
5 0.55546875 0.4114583333333333 0.0078125 0.01875
5 0.55703125 0.43020833333333336 0.0109375 0.022916666666666665
5 0.5703125 0.4322916666666667 0.0125 0.01875
5 0.590625 0.390625 0.015625 0.01875
5 0.615625 0.403125 0.0125 0.01875
5 0.6125 0.3854166666666667 0.009375 0.0125
5 0.64296875 0.371875 0.0078125 0.01875
5 0.61875 0.36666666666666664 0.009375 0.020833333333333332
5 0.6171875 0.34375 0.0125 0.016666666666666666
5 0.59453125 0.36354166666666665 0.0140625 0.014583333333333334
5 0.56953125 0.359375 0.0078125 0.014583333333333334
5 0.553125 0.3697916666666667 0.00625 0.014583333333333334
5 0.53125 0.35520833333333335 0.00625 0.014583333333333334
5 0.53828125 0.35625 0.0046875 0.016666666666666666
1 0.52734375 0.3 0.0203125 0.029166666666666667
3 0.546875 0.25625 0.028125 0.0625
1 0.53046875 0.21666666666666667 0.0140625 0.020833333333333332
1 0.53203125 0.18854166666666666 0.0140625 0.022916666666666665
3 0.52578125 0.14375 0.0203125 0.04583333333333333
1 0.5171875 0.11458333333333333 0.0125 0.016666666666666666
1 0.51328125 0.0875 0.0140625 0.025
1 0.50546875 0.058333333333333334 0.0109375 0.0125
1 0.49375 0.015625 0.0125 0.01875
1 0.38046875 0.24895833333333334 0.0171875 0.01875
1 0.36015625 0.246875 0.0140625 0.027083333333333334
1 0.3796875 0.22291666666666668 0.015625 0.020833333333333332
1 0.36171875 0.22395833333333334 0.0171875 0.022916666666666665
1 0.34140625 0.221875 0.0171875 0.022916666666666665
1 0.321875 0.228125 0.015625 0.022916666666666665
1 0.32265625 0.25729166666666664 0.0171875 0.03125
1 0.30234375 0.23020833333333332 0.0203125 0.022916666666666665
1 0.284375 0.225 0.015625 0.016666666666666666
1 0.38828125 0.184375 0.0171875 0.01875
1 0.3734375 0.1875 0.015625 0.020833333333333332
1 0.334375 0.18541666666666667 0.0125 0.020833333333333332
1 0.315625 0.18958333333333333 0.015625 0.029166666666666667
1 0.3046875 0.16770833333333332 0.01875 0.027083333333333334
1 0.4890625 0.07708333333333334 0.015625 0.020833333333333332
1 0.565625 0.25416666666666665 0.015625 0.029166666666666667
1 0.56015625 0.21979166666666666 0.0171875 0.027083333333333334
1 0.55234375 0.19166666666666668 0.0140625 0.025
1 0.54375 0.16145833333333334 0.015625 0.022916666666666665
