
1 0.3703125 0.975 0.059375 0.05
1 0.44296875 0.9239583333333333 0.0515625 0.03958333333333333
1 0.22734375 0.990625 0.0515625 0.01875
1 0.3078125 0.9572916666666667 0.0625 0.052083333333333336
1 0.3953125 0.9104166666666667 0.053125 0.05
1 0.16015625 0.9833333333333333 0.0671875 0.03333333333333333
1 0.246875 0.9416666666666667 0.059375 0.04583333333333333
1 0.32421875 0.896875 0.0484375 0.03958333333333333
1 0.396875 0.8583333333333333 0.05625 0.041666666666666664
1 0.10859375 0.9739583333333334 0.0671875 0.052083333333333336
1 0.190625 0.9239583333333333 0.0625 0.04791666666666667
1 0.2796875 0.88125 0.06875 0.05
1 0.36015625 0.8375 0.0546875 0.041666666666666664

1 0.3515625 0.8375 0.04375 0.041666666666666664



1 0.22265625 0.65625 0.0296875 0.0375




1 0.82421875 0.7885416666666667 0.0515625 0.04791666666666667

5 0.675 0.9864583333333333 0.015625 0.027083333333333334
5 0.67734375 0.9864583333333333 0.0140625 0.027083333333333334
4 0.6765625 0.9770833333333333 0.003125 0.004166666666666667
4 0.36796875 0.5447916666666667 0.0171875 0.027083333333333334
5 0.44140625 0.5104166666666666 0.0078125 0.020833333333333332
5 0.45546875 0.5177083333333333 0.0078125 0.022916666666666665
4 0.39140625 0.5145833333333333 0.0078125 0.008333333333333333
4 0.35078125 0.5083333333333333 0.0078125 0.0125
4 0.353125 0.5052083333333334 0.009375 0.010416666666666666
5 0.50234375 0.4 0.0171875 0.025

5 0.7140625 0.8875 0.021875 0.0375
5 0.6859375 0.2125 0.175 0.4166666666666667

5 0.715625 0.8041666666666667 0.0125 0.0125
5 0.60390625 0.384375 0.0203125 0.03125
5 0.84375 0.4166666666666667 0.0125 0.008333333333333333
5 0.71484375 0.40208333333333335 0.0203125 0.016666666666666666
5 0.72109375 0.39895833333333336 0.0140625 0.01875
5 0.69921875 0.38333333333333336 0.0140625 0.0125
5 0.90078125 0.4197916666666667 0.0109375 0.0020833333333333333
5 0.69921875 0.38125 0.0140625 0.016666666666666666
5 0.98359375 0.353125 0.0078125 0.00625
5 0.63828125 0.36354166666666665 0.0171875 0.014583333333333334
5 0.69765625 0.38229166666666664 0.0078125 0.00625
5 0.53046875 0.3645833333333333 0.0140625 0.020833333333333332


1 0.521875 0.26458333333333334 0.0125 0.016666666666666666
1 0.96640625 0.35833333333333334 0.0109375 0.008333333333333333

1 0.6828125 0.39895833333333336 0.021875 0.014583333333333334
1 0.6953125 0.3927083333333333 0.0125 0.01875
1 0.5265625 0.08020833333333334 0.021875 0.027083333333333334
1 0.53671875 0.06145833333333333 0.0109375 0.014583333333333334
1 0.38046875 0.25 0.0171875 0.020833333333333332
1 0.359375 0.24583333333333332 0.015625 0.025
1 0.3765625 0.225 0.015625 0.020833333333333332
1 0.35546875 0.22395833333333334 0.0171875 0.01875
1 0.3375 0.22291666666666668 0.0125 0.020833333333333332
1 0.31875 0.23020833333333332 0.015625 0.022916666666666665
1 0.31875 0.25729166666666664 0.015625 0.03125
1 0.29921875 0.23125 0.0203125 0.020833333333333332
1 0.28046875 0.225 0.0140625 0.016666666666666666
1 0.3859375 0.18645833333333334 0.015625 0.01875
1 0.36875 0.18958333333333333 0.015625 0.020833333333333332
1 0.33359375 0.1875 0.0140625 0.020833333333333332
1 0.31484375 0.19166666666666668 0.0171875 0.029166666666666667
1 0.30234375 0.16979166666666667 0.0171875 0.027083333333333334
1 0.4890625 0.07708333333333334 0.021875 0.020833333333333332


1 0.590625 0.21354166666666666 0.01875 0.01875
1 0.71171875 0.8958333333333334 0.0296875 0.05
