
1 0.3703125 0.975 0.059375 0.05
1 0.44296875 0.9239583333333333 0.0515625 0.03958333333333333
1 0.22734375 0.990625 0.0515625 0.01875
1 0.3078125 0.9572916666666667 0.0625 0.052083333333333336
1 0.3953125 0.9104166666666667 0.053125 0.05
1 0.16015625 0.9833333333333333 0.0671875 0.03333333333333333
1 0.246875 0.9416666666666667 0.059375 0.04583333333333333
1 0.32421875 0.896875 0.0484375 0.03958333333333333
1 0.39765625 0.8583333333333333 0.0546875 0.041666666666666664
1 0.10859375 0.975 0.0671875 0.05
1 0.190625 0.9239583333333333 0.0625 0.04791666666666667
1 0.2796875 0.88125 0.06875 0.05
1 0.359375 0.8375 0.05625 0.041666666666666664

1 0.35546875 0.8375 0.0515625 0.041666666666666664



1 0.23984375 0.63125 0.0109375 0.020833333333333332




1 0.82578125 0.7885416666666667 0.0484375 0.04791666666666667

5 0.6796875 0.9895833333333334 0.015625 0.020833333333333332
5 0.6796875 0.9895833333333334 0.015625 0.020833333333333332
4 0.67890625 0.9864583333333333 0.0109375 0.010416666666666666
4 0.3671875 0.5427083333333333 0.015625 0.027083333333333334
5 0.44140625 0.509375 0.0078125 0.022916666666666665
5 0.45546875 0.5166666666666667 0.0078125 0.025
4 0.39140625 0.5135416666666667 0.0078125 0.010416666666666666
4 0.35078125 0.5083333333333333 0.0078125 0.0125
4 0.353125 0.503125 0.009375 0.010416666666666666
5 0.50078125 0.396875 0.0203125 0.01875

5 0.715625 0.9 0.025 0.041666666666666664
5 0.6859375 0.2125 0.175 0.4166666666666667

5 0.71875 0.8135416666666667 0.009375 0.010416666666666666
5 0.60390625 0.38229166666666664 0.0203125 0.03125
5 0.846875 0.415625 0.0125 0.010416666666666666
5 0.71640625 0.4041666666666667 0.0234375 0.016666666666666666
5 0.72265625 0.4010416666666667 0.0140625 0.01875
5 0.7015625 0.384375 0.0125 0.010416666666666666
5 0.90703125 0.41875 0.0140625 0.004166666666666667
5 0.7015625 0.38229166666666664 0.015625 0.014583333333333334
5 0.9859375 0.35104166666666664 0.00625 0.010416666666666666
5 0.63828125 0.3625 0.0171875 0.0125
5 0.7 0.38229166666666664 0.00625 0.00625
5 0.5296875 0.3645833333333333 0.0125 0.020833333333333332


1 0.52109375 0.26979166666666665 0.0140625 0.01875
1 0.96953125 0.3541666666666667 0.0078125 0.008333333333333333

1 0.69140625 0.396875 0.0203125 0.01875
1 0.69609375 0.39479166666666665 0.0140625 0.01875
1 0.5265625 0.08020833333333334 0.021875 0.027083333333333334
1 0.53671875 0.0625 0.0109375 0.016666666666666666
1 0.38046875 0.24895833333333334 0.0140625 0.01875
1 0.359375 0.24583333333333332 0.015625 0.025
1 0.378125 0.22395833333333334 0.015625 0.01875
1 0.35625 0.225 0.015625 0.020833333333333332
1 0.3375 0.22291666666666668 0.0125 0.020833333333333332
1 0.31953125 0.22604166666666667 0.0140625 0.01875
1 0.31875 0.25729166666666664 0.015625 0.03125
1 0.29921875 0.23125 0.0203125 0.020833333333333332
1 0.28046875 0.225 0.0140625 0.016666666666666666
1 0.3859375 0.18645833333333334 0.015625 0.01875
1 0.36875 0.18958333333333333 0.015625 0.020833333333333332
1 0.33359375 0.1875 0.0140625 0.020833333333333332
1 0.315625 0.19166666666666668 0.015625 0.029166666666666667
1 0.303125 0.16875 0.01875 0.025
1 0.4890625 0.07708333333333334 0.021875 0.020833333333333332


1 0.59296875 0.215625 0.0203125 0.01875
1 0.7140625 0.9020833333333333 0.028125 0.041666666666666664
