
1 0.3703125 0.975 0.059375 0.05
1 0.44296875 0.9239583333333333 0.0515625 0.03958333333333333
1 0.228125 0.990625 0.05 0.01875
1 0.3078125 0.9572916666666667 0.0625 0.052083333333333336
1 0.3953125 0.9104166666666667 0.053125 0.05
1 0.16015625 0.9833333333333333 0.0671875 0.03333333333333333
1 0.246875 0.9416666666666667 0.059375 0.04583333333333333
1 0.32421875 0.896875 0.0484375 0.03958333333333333
1 0.39765625 0.8583333333333333 0.0546875 0.041666666666666664
1 0.10859375 0.975 0.0671875 0.05
1 0.190625 0.9239583333333333 0.0625 0.04791666666666667
1 0.2796875 0.88125 0.06875 0.05
1 0.36015625 0.8375 0.0578125 0.041666666666666664

1 0.35546875 0.8364583333333333 0.0515625 0.04375



1 0.215625 0.6416666666666667 0.021875 0.016666666666666666




1 0.825 0.7885416666666667 0.05 0.04791666666666667

5 0.68359375 0.9947916666666666 0.0140625 0.010416666666666666
5 0.68359375 0.9947916666666666 0.0140625 0.010416666666666666
4 0.684375 0.9958333333333333 0.0125 0.008333333333333333
4 0.3796875 0.5354166666666667 0.009375 0.020833333333333332
5 0.44140625 0.509375 0.0078125 0.022916666666666665
5 0.45546875 0.5166666666666667 0.0078125 0.025
4 0.39140625 0.5135416666666667 0.0078125 0.010416666666666666
4 0.35078125 0.5083333333333333 0.0078125 0.0125
4 0.35234375 0.5052083333333334 0.0078125 0.010416666666666666
5 0.50078125 0.396875 0.0203125 0.01875

5 0.7203125 0.9072916666666667 0.025 0.03125
5 0.740625 0.21145833333333333 0.2875 0.42291666666666666

5 0.72109375 0.8229166666666666 0.0109375 0.0125
5 0.60390625 0.38229166666666664 0.0203125 0.03125
5 0.85078125 0.415625 0.0109375 0.010416666666666666
5 0.71953125 0.4083333333333333 0.0234375 0.016666666666666666
5 0.72421875 0.4010416666666667 0.0140625 0.01875
5 0.70390625 0.38645833333333335 0.0140625 0.010416666666666666
5 0.9046875 0.42291666666666666 0.00625 0.008333333333333333
5 0.70390625 0.3854166666666667 0.0140625 0.0125
5 0.98828125 0.3489583333333333 0.0046875 0.010416666666666666
5 0.63671875 0.3625 0.0171875 0.0125
5 0.7015625 0.3854166666666667 0.00625 0.008333333333333333
5 0.528125 0.36354166666666665 0.0125 0.022916666666666665


1 0.5203125 0.2708333333333333 0.0125 0.016666666666666666
1 0.971875 0.3489583333333333 0.009375 0.010416666666666666

1 0.69765625 0.39895833333333336 0.0171875 0.014583333333333334
1 0.7015625 0.3958333333333333 0.015625 0.016666666666666666
1 0.5265625 0.08020833333333334 0.021875 0.027083333333333334
1 0.53671875 0.06458333333333334 0.0109375 0.016666666666666666
1 0.38125 0.24895833333333334 0.015625 0.01875
1 0.359375 0.24583333333333332 0.015625 0.025
1 0.3765625 0.225 0.015625 0.020833333333333332
1 0.35625 0.22395833333333334 0.015625 0.01875
1 0.3375 0.22291666666666668 0.0125 0.020833333333333332
1 0.31953125 0.22604166666666667 0.0140625 0.01875
1 0.3203125 0.25416666666666665 0.015625 0.029166666666666667
1 0.29921875 0.23125 0.0203125 0.020833333333333332
1 0.28046875 0.225 0.0140625 0.016666666666666666
1 0.3859375 0.18645833333333334 0.015625 0.01875
1 0.36875 0.18958333333333333 0.015625 0.020833333333333332
1 0.33359375 0.1875 0.0140625 0.020833333333333332
1 0.315625 0.19166666666666668 0.015625 0.029166666666666667
1 0.303125 0.16979166666666667 0.01875 0.027083333333333334
1 0.4890625 0.07916666666666666 0.021875 0.025


1 0.59296875 0.21458333333333332 0.0203125 0.020833333333333332
1 0.715625 0.9166666666666666 0.021875 0.041666666666666664
