
1 0.37109375 0.975 0.0609375 0.05
1 0.44296875 0.925 0.0515625 0.041666666666666664
1 0.22734375 0.990625 0.0515625 0.01875
1 0.30859375 0.9572916666666667 0.0609375 0.052083333333333336
1 0.3953125 0.9104166666666667 0.053125 0.05
1 0.16015625 0.9833333333333333 0.0671875 0.03333333333333333
1 0.246875 0.9416666666666667 0.059375 0.04583333333333333
1 0.325 0.896875 0.05 0.03958333333333333
1 0.39765625 0.8583333333333333 0.0546875 0.041666666666666664
1 0.10859375 0.975 0.0671875 0.05
1 0.190625 0.9239583333333333 0.0625 0.04791666666666667
1 0.2796875 0.88125 0.06875 0.05
1 0.3609375 0.8375 0.05625 0.041666666666666664

1 0.35546875 0.8375 0.0515625 0.041666666666666664



1 0.215625 0.65 0.021875 0.025




1 0.825 0.7885416666666667 0.05 0.04791666666666667

5 0.68828125 0.9979166666666667 0.0109375 0.004166666666666667
5 0.68828125 0.9979166666666667 0.0109375 0.004166666666666667
4 0.6890625 0.9979166666666667 0.009375 0.004166666666666667
4 0.39453125 0.5385416666666667 0.0140625 0.014583333333333334
5 0.44140625 0.509375 0.0078125 0.022916666666666665
5 0.45546875 0.5177083333333333 0.0078125 0.022916666666666665
4 0.39140625 0.515625 0.0078125 0.010416666666666666
4 0.35078125 0.5083333333333333 0.0078125 0.0125
4 0.3515625 0.50625 0.009375 0.008333333333333333
5 0.49296875 0.39895833333333336 0.0140625 0.022916666666666665

5 0.72421875 0.91875 0.0328125 0.0375
5 0.73984375 0.21041666666666667 0.2828125 0.42083333333333334

5 0.72421875 0.8291666666666667 0.0109375 0.008333333333333333
5 0.60390625 0.38333333333333336 0.0203125 0.029166666666666667
5 0.85390625 0.4166666666666667 0.0140625 0.008333333333333333
5 0.72734375 0.40729166666666666 0.0203125 0.01875
5 0.725 0.40625 0.01875 0.020833333333333332
5 0.70546875 0.3885416666666667 0.0140625 0.010416666666666666
5 0.90859375 0.421875 0.0109375 0.00625
5 0.70546875 0.3854166666666667 0.0140625 0.0125
5 0.9890625 0.3458333333333333 0.00625 0.008333333333333333
5 0.6375 0.36354166666666665 0.015625 0.014583333333333334
5 0.70390625 0.38645833333333335 0.0078125 0.00625
5 0.52578125 0.3625 0.0109375 0.020833333333333332


1 0.5203125 0.271875 0.0125 0.01875
1 0.97421875 0.34791666666666665 0.0078125 0.0125

1 0.70234375 0.4 0.0203125 0.016666666666666666
1 0.7046875 0.39791666666666664 0.015625 0.016666666666666666
1 0.52734375 0.08020833333333334 0.0234375 0.027083333333333334
1 0.53828125 0.06666666666666667 0.0109375 0.016666666666666666
1 0.38046875 0.24895833333333334 0.0140625 0.01875
1 0.359375 0.24479166666666666 0.015625 0.022916666666666665
1 0.378125 0.22395833333333334 0.015625 0.01875
1 0.35625 0.22395833333333334 0.015625 0.01875
1 0.33671875 0.22395833333333334 0.0140625 0.022916666666666665
1 0.31953125 0.22604166666666667 0.0140625 0.01875
1 0.31875 0.25729166666666664 0.015625 0.03125
1 0.29921875 0.23125 0.0203125 0.020833333333333332
1 0.28046875 0.225 0.0140625 0.016666666666666666
1 0.3859375 0.18645833333333334 0.015625 0.01875
1 0.36875 0.18958333333333333 0.015625 0.020833333333333332
1 0.33359375 0.1875 0.0140625 0.020833333333333332
1 0.315625 0.19166666666666668 0.015625 0.029166666666666667
1 0.303125 0.16875 0.01875 0.025
1 0.48828125 0.07916666666666666 0.0203125 0.025


1 0.5921875 0.215625 0.01875 0.022916666666666665
1 0.7171875 0.928125 0.01875 0.04791666666666667
