
1 0.37109375 0.975 0.0609375 0.05
1 0.44296875 0.9229166666666667 0.0515625 0.041666666666666664
1 0.22734375 0.990625 0.0515625 0.01875
1 0.3078125 0.9572916666666667 0.0625 0.052083333333333336
1 0.39609375 0.9104166666666667 0.0546875 0.05
1 0.16015625 0.9833333333333333 0.0671875 0.03333333333333333
1 0.246875 0.9416666666666667 0.059375 0.04583333333333333
1 0.325 0.896875 0.05 0.03958333333333333
1 0.39765625 0.8583333333333333 0.0546875 0.041666666666666664
1 0.10859375 0.975 0.0671875 0.05
1 0.190625 0.9239583333333333 0.0625 0.04791666666666667
1 0.2796875 0.88125 0.06875 0.05
1 0.3609375 0.8375 0.05625 0.041666666666666664

1 0.35546875 0.8375 0.0515625 0.041666666666666664



1 0.23515625 0.6322916666666667 0.0140625 0.01875




1 0.825 0.7885416666666667 0.05 0.04791666666666667




4 0.3953125 0.5375 0.0125 0.016666666666666666
5 0.44140625 0.509375 0.0078125 0.022916666666666665
5 0.45546875 0.5177083333333333 0.0078125 0.022916666666666665
4 0.39140625 0.5135416666666667 0.0078125 0.010416666666666666
4 0.35078125 0.5083333333333333 0.0078125 0.0125
4 0.353125 0.5041666666666667 0.009375 0.008333333333333333
5 0.50390625 0.396875 0.0140625 0.01875

5 0.72890625 0.9322916666666666 0.0265625 0.03958333333333333
5 0.740625 0.21041666666666667 0.284375 0.42083333333333334

5 0.7265625 0.84375 0.015625 0.0125
5 0.6046875 0.38125 0.01875 0.029166666666666667
5 0.86015625 0.415625 0.0140625 0.010416666666666666
5 0.72890625 0.41041666666666665 0.0203125 0.020833333333333332
5 0.7328125 0.40729166666666666 0.0125 0.01875
5 0.709375 0.390625 0.015625 0.010416666666666666
5 0.91484375 0.4197916666666667 0.0109375 0.010416666666666666
5 0.71015625 0.3875 0.0171875 0.0125
5 0.9921875 0.33958333333333335 0.00625 0.008333333333333333
5 0.6359375 0.36354166666666665 0.01875 0.014583333333333334
5 0.70703125 0.3885416666666667 0.0109375 0.00625
5 0.52421875 0.3614583333333333 0.0109375 0.022916666666666665


1 0.52109375 0.271875 0.0109375 0.01875
1 0.97734375 0.34479166666666666 0.0078125 0.010416666666666666

1 0.70390625 0.4041666666666667 0.0234375 0.016666666666666666
1 0.7078125 0.396875 0.015625 0.014583333333333334
1 0.528125 0.08125 0.021875 0.029166666666666667
1 0.53828125 0.06875 0.0109375 0.016666666666666666
1 0.38125 0.24895833333333334 0.015625 0.01875
1 0.359375 0.24479166666666666 0.015625 0.022916666666666665
1 0.37890625 0.22395833333333334 0.0140625 0.01875
1 0.35703125 0.22395833333333334 0.0171875 0.01875
1 0.3375 0.22291666666666668 0.0125 0.020833333333333332
1 0.31875 0.23020833333333332 0.015625 0.022916666666666665
1 0.31875 0.25729166666666664 0.015625 0.03125
1 0.29921875 0.23125 0.0203125 0.020833333333333332
1 0.2796875 0.225 0.015625 0.016666666666666666
1 0.3859375 0.18645833333333334 0.015625 0.01875
1 0.36875 0.18958333333333333 0.015625 0.020833333333333332
1 0.33359375 0.1875 0.0140625 0.020833333333333332
1 0.315625 0.19166666666666668 0.015625 0.029166666666666667
1 0.303125 0.16875 0.01875 0.025
1 0.4890625 0.07916666666666666 0.021875 0.025


1 0.59609375 0.215625 0.0171875 0.022916666666666665
1 0.728125 0.934375 0.025 0.035416666666666666
