
1 0.37109375 0.975 0.0609375 0.05
1 0.44375 0.9239583333333333 0.053125 0.04375
1 0.22734375 0.990625 0.0515625 0.01875
1 0.30859375 0.9572916666666667 0.0609375 0.052083333333333336
1 0.3953125 0.9104166666666667 0.053125 0.05
1 0.16015625 0.9833333333333333 0.0671875 0.03333333333333333
1 0.246875 0.9416666666666667 0.059375 0.04583333333333333
1 0.325 0.896875 0.05 0.03958333333333333
1 0.39765625 0.8583333333333333 0.0546875 0.041666666666666664
1 0.10859375 0.9739583333333334 0.0671875 0.052083333333333336
1 0.19140625 0.9239583333333333 0.0609375 0.04791666666666667
1 0.2796875 0.88125 0.06875 0.05
1 0.3609375 0.8375 0.05625 0.041666666666666664

1 0.35546875 0.8364583333333333 0.0515625 0.03958333333333333



1 0.2125 0.6416666666666667 0.03125 0.025




1 0.82421875 0.7885416666666667 0.0515625 0.04791666666666667



4 0.3578125 0.5614583333333333 0.009375 0.010416666666666666
4 0.39609375 0.5364583333333334 0.0109375 0.01875
5 0.44140625 0.509375 0.0078125 0.022916666666666665
5 0.45546875 0.5177083333333333 0.0078125 0.022916666666666665
4 0.3921875 0.5135416666666667 0.00625 0.010416666666666666
4 0.35078125 0.5083333333333333 0.0078125 0.0125
4 0.3515625 0.50625 0.009375 0.008333333333333333
5 0.49609375 0.40208333333333335 0.0203125 0.025

5 0.7328125 0.9375 0.03125 0.0375
5 0.740625 0.21041666666666667 0.284375 0.42083333333333334

5 0.73203125 0.8447916666666667 0.0109375 0.010416666666666666
5 0.60390625 0.38125 0.0203125 0.029166666666666667
5 0.86328125 0.415625 0.0140625 0.010416666666666666
5 0.7296875 0.4114583333333333 0.021875 0.01875
5 0.7359375 0.40729166666666666 0.0125 0.01875
5 0.7109375 0.39166666666666666 0.0125 0.008333333333333333
5 0.91640625 0.42291666666666666 0.0109375 0.0125
5 0.71328125 0.3885416666666667 0.0171875 0.010416666666666666
5 0.99375 0.3375 0.00625 0.008333333333333333
5 0.6375 0.365625 0.015625 0.01875
5 0.709375 0.38958333333333334 0.009375 0.004166666666666667
5 0.5234375 0.3614583333333333 0.009375 0.022916666666666665
1 0.55703125 0.29375 0.0109375 0.008333333333333333

1 0.5203125 0.271875 0.0125 0.01875
1 0.9796875 0.3416666666666667 0.009375 0.008333333333333333

1 0.70703125 0.4041666666666667 0.0171875 0.016666666666666666
1 0.709375 0.39791666666666664 0.015625 0.0125
1 0.53046875 0.084375 0.0203125 0.027083333333333334
1 0.5390625 0.06875 0.0125 0.016666666666666666
1 0.38046875 0.24895833333333334 0.0140625 0.01875
1 0.359375 0.24479166666666666 0.015625 0.022916666666666665
1 0.37890625 0.22395833333333334 0.0140625 0.01875
1 0.35703125 0.22395833333333334 0.0171875 0.01875
1 0.33671875 0.22395833333333334 0.0140625 0.022916666666666665
1 0.31953125 0.22604166666666667 0.0140625 0.01875
1 0.31875 0.25729166666666664 0.015625 0.03125
1 0.29921875 0.23125 0.0203125 0.020833333333333332
1 0.28046875 0.225 0.0140625 0.016666666666666666
1 0.3859375 0.18645833333333334 0.015625 0.01875
1 0.36875 0.18958333333333333 0.015625 0.020833333333333332
1 0.33359375 0.1875 0.0140625 0.020833333333333332
1 0.315625 0.19166666666666668 0.015625 0.029166666666666667
1 0.303125 0.16979166666666667 0.01875 0.027083333333333334
1 0.4921875 0.07291666666666667 0.021875 0.016666666666666666


1 0.59609375 0.215625 0.0171875 0.022916666666666665
1 0.7328125 0.946875 0.03125 0.03958333333333333
