
1 0.37109375 0.975 0.0609375 0.05
1 0.44296875 0.9239583333333333 0.0515625 0.03958333333333333
1 0.228125 0.990625 0.05 0.01875
1 0.309375 0.9572916666666667 0.0625 0.052083333333333336
1 0.3953125 0.9104166666666667 0.053125 0.05
1 0.16015625 0.9833333333333333 0.0671875 0.03333333333333333
1 0.246875 0.9416666666666667 0.059375 0.04583333333333333
1 0.32421875 0.896875 0.0484375 0.03958333333333333
1 0.39765625 0.8583333333333333 0.0546875 0.041666666666666664
1 0.10859375 0.9739583333333334 0.0671875 0.052083333333333336
1 0.19140625 0.9239583333333333 0.0609375 0.04791666666666667
1 0.2796875 0.88125 0.06875 0.05
1 0.3609375 0.8375 0.05625 0.041666666666666664

1 0.35546875 0.8354166666666667 0.0515625 0.041666666666666664



1 0.209375 0.6541666666666667 0.025 0.041666666666666664




1 0.82421875 0.7885416666666667 0.0515625 0.04791666666666667



4 0.7484375 0.9979166666666667 0.003125 0.004166666666666667
4 0.396875 0.5291666666666667 0.009375 0.016666666666666666
5 0.440625 0.5083333333333333 0.00625 0.020833333333333332
5 0.45546875 0.5177083333333333 0.0078125 0.022916666666666665
4 0.3921875 0.5135416666666667 0.00625 0.010416666666666666
4 0.35078125 0.5083333333333333 0.0078125 0.0125
4 0.3515625 0.50625 0.009375 0.008333333333333333
5 0.4953125 0.40208333333333335 0.021875 0.029166666666666667

5 0.73984375 0.953125 0.0328125 0.03958333333333333
5 0.73984375 0.21041666666666667 0.2828125 0.42083333333333334

5 0.73671875 0.859375 0.0109375 0.010416666666666666
5 0.603125 0.37916666666666665 0.01875 0.029166666666666667
5 0.8671875 0.415625 0.0125 0.010416666666666666
5 0.7390625 0.41041666666666665 0.0125 0.016666666666666666
5 0.7375 0.4083333333333333 0.0125 0.016666666666666666
5 0.7140625 0.39375 0.0125 0.008333333333333333
5 0.92578125 0.42083333333333334 0.0140625 0.0125
5 0.7140625 0.3927083333333333 0.015625 0.014583333333333334
5 0.996875 0.33541666666666664 0.00625 0.0125
5 0.63515625 0.365625 0.0171875 0.01875
5 0.71171875 0.39479166666666665 0.0078125 0.00625
5 0.52421875 0.36041666666666666 0.0078125 0.025
1 0.55859375 0.3 0.0203125 0.020833333333333332

1 0.5203125 0.275 0.0125 0.020833333333333332
1 0.9859375 0.33645833333333336 0.009375 0.010416666666666666

1 0.7046875 0.4083333333333333 0.025 0.016666666666666666
1 0.71171875 0.4 0.0140625 0.0125
1 0.53515625 0.08333333333333333 0.0171875 0.029166666666666667
1 0.540625 0.06979166666666667 0.009375 0.014583333333333334
1 0.38046875 0.25 0.0171875 0.020833333333333332
1 0.35703125 0.24791666666666667 0.0171875 0.025
1 0.37890625 0.22395833333333334 0.0140625 0.01875
1 0.35703125 0.22395833333333334 0.0171875 0.01875
1 0.33671875 0.22395833333333334 0.0140625 0.022916666666666665
1 0.31953125 0.23020833333333332 0.0140625 0.022916666666666665
1 0.31875 0.25729166666666664 0.015625 0.03125
1 0.29921875 0.23125 0.0203125 0.020833333333333332
1 0.28046875 0.225 0.0140625 0.016666666666666666
1 0.3859375 0.18645833333333334 0.015625 0.01875
1 0.36875 0.18958333333333333 0.015625 0.020833333333333332
1 0.33359375 0.1875 0.0140625 0.020833333333333332
1 0.315625 0.19166666666666668 0.015625 0.029166666666666667
1 0.303125 0.16875 0.01875 0.025
1 0.490625 0.07916666666666666 0.021875 0.025


1 0.59609375 0.215625 0.0171875 0.022916666666666665
1 0.7359375 0.959375 0.025 0.04791666666666667
