
1 0.37109375 0.975 0.0609375 0.05
1 0.44296875 0.925 0.0515625 0.041666666666666664
1 0.22890625 0.9895833333333334 0.0515625 0.020833333333333332
1 0.309375 0.9572916666666667 0.0625 0.052083333333333336
1 0.3953125 0.9104166666666667 0.053125 0.05
1 0.16015625 0.9833333333333333 0.0671875 0.03333333333333333
1 0.246875 0.9427083333333334 0.059375 0.04375
1 0.325 0.896875 0.05 0.03958333333333333
1 0.39765625 0.8583333333333333 0.0546875 0.041666666666666664
1 0.10859375 0.975 0.0671875 0.05
1 0.19140625 0.9239583333333333 0.0609375 0.04791666666666667
1 0.2796875 0.88125 0.06875 0.05
1 0.3609375 0.8375 0.05625 0.041666666666666664

1 0.35546875 0.8354166666666667 0.0515625 0.041666666666666664



1 0.21328125 0.640625 0.0203125 0.014583333333333334




1 0.8234375 0.7885416666666667 0.05 0.04791666666666667



4 0.76015625 0.996875 0.0171875 0.00625
4 0.39765625 0.5270833333333333 0.0109375 0.020833333333333332
5 0.440625 0.5083333333333333 0.00625 0.020833333333333332
5 0.45546875 0.5177083333333333 0.0078125 0.022916666666666665
4 0.3921875 0.5135416666666667 0.00625 0.010416666666666666
4 0.35078125 0.5083333333333333 0.0078125 0.0125
4 0.35078125 0.50625 0.0078125 0.008333333333333333
5 0.490625 0.4041666666666667 0.015625 0.03333333333333333

5 0.74609375 0.9625 0.0359375 0.041666666666666664
5 0.82421875 0.007291666666666667 0.1140625 0.014583333333333334

5 0.73984375 0.8645833333333334 0.0109375 0.0125
5 0.6046875 0.37916666666666665 0.01875 0.029166666666666667
5 0.86875 0.415625 0.0125 0.010416666666666666
5 0.7375 0.415625 0.021875 0.01875
5 0.7390625 0.4083333333333333 0.0125 0.016666666666666666
5 0.7171875 0.39375 0.0125 0.008333333333333333
5 0.92890625 0.421875 0.0140625 0.014583333333333334
5 0.71640625 0.39375 0.0140625 0.0125
5 0.996875 0.33229166666666665 0.00625 0.014583333333333334
5 0.63515625 0.3645833333333333 0.0171875 0.016666666666666666
5 0.71328125 0.39479166666666665 0.0078125 0.00625
5 0.521875 0.359375 0.009375 0.027083333333333334
1 0.55703125 0.303125 0.0171875 0.01875

1 0.52109375 0.2760416666666667 0.0109375 0.022916666666666665
1 0.9890625 0.3333333333333333 0.009375 0.0125

1 0.70546875 0.41041666666666665 0.0265625 0.020833333333333332
1 0.7125 0.403125 0.0125 0.014583333333333334
1 0.53671875 0.084375 0.0171875 0.022916666666666665
1 0.53984375 0.07291666666666667 0.0109375 0.016666666666666666
1 0.38125 0.25 0.015625 0.020833333333333332
1 0.35703125 0.24791666666666667 0.0171875 0.025
1 0.37890625 0.22395833333333334 0.0140625 0.01875
1 0.35703125 0.22395833333333334 0.0171875 0.01875
1 0.3375 0.22291666666666668 0.0125 0.020833333333333332
1 0.31953125 0.23020833333333332 0.0140625 0.022916666666666665
1 0.31875 0.25729166666666664 0.015625 0.03125
1 0.29921875 0.23125 0.0203125 0.020833333333333332
1 0.28046875 0.225 0.0140625 0.016666666666666666
1 0.3859375 0.18645833333333334 0.015625 0.01875
1 0.36875 0.18958333333333333 0.015625 0.020833333333333332
1 0.33359375 0.1875 0.0140625 0.020833333333333332
1 0.315625 0.19166666666666668 0.015625 0.029166666666666667
1 0.303125 0.16875 0.01875 0.025
1 0.490625 0.07916666666666666 0.021875 0.025


1 0.59921875 0.21458333333333332 0.0171875 0.025
1 0.74453125 0.9645833333333333 0.0328125 0.0375
