
1 0.37109375 0.975 0.0609375 0.05
1 0.44375 0.925 0.053125 0.041666666666666664
1 0.22890625 0.9895833333333334 0.0515625 0.020833333333333332
1 0.30703125 0.9572916666666667 0.0640625 0.052083333333333336
1 0.39609375 0.9104166666666667 0.0546875 0.05
1 0.16015625 0.9833333333333333 0.0671875 0.03333333333333333
1 0.24765625 0.9416666666666667 0.0609375 0.04583333333333333
1 0.325 0.896875 0.05 0.03958333333333333
1 0.39765625 0.8583333333333333 0.0546875 0.041666666666666664
1 0.10859375 0.975 0.0671875 0.05
1 0.19140625 0.9239583333333333 0.0609375 0.04791666666666667
1 0.28046875 0.88125 0.0703125 0.05
1 0.3609375 0.8375 0.05625 0.041666666666666664

1 0.3515625 0.8364583333333333 0.04375 0.03958333333333333



1 0.2 0.6541666666666667 0.021875 0.041666666666666664




1 0.8234375 0.7885416666666667 0.05 0.04791666666666667



4 0.76953125 0.996875 0.0046875 0.00625
4 0.396875 0.5291666666666667 0.009375 0.020833333333333332
5 0.44140625 0.5083333333333333 0.0046875 0.020833333333333332
5 0.45546875 0.5177083333333333 0.0078125 0.022916666666666665
4 0.3921875 0.5145833333333333 0.00625 0.0125
4 0.35078125 0.5083333333333333 0.0078125 0.0125
4 0.35078125 0.5072916666666667 0.0078125 0.010416666666666666
5 0.490625 0.40520833333333334 0.015625 0.03125

5 0.75390625 0.9822916666666667 0.0359375 0.035416666666666666
5 0.82421875 0.007291666666666667 0.1140625 0.014583333333333334

5 0.74921875 0.8802083333333334 0.0140625 0.014583333333333334
5 0.60390625 0.37916666666666665 0.0171875 0.029166666666666667
5 0.87890625 0.415625 0.0109375 0.010416666666666666
5 0.746875 0.41354166666666664 0.015625 0.014583333333333334
5 0.746875 0.41041666666666665 0.015625 0.016666666666666666
5 0.72265625 0.396875 0.0140625 0.010416666666666666
5 0.93046875 0.4197916666666667 0.0140625 0.014583333333333334
5 0.725 0.39375 0.015625 0.0125
5 0.99765625 0.3260416666666667 0.0046875 0.01875
5 0.63515625 0.365625 0.0171875 0.01875
5 0.71875 0.3958333333333333 0.00625 0.004166666666666667
5 0.52109375 0.34270833333333334 0.0078125 0.035416666666666666
1 0.56328125 0.31354166666666666 0.0109375 0.01875

1 0.52109375 0.28125 0.0109375 0.029166666666666667
1 0.99453125 0.3302083333333333 0.0109375 0.010416666666666666

1 0.70703125 0.4125 0.0296875 0.020833333333333332
1 0.7234375 0.40729166666666666 0.01875 0.014583333333333334
1 0.5375 0.08958333333333333 0.015625 0.029166666666666667
1 0.54140625 0.075 0.0109375 0.016666666666666666
1 0.38125 0.25 0.015625 0.020833333333333332
1 0.35703125 0.24791666666666667 0.0171875 0.025
1 0.37890625 0.22395833333333334 0.0140625 0.01875
1 0.35703125 0.225 0.0171875 0.020833333333333332
1 0.3375 0.22291666666666668 0.0125 0.020833333333333332
1 0.31875 0.23020833333333332 0.015625 0.022916666666666665
1 0.31875 0.25729166666666664 0.015625 0.03125
1 0.29921875 0.23125 0.0203125 0.020833333333333332
1 0.28046875 0.225 0.0140625 0.016666666666666666
1 0.3859375 0.18645833333333334 0.015625 0.01875
1 0.36875 0.18958333333333333 0.015625 0.020833333333333332
1 0.33359375 0.1875 0.0140625 0.020833333333333332
1 0.315625 0.19166666666666668 0.015625 0.029166666666666667
1 0.303125 0.16875 0.01875 0.025
1 0.50078125 0.07916666666666666 0.0265625 0.020833333333333332


1 0.596875 0.21458333333333332 0.01875 0.025
1 0.7515625 0.9791666666666666 0.025 0.025
