
1 0.37109375 0.975 0.0609375 0.05
1 0.44375 0.925 0.053125 0.041666666666666664
1 0.228125 0.990625 0.05 0.01875
1 0.309375 0.9572916666666667 0.0625 0.052083333333333336
1 0.39609375 0.9104166666666667 0.0546875 0.05
1 0.16015625 0.9833333333333333 0.0671875 0.03333333333333333
1 0.246875 0.9427083333333334 0.059375 0.04375
1 0.325 0.896875 0.05 0.03958333333333333
1 0.39765625 0.8583333333333333 0.0546875 0.041666666666666664
1 0.10859375 0.975 0.0671875 0.05
1 0.19140625 0.9239583333333333 0.0609375 0.04791666666666667
1 0.2796875 0.88125 0.06875 0.05
1 0.3609375 0.8375 0.05625 0.041666666666666664

1 0.35546875 0.8364583333333333 0.0515625 0.03958333333333333



1 0.225 0.63125 0.009375 0.016666666666666666




1 0.82265625 0.7885416666666667 0.0484375 0.04791666666666667




4 0.39765625 0.5291666666666667 0.0078125 0.020833333333333332
5 0.44140625 0.5083333333333333 0.0046875 0.020833333333333332
5 0.45546875 0.5177083333333333 0.0078125 0.022916666666666665
4 0.3921875 0.515625 0.00625 0.010416666666666666
4 0.35078125 0.5083333333333333 0.0078125 0.0125
4 0.35078125 0.5072916666666667 0.0078125 0.010416666666666666
5 0.48984375 0.40729166666666666 0.0171875 0.035416666666666666

5 0.75859375 0.9895833333333334 0.0296875 0.020833333333333332
5 0.8234375 0.007291666666666667 0.1125 0.014583333333333334

5 0.753125 0.8927083333333333 0.009375 0.010416666666666666
5 0.60078125 0.38958333333333334 0.0203125 0.03333333333333333
5 0.88203125 0.415625 0.0109375 0.010416666666666666
5 0.7515625 0.4166666666666667 0.0125 0.016666666666666666
5 0.7515625 0.41354166666666664 0.0125 0.014583333333333334
5 0.72578125 0.39791666666666664 0.0140625 0.008333333333333333
5 0.9359375 0.41770833333333335 0.015625 0.014583333333333334
5 0.72734375 0.39479166666666665 0.0140625 0.010416666666666666
5 0.996875 0.32916666666666666 0.00625 0.025
5 0.634375 0.365625 0.015625 0.01875
5 0.72265625 0.39791666666666664 0.0046875 0.004166666666666667
5 0.525 0.33645833333333336 0.009375 0.022916666666666665
1 0.56484375 0.32083333333333336 0.0078125 0.020833333333333332

1 0.52109375 0.2833333333333333 0.0109375 0.025
1 0.99453125 0.32708333333333334 0.0109375 0.0125

1 0.71484375 0.415625 0.0296875 0.022916666666666665
1 0.72265625 0.40520833333333334 0.0140625 0.010416666666666666
1 0.53671875 0.09166666666666666 0.0171875 0.03333333333333333
1 0.54140625 0.07708333333333334 0.0109375 0.016666666666666666
1 0.38125 0.24895833333333334 0.015625 0.01875
1 0.35703125 0.24895833333333334 0.0171875 0.027083333333333334
1 0.37890625 0.22395833333333334 0.0140625 0.01875
1 0.3578125 0.22291666666666668 0.0125 0.016666666666666666
1 0.33828125 0.22291666666666668 0.0140625 0.020833333333333332
1 0.31875 0.23020833333333332 0.015625 0.022916666666666665
1 0.31875 0.25729166666666664 0.015625 0.03125
1 0.29921875 0.23125 0.0203125 0.020833333333333332
1 0.28046875 0.225 0.0140625 0.016666666666666666
1 0.3859375 0.18645833333333334 0.015625 0.01875
1 0.36875 0.18958333333333333 0.015625 0.020833333333333332
1 0.33359375 0.1875 0.0140625 0.020833333333333332
1 0.315625 0.19166666666666668 0.015625 0.029166666666666667
1 0.303125 0.16979166666666667 0.01875 0.027083333333333334
1 0.50625 0.08020833333333334 0.01875 0.022916666666666665


1 0.5953125 0.21354166666666666 0.01875 0.022916666666666665
1 0.76015625 0.9895833333333334 0.0265625 0.020833333333333332
