
1 0.37109375 0.975 0.0609375 0.05
1 0.44375 0.925 0.053125 0.041666666666666664
1 0.22890625 0.9895833333333334 0.0515625 0.020833333333333332
1 0.309375 0.9572916666666667 0.0625 0.052083333333333336
1 0.39609375 0.9104166666666667 0.0546875 0.05
1 0.16015625 0.9833333333333333 0.0671875 0.03333333333333333
1 0.24765625 0.9427083333333334 0.0609375 0.04375
1 0.325 0.896875 0.05 0.03958333333333333
1 0.39765625 0.8583333333333333 0.0546875 0.041666666666666664
1 0.10859375 0.975 0.0671875 0.05
1 0.19140625 0.9239583333333333 0.0609375 0.04791666666666667
1 0.2796875 0.88125 0.06875 0.05
1 0.3609375 0.8375 0.05625 0.041666666666666664

1 0.35546875 0.8364583333333333 0.0515625 0.03958333333333333



1 0.196875 0.665625 0.01875 0.05625

1 0.6703125 0.7229166666666667 0.034375 0.05416666666666667


1 0.8234375 0.7885416666666667 0.05 0.04791666666666667




4 0.39765625 0.528125 0.0078125 0.022916666666666665
5 0.44140625 0.5083333333333333 0.0046875 0.020833333333333332
5 0.45546875 0.5177083333333333 0.0078125 0.022916666666666665
4 0.3921875 0.5135416666666667 0.00625 0.010416666666666666
4 0.35078125 0.5083333333333333 0.0078125 0.0125
4 0.35078125 0.5072916666666667 0.0078125 0.010416666666666666
5 0.48984375 0.4083333333333333 0.0171875 0.03333333333333333

5 0.76015625 0.9947916666666666 0.0265625 0.010416666666666666
5 0.8234375 0.008333333333333333 0.1125 0.016666666666666666

5 0.7546875 0.9020833333333333 0.0125 0.0125
5 0.60390625 0.37916666666666665 0.0171875 0.029166666666666667
5 0.884375 0.415625 0.0125 0.010416666666666666
5 0.75390625 0.4166666666666667 0.0140625 0.016666666666666666
5 0.753125 0.41354166666666664 0.0125 0.014583333333333334
5 0.72734375 0.4 0.0109375 0.008333333333333333
5 0.94375 0.41458333333333336 0.015625 0.0125
5 0.72890625 0.3958333333333333 0.0140625 0.008333333333333333
5 0.996875 0.325 0.00625 0.020833333333333332
5 0.6328125 0.365625 0.0125 0.01875
5 0.7234375 0.40208333333333335 0.00625 0.008333333333333333
5 0.52578125 0.33958333333333335 0.0078125 0.025
1 0.565625 0.325 0.009375 0.016666666666666666

1 0.52109375 0.2833333333333333 0.0109375 0.025
1 0.99609375 0.325 0.0078125 0.0125

1 0.71484375 0.4166666666666667 0.0296875 0.020833333333333332
1 0.72421875 0.41041666666666665 0.0140625 0.0125
1 0.53984375 0.09270833333333334 0.0140625 0.03125
1 0.5421875 0.08020833333333334 0.0125 0.01875
1 0.38046875 0.25 0.0171875 0.020833333333333332
1 0.35703125 0.24895833333333334 0.0171875 0.027083333333333334
1 0.3765625 0.225 0.015625 0.020833333333333332
1 0.35703125 0.22395833333333334 0.0171875 0.01875
1 0.33828125 0.22291666666666668 0.0140625 0.020833333333333332
1 0.31875 0.23020833333333332 0.015625 0.022916666666666665
1 0.31953125 0.25729166666666664 0.0140625 0.03125
1 0.29921875 0.23125 0.0203125 0.020833333333333332
1 0.28046875 0.225 0.0140625 0.016666666666666666
1 0.38671875 0.18645833333333334 0.0171875 0.01875
1 0.36875 0.18958333333333333 0.015625 0.020833333333333332
1 0.33359375 0.1875 0.0140625 0.020833333333333332
1 0.315625 0.19166666666666668 0.015625 0.029166666666666667
1 0.303125 0.16979166666666667 0.01875 0.027083333333333334
1 0.509375 0.07708333333333334 0.021875 0.016666666666666666


1 0.59375 0.21354166666666666 0.015625 0.022916666666666665
1 0.76015625 0.9947916666666666 0.0265625 0.010416666666666666
