
1 0.37109375 0.975 0.0609375 0.05
1 0.44375 0.9239583333333333 0.053125 0.03958333333333333
1 0.22890625 0.9895833333333334 0.0515625 0.020833333333333332
1 0.309375 0.9572916666666667 0.0625 0.052083333333333336
1 0.39609375 0.9104166666666667 0.0546875 0.05
1 0.16015625 0.984375 0.0671875 0.03125
1 0.24765625 0.9427083333333334 0.0609375 0.04375
1 0.325 0.896875 0.05 0.03958333333333333
1 0.39765625 0.8583333333333333 0.0546875 0.041666666666666664
1 0.10859375 0.975 0.0671875 0.05
1 0.19140625 0.9239583333333333 0.0609375 0.04791666666666667
1 0.2796875 0.88125 0.06875 0.05
1 0.3609375 0.8375 0.05625 0.041666666666666664

1 0.35546875 0.8364583333333333 0.0515625 0.03958333333333333



1 0.22265625 0.6322916666666667 0.0078125 0.01875

1 0.67265625 0.7322916666666667 0.0359375 0.05625


1 0.8234375 0.7885416666666667 0.05 0.04791666666666667



4 0.83359375 0.9989583333333333 0.0015625 0.0020833333333333333
4 0.3984375 0.5260416666666666 0.009375 0.022916666666666665
5 0.4421875 0.5083333333333333 0.00625 0.020833333333333332
5 0.45546875 0.5177083333333333 0.0078125 0.022916666666666665
4 0.3921875 0.5135416666666667 0.00625 0.010416666666666666
4 0.35078125 0.5083333333333333 0.0078125 0.0125
4 0.35234375 0.5041666666666667 0.0078125 0.008333333333333333
5 0.48984375 0.4083333333333333 0.0171875 0.03333333333333333

5 0.55390625 0.40625 0.0078125 0.0125
5 0.8234375 0.008333333333333333 0.1125 0.016666666666666666
5 0.553125 0.41458333333333336 0.009375 0.020833333333333332
5 0.76171875 0.9114583333333334 0.0140625 0.010416666666666666
5 0.6015625 0.3885416666666667 0.021875 0.035416666666666666
5 0.89375 0.415625 0.009375 0.010416666666666666
5 0.75546875 0.415625 0.0140625 0.014583333333333334
5 0.75390625 0.41354166666666664 0.0140625 0.014583333333333334
5 0.73203125 0.4010416666666667 0.0109375 0.010416666666666666
5 0.94453125 0.415625 0.0140625 0.01875
5 0.7328125 0.39895833333333336 0.0125 0.010416666666666666
5 0.9984375 0.325 0.003125 0.004166666666666667
5 0.6328125 0.365625 0.0125 0.01875
5 0.72890625 0.403125 0.0078125 0.00625
5 0.5265625 0.33958333333333335 0.009375 0.020833333333333332
1 0.56875 0.3302083333333333 0.009375 0.014583333333333334

1 0.52109375 0.284375 0.0109375 0.022916666666666665
1 0.99765625 0.321875 0.0046875 0.014583333333333334

1 0.71640625 0.42083333333333334 0.0328125 0.025
1 0.7265625 0.4125 0.0125 0.0125
1 0.540625 0.09375 0.01875 0.029166666666666667
1 0.54375 0.08229166666666667 0.0125 0.01875
1 0.37890625 0.25 0.0171875 0.020833333333333332
1 0.35703125 0.24895833333333334 0.0171875 0.027083333333333334
1 0.3765625 0.225 0.015625 0.020833333333333332
1 0.35703125 0.22395833333333334 0.0171875 0.01875
1 0.33828125 0.22291666666666668 0.0140625 0.020833333333333332
1 0.31953125 0.228125 0.0140625 0.01875
1 0.31875 0.25729166666666664 0.015625 0.03125
1 0.29921875 0.23125 0.0203125 0.020833333333333332
1 0.28046875 0.225 0.0140625 0.016666666666666666
1 0.3859375 0.18645833333333334 0.015625 0.01875
1 0.36875 0.18958333333333333 0.015625 0.020833333333333332
1 0.33359375 0.1875 0.0140625 0.020833333333333332
1 0.315625 0.19166666666666668 0.015625 0.029166666666666667
1 0.303125 0.16979166666666667 0.01875 0.027083333333333334
1 0.51875 0.07604166666666666 0.015625 0.014583333333333334


1 0.59453125 0.21354166666666666 0.0171875 0.022916666666666665

