
1 0.37109375 0.975 0.0609375 0.05
1 0.44375 0.925 0.053125 0.041666666666666664
1 0.22890625 0.9895833333333334 0.0515625 0.020833333333333332
1 0.309375 0.9572916666666667 0.0625 0.052083333333333336
1 0.39609375 0.9104166666666667 0.0546875 0.05
1 0.16015625 0.984375 0.0671875 0.03125
1 0.24765625 0.9427083333333334 0.0609375 0.04375
1 0.325 0.896875 0.05 0.03958333333333333
1 0.39765625 0.8583333333333333 0.0546875 0.041666666666666664
1 0.109375 0.975 0.065625 0.05
1 0.19140625 0.9239583333333333 0.0609375 0.04791666666666667
1 0.2796875 0.88125 0.06875 0.05
1 0.3609375 0.8375 0.05625 0.041666666666666664

1 0.35546875 0.8364583333333333 0.0515625 0.03958333333333333



1 0.221875 0.6322916666666667 0.009375 0.022916666666666665

1 0.6734375 0.7375 0.034375 0.05416666666666667


1 0.8234375 0.7885416666666667 0.05 0.04791666666666667




4 0.3984375 0.525 0.009375 0.025
5 0.4421875 0.509375 0.00625 0.022916666666666665
5 0.45546875 0.5177083333333333 0.0078125 0.022916666666666665
4 0.3921875 0.5145833333333333 0.00625 0.0125
4 0.35078125 0.5072916666666667 0.0078125 0.014583333333333334
4 0.35234375 0.5041666666666667 0.0078125 0.008333333333333333
5 0.48984375 0.4083333333333333 0.0171875 0.03333333333333333

5 0.55390625 0.4083333333333333 0.0078125 0.0125
5 0.81875 0.008333333333333333 0.103125 0.016666666666666666
5 0.55234375 0.41770833333333335 0.0109375 0.027083333333333334
5 0.765625 0.9239583333333333 0.0125 0.010416666666666666
5 0.6015625 0.3885416666666667 0.021875 0.035416666666666666
5 0.8953125 0.41458333333333336 0.0125 0.0125
5 0.7609375 0.4166666666666667 0.01875 0.0125
5 0.75625 0.4125 0.015625 0.0125
5 0.734375 0.40208333333333335 0.0125 0.008333333333333333
5 0.946875 0.4166666666666667 0.0125 0.016666666666666666
5 0.73515625 0.39895833333333336 0.0140625 0.010416666666666666
5 0.56875 0.3333333333333333 0.009375 0.016666666666666666
5 0.6328125 0.36666666666666664 0.0125 0.016666666666666666
5 0.73125 0.403125 0.00625 0.00625
5 0.52734375 0.340625 0.0078125 0.01875
1 0.56796875 0.334375 0.0078125 0.01875

1 0.52109375 0.28541666666666665 0.0109375 0.020833333333333332
1 0.9984375 0.3229166666666667 0.003125 0.0125

1 0.71875 0.4197916666666667 0.03125 0.022916666666666665
1 0.72890625 0.41354166666666664 0.0140625 0.014583333333333334
1 0.540625 0.09375 0.01875 0.029166666666666667
1 0.54375 0.08333333333333333 0.0125 0.016666666666666666
1 0.38125 0.25 0.01875 0.020833333333333332
1 0.35703125 0.24895833333333334 0.0171875 0.027083333333333334
1 0.3765625 0.225 0.015625 0.020833333333333332
1 0.35703125 0.225 0.0171875 0.020833333333333332
1 0.33828125 0.22291666666666668 0.0140625 0.020833333333333332
1 0.31953125 0.23020833333333332 0.0140625 0.022916666666666665
1 0.31875 0.25729166666666664 0.015625 0.03125
1 0.29921875 0.23125 0.0203125 0.020833333333333332
1 0.28046875 0.225 0.0140625 0.016666666666666666
1 0.3859375 0.18645833333333334 0.015625 0.01875
1 0.36875 0.18958333333333333 0.015625 0.020833333333333332
1 0.33359375 0.1875 0.0140625 0.020833333333333332
1 0.315625 0.19166666666666668 0.015625 0.029166666666666667
1 0.303125 0.16979166666666667 0.01875 0.027083333333333334
1 0.5203125 0.07916666666666666 0.015625 0.0125


1 0.59375 0.21354166666666666 0.015625 0.022916666666666665

