
1 0.37109375 0.975 0.0609375 0.05
1 0.44375 0.925 0.053125 0.041666666666666664
1 0.22890625 0.9895833333333334 0.0515625 0.020833333333333332
1 0.30859375 0.9572916666666667 0.0609375 0.052083333333333336
1 0.39609375 0.9104166666666667 0.0546875 0.05
1 0.16015625 0.9833333333333333 0.0671875 0.03333333333333333
1 0.24765625 0.9427083333333334 0.0609375 0.04375
1 0.325 0.896875 0.05 0.03958333333333333
1 0.39765625 0.8583333333333333 0.0546875 0.041666666666666664
1 0.10859375 0.975 0.0671875 0.05
1 0.1921875 0.9239583333333333 0.0625 0.04791666666666667
1 0.2796875 0.88125 0.06875 0.05
1 0.3609375 0.8375 0.05625 0.041666666666666664

1 0.35546875 0.8375 0.0515625 0.041666666666666664



1 0.21875 0.6322916666666667 0.0125 0.01875

1 0.67890625 0.7541666666666667 0.0328125 0.05416666666666667


1 0.82421875 0.7885416666666667 0.0515625 0.04791666666666667



4 0.3953125 0.5395833333333333 0.00625 0.0125
4 0.3984375 0.525 0.009375 0.025
5 0.44140625 0.509375 0.0078125 0.022916666666666665
5 0.45546875 0.5177083333333333 0.0078125 0.022916666666666665
4 0.3921875 0.5145833333333333 0.00625 0.0125
4 0.35078125 0.5083333333333333 0.0078125 0.0125
4 0.35234375 0.5041666666666667 0.0078125 0.008333333333333333
5 0.484375 0.41041666666666665 0.021875 0.0375

5 0.553125 0.4125 0.009375 0.020833333333333332
5 0.6640625 0.20833333333333334 0.225 0.4166666666666667
5 0.546875 0.42604166666666665 0.021875 0.01875
5 0.771875 0.940625 0.009375 0.010416666666666666
5 0.6015625 0.38958333333333334 0.021875 0.03333333333333333
5 0.903125 0.4125 0.0125 0.0125
5 0.76875 0.41875 0.0125 0.0125
5 0.76875 0.41770833333333335 0.0125 0.014583333333333334
5 0.74140625 0.4041666666666667 0.0140625 0.008333333333333333
5 0.9546875 0.4125 0.01875 0.020833333333333332
5 0.74296875 0.40208333333333335 0.0140625 0.008333333333333333
5 0.56875 0.34270833333333334 0.009375 0.01875
5 0.63515625 0.35833333333333334 0.0140625 0.0125
5 0.73828125 0.4041666666666667 0.0078125 0.004166666666666667
5 0.53125 0.3458333333333333 0.00625 0.016666666666666666
1 0.57578125 0.3458333333333333 0.0203125 0.025

1 0.52109375 0.2875 0.0109375 0.020833333333333332
1 0.99609375 0.33541666666666664 0.0078125 0.0125

1 0.721875 0.4197916666666667 0.034375 0.01875
1 0.7375 0.41458333333333336 0.0125 0.0125
1 0.54375 0.09895833333333333 0.015625 0.027083333333333334
1 0.54453125 0.08854166666666667 0.0109375 0.01875
1 0.38125 0.25104166666666666 0.015625 0.022916666666666665
1 0.35703125 0.24895833333333334 0.0171875 0.027083333333333334
1 0.3765625 0.225 0.015625 0.020833333333333332
1 0.35859375 0.22291666666666668 0.0140625 0.016666666666666666
1 0.3390625 0.22291666666666668 0.0125 0.020833333333333332
1 0.31953125 0.228125 0.0140625 0.01875
1 0.3203125 0.25729166666666664 0.015625 0.03125
1 0.29921875 0.23125 0.0203125 0.020833333333333332
1 0.28125 0.225 0.0125 0.016666666666666666
1 0.38671875 0.18645833333333334 0.0140625 0.01875
1 0.36875 0.18958333333333333 0.015625 0.020833333333333332
1 0.33359375 0.1875 0.0140625 0.020833333333333332
1 0.315625 0.19166666666666668 0.015625 0.029166666666666667
1 0.303125 0.16979166666666667 0.01875 0.027083333333333334
1 0.528125 0.08333333333333333 0.01875 0.016666666666666666


1 0.59296875 0.21354166666666666 0.0171875 0.022916666666666665

