
1 0.37109375 0.975 0.0609375 0.05
1 0.44375 0.925 0.053125 0.041666666666666664
1 0.2296875 0.9895833333333334 0.05 0.020833333333333332
1 0.309375 0.9572916666666667 0.0625 0.052083333333333336
1 0.39609375 0.9104166666666667 0.0546875 0.05
1 0.16015625 0.9833333333333333 0.0671875 0.03333333333333333
1 0.24765625 0.9427083333333334 0.0609375 0.04375
1 0.32578125 0.896875 0.0484375 0.03958333333333333
1 0.39765625 0.8583333333333333 0.0546875 0.041666666666666664
1 0.109375 0.975 0.065625 0.05
1 0.1921875 0.9239583333333333 0.0625 0.04791666666666667
1 0.28046875 0.88125 0.0703125 0.05
1 0.3609375 0.8375 0.05625 0.041666666666666664

1 0.35546875 0.8364583333333333 0.0515625 0.03958333333333333



1 0.20390625 0.634375 0.0234375 0.022916666666666665

1 0.6828125 0.7697916666666667 0.03125 0.052083333333333336


1 0.82421875 0.7885416666666667 0.0515625 0.04791666666666667



4 0.3953125 0.5385416666666667 0.00625 0.014583333333333334
4 0.3984375 0.525 0.009375 0.025
5 0.440625 0.509375 0.00625 0.022916666666666665
5 0.45546875 0.5177083333333333 0.0078125 0.022916666666666665
4 0.39296875 0.5145833333333333 0.0078125 0.0125
4 0.35078125 0.5072916666666667 0.0078125 0.014583333333333334
4 0.35234375 0.5041666666666667 0.0078125 0.008333333333333333
5 0.48359375 0.4083333333333333 0.0203125 0.041666666666666664

5 0.55390625 0.4114583333333333 0.0078125 0.01875
5 0.6640625 0.21041666666666667 0.225 0.42083333333333334
5 0.546875 0.421875 0.021875 0.022916666666666665
5 0.7828125 0.9625 0.0125 0.0125
5 0.59921875 0.3927083333333333 0.0234375 0.03125
5 0.91171875 0.41041666666666665 0.0109375 0.0125
5 0.7734375 0.41875 0.0125 0.008333333333333333
5 0.771875 0.41770833333333335 0.015625 0.010416666666666666
5 0.74453125 0.41041666666666665 0.0109375 0.008333333333333333
5 0.96171875 0.41041666666666665 0.0140625 0.020833333333333332
5 0.75 0.4041666666666667 0.015625 0.008333333333333333
5 0.56953125 0.353125 0.0109375 0.01875
5 0.634375 0.3572916666666667 0.0125 0.010416666666666666
5 0.74296875 0.409375 0.0046875 0.00625
5 0.5328125 0.34791666666666665 0.00625 0.016666666666666666
1 0.57578125 0.35833333333333334 0.0171875 0.025

1 0.521875 0.2947916666666667 0.009375 0.027083333333333334
1 0.9921875 0.334375 0.015625 0.01875

1 0.72734375 0.42604166666666665 0.0390625 0.022916666666666665
1 0.74296875 0.415625 0.0109375 0.010416666666666666
1 0.54453125 0.09895833333333333 0.0171875 0.03125
1 0.5453125 0.090625 0.0125 0.01875
1 0.38125 0.25 0.015625 0.020833333333333332
1 0.35703125 0.24895833333333334 0.0171875 0.027083333333333334
1 0.3765625 0.225 0.015625 0.020833333333333332
1 0.3578125 0.22395833333333334 0.015625 0.01875
1 0.3390625 0.221875 0.0125 0.01875
1 0.31953125 0.23020833333333332 0.0140625 0.022916666666666665
1 0.3203125 0.25729166666666664 0.015625 0.03125
1 0.29921875 0.23125 0.0203125 0.020833333333333332
1 0.28125 0.225 0.0125 0.016666666666666666
1 0.38671875 0.18645833333333334 0.0140625 0.01875
1 0.36875 0.18958333333333333 0.015625 0.020833333333333332
1 0.33203125 0.1875 0.0140625 0.020833333333333332
1 0.315625 0.19166666666666668 0.015625 0.029166666666666667
1 0.303125 0.16875 0.01875 0.025
1 0.540625 0.09583333333333334 0.015625 0.016666666666666666


1 0.5921875 0.21354166666666666 0.01875 0.022916666666666665
1 0.75390625 0.9010416666666666 0.0046875 0.010416666666666666
