
1 0.37109375 0.975 0.0609375 0.05
1 0.44375 0.925 0.053125 0.041666666666666664
1 0.2296875 0.9895833333333334 0.05 0.020833333333333332
1 0.309375 0.9572916666666667 0.0625 0.052083333333333336
1 0.39609375 0.9104166666666667 0.0546875 0.05
1 0.16015625 0.9833333333333333 0.0671875 0.03333333333333333
1 0.24765625 0.9427083333333334 0.0609375 0.04375
1 0.325 0.896875 0.05 0.03958333333333333
1 0.39765625 0.8583333333333333 0.0546875 0.041666666666666664
1 0.109375 0.975 0.065625 0.05
1 0.19140625 0.9239583333333333 0.0609375 0.04791666666666667
1 0.28125 0.88125 0.06875 0.05
1 0.3609375 0.8375 0.05625 0.041666666666666664

1 0.35546875 0.8354166666666667 0.0515625 0.041666666666666664



1 0.2015625 0.6333333333333333 0.01875 0.020833333333333332

1 0.68984375 0.7885416666666667 0.0328125 0.052083333333333336


1 0.825 0.7885416666666667 0.053125 0.04791666666666667



4 0.3953125 0.5375 0.00625 0.016666666666666666
4 0.39765625 0.525 0.0109375 0.025
5 0.44140625 0.509375 0.0078125 0.022916666666666665
5 0.45546875 0.5177083333333333 0.0078125 0.022916666666666665
4 0.3921875 0.5145833333333333 0.00625 0.0125
4 0.35078125 0.5072916666666667 0.0078125 0.014583333333333334
4 0.353125 0.503125 0.009375 0.010416666666666666
5 0.4828125 0.4083333333333333 0.01875 0.041666666666666664

5 0.5515625 0.41354166666666664 0.00625 0.014583333333333334
5 0.66171875 0.21770833333333334 0.2203125 0.41041666666666665
5 0.5546875 0.42604166666666665 0.0125 0.01875
5 0.78984375 0.9864583333333333 0.0140625 0.010416666666666666
5 0.60390625 0.3885416666666667 0.0203125 0.035416666666666666
5 0.91875 0.409375 0.015625 0.014583333333333334
5 0.78203125 0.4197916666666667 0.0109375 0.010416666666666666
5 0.77890625 0.4197916666666667 0.0140625 0.010416666666666666
5 0.75390625 0.409375 0.0109375 0.00625
5 0.9734375 0.4010416666666667 0.01875 0.014583333333333334
5 0.75625 0.40520833333333334 0.0125 0.00625
5 0.5703125 0.3645833333333333 0.0125 0.016666666666666666
5 0.63515625 0.35520833333333335 0.0109375 0.010416666666666666
5 0.74765625 0.4125 0.0046875 0.008333333333333333
5 0.53359375 0.35 0.0046875 0.016666666666666666
1 0.57578125 0.365625 0.0140625 0.022916666666666665

1 0.521875 0.29791666666666666 0.009375 0.025
1 0.99140625 0.33229166666666665 0.0171875 0.022916666666666665

1 0.7328125 0.428125 0.03125 0.027083333333333334
1 0.7484375 0.42083333333333334 0.015625 0.0125
1 0.55 0.10833333333333334 0.01875 0.041666666666666664
1 0.54609375 0.09583333333333334 0.0140625 0.020833333333333332
1 0.38203125 0.25 0.0171875 0.020833333333333332
1 0.35703125 0.24895833333333334 0.0171875 0.027083333333333334
1 0.37734375 0.225 0.0171875 0.020833333333333332
1 0.35859375 0.22291666666666668 0.0140625 0.016666666666666666
1 0.3390625 0.221875 0.0125 0.022916666666666665
1 0.31953125 0.23020833333333332 0.0140625 0.022916666666666665
1 0.3203125 0.25729166666666664 0.015625 0.03125
1 0.29921875 0.23125 0.0203125 0.020833333333333332
1 0.28125 0.225 0.0125 0.016666666666666666
1 0.38671875 0.18645833333333334 0.0140625 0.01875
1 0.36875 0.18958333333333333 0.015625 0.020833333333333332
1 0.334375 0.1875 0.015625 0.020833333333333332
1 0.315625 0.19166666666666668 0.015625 0.029166666666666667
1 0.303125 0.16979166666666667 0.01875 0.027083333333333334
1 0.5421875 0.1 0.0125 0.016666666666666666


1 0.59140625 0.21458333333333332 0.0171875 0.020833333333333332
1 0.77109375 0.9197916666666667 0.0015625 0.0020833333333333333
