
1 0.38125 0.9760416666666667 0.059375 0.04791666666666667
1 0.45 0.9260416666666667 0.053125 0.04375
1 0.24140625 0.9927083333333333 0.0421875 0.014583333333333334
1 0.31796875 0.9583333333333334 0.0640625 0.05
1 0.4046875 0.9114583333333334 0.05625 0.04791666666666667
1 0.1671875 0.9854166666666667 0.065625 0.029166666666666667
1 0.25703125 0.9458333333333333 0.0609375 0.04583333333333333
1 0.33203125 0.9 0.0484375 0.041666666666666664
1 0.4046875 0.8604166666666667 0.05625 0.041666666666666664
1 0.11796875 0.9770833333333333 0.0671875 0.04583333333333333
1 0.19921875 0.9291666666666667 0.0609375 0.04583333333333333
1 0.2890625 0.8833333333333333 0.06875 0.05
1 0.365625 0.840625 0.053125 0.04375

1 0.15234375 0.7583333333333333 0.0515625 0.04583333333333333

1 0.15234375 0.7541666666666667 0.0234375 0.020833333333333332

1 0.2671875 0.765625 0.05625 0.07708333333333334
1 0.36484375 0.7697916666666667 0.0578125 0.04791666666666667
1 0.43125 0.6854166666666667 0.05 0.029166666666666667
1 0.51484375 0.6479166666666667 0.0546875 0.03333333333333333
1 0.60703125 0.7510416666666667 0.0578125 0.04791666666666667
1 0.603125 0.6291666666666667 0.05625 0.03333333333333333
1 0.76484375 0.575 0.0296875 0.041666666666666664

5 0.3546875 0.5729166666666666 0.01875 0.020833333333333332
4 0.34921875 0.5583333333333333 0.0078125 0.020833333333333332
4 0.3703125 0.5510416666666667 0.009375 0.014583333333333334
5 0.40546875 0.5447916666666667 0.0078125 0.022916666666666665
5 0.41953125 0.5427083333333333 0.0109375 0.022916666666666665
4 0.39609375 0.5302083333333333 0.0078125 0.01875
4 0.3671875 0.5104166666666666 0.009375 0.025
4 0.37265625 0.496875 0.0140625 0.01875
5 0.52109375 0.41770833333333335 0.0078125 0.027083333333333334
1 0.57265625 0.39895833333333336 0.0234375 0.03125
5 0.5328125 0.41770833333333335 0.00625 0.01875
5 0.55390625 0.4114583333333333 0.0078125 0.01875
5 0.553125 0.42916666666666664 0.009375 0.020833333333333332
5 0.59296875 0.4895833333333333 0.0109375 0.020833333333333332
5 0.5890625 0.39375 0.015625 0.020833333333333332
5 0.63203125 0.440625 0.0140625 0.03125
5 0.6125 0.3885416666666667 0.009375 0.010416666666666666
5 0.64140625 0.37395833333333334 0.0078125 0.01875
5 0.6171875 0.3625 0.0125 0.016666666666666666
5 0.615625 0.3458333333333333 0.0125 0.016666666666666666
5 0.6125 0.35208333333333336 0.0125 0.0125
5 0.56796875 0.3614583333333333 0.0078125 0.014583333333333334
5 0.5515625 0.3697916666666667 0.00625 0.014583333333333334
5 0.534375 0.3572916666666667 0.009375 0.01875
5 0.53828125 0.35520833333333335 0.0078125 0.022916666666666665
1 0.54765625 0.34270833333333334 0.0203125 0.03125
3 0.54609375 0.2708333333333333 0.0265625 0.0625
1 0.52890625 0.22291666666666668 0.0140625 0.020833333333333332
1 0.52734375 0.18958333333333333 0.0171875 0.025
3 0.5234375 0.14270833333333333 0.021875 0.04791666666666667
1 0.51484375 0.11354166666666667 0.0109375 0.014583333333333334
1 0.5015625 0.09375 0.01875 0.029166666666666667
1 0.48828125 0.06041666666666667 0.0109375 0.016666666666666666
1 0.503125 0.013541666666666667 0.0125 0.014583333333333334
1 0.38046875 0.25 0.0171875 0.020833333333333332
1 0.3578125 0.25 0.015625 0.025
1 0.378125 0.225 0.015625 0.020833333333333332
1 0.35859375 0.22395833333333334 0.0140625 0.01875
1 0.33984375 0.22291666666666668 0.0140625 0.020833333333333332
1 0.32109375 0.23020833333333332 0.0140625 0.022916666666666665
1 0.3203125 0.259375 0.015625 0.03125
1 0.30078125 0.23229166666666667 0.0203125 0.022916666666666665
1 0.28125 0.22708333333333333 0.015625 0.016666666666666666
1 0.3875 0.184375 0.015625 0.01875
1 0.37265625 0.18854166666666666 0.0171875 0.01875
1 0.33203125 0.18645833333333334 0.0140625 0.01875
1 0.31640625 0.19166666666666668 0.0171875 0.029166666666666667
1 0.303125 0.16875 0.01875 0.025
1 0.48515625 0.07083333333333333 0.0140625 0.020833333333333332
1 0.5625 0.26145833333333335 0.015625 0.035416666666666666
1 0.55625 0.225 0.015625 0.03333333333333333
1 0.55 0.190625 0.0125 0.022916666666666665
1 0.5421875 0.16145833333333334 0.015625 0.01875
