
1 0.37109375 0.975 0.0609375 0.05
1 0.44375 0.925 0.053125 0.041666666666666664
1 0.2296875 0.9895833333333334 0.05 0.020833333333333332
1 0.309375 0.9572916666666667 0.0625 0.052083333333333336
1 0.39609375 0.9104166666666667 0.0546875 0.05
1 0.16015625 0.9833333333333333 0.0671875 0.03333333333333333
1 0.24765625 0.9416666666666667 0.0609375 0.04583333333333333
1 0.32578125 0.896875 0.0484375 0.03958333333333333
1 0.39765625 0.8583333333333333 0.0546875 0.041666666666666664
1 0.11015625 0.975 0.0671875 0.05
1 0.1921875 0.9239583333333333 0.0625 0.04791666666666667
1 0.28046875 0.88125 0.0703125 0.05
1 0.36171875 0.8375 0.0546875 0.041666666666666664

1 0.35625 0.8364583333333333 0.053125 0.04375



1 0.2015625 0.6385416666666667 0.01875 0.010416666666666666

1 0.69140625 0.8010416666666667 0.0359375 0.05625


1 0.825 0.7875 0.053125 0.05



4 0.3953125 0.5395833333333333 0.00625 0.020833333333333332
4 0.396875 0.5229166666666667 0.0125 0.025
5 0.44140625 0.5083333333333333 0.0046875 0.020833333333333332
5 0.45546875 0.5177083333333333 0.0078125 0.022916666666666665
4 0.3921875 0.5135416666666667 0.00625 0.010416666666666666
4 0.35078125 0.5083333333333333 0.0078125 0.0125
4 0.3515625 0.50625 0.009375 0.008333333333333333
5 0.48203125 0.41041666666666665 0.0203125 0.04583333333333333

5 0.553125 0.41354166666666664 0.00625 0.014583333333333334
5 0.55859375 0.41458333333333336 0.0078125 0.0125
5 0.5546875 0.4270833333333333 0.0125 0.016666666666666666
5 0.79140625 0.9958333333333333 0.0203125 0.008333333333333333
5 0.60234375 0.3875 0.0171875 0.03333333333333333
5 0.92578125 0.4114583333333333 0.0109375 0.014583333333333334
5 0.784375 0.42083333333333334 0.009375 0.008333333333333333
5 0.78515625 0.421875 0.0109375 0.010416666666666666
5 0.7578125 0.409375 0.0125 0.00625
5 0.9765625 0.39895833333333336 0.015625 0.01875
5 0.75859375 0.4083333333333333 0.0140625 0.008333333333333333
5 0.571875 0.3697916666666667 0.009375 0.01875
5 0.6359375 0.35625 0.0125 0.008333333333333333
5 0.7546875 0.41041666666666665 0.00625 0.004166666666666667
5 0.534375 0.35208333333333336 0.00625 0.016666666666666666
1 0.57734375 0.3729166666666667 0.0140625 0.025

1 0.521875 0.2989583333333333 0.009375 0.027083333333333334
1 0.9921875 0.33541666666666664 0.015625 0.016666666666666666

1 0.73671875 0.43333333333333335 0.0359375 0.0375
1 0.753125 0.41770833333333335 0.0125 0.010416666666666666
1 0.55 0.10833333333333334 0.01875 0.041666666666666664
1 0.546875 0.09791666666666667 0.0125 0.020833333333333332
1 0.37890625 0.25 0.0171875 0.020833333333333332
1 0.35703125 0.24895833333333334 0.0171875 0.027083333333333334
1 0.37734375 0.225 0.0171875 0.020833333333333332
1 0.3578125 0.22395833333333334 0.015625 0.01875
1 0.3390625 0.22291666666666668 0.0125 0.020833333333333332
1 0.31953125 0.23020833333333332 0.0140625 0.022916666666666665
1 0.3203125 0.25729166666666664 0.015625 0.03125
1 0.3 0.23125 0.021875 0.020833333333333332
1 0.28125 0.225 0.0125 0.016666666666666666
1 0.38671875 0.18645833333333334 0.0140625 0.01875
1 0.36875 0.18958333333333333 0.015625 0.020833333333333332
1 0.334375 0.1875 0.015625 0.020833333333333332
1 0.31640625 0.19166666666666668 0.0171875 0.029166666666666667
1 0.303125 0.16979166666666667 0.01875 0.027083333333333334
1 0.5421875 0.1 0.0125 0.016666666666666666


1 0.5921875 0.21354166666666666 0.01875 0.01875

