
1 0.37109375 0.975 0.0609375 0.05
1 0.44375 0.925 0.053125 0.041666666666666664
1 0.2296875 0.9895833333333334 0.05 0.020833333333333332
1 0.309375 0.9572916666666667 0.0625 0.052083333333333336
1 0.39609375 0.9104166666666667 0.0546875 0.05
1 0.16015625 0.9833333333333333 0.0671875 0.03333333333333333
1 0.24765625 0.9416666666666667 0.0609375 0.04583333333333333
1 0.32578125 0.896875 0.0484375 0.03958333333333333
1 0.39765625 0.8583333333333333 0.0546875 0.041666666666666664
1 0.11015625 0.975 0.0671875 0.05
1 0.1921875 0.9239583333333333 0.0625 0.04791666666666667
1 0.28125 0.88125 0.06875 0.05
1 0.3609375 0.8375 0.05625 0.041666666666666664

1 0.35546875 0.8364583333333333 0.0515625 0.04375



1 0.2 0.6375 0.021875 0.016666666666666666

1 0.69140625 0.8072916666666666 0.0359375 0.05625


1 0.825 0.7875 0.053125 0.05



4 0.3953125 0.5395833333333333 0.00625 0.020833333333333332
4 0.396875 0.5229166666666667 0.0125 0.025
5 0.44140625 0.509375 0.0046875 0.022916666666666665
5 0.45546875 0.5177083333333333 0.0078125 0.022916666666666665
4 0.39296875 0.5145833333333333 0.0078125 0.0125
4 0.35078125 0.5072916666666667 0.0078125 0.014583333333333334
4 0.3515625 0.5052083333333334 0.009375 0.010416666666666666
5 0.48203125 0.4083333333333333 0.0203125 0.041666666666666664

5 0.55390625 0.41458333333333336 0.0078125 0.0125
5 0.559375 0.41458333333333336 0.00625 0.0125
5 0.5546875 0.4270833333333333 0.0125 0.016666666666666666
5 0.7953125 0.9927083333333333 0.01875 0.014583333333333334
5 0.6015625 0.384375 0.021875 0.03125
5 0.92890625 0.409375 0.0109375 0.014583333333333334
5 0.78671875 0.421875 0.0078125 0.00625
5 0.78515625 0.42083333333333334 0.0109375 0.008333333333333333
5 0.76015625 0.4114583333333333 0.0109375 0.00625
5 0.97734375 0.40208333333333335 0.0171875 0.020833333333333332
5 0.76484375 0.4083333333333333 0.0140625 0.008333333333333333
5 0.571875 0.37395833333333334 0.0125 0.01875
5 0.6359375 0.353125 0.009375 0.010416666666666666
5 0.7578125 0.4125 0.00625 0.004166666666666667
5 0.534375 0.3541666666666667 0.00625 0.016666666666666666
1 0.578125 0.37604166666666666 0.0125 0.022916666666666665

1 0.52109375 0.3 0.0109375 0.025
1 0.9921875 0.34270833333333334 0.015625 0.03125

1 0.73828125 0.4354166666666667 0.0359375 0.03333333333333333
1 0.75703125 0.42291666666666666 0.0140625 0.0125
1 0.55078125 0.11041666666666666 0.0203125 0.041666666666666664
1 0.54765625 0.09791666666666667 0.0109375 0.020833333333333332
1 0.37890625 0.25 0.0171875 0.020833333333333332
1 0.35703125 0.24895833333333334 0.0171875 0.027083333333333334
1 0.37890625 0.22395833333333334 0.0140625 0.01875
1 0.3578125 0.22395833333333334 0.015625 0.01875
1 0.3390625 0.22291666666666668 0.0125 0.020833333333333332
1 0.31953125 0.23020833333333332 0.0140625 0.022916666666666665
1 0.3203125 0.25833333333333336 0.015625 0.03333333333333333
1 0.29921875 0.23229166666666667 0.0203125 0.022916666666666665
1 0.28125 0.225 0.0125 0.016666666666666666
1 0.38671875 0.18645833333333334 0.0140625 0.01875
1 0.36953125 0.18958333333333333 0.0171875 0.020833333333333332
1 0.334375 0.1875 0.015625 0.020833333333333332
1 0.31640625 0.19166666666666668 0.0171875 0.029166666666666667
1 0.303125 0.16979166666666667 0.01875 0.027083333333333334
1 0.54296875 0.10208333333333333 0.0140625 0.016666666666666666


1 0.59140625 0.21354166666666666 0.0171875 0.01875
1 0.78671875 0.9510416666666667 0.0015625 0.0020833333333333333
