
1 0.37109375 0.975 0.0609375 0.05
1 0.44375 0.9239583333333333 0.053125 0.04375
1 0.2296875 0.9895833333333334 0.05 0.020833333333333332
1 0.309375 0.9572916666666667 0.0625 0.052083333333333336
1 0.39609375 0.9104166666666667 0.0546875 0.05
1 0.16015625 0.9833333333333333 0.0671875 0.03333333333333333
1 0.24765625 0.9416666666666667 0.0609375 0.04583333333333333
1 0.32578125 0.896875 0.0484375 0.03958333333333333
1 0.39765625 0.8583333333333333 0.0546875 0.041666666666666664
1 0.11015625 0.975 0.0671875 0.05
1 0.1921875 0.9239583333333333 0.0625 0.04791666666666667
1 0.28125 0.88125 0.06875 0.05
1 0.3609375 0.8375 0.05625 0.041666666666666664

1 0.35546875 0.8364583333333333 0.0515625 0.04375



1 0.184375 0.6354166666666666 0.021875 0.025

1 0.6984375 0.825 0.03125 0.05


1 0.82578125 0.7875 0.0515625 0.05



4 0.3953125 0.5385416666666667 0.00625 0.01875
4 0.39609375 0.5208333333333334 0.0109375 0.025
5 0.44140625 0.5083333333333333 0.0046875 0.020833333333333332
5 0.45546875 0.5177083333333333 0.0078125 0.022916666666666665
4 0.3921875 0.5135416666666667 0.00625 0.010416666666666666
4 0.35078125 0.5072916666666667 0.0078125 0.014583333333333334
4 0.35234375 0.503125 0.0078125 0.010416666666666666
5 0.48203125 0.41041666666666665 0.0203125 0.04583333333333333

5 0.553125 0.421875 0.009375 0.014583333333333334
5 0.66328125 0.21979166666666666 0.2171875 0.41458333333333336
5 0.55546875 0.42916666666666664 0.0109375 0.016666666666666666

5 0.6 0.39166666666666666 0.021875 0.025
5 0.93828125 0.409375 0.0109375 0.014583333333333334
5 0.7984375 0.42604166666666665 0.009375 0.010416666666666666
5 0.79375 0.4239583333333333 0.015625 0.010416666666666666
5 0.76796875 0.41354166666666664 0.0078125 0.00625
5 0.98828125 0.396875 0.0234375 0.022916666666666665
5 0.771875 0.409375 0.015625 0.00625
5 0.58125 0.3802083333333333 0.009375 0.014583333333333334
5 0.63671875 0.3541666666666667 0.0078125 0.008333333333333333
5 0.76328125 0.4166666666666667 0.0015625 0.004166666666666667
5 0.534375 0.35520833333333335 0.00625 0.014583333333333334
1 0.58046875 0.384375 0.0109375 0.01875

1 0.52265625 0.3020833333333333 0.0109375 0.020833333333333332
1 0.9921875 0.33541666666666664 0.015625 0.020833333333333332

1 0.7453125 0.4375 0.034375 0.0375
1 0.76328125 0.42083333333333334 0.0109375 0.008333333333333333
1 0.5515625 0.11354166666666667 0.01875 0.03958333333333333
1 0.5484375 0.10104166666666667 0.0125 0.01875
1 0.37890625 0.25 0.0171875 0.020833333333333332
1 0.35703125 0.24895833333333334 0.0171875 0.027083333333333334
1 0.37734375 0.225 0.0171875 0.020833333333333332
1 0.3578125 0.22395833333333334 0.015625 0.01875
1 0.3390625 0.22291666666666668 0.0125 0.020833333333333332
1 0.31953125 0.23020833333333332 0.0140625 0.022916666666666665
1 0.3203125 0.25729166666666664 0.015625 0.03125
1 0.3 0.23229166666666667 0.021875 0.022916666666666665
1 0.28203125 0.225 0.0140625 0.016666666666666666
1 0.38671875 0.18645833333333334 0.0140625 0.01875
1 0.36953125 0.18958333333333333 0.0171875 0.020833333333333332
1 0.334375 0.1875 0.015625 0.020833333333333332
1 0.31640625 0.19166666666666668 0.0171875 0.029166666666666667
1 0.303125 0.16979166666666667 0.01875 0.027083333333333334
1 0.54453125 0.10416666666666667 0.0171875 0.016666666666666666


1 0.59140625 0.21354166666666666 0.0171875 0.01875
1 0.790625 0.9708333333333333 0.009375 0.016666666666666666
