
1 0.37109375 0.975 0.0609375 0.05
1 0.44375 0.9239583333333333 0.053125 0.04375
1 0.2296875 0.9895833333333334 0.05 0.020833333333333332
1 0.309375 0.9572916666666667 0.0625 0.052083333333333336
1 0.39609375 0.9104166666666667 0.0546875 0.05
1 0.16015625 0.9833333333333333 0.0671875 0.03333333333333333
1 0.24765625 0.9427083333333334 0.0609375 0.04375
1 0.32578125 0.896875 0.0484375 0.03958333333333333
1 0.39765625 0.8583333333333333 0.0546875 0.041666666666666664
1 0.11015625 0.975 0.0671875 0.05
1 0.1921875 0.9239583333333333 0.0625 0.04791666666666667
1 0.28046875 0.88125 0.0703125 0.05
1 0.3609375 0.8375 0.05625 0.041666666666666664

1 0.35546875 0.8364583333333333 0.0515625 0.04375



1 0.18203125 0.6333333333333333 0.0203125 0.029166666666666667

1 0.7046875 0.8395833333333333 0.034375 0.058333333333333334


1 0.825 0.7875 0.053125 0.05



4 0.39453125 0.5395833333333333 0.0078125 0.020833333333333332
4 0.39609375 0.5208333333333334 0.0109375 0.025
5 0.440625 0.5083333333333333 0.00625 0.020833333333333332
5 0.45546875 0.5177083333333333 0.0078125 0.022916666666666665
4 0.39296875 0.5135416666666667 0.0078125 0.010416666666666666
4 0.35078125 0.5072916666666667 0.0078125 0.014583333333333334
4 0.35234375 0.503125 0.0078125 0.010416666666666666
5 0.48203125 0.4083333333333333 0.0203125 0.041666666666666664

5 0.553125 0.4270833333333333 0.009375 0.016666666666666666
5 0.56015625 0.4270833333333333 0.0109375 0.016666666666666666
5 0.55546875 0.4322916666666667 0.0109375 0.014583333333333334

5 0.59453125 0.3927083333333333 0.0203125 0.022916666666666665
5 0.94296875 0.41041666666666665 0.0109375 0.0125
5 0.8015625 0.425 0.009375 0.008333333333333333
5 0.8 0.425 0.009375 0.0125
5 0.77109375 0.41354166666666664 0.0078125 0.00625
5 0.99140625 0.3927083333333333 0.0171875 0.01875
5 0.77421875 0.4114583333333333 0.0140625 0.00625
5 0.58125 0.3885416666666667 0.009375 0.01875
5 0.6390625 0.353125 0.009375 0.010416666666666666
5 0.76640625 0.41770833333333335 0.0046875 0.00625
5 0.53359375 0.3572916666666667 0.0078125 0.01875
1 0.58125 0.390625 0.009375 0.01875

1 0.52109375 0.30520833333333336 0.0109375 0.022916666666666665
1 0.99296875 0.3333333333333333 0.0140625 0.025

1 0.7484375 0.4375 0.034375 0.0375
1 0.76875 0.4239583333333333 0.0125 0.010416666666666666
1 0.5515625 0.11458333333333333 0.01875 0.0375
1 0.54921875 0.103125 0.0109375 0.01875
1 0.38203125 0.25104166666666666 0.0171875 0.022916666666666665
1 0.35703125 0.24895833333333334 0.0171875 0.027083333333333334
1 0.37890625 0.22395833333333334 0.0140625 0.01875
1 0.3578125 0.22395833333333334 0.015625 0.01875
1 0.3390625 0.22291666666666668 0.0125 0.020833333333333332
1 0.31953125 0.23125 0.0140625 0.020833333333333332
1 0.3203125 0.25833333333333336 0.015625 0.03333333333333333
1 0.3 0.23125 0.021875 0.020833333333333332
1 0.28203125 0.225 0.0140625 0.016666666666666666
1 0.3875 0.18645833333333334 0.015625 0.01875
1 0.36953125 0.18958333333333333 0.0171875 0.020833333333333332
1 0.334375 0.1875 0.015625 0.020833333333333332
1 0.31640625 0.19166666666666668 0.0171875 0.029166666666666667
1 0.303125 0.16979166666666667 0.01875 0.027083333333333334
1 0.5453125 0.10625 0.01875 0.016666666666666666


1 0.59140625 0.2125 0.0171875 0.020833333333333332
1 0.79453125 0.9885416666666667 0.0171875 0.022916666666666665
