
1 0.37109375 0.975 0.0609375 0.05
1 0.44375 0.925 0.053125 0.041666666666666664
1 0.2296875 0.9895833333333334 0.05 0.020833333333333332
1 0.309375 0.9572916666666667 0.0625 0.052083333333333336
1 0.39609375 0.9104166666666667 0.0546875 0.05
1 0.16015625 0.9833333333333333 0.0671875 0.03333333333333333
1 0.2484375 0.9427083333333334 0.059375 0.04375
1 0.32578125 0.896875 0.0484375 0.03958333333333333
1 0.39765625 0.8583333333333333 0.0546875 0.041666666666666664
1 0.11015625 0.975 0.0671875 0.05
1 0.1921875 0.9239583333333333 0.0625 0.04791666666666667
1 0.28046875 0.88125 0.0703125 0.05
1 0.3609375 0.8375 0.05625 0.041666666666666664

1 0.35546875 0.8364583333333333 0.0515625 0.04375



1 0.18359375 0.6333333333333333 0.0234375 0.029166666666666667

1 0.70546875 0.8489583333333334 0.0359375 0.05625


1 0.825 0.7875 0.053125 0.05



4 0.3953125 0.5385416666666667 0.009375 0.022916666666666665
4 0.39609375 0.5208333333333334 0.0109375 0.025
5 0.440625 0.509375 0.00625 0.022916666666666665
5 0.45546875 0.5177083333333333 0.0078125 0.022916666666666665
4 0.39296875 0.5135416666666667 0.0078125 0.010416666666666666
4 0.35078125 0.5083333333333333 0.0078125 0.0125
4 0.35234375 0.5052083333333334 0.0078125 0.010416666666666666
5 0.48203125 0.409375 0.0203125 0.04375

5 0.55390625 0.43020833333333336 0.0109375 0.014583333333333334
5 0.559375 0.42916666666666664 0.015625 0.016666666666666666
5 0.55703125 0.4322916666666667 0.0109375 0.014583333333333334

5 0.590625 0.39375 0.021875 0.020833333333333332
5 0.94453125 0.40625 0.0109375 0.0125
5 0.80390625 0.425 0.0078125 0.008333333333333333
5 0.80234375 0.4239583333333333 0.0109375 0.010416666666666666
5 0.77421875 0.415625 0.0078125 0.00625
5 0.9921875 0.3927083333333333 0.015625 0.022916666666666665
5 0.7765625 0.4125 0.0125 0.008333333333333333
5 0.58203125 0.3927083333333333 0.0078125 0.01875
5 0.63828125 0.353125 0.0078125 0.010416666666666666
5 0.76875 0.421875 0.00625 0.00625
5 0.534375 0.3572916666666667 0.00625 0.01875
1 0.5828125 0.3958333333333333 0.009375 0.020833333333333332

1 0.52265625 0.30625 0.0109375 0.025
1 0.99296875 0.33645833333333336 0.0140625 0.014583333333333334

1 0.7515625 0.44166666666666665 0.034375 0.0375
1 0.77109375 0.4239583333333333 0.0109375 0.010416666666666666
1 0.55234375 0.11770833333333333 0.0171875 0.04375
1 0.55 0.10416666666666667 0.0125 0.016666666666666666
1 0.38203125 0.25 0.0171875 0.020833333333333332
1 0.35703125 0.24895833333333334 0.0171875 0.027083333333333334
1 0.37890625 0.22395833333333334 0.0140625 0.01875
1 0.3578125 0.22395833333333334 0.015625 0.01875
1 0.33984375 0.22291666666666668 0.0140625 0.020833333333333332
1 0.31953125 0.23125 0.0140625 0.020833333333333332
1 0.3203125 0.25729166666666664 0.015625 0.03125
1 0.29921875 0.23125 0.0203125 0.020833333333333332
1 0.2796875 0.225 0.015625 0.016666666666666666
1 0.3875 0.18645833333333334 0.015625 0.01875
1 0.36953125 0.18958333333333333 0.0171875 0.020833333333333332
1 0.33203125 0.1875 0.0140625 0.020833333333333332
1 0.31640625 0.19166666666666668 0.0171875 0.029166666666666667
1 0.303125 0.16979166666666667 0.01875 0.027083333333333334
1 0.55078125 0.10833333333333334 0.0140625 0.020833333333333332


1 0.59140625 0.21354166666666666 0.0171875 0.01875
1 0.7984375 0.9885416666666667 0.025 0.022916666666666665
