
1 0.37109375 0.9739583333333334 0.0609375 0.052083333333333336
1 0.44375 0.925 0.053125 0.041666666666666664
1 0.2296875 0.9895833333333334 0.05 0.020833333333333332
1 0.309375 0.9572916666666667 0.0625 0.052083333333333336
1 0.396875 0.9104166666666667 0.05625 0.05
1 0.16015625 0.9833333333333333 0.0671875 0.03333333333333333
1 0.2484375 0.9427083333333334 0.059375 0.04375
1 0.32578125 0.896875 0.0484375 0.03958333333333333
1 0.39765625 0.8583333333333333 0.0546875 0.041666666666666664
1 0.11015625 0.975 0.0671875 0.05
1 0.1921875 0.9239583333333333 0.0625 0.04791666666666667
1 0.28046875 0.88125 0.0703125 0.05
1 0.36171875 0.8375 0.0546875 0.041666666666666664

1 0.35546875 0.8364583333333333 0.0515625 0.04375



1 0.17421875 0.6354166666666666 0.0328125 0.03333333333333333

1 0.7140625 0.86875 0.034375 0.058333333333333334


1 0.825 0.7885416666666667 0.053125 0.04791666666666667



4 0.39609375 0.5458333333333333 0.0109375 0.03333333333333333
4 0.39609375 0.5197916666666667 0.0109375 0.027083333333333334
5 0.4421875 0.509375 0.00625 0.022916666666666665
5 0.45546875 0.5166666666666667 0.0078125 0.025
4 0.39296875 0.5135416666666667 0.0078125 0.010416666666666666
4 0.35078125 0.5072916666666667 0.0078125 0.014583333333333334
4 0.35390625 0.503125 0.0078125 0.010416666666666666
5 0.4796875 0.409375 0.021875 0.04375

5 0.553125 0.43020833333333336 0.0125 0.014583333333333334
5 0.55390625 0.43020833333333336 0.0140625 0.014583333333333334
5 0.5578125 0.4354166666666667 0.0125 0.016666666666666666

5 0.590625 0.40625 0.021875 0.020833333333333332
5 0.9546875 0.40520833333333334 0.009375 0.010416666666666666
5 0.81015625 0.42604166666666665 0.0109375 0.00625
5 0.80546875 0.4239583333333333 0.0109375 0.010416666666666666
5 0.78046875 0.4166666666666667 0.0078125 0.008333333333333333
5 0.99609375 0.38958333333333334 0.0078125 0.020833333333333332
5 0.78515625 0.41354166666666664 0.0109375 0.00625
5 0.5828125 0.39479166666666665 0.009375 0.01875
5 0.63828125 0.35208333333333336 0.0078125 0.008333333333333333
5 0.77578125 0.421875 0.0078125 0.00625
5 0.53359375 0.3614583333333333 0.0078125 0.01875
1 0.58359375 0.40520833333333334 0.0109375 0.01875

1 0.521875 0.3104166666666667 0.0125 0.020833333333333332
1 0.99296875 0.3385416666666667 0.0140625 0.010416666666666666

1 0.75859375 0.44375 0.0390625 0.03333333333333333
1 0.7765625 0.425 0.009375 0.008333333333333333
1 0.553125 0.11979166666666667 0.015625 0.03958333333333333
1 0.55078125 0.10729166666666666 0.0140625 0.01875
1 0.38125 0.24895833333333334 0.015625 0.01875
1 0.3578125 0.24895833333333334 0.015625 0.027083333333333334
1 0.3796875 0.22395833333333334 0.015625 0.01875
1 0.3578125 0.22395833333333334 0.015625 0.01875
1 0.33984375 0.22291666666666668 0.0140625 0.020833333333333332
1 0.31953125 0.23020833333333332 0.0140625 0.022916666666666665
1 0.3203125 0.25833333333333336 0.015625 0.03333333333333333
1 0.3 0.23125 0.021875 0.020833333333333332
1 0.28203125 0.225 0.0140625 0.016666666666666666
1 0.3875 0.18645833333333334 0.015625 0.01875
1 0.36953125 0.18958333333333333 0.0171875 0.020833333333333332
1 0.334375 0.1875 0.015625 0.020833333333333332
1 0.31640625 0.19166666666666668 0.0171875 0.029166666666666667
1 0.303125 0.16979166666666667 0.01875 0.027083333333333334
1 0.55234375 0.11354166666666667 0.0109375 0.022916666666666665


1 0.590625 0.21354166666666666 0.015625 0.01875

