
1 0.371875 0.975 0.059375 0.05
1 0.44375 0.925 0.053125 0.041666666666666664
1 0.2296875 0.9895833333333334 0.05 0.020833333333333332
1 0.309375 0.9572916666666667 0.0625 0.052083333333333336
1 0.39609375 0.9104166666666667 0.0546875 0.05
1 0.1609375 0.9833333333333333 0.06875 0.03333333333333333
1 0.2484375 0.9416666666666667 0.059375 0.04583333333333333
1 0.32578125 0.896875 0.0484375 0.03958333333333333
1 0.3984375 0.8583333333333333 0.05625 0.041666666666666664
1 0.11015625 0.975 0.0671875 0.05
1 0.1921875 0.9239583333333333 0.0625 0.04791666666666667
1 0.28046875 0.88125 0.0703125 0.05
1 0.3625 0.8375 0.05625 0.041666666666666664

1 0.35546875 0.8364583333333333 0.0515625 0.04375



1 0.17734375 0.6354166666666666 0.0328125 0.03333333333333333

1 0.71796875 0.8822916666666667 0.0390625 0.06041666666666667


1 0.82421875 0.7875 0.0515625 0.05



4 0.390625 0.5458333333333333 0.021875 0.03333333333333333
4 0.39609375 0.5197916666666667 0.0109375 0.022916666666666665
5 0.44140625 0.509375 0.0046875 0.022916666666666665
5 0.45546875 0.5177083333333333 0.0078125 0.022916666666666665
4 0.39296875 0.5135416666666667 0.0078125 0.010416666666666666
4 0.35078125 0.5072916666666667 0.0078125 0.014583333333333334
4 0.35234375 0.5052083333333334 0.0078125 0.010416666666666666
5 0.48203125 0.41041666666666665 0.0203125 0.04583333333333333

5 0.55390625 0.43020833333333336 0.0140625 0.014583333333333334
5 0.5546875 0.43125 0.015625 0.016666666666666666
5 0.5640625 0.4427083333333333 0.009375 0.01875
5 0.58203125 0.43333333333333335 0.0203125 0.029166666666666667
5 0.5859375 0.41354166666666664 0.0125 0.01875
5 0.9578125 0.40520833333333334 0.009375 0.010416666666666666
5 0.81484375 0.4270833333333333 0.0078125 0.008333333333333333
5 0.8125 0.4270833333333333 0.009375 0.008333333333333333
5 0.78359375 0.41770833333333335 0.0078125 0.00625
5 0.996875 0.39166666666666666 0.00625 0.016666666666666666
5 0.7890625 0.41458333333333336 0.0125 0.004166666666666667
5 0.58515625 0.41458333333333336 0.0109375 0.020833333333333332
5 0.6390625 0.35208333333333336 0.00625 0.008333333333333333
5 0.77890625 0.425 0.0078125 0.008333333333333333
5 0.534375 0.3614583333333333 0.00625 0.01875
1 0.58671875 0.4114583333333333 0.0109375 0.01875

1 0.521875 0.31354166666666666 0.0125 0.027083333333333334
1 0.99296875 0.3385416666666667 0.0140625 0.010416666666666666

1 0.76328125 0.44583333333333336 0.0328125 0.029166666666666667
1 0.78046875 0.428125 0.0109375 0.010416666666666666
1 0.55234375 0.10833333333333334 0.0109375 0.016666666666666666
1 0.5515625 0.109375 0.0125 0.01875
1 0.3796875 0.25 0.01875 0.020833333333333332
1 0.3578125 0.24895833333333334 0.015625 0.027083333333333334
1 0.3796875 0.22395833333333334 0.015625 0.01875
1 0.359375 0.22291666666666668 0.0125 0.016666666666666666
1 0.33984375 0.22291666666666668 0.0140625 0.020833333333333332
1 0.31953125 0.23020833333333332 0.0140625 0.022916666666666665
1 0.3203125 0.25833333333333336 0.015625 0.03333333333333333
1 0.3 0.23125 0.021875 0.020833333333333332
1 0.28203125 0.225 0.0140625 0.016666666666666666
1 0.3875 0.18645833333333334 0.015625 0.01875
1 0.36953125 0.18958333333333333 0.0171875 0.020833333333333332
1 0.33203125 0.1875 0.0140625 0.020833333333333332
1 0.31640625 0.19166666666666668 0.0171875 0.029166666666666667
1 0.303125 0.16875 0.01875 0.025
1 0.553125 0.11770833333333333 0.0125 0.027083333333333334


1 0.59140625 0.21354166666666666 0.0171875 0.01875

