
1 0.371875 0.9739583333333334 0.059375 0.052083333333333336
1 0.44375 0.925 0.053125 0.041666666666666664
1 0.23046875 0.9895833333333334 0.0515625 0.020833333333333332
1 0.309375 0.9572916666666667 0.0625 0.052083333333333336
1 0.39609375 0.9104166666666667 0.0546875 0.05
1 0.16015625 0.9833333333333333 0.0671875 0.03333333333333333
1 0.2484375 0.9416666666666667 0.059375 0.04583333333333333
1 0.3265625 0.896875 0.05 0.03958333333333333
1 0.3984375 0.8583333333333333 0.05625 0.041666666666666664
1 0.11015625 0.975 0.0671875 0.05
1 0.1921875 0.9239583333333333 0.0625 0.04791666666666667
1 0.28125 0.88125 0.06875 0.05
1 0.36171875 0.8375 0.0578125 0.041666666666666664

1 0.35625 0.8354166666666667 0.053125 0.041666666666666664



1 0.1625 0.63125 0.034375 0.025

1 0.72578125 0.9104166666666667 0.0421875 0.058333333333333334


1 0.82421875 0.7885416666666667 0.0515625 0.04791666666666667



4 0.396875 0.546875 0.015625 0.035416666666666666
4 0.39609375 0.51875 0.0109375 0.025
5 0.44140625 0.509375 0.0046875 0.022916666666666665
5 0.45625 0.5177083333333333 0.00625 0.022916666666666665
4 0.39296875 0.5135416666666667 0.0078125 0.010416666666666666
4 0.35078125 0.5083333333333333 0.0078125 0.0125
4 0.3515625 0.5052083333333334 0.009375 0.010416666666666666
5 0.48046875 0.41041666666666665 0.0234375 0.04583333333333333

5 0.553125 0.4322916666666667 0.0125 0.014583333333333334
5 0.5546875 0.43333333333333335 0.015625 0.020833333333333332
5 0.56875 0.4552083333333333 0.009375 0.022916666666666665
5 0.5890625 0.434375 0.015625 0.022916666666666665
5 0.58984375 0.42604166666666665 0.0171875 0.022916666666666665
5 0.97109375 0.4010416666666667 0.0109375 0.010416666666666666
5 0.82265625 0.42604166666666665 0.0078125 0.00625
5 0.82109375 0.4270833333333333 0.0109375 0.008333333333333333
5 0.79453125 0.4197916666666667 0.0078125 0.00625
5 0.99921875 0.3885416666666667 0.0015625 0.0020833333333333333
5 0.79765625 0.41770833333333335 0.0078125 0.00625
5 0.5875 0.42916666666666664 0.009375 0.020833333333333332
5 0.64375 0.3541666666666667 0.00625 0.008333333333333333
5 0.79140625 0.425 0.0046875 0.008333333333333333
5 0.53359375 0.36666666666666664 0.0078125 0.020833333333333332
1 0.58828125 0.42604166666666665 0.0109375 0.01875

1 0.52265625 0.3177083333333333 0.0140625 0.01875
1 0.7640625 0.26458333333333334 0.45625 0.15833333333333333

1 0.77421875 0.44479166666666664 0.0390625 0.022916666666666665
1 0.79140625 0.4270833333333333 0.0078125 0.008333333333333333
1 0.55390625 0.11145833333333334 0.0109375 0.014583333333333334
1 0.5546875 0.11354166666666667 0.0125 0.01875
1 0.38046875 0.24895833333333334 0.0171875 0.01875
1 0.3578125 0.24895833333333334 0.015625 0.027083333333333334
1 0.378125 0.225 0.015625 0.020833333333333332
1 0.3578125 0.22395833333333334 0.015625 0.01875
1 0.33984375 0.22291666666666668 0.0140625 0.020833333333333332
1 0.31953125 0.23020833333333332 0.0140625 0.022916666666666665
1 0.3203125 0.25729166666666664 0.015625 0.03125
1 0.30078125 0.23125 0.0203125 0.020833333333333332
1 0.28203125 0.225 0.0140625 0.016666666666666666
1 0.3875 0.18541666666666667 0.015625 0.016666666666666666
1 0.36953125 0.18958333333333333 0.0171875 0.020833333333333332
1 0.33203125 0.1875 0.0140625 0.020833333333333332
1 0.31640625 0.19166666666666668 0.0171875 0.029166666666666667
1 0.303125 0.16875 0.01875 0.025
1 0.553125 0.12291666666666666 0.0125 0.020833333333333332


1 0.590625 0.21354166666666666 0.015625 0.01875

