
1 0.37109375 0.9739583333333334 0.0609375 0.052083333333333336
1 0.44375 0.9239583333333333 0.053125 0.04375
1 0.23046875 0.9895833333333334 0.0515625 0.020833333333333332
1 0.309375 0.9572916666666667 0.0625 0.052083333333333336
1 0.396875 0.9104166666666667 0.05625 0.05
1 0.159375 0.9833333333333333 0.065625 0.03333333333333333
1 0.2484375 0.9416666666666667 0.059375 0.04583333333333333
1 0.32578125 0.896875 0.0484375 0.03958333333333333
1 0.39921875 0.8583333333333333 0.0546875 0.041666666666666664
1 0.11015625 0.975 0.0671875 0.05
1 0.1921875 0.9239583333333333 0.0625 0.04791666666666667
1 0.28125 0.88125 0.06875 0.05
1 0.3625 0.8375 0.05625 0.041666666666666664

1 0.35546875 0.8354166666666667 0.0515625 0.041666666666666664



1 0.153125 0.64375 0.021875 0.0375

1 0.7328125 0.925 0.040625 0.058333333333333334


1 0.82578125 0.7885416666666667 0.0484375 0.04791666666666667



4 0.396875 0.546875 0.015625 0.035416666666666666
4 0.39609375 0.51875 0.0109375 0.025
5 0.44140625 0.509375 0.0046875 0.022916666666666665
5 0.45625 0.5177083333333333 0.00625 0.022916666666666665
4 0.39296875 0.5135416666666667 0.0078125 0.010416666666666666
4 0.3515625 0.5083333333333333 0.009375 0.0125
4 0.3515625 0.50625 0.009375 0.008333333333333333
5 0.4796875 0.41041666666666665 0.021875 0.04583333333333333

5 0.5515625 0.43333333333333335 0.0125 0.016666666666666666
5 0.5546875 0.4427083333333333 0.015625 0.03125
5 0.56953125 0.46145833333333336 0.0109375 0.022916666666666665
5 0.5953125 0.4395833333333333 0.0125 0.016666666666666666
5 0.5921875 0.43854166666666666 0.015625 0.022916666666666665
5 0.96953125 0.40520833333333334 0.0109375 0.010416666666666666
5 0.82890625 0.42604166666666665 0.0078125 0.00625
5 0.828125 0.42604166666666665 0.009375 0.00625
5 0.8 0.4197916666666667 0.009375 0.0020833333333333333

5 0.803125 0.41770833333333335 0.00625 0.00625
5 0.59140625 0.43125 0.0109375 0.0125
5 0.64375 0.3541666666666667 0.00625 0.008333333333333333
5 0.79453125 0.4270833333333333 0.0046875 0.008333333333333333
5 0.53359375 0.36875 0.0078125 0.020833333333333332
1 0.590625 0.4375 0.0125 0.020833333333333332

1 0.52265625 0.31979166666666664 0.0140625 0.01875
1 0.7640625 0.26458333333333334 0.45625 0.15833333333333333

1 0.78046875 0.44583333333333336 0.0359375 0.025
1 0.7953125 0.428125 0.009375 0.010416666666666666
1 0.5546875 0.11354166666666667 0.009375 0.014583333333333334
1 0.5546875 0.11458333333333333 0.0125 0.016666666666666666
1 0.38203125 0.25104166666666666 0.0171875 0.022916666666666665
1 0.3578125 0.24895833333333334 0.015625 0.027083333333333334
1 0.3796875 0.22395833333333334 0.015625 0.01875
1 0.3578125 0.22395833333333334 0.015625 0.01875
1 0.33984375 0.221875 0.0140625 0.022916666666666665
1 0.31953125 0.23020833333333332 0.0140625 0.022916666666666665
1 0.3203125 0.25729166666666664 0.015625 0.03125
1 0.3 0.23125 0.021875 0.020833333333333332
1 0.28203125 0.225 0.0140625 0.016666666666666666
1 0.3875 0.18645833333333334 0.015625 0.01875
1 0.36953125 0.18958333333333333 0.0171875 0.020833333333333332
1 0.33203125 0.1875 0.0140625 0.020833333333333332
1 0.31640625 0.19166666666666668 0.0171875 0.029166666666666667
1 0.303125 0.16979166666666667 0.01875 0.027083333333333334
1 0.553125 0.125 0.0125 0.020833333333333332


1 0.590625 0.2125 0.015625 0.016666666666666666

