
1 0.371875 0.975 0.059375 0.05
1 0.44375 0.9239583333333333 0.053125 0.04375
1 0.23046875 0.9895833333333334 0.0515625 0.020833333333333332
1 0.309375 0.9572916666666667 0.0625 0.052083333333333336
1 0.396875 0.9104166666666667 0.05625 0.05
1 0.159375 0.9833333333333333 0.065625 0.03333333333333333
1 0.2484375 0.9416666666666667 0.059375 0.04583333333333333
1 0.32578125 0.896875 0.0484375 0.03958333333333333
1 0.39921875 0.8583333333333333 0.0546875 0.041666666666666664
1 0.11015625 0.975 0.0671875 0.05
1 0.1921875 0.9239583333333333 0.0625 0.04791666666666667
1 0.28125 0.88125 0.06875 0.05
1 0.3625 0.8375 0.05625 0.041666666666666664

1 0.35546875 0.8364583333333333 0.0515625 0.04375



1 0.1578125 0.6427083333333333 0.034375 0.03958333333333333

1 0.7359375 0.93125 0.040625 0.058333333333333334


1 0.825 0.7885416666666667 0.05 0.04791666666666667



4 0.39609375 0.546875 0.0171875 0.035416666666666666
4 0.39609375 0.51875 0.0109375 0.025
5 0.440625 0.509375 0.00625 0.022916666666666665
5 0.45625 0.5166666666666667 0.00625 0.025
4 0.39296875 0.5135416666666667 0.0078125 0.010416666666666666
4 0.35078125 0.5083333333333333 0.0078125 0.0125
4 0.3515625 0.50625 0.009375 0.008333333333333333
5 0.4796875 0.41041666666666665 0.021875 0.04583333333333333

5 0.5546875 0.42916666666666664 0.0125 0.0125
5 0.55390625 0.4427083333333333 0.0140625 0.03125
5 0.5703125 0.46458333333333335 0.009375 0.020833333333333332
5 0.59453125 0.44166666666666665 0.0109375 0.020833333333333332
5 0.59375 0.4427083333333333 0.015625 0.022916666666666665
5 0.971875 0.40520833333333334 0.0125 0.014583333333333334
5 0.8328125 0.428125 0.009375 0.00625
5 0.83125 0.4270833333333333 0.009375 0.008333333333333333
5 0.80390625 0.41875 0.0078125 0.004166666666666667

5 0.80625 0.41770833333333335 0.009375 0.00625
5 0.590625 0.44166666666666665 0.0125 0.020833333333333332
5 0.64375 0.3541666666666667 0.00625 0.008333333333333333
5 0.79921875 0.42604166666666665 0.0046875 0.00625
5 0.534375 0.3697916666666667 0.00625 0.01875
1 0.5921875 0.440625 0.0125 0.022916666666666665

1 0.5265625 0.31666666666666665 0.009375 0.016666666666666666
1 0.7625 0.2604166666666667 0.459375 0.16666666666666666

1 0.78359375 0.446875 0.0359375 0.027083333333333334
1 0.80078125 0.4270833333333333 0.0109375 0.008333333333333333
1 0.5546875 0.115625 0.009375 0.014583333333333334
1 0.55546875 0.115625 0.0109375 0.014583333333333334
1 0.3796875 0.25 0.01875 0.020833333333333332
1 0.35703125 0.24895833333333334 0.0171875 0.027083333333333334
1 0.37734375 0.225 0.0171875 0.020833333333333332
1 0.3578125 0.22395833333333334 0.015625 0.01875
1 0.33984375 0.221875 0.0140625 0.01875
1 0.31953125 0.23020833333333332 0.0140625 0.022916666666666665
1 0.3203125 0.25729166666666664 0.015625 0.03125
1 0.3 0.23125 0.021875 0.020833333333333332
1 0.28203125 0.225 0.0140625 0.016666666666666666
1 0.3875 0.18645833333333334 0.015625 0.01875
1 0.36953125 0.18958333333333333 0.0171875 0.020833333333333332
1 0.3328125 0.18645833333333334 0.0125 0.01875
1 0.31640625 0.19166666666666668 0.0171875 0.029166666666666667
1 0.303125 0.16875 0.01875 0.025
1 0.553125 0.125 0.0125 0.020833333333333332


1 0.590625 0.2125 0.015625 0.020833333333333332
1 0.73203125 0.9135416666666667 0.0171875 0.014583333333333334
