
1 0.37109375 0.975 0.0609375 0.05
1 0.44375 0.9239583333333333 0.053125 0.04375
1 0.23046875 0.9895833333333334 0.0515625 0.020833333333333332
1 0.30703125 0.95625 0.0640625 0.05
1 0.396875 0.9104166666666667 0.05625 0.05
1 0.159375 0.9833333333333333 0.065625 0.03333333333333333
1 0.2484375 0.9416666666666667 0.059375 0.04583333333333333
1 0.32578125 0.896875 0.0484375 0.03958333333333333
1 0.39921875 0.8583333333333333 0.0546875 0.041666666666666664
1 0.11015625 0.975 0.0671875 0.05
1 0.1921875 0.9239583333333333 0.0625 0.04791666666666667
1 0.28125 0.88125 0.06875 0.05
1 0.3625 0.8375 0.05625 0.041666666666666664

1 0.35546875 0.8354166666666667 0.0515625 0.041666666666666664



1 0.15234375 0.6427083333333333 0.0234375 0.03958333333333333

1 0.7390625 0.9458333333333333 0.046875 0.058333333333333334


1 0.825 0.7885416666666667 0.05 0.04791666666666667



4 0.39609375 0.5479166666666667 0.0171875 0.0375
4 0.39609375 0.51875 0.0109375 0.025
5 0.44140625 0.509375 0.0046875 0.022916666666666665
5 0.45703125 0.5177083333333333 0.0078125 0.022916666666666665
4 0.39296875 0.5135416666666667 0.0078125 0.010416666666666666
4 0.35078125 0.5072916666666667 0.0078125 0.014583333333333334
4 0.3515625 0.50625 0.009375 0.008333333333333333
5 0.48125 0.41041666666666665 0.021875 0.04583333333333333

5 0.5546875 0.42916666666666664 0.0125 0.0125
5 0.553125 0.44375 0.0125 0.025
5 0.5703125 0.46979166666666666 0.009375 0.01875
5 0.59609375 0.45208333333333334 0.0109375 0.020833333333333332
5 0.59296875 0.4479166666666667 0.0109375 0.016666666666666666
5 0.9765625 0.3958333333333333 0.0125 0.0125
5 0.8359375 0.42604166666666665 0.009375 0.00625
5 0.83515625 0.428125 0.0109375 0.00625
5 0.80625 0.42291666666666666 0.00625 0.004166666666666667

5 0.8109375 0.41875 0.00625 0.004166666666666667
5 0.59453125 0.4479166666666667 0.0109375 0.016666666666666666
5 0.64453125 0.3541666666666667 0.0078125 0.008333333333333333
5 0.803125 0.4270833333333333 0.00625 0.008333333333333333
5 0.534375 0.37083333333333335 0.00625 0.016666666666666666
1 0.59296875 0.446875 0.0109375 0.01875

1 0.528125 0.31875 0.009375 0.016666666666666666
1 0.7640625 0.2604166666666667 0.4625 0.16666666666666666

1 0.7875 0.446875 0.040625 0.027083333333333334
1 0.8046875 0.428125 0.009375 0.010416666666666666
1 0.55546875 0.11875 0.0109375 0.0125
1 0.5546875 0.12291666666666666 0.0125 0.016666666666666666
1 0.38125 0.24895833333333334 0.015625 0.01875
1 0.3578125 0.24895833333333334 0.015625 0.027083333333333334
1 0.3796875 0.22395833333333334 0.015625 0.01875
1 0.35859375 0.22395833333333334 0.0171875 0.01875
1 0.3390625 0.22395833333333334 0.015625 0.022916666666666665
1 0.31953125 0.23020833333333332 0.0140625 0.022916666666666665
1 0.3203125 0.25729166666666664 0.015625 0.03125
1 0.3 0.23125 0.021875 0.020833333333333332
1 0.28203125 0.225 0.0140625 0.016666666666666666
1 0.3875 0.18645833333333334 0.015625 0.01875
1 0.36953125 0.18958333333333333 0.0171875 0.020833333333333332
1 0.33203125 0.18645833333333334 0.0140625 0.01875
1 0.31640625 0.19166666666666668 0.0171875 0.029166666666666667
1 0.303125 0.16875 0.01875 0.025
1 0.5546875 0.12083333333333333 0.0125 0.016666666666666666


1 0.590625 0.21354166666666666 0.015625 0.01875
1 0.740625 0.928125 0.009375 0.01875
