
1 0.371875 0.9739583333333334 0.059375 0.052083333333333336
1 0.44453125 0.9239583333333333 0.0515625 0.03958333333333333
1 0.23046875 0.9895833333333334 0.0515625 0.020833333333333332
1 0.31015625 0.9572916666666667 0.0609375 0.052083333333333336
1 0.39765625 0.9104166666666667 0.0546875 0.05
1 0.159375 0.9833333333333333 0.065625 0.03333333333333333
1 0.2484375 0.9416666666666667 0.059375 0.04583333333333333
1 0.32578125 0.896875 0.0484375 0.03958333333333333
1 0.39921875 0.8583333333333333 0.0546875 0.041666666666666664
1 0.11015625 0.975 0.0671875 0.05
1 0.1921875 0.9239583333333333 0.0625 0.04791666666666667
1 0.28125 0.88125 0.06875 0.05
1 0.3625 0.8375 0.05625 0.041666666666666664

1 0.35546875 0.8364583333333333 0.0515625 0.04375



1 0.14609375 0.65 0.0328125 0.03333333333333333

1 0.75078125 0.9708333333333333 0.0421875 0.058333333333333334


1 0.82578125 0.7875 0.0546875 0.04583333333333333



4 0.39609375 0.5479166666666667 0.0171875 0.0375
4 0.3953125 0.5166666666666667 0.009375 0.020833333333333332
5 0.44140625 0.509375 0.0046875 0.022916666666666665
5 0.45703125 0.5166666666666667 0.0078125 0.025
4 0.39296875 0.5135416666666667 0.0078125 0.010416666666666666
4 0.3515625 0.5072916666666667 0.009375 0.014583333333333334
4 0.3515625 0.50625 0.009375 0.0125
5 0.48203125 0.41041666666666665 0.0203125 0.04583333333333333

5 0.5546875 0.428125 0.0125 0.010416666666666666
5 0.5515625 0.434375 0.009375 0.014583333333333334
5 0.571875 0.48020833333333335 0.009375 0.022916666666666665
5 0.5984375 0.465625 0.009375 0.01875
5 0.59609375 0.4583333333333333 0.0109375 0.020833333333333332
5 0.99140625 0.39375 0.0171875 0.0125
5 0.84375 0.4270833333333333 0.00625 0.008333333333333333
5 0.84375 0.4270833333333333 0.009375 0.008333333333333333


5 0.81875 0.41875 0.00625 0.004166666666666667
5 0.596875 0.459375 0.009375 0.01875
5 0.6453125 0.35520833333333335 0.00625 0.00625
5 0.80859375 0.43020833333333336 0.0046875 0.00625
5 0.534375 0.3729166666666667 0.00625 0.016666666666666666
1 0.5953125 0.4625 0.0125 0.025

1 0.52890625 0.32083333333333336 0.0109375 0.016666666666666666
1 0.54296875 0.2 0.0203125 0.03333333333333333

1 0.79296875 0.446875 0.0453125 0.027083333333333334
1 0.81015625 0.43125 0.0078125 0.008333333333333333
1 0.55546875 0.12291666666666666 0.0109375 0.016666666666666666
1 0.55625 0.125 0.0125 0.016666666666666666
1 0.38046875 0.25 0.0171875 0.020833333333333332
1 0.3578125 0.24895833333333334 0.015625 0.027083333333333334
1 0.3796875 0.22395833333333334 0.015625 0.01875
1 0.35859375 0.22395833333333334 0.0171875 0.01875
1 0.33984375 0.22291666666666668 0.0140625 0.020833333333333332
1 0.32109375 0.22604166666666667 0.0140625 0.01875
1 0.3203125 0.25729166666666664 0.015625 0.03125
1 0.30078125 0.23125 0.0203125 0.020833333333333332
1 0.28203125 0.225 0.0140625 0.016666666666666666
1 0.3875 0.18645833333333334 0.015625 0.01875
1 0.36953125 0.18958333333333333 0.0171875 0.020833333333333332
1 0.3328125 0.18645833333333334 0.0125 0.01875
1 0.31640625 0.19166666666666668 0.0171875 0.029166666666666667
1 0.303125 0.16875 0.01875 0.025
1 0.55546875 0.12291666666666666 0.0109375 0.016666666666666666


1 0.590625 0.21354166666666666 0.015625 0.01875
1 0.74765625 0.9510416666666667 0.0171875 0.0020833333333333333
