
1 0.371875 0.975 0.059375 0.05
1 0.44453125 0.9239583333333333 0.0515625 0.04375
1 0.23046875 0.9895833333333334 0.0515625 0.020833333333333332
1 0.31015625 0.9572916666666667 0.0609375 0.052083333333333336
1 0.39765625 0.9104166666666667 0.0546875 0.05
1 0.159375 0.9833333333333333 0.065625 0.03333333333333333
1 0.2484375 0.9416666666666667 0.059375 0.04583333333333333
1 0.32578125 0.896875 0.0484375 0.03958333333333333
1 0.39921875 0.8583333333333333 0.0546875 0.041666666666666664
1 0.11015625 0.975 0.0671875 0.05
1 0.1921875 0.9239583333333333 0.0625 0.04791666666666667
1 0.28125 0.88125 0.06875 0.05
1 0.3625 0.8375 0.05625 0.041666666666666664

1 0.35546875 0.8364583333333333 0.0515625 0.04375



1 0.1375 0.6447916666666667 0.021875 0.022916666666666665

1 0.76015625 0.9864583333333333 0.0390625 0.027083333333333334


1 0.82265625 0.7864583333333334 0.0515625 0.04375



4 0.3921875 0.5489583333333333 0.025 0.03958333333333333
4 0.3953125 0.5166666666666667 0.009375 0.020833333333333332
5 0.4421875 0.509375 0.00625 0.022916666666666665
5 0.45625 0.5166666666666667 0.00625 0.025
4 0.39296875 0.5135416666666667 0.0078125 0.010416666666666666
4 0.3515625 0.5072916666666667 0.009375 0.014583333333333334
4 0.353125 0.503125 0.009375 0.010416666666666666
5 0.48203125 0.4083333333333333 0.0203125 0.041666666666666664

5 0.55546875 0.428125 0.0109375 0.010416666666666666
5 0.55390625 0.4395833333333333 0.0140625 0.025
5 0.575 0.4947916666666667 0.0125 0.022916666666666665
5 0.6 0.47708333333333336 0.009375 0.020833333333333332
5 0.6 0.47604166666666664 0.009375 0.01875
5 0.99375 0.38645833333333335 0.0125 0.010416666666666666
5 0.85625 0.4270833333333333 0.009375 0.008333333333333333
5 0.85390625 0.428125 0.0109375 0.010416666666666666
5 0.825 0.425 0.00625 0.008333333333333333

5 0.83125 0.4197916666666667 0.009375 0.0020833333333333333
5 0.6 0.4739583333333333 0.009375 0.01875
5 0.6453125 0.35520833333333335 0.00625 0.00625
5 0.821875 0.43020833333333336 0.00625 0.00625
5 0.534375 0.37395833333333334 0.00625 0.014583333333333334
1 0.6 0.475 0.009375 0.020833333333333332

1 0.52890625 0.32916666666666666 0.0109375 0.020833333333333332
1 0.55 0.21145833333333333 0.01875 0.022916666666666665

1 0.81484375 0.4479166666666667 0.0359375 0.025
1 0.8234375 0.42916666666666664 0.009375 0.008333333333333333
1 0.55546875 0.12916666666666668 0.0109375 0.016666666666666666
1 0.55625 0.13020833333333334 0.0125 0.01875
1 0.38125 0.24895833333333334 0.015625 0.01875
1 0.3578125 0.24895833333333334 0.015625 0.027083333333333334
1 0.3796875 0.22395833333333334 0.015625 0.01875
1 0.35859375 0.22395833333333334 0.0171875 0.01875
1 0.3390625 0.22395833333333334 0.015625 0.022916666666666665
1 0.32109375 0.22708333333333333 0.0140625 0.016666666666666666
1 0.3203125 0.25729166666666664 0.015625 0.03125
1 0.3 0.23229166666666667 0.021875 0.022916666666666665
1 0.28203125 0.225 0.0140625 0.016666666666666666
1 0.3875 0.18645833333333334 0.015625 0.01875
1 0.36953125 0.18958333333333333 0.0171875 0.020833333333333332
1 0.33203125 0.18645833333333334 0.0140625 0.01875
1 0.31640625 0.19166666666666668 0.0171875 0.029166666666666667
1 0.303125 0.16875 0.01875 0.025
1 0.55703125 0.12916666666666668 0.0109375 0.016666666666666666


1 0.5921875 0.20625 0.015625 0.020833333333333332

