
1 0.38125 0.9760416666666667 0.059375 0.04791666666666667
1 0.44921875 0.9260416666666667 0.0515625 0.04375
1 0.24140625 0.9927083333333333 0.0421875 0.014583333333333334
1 0.31796875 0.9583333333333334 0.0640625 0.05
1 0.4046875 0.9114583333333334 0.05625 0.04791666666666667
1 0.1671875 0.9854166666666667 0.065625 0.029166666666666667
1 0.25703125 0.9458333333333333 0.0609375 0.04583333333333333
1 0.33203125 0.9 0.0484375 0.041666666666666664
1 0.40390625 0.8604166666666667 0.0546875 0.041666666666666664
1 0.1171875 0.9770833333333333 0.065625 0.04583333333333333
1 0.2 0.928125 0.0625 0.04791666666666667
1 0.2890625 0.8833333333333333 0.06875 0.05
1 0.365625 0.840625 0.05 0.04375

1 0.24453125 0.75625 0.0421875 0.03333333333333333

1 0.12890625 0.7739583333333333 0.0046875 0.014583333333333334
1 0.415625 0.6885416666666667 0.05625 0.03125
1 0.2453125 0.7770833333333333 0.053125 0.075
1 0.35234375 0.7760416666666666 0.0578125 0.04791666666666667
1 0.40859375 0.6875 0.0421875 0.029166666666666667
1 0.5 0.6458333333333334 0.053125 0.03333333333333333
1 0.5890625 0.7427083333333333 0.040625 0.035416666666666666
1 0.59140625 0.6291666666666667 0.0609375 0.0375
1 0.75703125 0.5541666666666667 0.0296875 0.041666666666666664

5 0.35390625 0.575 0.0203125 0.020833333333333332
4 0.3484375 0.5583333333333333 0.00625 0.020833333333333332
4 0.36953125 0.5510416666666667 0.0078125 0.014583333333333334
5 0.40546875 0.5447916666666667 0.0078125 0.022916666666666665
5 0.41796875 0.540625 0.0078125 0.022916666666666665
4 0.39609375 0.5302083333333333 0.0078125 0.01875
4 0.3671875 0.5104166666666666 0.009375 0.025
4 0.37265625 0.4979166666666667 0.0140625 0.016666666666666666
5 0.52109375 0.41770833333333335 0.0078125 0.027083333333333334
1 0.571875 0.39895833333333336 0.021875 0.03125
5 0.5328125 0.41770833333333335 0.00625 0.01875
5 0.55390625 0.4114583333333333 0.0078125 0.01875
5 0.553125 0.42916666666666664 0.009375 0.020833333333333332
5 0.59765625 0.49270833333333336 0.0078125 0.01875
5 0.590625 0.39166666666666666 0.015625 0.016666666666666666
5 0.63671875 0.44895833333333335 0.0203125 0.035416666666666666
5 0.61328125 0.3885416666666667 0.0078125 0.010416666666666666
5 0.64140625 0.375 0.0078125 0.016666666666666666
5 0.6171875 0.36666666666666664 0.009375 0.025
5 0.615625 0.3458333333333333 0.0125 0.016666666666666666
5 0.6140625 0.35104166666666664 0.0125 0.014583333333333334
5 0.56953125 0.3625 0.0078125 0.0125
5 0.5515625 0.3697916666666667 0.00625 0.014583333333333334
5 0.53359375 0.3572916666666667 0.0078125 0.01875
5 0.53828125 0.35520833333333335 0.0078125 0.022916666666666665
1 0.54609375 0.34479166666666666 0.0203125 0.03125
3 0.54609375 0.2708333333333333 0.0265625 0.0625
1 0.52890625 0.22395833333333334 0.0140625 0.022916666666666665
1 0.52734375 0.18958333333333333 0.0171875 0.025
3 0.5203125 0.14375 0.021875 0.05
1 0.51484375 0.11354166666666667 0.0109375 0.014583333333333334
1 0.5 0.09479166666666666 0.01875 0.027083333333333334
1 0.48828125 0.06354166666666666 0.0109375 0.01875
1 0.503125 0.019791666666666666 0.0125 0.01875
1 0.38203125 0.25104166666666666 0.0171875 0.022916666666666665
1 0.36171875 0.24791666666666667 0.0140625 0.025
1 0.3796875 0.22395833333333334 0.015625 0.01875
1 0.3578125 0.22395833333333334 0.015625 0.01875
1 0.3390625 0.22395833333333334 0.015625 0.022916666666666665
1 0.32109375 0.22708333333333333 0.0140625 0.016666666666666666
1 0.3203125 0.259375 0.015625 0.03125
1 0.3 0.23229166666666667 0.021875 0.022916666666666665
1 0.28125 0.22604166666666667 0.015625 0.01875
1 0.3875 0.18541666666666667 0.015625 0.020833333333333332
1 0.37265625 0.18958333333333333 0.0171875 0.020833333333333332
1 0.334375 0.1875 0.015625 0.020833333333333332
1 0.3140625 0.19166666666666668 0.015625 0.029166666666666667
1 0.303125 0.16875 0.01875 0.025
1 0.48359375 0.06875 0.0140625 0.016666666666666666
1 0.5625 0.26145833333333335 0.015625 0.035416666666666666
1 0.55625 0.225 0.015625 0.03333333333333333
1 0.55 0.190625 0.0125 0.022916666666666665
1 0.54140625 0.16354166666666667 0.0171875 0.022916666666666665
