
1 0.371875 0.9739583333333334 0.059375 0.052083333333333336
1 0.44453125 0.925 0.0515625 0.041666666666666664
1 0.23046875 0.9895833333333334 0.0515625 0.020833333333333332
1 0.31015625 0.9572916666666667 0.0609375 0.052083333333333336
1 0.39765625 0.9104166666666667 0.0546875 0.05
1 0.16015625 0.9833333333333333 0.0671875 0.03333333333333333
1 0.2484375 0.9416666666666667 0.059375 0.04583333333333333
1 0.3265625 0.896875 0.05 0.03958333333333333
1 0.39921875 0.8583333333333333 0.0546875 0.041666666666666664
1 0.11015625 0.975 0.0671875 0.05
1 0.1921875 0.9239583333333333 0.0625 0.04791666666666667
1 0.28125 0.88125 0.06875 0.05
1 0.3625 0.8375 0.05625 0.041666666666666664

1 0.35546875 0.8354166666666667 0.0515625 0.041666666666666664



1 0.14296875 0.6458333333333334 0.0328125 0.025

1 0.76328125 0.99375 0.0328125 0.0125


1 0.8296875 0.7864583333333334 0.05625 0.04375



4 0.3921875 0.55 0.025 0.0375
4 0.3953125 0.5166666666666667 0.009375 0.020833333333333332
5 0.4421875 0.509375 0.00625 0.022916666666666665
5 0.45703125 0.5166666666666667 0.0078125 0.025
4 0.39296875 0.5135416666666667 0.0078125 0.010416666666666666
4 0.35078125 0.5072916666666667 0.0078125 0.014583333333333334
4 0.35078125 0.50625 0.0078125 0.0125
5 0.48125 0.41041666666666665 0.021875 0.04583333333333333

5 0.55546875 0.428125 0.0109375 0.010416666666666666
5 0.55390625 0.4395833333333333 0.0140625 0.025
5 0.58046875 0.5020833333333333 0.0109375 0.020833333333333332
5 0.60078125 0.4864583333333333 0.0109375 0.01875
5 0.6015625 0.484375 0.009375 0.01875
5 0.9953125 0.38958333333333334 0.009375 0.016666666666666666
5 0.86015625 0.4270833333333333 0.0078125 0.008333333333333333
5 0.86015625 0.428125 0.0078125 0.010416666666666666
5 0.8296875 0.425 0.003125 0.004166666666666667

5 0.83515625 0.42083333333333334 0.0078125 0.004166666666666667
5 0.60078125 0.484375 0.0109375 0.01875
5 0.64453125 0.35625 0.0078125 0.008333333333333333
5 0.8265625 0.43020833333333336 0.003125 0.00625
5 0.53359375 0.3729166666666667 0.0078125 0.016666666666666666
1 0.6015625 0.484375 0.009375 0.01875

1 0.5296875 0.33229166666666665 0.0125 0.01875
1 0.55 0.2125 0.01875 0.025

1 0.81640625 0.45 0.0390625 0.029166666666666667
1 0.828125 0.43020833333333336 0.00625 0.00625
1 0.55703125 0.13020833333333334 0.0109375 0.014583333333333334
1 0.55625 0.13333333333333333 0.0125 0.016666666666666666
1 0.3796875 0.25 0.01875 0.020833333333333332
1 0.3578125 0.24895833333333334 0.015625 0.027083333333333334
1 0.3796875 0.22395833333333334 0.015625 0.01875
1 0.35859375 0.22395833333333334 0.0171875 0.01875
1 0.33984375 0.22291666666666668 0.0140625 0.020833333333333332
1 0.32109375 0.22708333333333333 0.0140625 0.016666666666666666
1 0.3203125 0.25729166666666664 0.015625 0.03125
1 0.3 0.23125 0.021875 0.020833333333333332
1 0.28203125 0.225 0.0140625 0.016666666666666666
1 0.3875 0.18645833333333334 0.015625 0.01875
1 0.36953125 0.18958333333333333 0.0171875 0.020833333333333332
1 0.33203125 0.18645833333333334 0.0140625 0.01875
1 0.31640625 0.19166666666666668 0.0171875 0.029166666666666667
1 0.303125 0.16875 0.01875 0.025
1 0.55703125 0.13020833333333334 0.0109375 0.014583333333333334


1 0.590625 0.21145833333333333 0.015625 0.01875
1 0.55859375 0.13645833333333332 0.0046875 0.00625
