
1 0.371875 0.975 0.059375 0.05
1 0.44453125 0.925 0.0515625 0.041666666666666664
1 0.23046875 0.9895833333333334 0.0515625 0.020833333333333332
1 0.3109375 0.9572916666666667 0.0625 0.052083333333333336
1 0.39765625 0.9104166666666667 0.0546875 0.05
1 0.16015625 0.9833333333333333 0.0671875 0.03333333333333333
1 0.2484375 0.9416666666666667 0.059375 0.04583333333333333
1 0.3265625 0.896875 0.05 0.03958333333333333
1 0.39921875 0.8583333333333333 0.0546875 0.041666666666666664
1 0.11015625 0.975 0.0671875 0.05
1 0.1921875 0.9239583333333333 0.0625 0.04791666666666667
1 0.28125 0.88125 0.06875 0.05
1 0.3625 0.8375 0.05625 0.041666666666666664

1 0.35546875 0.8364583333333333 0.0515625 0.04375



1 0.13125 0.6520833333333333 0.034375 0.0375

1 0.77109375 0.9979166666666667 0.0171875 0.004166666666666667


1 0.8375 0.7875 0.046875 0.05



4 0.39609375 0.55 0.0171875 0.0375
4 0.3953125 0.5166666666666667 0.009375 0.020833333333333332
5 0.4421875 0.509375 0.00625 0.022916666666666665
5 0.45703125 0.5166666666666667 0.0078125 0.025
4 0.39296875 0.5135416666666667 0.0078125 0.010416666666666666
4 0.3515625 0.5072916666666667 0.009375 0.014583333333333334
4 0.35234375 0.503125 0.0078125 0.010416666666666666
5 0.48125 0.41041666666666665 0.021875 0.04583333333333333

5 0.55546875 0.428125 0.0109375 0.010416666666666666
5 0.553125 0.4395833333333333 0.0125 0.025
5 0.578125 0.5072916666666667 0.0125 0.022916666666666665
5 0.603125 0.490625 0.009375 0.01875
5 0.603125 0.4895833333333333 0.009375 0.020833333333333332
5 0.99609375 0.38958333333333334 0.0078125 0.016666666666666666
5 0.86328125 0.428125 0.0078125 0.00625
5 0.86328125 0.42916666666666664 0.0078125 0.008333333333333333
5 0.83515625 0.42604166666666665 0.0046875 0.00625

5 0.8390625 0.42083333333333334 0.009375 0.004166666666666667
5 0.60234375 0.4875 0.0078125 0.016666666666666666
5 0.64453125 0.35625 0.0078125 0.008333333333333333
5 0.83203125 0.43020833333333336 0.0046875 0.00625
5 0.5328125 0.3729166666666667 0.00625 0.0125
1 0.60234375 0.48854166666666665 0.0109375 0.01875

1 0.5296875 0.33229166666666665 0.0125 0.01875
1 0.553125 0.215625 0.01875 0.022916666666666665

1 0.8171875 0.4510416666666667 0.040625 0.027083333333333334
1 0.8328125 0.43020833333333336 0.009375 0.00625
1 0.55703125 0.13125 0.0109375 0.0125
1 0.55625 0.134375 0.0125 0.01875
1 0.38125 0.24895833333333334 0.015625 0.01875
1 0.3578125 0.24895833333333334 0.015625 0.027083333333333334
1 0.3796875 0.22395833333333334 0.015625 0.01875
1 0.35859375 0.22395833333333334 0.0171875 0.01875
1 0.33984375 0.22291666666666668 0.0140625 0.020833333333333332
1 0.32109375 0.22916666666666666 0.0140625 0.020833333333333332
1 0.3203125 0.25729166666666664 0.015625 0.03125
1 0.3 0.23229166666666667 0.021875 0.022916666666666665
1 0.28203125 0.225 0.0140625 0.016666666666666666
1 0.3875 0.18645833333333334 0.015625 0.01875
1 0.36953125 0.18958333333333333 0.0171875 0.020833333333333332
1 0.3328125 0.18645833333333334 0.0125 0.01875
1 0.3140625 0.19166666666666668 0.015625 0.029166666666666667
1 0.303125 0.16875 0.01875 0.025
1 0.5578125 0.13125 0.0125 0.016666666666666666


1 0.59140625 0.21145833333333333 0.0140625 0.01875
1 0.55625 0.13645833333333332 0.009375 0.00625
