
1 0.37265625 0.9739583333333334 0.0609375 0.052083333333333336
1 0.44453125 0.9239583333333333 0.0515625 0.04375
1 0.23046875 0.9895833333333334 0.0515625 0.020833333333333332
1 0.31015625 0.9572916666666667 0.0609375 0.052083333333333336
1 0.39765625 0.9104166666666667 0.0546875 0.05
1 0.16015625 0.9833333333333333 0.0671875 0.03333333333333333
1 0.2484375 0.9416666666666667 0.059375 0.04583333333333333
1 0.3265625 0.896875 0.05 0.03958333333333333
1 0.39921875 0.8583333333333333 0.0546875 0.041666666666666664
1 0.11015625 0.975 0.0671875 0.05
1 0.1921875 0.9239583333333333 0.0625 0.04791666666666667
1 0.28125 0.88125 0.06875 0.05
1 0.36328125 0.8375 0.0578125 0.041666666666666664

1 0.35625 0.8364583333333333 0.053125 0.04375



1 0.12890625 0.6458333333333334 0.0390625 0.05




1 0.82421875 0.7770833333333333 0.0453125 0.04583333333333333



4 0.390625 0.55 0.021875 0.0375
4 0.3953125 0.515625 0.009375 0.01875
5 0.4421875 0.5104166666666666 0.00625 0.020833333333333332
5 0.45703125 0.5166666666666667 0.0078125 0.025
4 0.39296875 0.5135416666666667 0.0078125 0.010416666666666666
4 0.3515625 0.50625 0.009375 0.016666666666666666
4 0.35390625 0.503125 0.0078125 0.010416666666666666
5 0.48046875 0.4083333333333333 0.0203125 0.041666666666666664

5 0.5546875 0.4270833333333333 0.009375 0.008333333333333333
5 0.553125 0.4395833333333333 0.015625 0.025
5 0.58515625 0.5239583333333333 0.0109375 0.022916666666666665
5 0.609375 0.5135416666666667 0.0125 0.022916666666666665
5 0.61015625 0.5114583333333333 0.0078125 0.01875
5 0.9953125 0.3854166666666667 0.009375 0.016666666666666666
5 0.8765625 0.4270833333333333 0.009375 0.008333333333333333
5 0.875 0.4270833333333333 0.009375 0.008333333333333333
5 0.84609375 0.42604166666666665 0.0046875 0.00625
5 0.60859375 0.5145833333333333 0.0140625 0.025
5 0.8515625 0.4197916666666667 0.009375 0.0020833333333333333
5 0.61015625 0.5104166666666666 0.0078125 0.016666666666666666
5 0.64453125 0.35625 0.0078125 0.008333333333333333
5 0.84453125 0.43020833333333336 0.0046875 0.00625
5 0.53125 0.371875 0.00625 0.014583333333333334
1 0.60859375 0.5104166666666666 0.0109375 0.020833333333333332

1 0.53046875 0.3385416666666667 0.0109375 0.022916666666666665
1 0.55390625 0.221875 0.0140625 0.027083333333333334

1 0.83203125 0.44895833333333335 0.0390625 0.022916666666666665
1 0.8453125 0.42916666666666664 0.009375 0.008333333333333333
1 0.55859375 0.13958333333333334 0.0140625 0.016666666666666666
1 0.55859375 0.140625 0.0140625 0.01875
1 0.3796875 0.24895833333333334 0.01875 0.01875
1 0.35859375 0.24895833333333334 0.0171875 0.027083333333333334
1 0.3796875 0.22395833333333334 0.015625 0.01875
1 0.359375 0.22395833333333334 0.015625 0.01875
1 0.33984375 0.22291666666666668 0.0140625 0.020833333333333332
1 0.32109375 0.22604166666666667 0.0140625 0.01875
1 0.3203125 0.25729166666666664 0.015625 0.03125
1 0.30078125 0.23229166666666667 0.0203125 0.022916666666666665
1 0.28203125 0.225 0.0140625 0.016666666666666666
1 0.3875 0.18645833333333334 0.015625 0.01875
1 0.36953125 0.18958333333333333 0.0171875 0.020833333333333332
1 0.3328125 0.18645833333333334 0.0125 0.01875
1 0.3140625 0.190625 0.015625 0.027083333333333334
1 0.303125 0.16875 0.01875 0.025
1 0.56015625 0.13958333333333334 0.0140625 0.016666666666666666


1 0.5921875 0.209375 0.0125 0.01875
1 0.55703125 0.14270833333333333 0.0140625 0.01875
