
1 0.3734375 0.9739583333333334 0.059375 0.052083333333333336
1 0.4453125 0.9239583333333333 0.053125 0.04375
1 0.23046875 0.9895833333333334 0.0515625 0.020833333333333332
1 0.3109375 0.9572916666666667 0.0625 0.052083333333333336
1 0.39765625 0.9104166666666667 0.0546875 0.05
1 0.16015625 0.9833333333333333 0.0671875 0.03333333333333333
1 0.2484375 0.9416666666666667 0.059375 0.04583333333333333
1 0.3265625 0.896875 0.05 0.03958333333333333
1 0.39921875 0.8583333333333333 0.0546875 0.041666666666666664
1 0.11015625 0.9739583333333334 0.0671875 0.052083333333333336
1 0.19296875 0.9239583333333333 0.0609375 0.04791666666666667
1 0.28203125 0.88125 0.0703125 0.05
1 0.36328125 0.8375 0.0578125 0.041666666666666664

1 0.35625 0.8364583333333333 0.053125 0.04375



1 0.13515625 0.6416666666666667 0.0484375 0.0375




1 0.8046875 0.7385416666666667 0.0375 0.052083333333333336



4 0.3953125 0.5520833333333334 0.015625 0.03333333333333333
4 0.3953125 0.5166666666666667 0.009375 0.020833333333333332
5 0.4421875 0.509375 0.00625 0.022916666666666665
5 0.45703125 0.5166666666666667 0.0078125 0.025
4 0.39296875 0.5135416666666667 0.0078125 0.010416666666666666
4 0.3515625 0.5072916666666667 0.009375 0.014583333333333334
4 0.35390625 0.503125 0.0078125 0.010416666666666666
5 0.4828125 0.40625 0.021875 0.0375

5 0.5546875 0.4270833333333333 0.009375 0.008333333333333333
5 0.553125 0.44166666666666665 0.015625 0.025
5 0.5859375 0.55 0.0125 0.020833333333333332
5 0.61640625 0.5427083333333333 0.0109375 0.022916666666666665
5 0.615625 0.5375 0.009375 0.016666666666666666
5 0.99609375 0.38958333333333334 0.0078125 0.020833333333333332
5 0.89296875 0.4239583333333333 0.0109375 0.00625
5 0.8921875 0.42604166666666665 0.009375 0.00625
5 0.8640625 0.425 0.00625 0.004166666666666667
5 0.61640625 0.540625 0.0140625 0.027083333333333334
5 0.87109375 0.41875 0.0140625 0.004166666666666667
5 0.615625 0.5375 0.009375 0.016666666666666666
5 0.6453125 0.35520833333333335 0.00625 0.00625
5 0.8609375 0.43020833333333336 0.00625 0.00625
5 0.52578125 0.36875 0.0109375 0.016666666666666666
1 0.615625 0.5385416666666667 0.009375 0.01875

1 0.53203125 0.34479166666666666 0.0078125 0.022916666666666665
1 0.553125 0.225 0.01875 0.03333333333333333

1 0.846875 0.44583333333333336 0.0375 0.020833333333333332
1 0.86328125 0.428125 0.0078125 0.00625
1 0.5609375 0.14583333333333334 0.0125 0.016666666666666666
1 0.56171875 0.146875 0.0140625 0.01875
1 0.38203125 0.25 0.0171875 0.020833333333333332
1 0.3578125 0.24895833333333334 0.015625 0.027083333333333334
1 0.378125 0.225 0.015625 0.020833333333333332
1 0.35859375 0.22395833333333334 0.0171875 0.01875
1 0.33984375 0.22291666666666668 0.0140625 0.020833333333333332
1 0.32109375 0.22604166666666667 0.0140625 0.01875
1 0.3203125 0.25729166666666664 0.015625 0.03125
1 0.30078125 0.23125 0.0203125 0.020833333333333332
1 0.28203125 0.225 0.0140625 0.016666666666666666
1 0.3875 0.18645833333333334 0.015625 0.01875
1 0.36953125 0.18958333333333333 0.0171875 0.020833333333333332
1 0.33359375 0.18645833333333334 0.0140625 0.01875
1 0.3171875 0.19166666666666668 0.015625 0.029166666666666667
1 0.30390625 0.16875 0.0171875 0.025
1 0.56171875 0.146875 0.0140625 0.01875


1 0.59375 0.20208333333333334 0.015625 0.020833333333333332
1 0.5609375 0.14791666666666667 0.015625 0.016666666666666666
