
1 0.3734375 0.9739583333333334 0.059375 0.052083333333333336
1 0.4453125 0.9239583333333333 0.053125 0.04375
1 0.23046875 0.9895833333333334 0.0515625 0.020833333333333332
1 0.3109375 0.9572916666666667 0.0625 0.052083333333333336
1 0.39765625 0.9104166666666667 0.0546875 0.05
1 0.16015625 0.9833333333333333 0.0671875 0.03333333333333333
1 0.2484375 0.9416666666666667 0.059375 0.04583333333333333
1 0.3265625 0.896875 0.05 0.03958333333333333
1 0.39921875 0.8583333333333333 0.0546875 0.041666666666666664
1 0.1109375 0.9739583333333334 0.06875 0.052083333333333336
1 0.19296875 0.9239583333333333 0.0609375 0.04791666666666667
1 0.28125 0.88125 0.06875 0.05
1 0.36328125 0.8375 0.0578125 0.041666666666666664

1 0.35625 0.8364583333333333 0.053125 0.04375



1 0.14296875 0.6333333333333333 0.0328125 0.020833333333333332




1 0.8015625 0.734375 0.0375 0.06041666666666667



4 0.39140625 0.55 0.0234375 0.0375
4 0.3953125 0.5166666666666667 0.009375 0.020833333333333332
5 0.44140625 0.509375 0.0046875 0.022916666666666665
5 0.45625 0.5166666666666667 0.00625 0.025
4 0.39296875 0.5135416666666667 0.0078125 0.010416666666666666
4 0.35234375 0.5072916666666667 0.0078125 0.014583333333333334
4 0.35234375 0.5052083333333334 0.0078125 0.010416666666666666
5 0.4828125 0.4083333333333333 0.021875 0.041666666666666664

5 0.5546875 0.4270833333333333 0.009375 0.008333333333333333
5 0.553125 0.4395833333333333 0.015625 0.025
5 0.5921875 0.5520833333333334 0.009375 0.020833333333333332
5 0.61640625 0.5479166666666667 0.0109375 0.020833333333333332
5 0.6171875 0.54375 0.009375 0.016666666666666666
5 0.99296875 0.3885416666666667 0.0140625 0.01875
5 0.89453125 0.42604166666666665 0.0140625 0.00625
5 0.89375 0.42604166666666665 0.009375 0.00625
5 0.8671875 0.425 0.00625 0.004166666666666667
5 0.61875 0.546875 0.015625 0.022916666666666665
5 0.87734375 0.41770833333333335 0.0140625 0.00625
5 0.6171875 0.5427083333333333 0.009375 0.014583333333333334
5 0.64453125 0.35625 0.0078125 0.008333333333333333
5 0.86484375 0.42916666666666664 0.0078125 0.008333333333333333
5 0.53046875 0.36666666666666664 0.0078125 0.0125
1 0.61640625 0.5458333333333333 0.0109375 0.020833333333333332

1 0.5328125 0.33645833333333336 0.009375 0.027083333333333334
1 0.553125 0.225 0.01875 0.03333333333333333

1 0.85234375 0.44583333333333336 0.0390625 0.025
1 0.86640625 0.4270833333333333 0.0078125 0.008333333333333333
1 0.5625 0.14791666666666667 0.0125 0.016666666666666666
1 0.56171875 0.14895833333333333 0.0140625 0.01875
1 0.3796875 0.25 0.01875 0.020833333333333332
1 0.3578125 0.24791666666666667 0.015625 0.025
1 0.378125 0.225 0.015625 0.020833333333333332
1 0.35859375 0.22395833333333334 0.0171875 0.01875
1 0.33984375 0.22291666666666668 0.0140625 0.020833333333333332
1 0.32109375 0.22604166666666667 0.0140625 0.01875
1 0.32109375 0.25729166666666664 0.0171875 0.03125
1 0.3 0.23125 0.021875 0.020833333333333332
1 0.28203125 0.225 0.0140625 0.016666666666666666
1 0.3875 0.18645833333333334 0.015625 0.01875
1 0.36953125 0.18958333333333333 0.0171875 0.020833333333333332
1 0.33359375 0.1875 0.0140625 0.020833333333333332
1 0.31640625 0.19166666666666668 0.0171875 0.029166666666666667
1 0.30390625 0.16875 0.0171875 0.025
1 0.5625 0.14791666666666667 0.0125 0.016666666666666666


1 0.59453125 0.20104166666666667 0.0140625 0.01875
1 0.5625 0.15625 0.015625 0.029166666666666667
