
1 0.38046875 0.975 0.0609375 0.05
1 0.44921875 0.9260416666666667 0.0515625 0.04375
1 0.24140625 0.9927083333333333 0.0421875 0.014583333333333334
1 0.31796875 0.9583333333333334 0.0640625 0.05
1 0.40390625 0.9114583333333334 0.0546875 0.04791666666666667
1 0.1671875 0.9854166666666667 0.065625 0.029166666666666667
1 0.25625 0.9458333333333333 0.0625 0.04583333333333333
1 0.33203125 0.9 0.0484375 0.041666666666666664
1 0.40390625 0.8604166666666667 0.0546875 0.041666666666666664
1 0.1171875 0.9770833333333333 0.065625 0.04583333333333333
1 0.19921875 0.928125 0.0609375 0.04791666666666667
1 0.2890625 0.8833333333333333 0.06875 0.05
1 0.3640625 0.8395833333333333 0.05 0.041666666666666664

1 0.23046875 0.7645833333333333 0.0390625 0.03333333333333333

1 0.11484375 0.778125 0.0015625 0.0020833333333333333
1 0.40390625 0.6885416666666667 0.0546875 0.03125
1 0.228125 0.784375 0.05 0.07708333333333334
1 0.3421875 0.7791666666666667 0.05625 0.04583333333333333
1 0.403125 0.6864583333333333 0.05 0.027083333333333334
1 0.49140625 0.6458333333333334 0.0546875 0.03333333333333333
1 0.5828125 0.7395833333333334 0.040625 0.03333333333333333
1 0.584375 0.6270833333333333 0.05625 0.041666666666666664
1 0.75078125 0.54375 0.0359375 0.04583333333333333

5 0.35703125 0.571875 0.0203125 0.01875
4 0.3484375 0.559375 0.00625 0.01875
4 0.37109375 0.5510416666666667 0.0078125 0.014583333333333334
5 0.4046875 0.5447916666666667 0.009375 0.022916666666666665
5 0.41875 0.5427083333333333 0.009375 0.022916666666666665
4 0.39609375 0.53125 0.0078125 0.020833333333333332
4 0.3671875 0.5104166666666666 0.009375 0.025
4 0.37265625 0.49895833333333334 0.0140625 0.014583333333333334
5 0.52109375 0.41770833333333335 0.0078125 0.027083333333333334
1 0.571875 0.39895833333333336 0.021875 0.03125
5 0.5328125 0.41770833333333335 0.00625 0.01875
5 0.553125 0.41354166666666664 0.009375 0.01875
5 0.553125 0.428125 0.009375 0.022916666666666665
5 0.59921875 0.49895833333333334 0.0109375 0.01875
5 0.59140625 0.39166666666666666 0.0140625 0.016666666666666666
5 0.634375 0.4510416666666667 0.01875 0.035416666666666666
5 0.6140625 0.3885416666666667 0.009375 0.010416666666666666
5 0.64140625 0.3770833333333333 0.0078125 0.016666666666666666
5 0.61875 0.359375 0.0125 0.014583333333333334
5 0.615625 0.3458333333333333 0.0125 0.016666666666666666
5 0.61328125 0.35 0.0140625 0.016666666666666666
5 0.5703125 0.36354166666666665 0.00625 0.014583333333333334
5 0.55078125 0.3697916666666667 0.0078125 0.014583333333333334
5 0.5328125 0.3572916666666667 0.009375 0.01875
5 0.53828125 0.35520833333333335 0.0078125 0.022916666666666665
1 0.546875 0.3458333333333333 0.021875 0.03333333333333333
3 0.54609375 0.271875 0.0265625 0.06458333333333334
1 0.52890625 0.22604166666666667 0.0140625 0.022916666666666665
1 0.52578125 0.18854166666666666 0.0171875 0.027083333333333334
3 0.5203125 0.14375 0.021875 0.05
1 0.51484375 0.11458333333333333 0.0109375 0.016666666666666666
1 0.5 0.09479166666666666 0.01875 0.027083333333333334
1 0.48828125 0.06458333333333334 0.0109375 0.020833333333333332
1 0.5046875 0.019791666666666666 0.0125 0.01875
1 0.38203125 0.25 0.0171875 0.020833333333333332
1 0.3578125 0.24895833333333334 0.015625 0.027083333333333334
1 0.378125 0.225 0.015625 0.020833333333333332
1 0.3578125 0.22395833333333334 0.015625 0.01875
1 0.3390625 0.22395833333333334 0.015625 0.022916666666666665
1 0.32109375 0.23020833333333332 0.0140625 0.022916666666666665
1 0.3203125 0.259375 0.015625 0.03125
1 0.3 0.23125 0.021875 0.020833333333333332
1 0.28046875 0.22604166666666667 0.0171875 0.01875
1 0.3875 0.184375 0.015625 0.01875
1 0.37265625 0.18854166666666666 0.0171875 0.01875
1 0.33203125 0.18645833333333334 0.0140625 0.01875
1 0.3140625 0.19166666666666668 0.015625 0.029166666666666667
1 0.303125 0.16875 0.01875 0.025
1 0.48515625 0.06979166666666667 0.0140625 0.014583333333333334
1 0.5625 0.2625 0.015625 0.03333333333333333
1 0.55625 0.225 0.015625 0.03333333333333333
1 0.55 0.190625 0.0125 0.022916666666666665
1 0.540625 0.16354166666666667 0.015625 0.022916666666666665
