
1 0.3734375 0.9739583333333334 0.059375 0.052083333333333336
1 0.4453125 0.925 0.053125 0.041666666666666664
1 0.23046875 0.9895833333333334 0.0515625 0.020833333333333332
1 0.3109375 0.9572916666666667 0.0625 0.052083333333333336
1 0.39765625 0.9104166666666667 0.0546875 0.05
1 0.16015625 0.9833333333333333 0.0671875 0.03333333333333333
1 0.24921875 0.9416666666666667 0.0578125 0.04583333333333333
1 0.32734375 0.896875 0.0484375 0.03958333333333333
1 0.39921875 0.8583333333333333 0.0546875 0.041666666666666664
1 0.11015625 0.975 0.0671875 0.05
1 0.19375 0.9239583333333333 0.0625 0.04791666666666667
1 0.28203125 0.88125 0.0703125 0.05
1 0.3640625 0.8375 0.05625 0.041666666666666664

1 0.35703125 0.8364583333333333 0.0515625 0.04375



1 0.1296875 0.646875 0.0375 0.027083333333333334




1 0.765625 0.7114583333333333 0.053125 0.07291666666666667



4 0.39140625 0.5520833333333334 0.0234375 0.03333333333333333
4 0.3953125 0.515625 0.009375 0.01875
5 0.4421875 0.509375 0.00625 0.022916666666666665
5 0.45703125 0.5166666666666667 0.0078125 0.025
4 0.39375 0.5135416666666667 0.00625 0.010416666666666666
4 0.35234375 0.5083333333333333 0.0078125 0.0125
4 0.35234375 0.5072916666666667 0.0078125 0.010416666666666666
5 0.48359375 0.4010416666666667 0.0234375 0.04375

5 0.55546875 0.4270833333333333 0.0109375 0.008333333333333333
5 0.553125 0.43854166666666666 0.015625 0.027083333333333334
5 0.6015625 0.5916666666666667 0.009375 0.020833333333333332
5 0.63046875 0.5916666666666667 0.0109375 0.020833333333333332
5 0.6296875 0.5864583333333333 0.009375 0.014583333333333334
5 0.60390625 0.415625 0.0015625 0.0020833333333333333
5 0.9140625 0.42291666666666666 0.0125 0.008333333333333333
5 0.91328125 0.421875 0.0109375 0.00625
5 0.89140625 0.421875 0.0078125 0.00625
5 0.6359375 0.5979166666666667 0.021875 0.029166666666666667
5 0.896875 0.42083333333333334 0.015625 0.0125
5 0.6296875 0.5854166666666667 0.009375 0.0125
5 0.6453125 0.35520833333333335 0.00625 0.00625
5 0.890625 0.42604166666666665 0.00625 0.00625
5 0.534375 0.3614583333333333 0.00625 0.01875
1 0.63046875 0.590625 0.0109375 0.022916666666666665

1 0.5328125 0.353125 0.009375 0.03125
1 0.55078125 0.225 0.0203125 0.03333333333333333

1 0.8734375 0.44583333333333336 0.034375 0.025
1 0.8921875 0.421875 0.009375 0.00625
1 0.5640625 0.159375 0.0125 0.01875
1 0.5640625 0.159375 0.0125 0.01875
1 0.3796875 0.25 0.01875 0.020833333333333332
1 0.3578125 0.24895833333333334 0.015625 0.027083333333333334
1 0.37734375 0.22604166666666667 0.0171875 0.022916666666666665
1 0.359375 0.22395833333333334 0.015625 0.01875
1 0.3390625 0.22395833333333334 0.015625 0.022916666666666665
1 0.32109375 0.22604166666666667 0.0140625 0.01875
1 0.3203125 0.25729166666666664 0.015625 0.03125
1 0.3 0.23229166666666667 0.021875 0.022916666666666665
1 0.28203125 0.225 0.0140625 0.016666666666666666
1 0.3875 0.18645833333333334 0.015625 0.01875
1 0.3703125 0.18958333333333333 0.01875 0.020833333333333332
1 0.33359375 0.1875 0.0140625 0.020833333333333332
1 0.3171875 0.19166666666666668 0.015625 0.029166666666666667
1 0.30390625 0.16875 0.0171875 0.025
1 0.56484375 0.15520833333333334 0.0109375 0.014583333333333334


1 0.59609375 0.19791666666666666 0.0109375 0.016666666666666666
1 0.5640625 0.15729166666666666 0.0125 0.01875
