
1 0.37265625 0.975 0.0609375 0.05
1 0.4453125 0.925 0.053125 0.041666666666666664
1 0.23046875 0.9895833333333334 0.0515625 0.020833333333333332
1 0.3109375 0.9572916666666667 0.0625 0.052083333333333336
1 0.39765625 0.9104166666666667 0.0546875 0.05
1 0.16015625 0.984375 0.0671875 0.03125
1 0.2484375 0.9416666666666667 0.059375 0.04583333333333333
1 0.3265625 0.896875 0.05 0.03958333333333333
1 0.39921875 0.8583333333333333 0.0546875 0.041666666666666664
1 0.11015625 0.975 0.0671875 0.05
1 0.19375 0.9239583333333333 0.0625 0.04791666666666667
1 0.28203125 0.88125 0.0703125 0.05
1 0.36328125 0.8375 0.0546875 0.041666666666666664

1 0.35625 0.8364583333333333 0.053125 0.04375



1 0.12890625 0.6541666666666667 0.0359375 0.03333333333333333




1 0.753125 0.6989583333333333 0.0375 0.07708333333333334



4 0.39140625 0.5520833333333334 0.0234375 0.03333333333333333
4 0.39453125 0.5166666666666667 0.0078125 0.016666666666666666
5 0.4421875 0.509375 0.00625 0.022916666666666665
5 0.45703125 0.5177083333333333 0.0078125 0.022916666666666665
4 0.39296875 0.5135416666666667 0.0078125 0.010416666666666666
4 0.35234375 0.5083333333333333 0.0078125 0.0125
4 0.353125 0.5052083333333334 0.009375 0.010416666666666666
5 0.4828125 0.4041666666666667 0.021875 0.05

5 0.55546875 0.4270833333333333 0.0109375 0.008333333333333333
5 0.553125 0.43854166666666666 0.015625 0.027083333333333334
5 0.60390625 0.6135416666666667 0.0109375 0.022916666666666665
5 0.6359375 0.6166666666666667 0.009375 0.020833333333333332
5 0.6359375 0.6135416666666667 0.009375 0.01875
5 0.61875 0.6145833333333334 0.025 0.016666666666666666
5 0.92734375 0.421875 0.0140625 0.010416666666666666
5 0.9265625 0.42291666666666666 0.0125 0.008333333333333333
5 0.90546875 0.41770833333333335 0.0078125 0.00625
5 0.6359375 0.6208333333333333 0.01875 0.029166666666666667
5 0.9109375 0.415625 0.01875 0.010416666666666666
5 0.63515625 0.6114583333333333 0.0078125 0.010416666666666666
5 0.64453125 0.35625 0.0078125 0.008333333333333333
5 0.90625 0.42291666666666666 0.00625 0.004166666666666667
5 0.53515625 0.3625 0.0046875 0.020833333333333332
1 0.634375 0.6177083333333333 0.0125 0.022916666666666665

1 0.534375 0.3541666666666667 0.00625 0.03333333333333333
1 0.5484375 0.22708333333333333 0.025 0.0375

1 0.88671875 0.44375 0.0359375 0.025
1 0.90625 0.4197916666666667 0.009375 0.00625
1 0.565625 0.16458333333333333 0.0125 0.016666666666666666
1 0.565625 0.16458333333333333 0.0125 0.016666666666666666
1 0.38125 0.24895833333333334 0.015625 0.01875
1 0.3578125 0.24791666666666667 0.015625 0.025
1 0.37734375 0.22604166666666667 0.0171875 0.022916666666666665
1 0.359375 0.22395833333333334 0.015625 0.01875
1 0.33984375 0.22291666666666668 0.0140625 0.020833333333333332
1 0.32109375 0.23020833333333332 0.0140625 0.022916666666666665
1 0.3203125 0.25729166666666664 0.015625 0.03125
1 0.30078125 0.23125 0.0203125 0.020833333333333332
1 0.28203125 0.225 0.0140625 0.016666666666666666
1 0.3875 0.18645833333333334 0.015625 0.01875
1 0.36953125 0.18958333333333333 0.0171875 0.020833333333333332
1 0.334375 0.1875 0.015625 0.020833333333333332
1 0.3140625 0.19166666666666668 0.015625 0.029166666666666667
1 0.30390625 0.16875 0.0171875 0.025
1 0.56640625 0.16145833333333334 0.0109375 0.014583333333333334


1 0.59765625 0.196875 0.0109375 0.01875
1 0.565625 0.1625 0.0125 0.016666666666666666
