
1 0.37265625 0.975 0.0609375 0.05
1 0.4453125 0.925 0.053125 0.041666666666666664
1 0.23046875 0.9895833333333334 0.0515625 0.020833333333333332
1 0.3109375 0.9572916666666667 0.0625 0.052083333333333336
1 0.39765625 0.9104166666666667 0.0546875 0.05
1 0.159375 0.984375 0.065625 0.03125
1 0.24921875 0.9416666666666667 0.0578125 0.04583333333333333
1 0.3265625 0.896875 0.05 0.03958333333333333
1 0.39921875 0.8583333333333333 0.0546875 0.041666666666666664
1 0.11015625 0.975 0.0671875 0.05
1 0.19375 0.9239583333333333 0.0625 0.04791666666666667
1 0.28203125 0.88125 0.0703125 0.05
1 0.36328125 0.8385416666666666 0.0546875 0.04375

1 0.35625 0.8364583333333333 0.053125 0.04375



1 0.12109375 0.6520833333333333 0.0515625 0.0375




1 0.753125 0.703125 0.0375 0.06875



4 0.39140625 0.5520833333333334 0.0234375 0.03333333333333333
4 0.39453125 0.5166666666666667 0.0078125 0.016666666666666666
5 0.44140625 0.509375 0.0078125 0.022916666666666665
5 0.45703125 0.5177083333333333 0.0078125 0.022916666666666665
4 0.39296875 0.5135416666666667 0.0078125 0.010416666666666666
4 0.35234375 0.5072916666666667 0.0078125 0.014583333333333334
4 0.3515625 0.5072916666666667 0.009375 0.010416666666666666
5 0.4828125 0.4 0.021875 0.041666666666666664

5 0.55546875 0.4270833333333333 0.0109375 0.008333333333333333
5 0.553125 0.43854166666666666 0.015625 0.027083333333333334
5 0.6078125 0.6177083333333333 0.009375 0.01875
5 0.64140625 0.6270833333333333 0.0109375 0.020833333333333332
5 0.6390625 0.61875 0.009375 0.0125
5 0.6390625 0.621875 0.009375 0.014583333333333334
5 0.93125 0.41770833333333335 0.0125 0.00625
5 0.93046875 0.41770833333333335 0.0109375 0.00625
5 0.90859375 0.41770833333333335 0.0078125 0.00625
5 0.63828125 0.6270833333333333 0.0171875 0.029166666666666667
5 0.91171875 0.4197916666666667 0.0140625 0.010416666666666666
5 0.6390625 0.6177083333333333 0.009375 0.010416666666666666
5 0.64453125 0.35625 0.0078125 0.008333333333333333
5 0.91015625 0.4239583333333333 0.0078125 0.00625
5 0.53515625 0.3625 0.0046875 0.020833333333333332
1 0.63671875 0.625 0.0140625 0.025

1 0.534375 0.353125 0.009375 0.027083333333333334
1 0.54921875 0.22708333333333333 0.0265625 0.0375

1 0.8890625 0.44375 0.034375 0.025
1 0.909375 0.4197916666666667 0.009375 0.00625
1 0.565625 0.165625 0.0125 0.01875
1 0.565625 0.165625 0.0125 0.01875
1 0.38203125 0.25 0.0171875 0.020833333333333332
1 0.3578125 0.24791666666666667 0.015625 0.025
1 0.3796875 0.22395833333333334 0.015625 0.01875
1 0.359375 0.22395833333333334 0.015625 0.01875
1 0.33984375 0.22291666666666668 0.0140625 0.020833333333333332
1 0.32109375 0.22708333333333333 0.0140625 0.016666666666666666
1 0.3203125 0.25729166666666664 0.015625 0.03125
1 0.3 0.23229166666666667 0.021875 0.022916666666666665
1 0.28203125 0.225 0.0140625 0.016666666666666666
1 0.3875 0.18645833333333334 0.015625 0.01875
1 0.36953125 0.18958333333333333 0.0171875 0.020833333333333332
1 0.3328125 0.1875 0.0125 0.020833333333333332
1 0.3171875 0.19166666666666668 0.015625 0.029166666666666667
1 0.30390625 0.16875 0.0171875 0.025
1 0.56640625 0.1625 0.0109375 0.0125


1 0.59765625 0.19583333333333333 0.0109375 0.016666666666666666
1 0.56640625 0.16354166666666667 0.0109375 0.014583333333333334
