
1 0.38046875 0.975 0.0609375 0.05
1 0.44921875 0.9260416666666667 0.0515625 0.04375
1 0.240625 0.9927083333333333 0.04375 0.014583333333333334
1 0.3171875 0.9583333333333334 0.065625 0.05
1 0.40390625 0.9114583333333334 0.0546875 0.04791666666666667
1 0.1671875 0.9854166666666667 0.065625 0.029166666666666667
1 0.25546875 0.9458333333333333 0.0609375 0.04583333333333333
1 0.33125 0.9 0.046875 0.041666666666666664
1 0.40390625 0.8604166666666667 0.0546875 0.041666666666666664
1 0.11640625 0.9770833333333333 0.0640625 0.04583333333333333
1 0.19765625 0.928125 0.0609375 0.04791666666666667
1 0.2875 0.884375 0.06875 0.04791666666666667
1 0.36484375 0.840625 0.0515625 0.04375

1 0.2 0.7760416666666666 0.0375 0.03125

1 0.0984375 0.8979166666666667 0.021875 0.0125
1 0.37890625 0.69375 0.0515625 0.03333333333333333
1 0.19765625 0.796875 0.0234375 0.06875
1 0.32578125 0.7885416666666667 0.0578125 0.052083333333333336
1 0.378125 0.6947916666666667 0.053125 0.035416666666666666
1 0.47109375 0.6458333333333334 0.0546875 0.03333333333333333
1 0.56953125 0.7333333333333333 0.0359375 0.03333333333333333
1 0.56484375 0.6239583333333333 0.0609375 0.03958333333333333
1 0.740625 0.5166666666666667 0.034375 0.041666666666666664

5 0.3671875 0.5697916666666667 0.01875 0.01875
4 0.3484375 0.5583333333333333 0.00625 0.020833333333333332
4 0.37109375 0.5520833333333334 0.0078125 0.016666666666666666
5 0.40390625 0.54375 0.0078125 0.025
5 0.4171875 0.540625 0.009375 0.022916666666666665
4 0.3953125 0.53125 0.00625 0.020833333333333332
4 0.3671875 0.5104166666666666 0.009375 0.025
4 0.37265625 0.49895833333333334 0.0140625 0.014583333333333334
5 0.52109375 0.41875 0.0078125 0.029166666666666667
1 0.571875 0.39895833333333336 0.021875 0.03125
5 0.5328125 0.41770833333333335 0.00625 0.01875
5 0.553125 0.41354166666666664 0.009375 0.01875
5 0.553125 0.42604166666666665 0.009375 0.022916666666666665
5 0.603125 0.5083333333333333 0.009375 0.020833333333333332
5 0.58984375 0.39375 0.0171875 0.016666666666666666
5 0.6375 0.4635416666666667 0.021875 0.03958333333333333
5 0.625 0.38958333333333334 0.0125 0.0125
5 0.64140625 0.37916666666666665 0.0078125 0.016666666666666666
5 0.61796875 0.35520833333333335 0.0109375 0.010416666666666666
5 0.615625 0.3458333333333333 0.0125 0.016666666666666666
5 0.61328125 0.3489583333333333 0.0140625 0.014583333333333334
5 0.571875 0.3645833333333333 0.00625 0.0125
5 0.55078125 0.36770833333333336 0.0078125 0.014583333333333334
5 0.5296875 0.359375 0.0125 0.022916666666666665
5 0.5390625 0.3541666666666667 0.00625 0.020833333333333332
1 0.54765625 0.346875 0.0203125 0.03125
3 0.546875 0.27395833333333336 0.028125 0.06458333333333334
1 0.5296875 0.228125 0.0125 0.022916666666666665
1 0.52578125 0.18958333333333333 0.0171875 0.025
3 0.5203125 0.14375 0.021875 0.05
1 0.51484375 0.11458333333333333 0.0109375 0.016666666666666666
1 0.49609375 0.096875 0.0140625 0.022916666666666665
1 0.48984375 0.06666666666666667 0.0078125 0.016666666666666666
1 0.50546875 0.023958333333333335 0.0140625 0.01875
1 0.38046875 0.25 0.0171875 0.020833333333333332
1 0.3578125 0.24895833333333334 0.015625 0.027083333333333334
1 0.378125 0.225 0.015625 0.020833333333333332
1 0.3578125 0.22395833333333334 0.015625 0.01875
1 0.33984375 0.22291666666666668 0.0140625 0.020833333333333332
1 0.3203125 0.23020833333333332 0.015625 0.022916666666666665
1 0.3203125 0.259375 0.015625 0.03125
1 0.3 0.23125 0.021875 0.020833333333333332
1 0.2796875 0.22604166666666667 0.015625 0.01875
1 0.3875 0.184375 0.015625 0.01875
1 0.36953125 0.18958333333333333 0.0171875 0.020833333333333332
1 0.334375 0.1875 0.015625 0.020833333333333332
1 0.315625 0.19166666666666668 0.015625 0.029166666666666667
1 0.303125 0.16979166666666667 0.01875 0.027083333333333334
1 0.4875 0.07083333333333333 0.0125 0.016666666666666666
1 0.5625 0.2625 0.015625 0.03333333333333333
1 0.55625 0.22604166666666667 0.015625 0.035416666666666666
1 0.55 0.190625 0.0125 0.022916666666666665
1 0.540625 0.16458333333333333 0.015625 0.025
