
1 0.3796875 0.975 0.059375 0.05
1 0.44921875 0.9260416666666667 0.0515625 0.04375
1 0.240625 0.9927083333333333 0.04375 0.014583333333333334
1 0.31640625 0.9583333333333334 0.0640625 0.05
1 0.40390625 0.9114583333333334 0.0546875 0.04791666666666667
1 0.16640625 0.9854166666666667 0.0671875 0.029166666666666667
1 0.25546875 0.9458333333333333 0.0609375 0.04583333333333333
1 0.33046875 0.9 0.0484375 0.041666666666666664
1 0.40390625 0.8604166666666667 0.0546875 0.041666666666666664
1 0.1171875 0.9770833333333333 0.065625 0.04583333333333333
1 0.1984375 0.9291666666666667 0.0625 0.05
1 0.28671875 0.8833333333333333 0.0671875 0.05
1 0.36484375 0.840625 0.0515625 0.04375

1 0.17578125 0.790625 0.0453125 0.03958333333333333

1 0.07578125 0.9 0.0484375 0.041666666666666664
1 0.359375 0.7 0.053125 0.0375
1 0.4546875 0.646875 0.05 0.027083333333333334
1 0.309375 0.79375 0.059375 0.04583333333333333
1 0.359375 0.7 0.05625 0.0375
1 0.45546875 0.646875 0.0546875 0.035416666666666666
1 0.57265625 0.734375 0.0546875 0.04375
1 0.5546875 0.6239583333333333 0.059375 0.03958333333333333
1 0.73359375 0.4979166666666667 0.0328125 0.041666666666666664

5 0.3703125 0.5677083333333334 0.01875 0.01875
4 0.3484375 0.5583333333333333 0.00625 0.020833333333333332
4 0.37265625 0.55 0.0109375 0.0125
5 0.40390625 0.5427083333333333 0.0078125 0.022916666666666665
5 0.41640625 0.5395833333333333 0.0078125 0.020833333333333332
4 0.3953125 0.53125 0.00625 0.020833333333333332
4 0.36640625 0.5104166666666666 0.0109375 0.025
4 0.37265625 0.49895833333333334 0.0140625 0.014583333333333334
5 0.52109375 0.4197916666666667 0.0078125 0.03125
1 0.56953125 0.39895833333333336 0.0203125 0.03125
5 0.5328125 0.41875 0.00625 0.016666666666666666
5 0.55390625 0.4114583333333333 0.0078125 0.01875
5 0.553125 0.4270833333333333 0.009375 0.020833333333333332
5 0.60546875 0.515625 0.0109375 0.01875
5 0.59140625 0.3927083333333333 0.0140625 0.014583333333333334
5 0.6375 0.46979166666666666 0.021875 0.035416666666666666
5 0.628125 0.3875 0.00625 0.008333333333333333
5 0.64140625 0.38125 0.0078125 0.016666666666666666
5 0.6171875 0.359375 0.0125 0.014583333333333334
5 0.615625 0.3458333333333333 0.0125 0.016666666666666666
5 0.61484375 0.35 0.0140625 0.016666666666666666
5 0.5734375 0.36666666666666664 0.00625 0.0125
5 0.55078125 0.36666666666666664 0.0078125 0.016666666666666666
5 0.52890625 0.36041666666666666 0.0109375 0.020833333333333332
5 0.5390625 0.353125 0.00625 0.01875
1 0.54765625 0.3489583333333333 0.0203125 0.03125
3 0.546875 0.27708333333333335 0.028125 0.06666666666666667
1 0.53046875 0.225 0.0109375 0.020833333333333332
1 0.5265625 0.18958333333333333 0.015625 0.025
3 0.5203125 0.14375 0.021875 0.05
1 0.51484375 0.11458333333333333 0.0109375 0.016666666666666666
1 0.49609375 0.09270833333333334 0.0140625 0.03125
1 0.4890625 0.06979166666666667 0.009375 0.014583333333333334
1 0.50703125 0.027083333333333334 0.0140625 0.016666666666666666
1 0.38125 0.24895833333333334 0.015625 0.01875
1 0.3625 0.246875 0.015625 0.027083333333333334
1 0.3796875 0.22395833333333334 0.015625 0.01875
1 0.35703125 0.22395833333333334 0.0171875 0.01875
1 0.33984375 0.22291666666666668 0.0140625 0.020833333333333332
1 0.3203125 0.23020833333333332 0.015625 0.022916666666666665
1 0.3203125 0.259375 0.015625 0.03125
1 0.3 0.23125 0.021875 0.020833333333333332
1 0.2796875 0.22604166666666667 0.015625 0.01875
1 0.3859375 0.184375 0.015625 0.01875
1 0.36953125 0.18958333333333333 0.0171875 0.020833333333333332
1 0.33203125 0.18645833333333334 0.0140625 0.01875
1 0.315625 0.19166666666666668 0.015625 0.029166666666666667
1 0.303125 0.16875 0.01875 0.025
1 0.4875 0.071875 0.0125 0.01875
1 0.5625 0.2625 0.015625 0.03333333333333333
1 0.55625 0.22604166666666667 0.015625 0.035416666666666666
1 0.55 0.190625 0.0125 0.022916666666666665
1 0.540625 0.1625 0.015625 0.020833333333333332
