
1 0.3796875 0.975 0.059375 0.05
1 0.44921875 0.9260416666666667 0.0515625 0.04375
1 0.23984375 0.9927083333333333 0.0421875 0.014583333333333334
1 0.31640625 0.9583333333333334 0.0640625 0.05
1 0.40390625 0.9114583333333334 0.0546875 0.04791666666666667
1 0.16640625 0.9854166666666667 0.0671875 0.029166666666666667
1 0.25546875 0.9458333333333333 0.0609375 0.04583333333333333
1 0.33046875 0.9 0.0484375 0.041666666666666664
1 0.40390625 0.8604166666666667 0.0546875 0.041666666666666664
1 0.1171875 0.9770833333333333 0.065625 0.04583333333333333
1 0.1984375 0.928125 0.0625 0.04791666666666667
1 0.2859375 0.8833333333333333 0.06875 0.05
1 0.3640625 0.840625 0.053125 0.04375

1 0.16015625 0.8041666666666667 0.0390625 0.029166666666666667

1 0.0609375 0.90625 0.01875 0.029166666666666667
1 0.3484375 0.703125 0.053125 0.03958333333333333
1 0.5453125 0.6177083333333333 0.05625 0.027083333333333334
1 0.29921875 0.7979166666666667 0.0578125 0.05
1 0.34921875 0.7010416666666667 0.0578125 0.03958333333333333
1 0.44609375 0.646875 0.0546875 0.035416666666666666
1 0.56796875 0.7322916666666667 0.0484375 0.03958333333333333
1 0.54140625 0.6229166666666667 0.0640625 0.041666666666666664
1 0.72734375 0.48541666666666666 0.0359375 0.041666666666666664

5 0.371875 0.5666666666666667 0.01875 0.020833333333333332
4 0.34765625 0.5583333333333333 0.0078125 0.020833333333333332
4 0.3703125 0.5510416666666667 0.0125 0.014583333333333334
5 0.40390625 0.5416666666666666 0.0078125 0.025
5 0.4140625 0.540625 0.009375 0.022916666666666665
4 0.3953125 0.53125 0.00625 0.020833333333333332
4 0.36640625 0.5114583333333333 0.0109375 0.027083333333333334
4 0.37265625 0.49895833333333334 0.0140625 0.014583333333333334
5 0.52109375 0.42083333333333334 0.0078125 0.03333333333333333
1 0.56875 0.4 0.01875 0.03333333333333333
5 0.5328125 0.4197916666666667 0.00625 0.01875
5 0.55390625 0.4114583333333333 0.0078125 0.01875
5 0.553125 0.4270833333333333 0.009375 0.020833333333333332
5 0.60703125 0.5197916666666667 0.0109375 0.01875
5 0.59296875 0.39375 0.0109375 0.016666666666666666
5 0.640625 0.478125 0.028125 0.04375
5 0.6296875 0.3885416666666667 0.00625 0.00625
5 0.64140625 0.38125 0.0078125 0.016666666666666666
5 0.6171875 0.359375 0.0125 0.014583333333333334
5 0.6171875 0.3458333333333333 0.0125 0.016666666666666666
5 0.615625 0.35 0.0125 0.016666666666666666
5 0.57578125 0.36666666666666664 0.0078125 0.0125
5 0.55078125 0.36666666666666664 0.0078125 0.016666666666666666
5 0.52734375 0.36041666666666666 0.0109375 0.020833333333333332
5 0.5390625 0.353125 0.00625 0.01875
1 0.54765625 0.35 0.0203125 0.03333333333333333
3 0.546875 0.27708333333333335 0.028125 0.06666666666666667
1 0.53046875 0.22604166666666667 0.0109375 0.01875
1 0.5265625 0.18958333333333333 0.015625 0.025
3 0.5203125 0.14375 0.021875 0.05
1 0.5140625 0.11458333333333333 0.0125 0.016666666666666666
1 0.4953125 0.096875 0.015625 0.03125
1 0.4890625 0.07083333333333333 0.009375 0.016666666666666666
1 0.50703125 0.029166666666666667 0.0140625 0.016666666666666666
1 0.38125 0.24895833333333334 0.015625 0.01875
1 0.3578125 0.24895833333333334 0.015625 0.027083333333333334
1 0.3796875 0.22395833333333334 0.015625 0.01875
1 0.35703125 0.22395833333333334 0.0171875 0.01875
1 0.33984375 0.22291666666666668 0.0140625 0.020833333333333332
1 0.31953125 0.23020833333333332 0.0140625 0.022916666666666665
1 0.3203125 0.259375 0.015625 0.03125
1 0.29921875 0.23125 0.0203125 0.020833333333333332
1 0.27890625 0.22604166666666667 0.0171875 0.01875
1 0.3859375 0.184375 0.015625 0.01875
1 0.36953125 0.18958333333333333 0.0171875 0.020833333333333332
1 0.33203125 0.18645833333333334 0.0140625 0.01875
1 0.315625 0.19166666666666668 0.015625 0.029166666666666667
1 0.303125 0.16875 0.01875 0.025
1 0.4875 0.07395833333333333 0.0125 0.01875
1 0.5625 0.2625 0.015625 0.03333333333333333
1 0.55546875 0.22708333333333333 0.0140625 0.0375
1 0.55 0.190625 0.0125 0.022916666666666665
1 0.540625 0.1625 0.015625 0.020833333333333332
