
1 0.3796875 0.975 0.059375 0.05
1 0.44921875 0.9260416666666667 0.0515625 0.04375
1 0.23984375 0.9927083333333333 0.0421875 0.014583333333333334
1 0.31640625 0.9583333333333334 0.0640625 0.05
1 0.40390625 0.9114583333333334 0.0546875 0.04791666666666667
1 0.16640625 0.9854166666666667 0.0671875 0.029166666666666667
1 0.2546875 0.9458333333333333 0.0625 0.04583333333333333
1 0.33046875 0.9 0.0484375 0.041666666666666664
1 0.40390625 0.8604166666666667 0.0546875 0.041666666666666664
1 0.11796875 0.9760416666666667 0.0671875 0.04791666666666667
1 0.1984375 0.928125 0.0625 0.04791666666666667
1 0.2859375 0.8833333333333333 0.06875 0.05
1 0.3640625 0.840625 0.053125 0.04375

1 0.15390625 0.803125 0.0359375 0.035416666666666666

1 0.05859375 0.9083333333333333 0.0203125 0.025
1 0.33984375 0.703125 0.0546875 0.035416666666666666
1 0.54375 0.6177083333333333 0.05625 0.03125
1 0.29453125 0.8010416666666667 0.0578125 0.052083333333333336
1 0.340625 0.703125 0.05625 0.03958333333333333
1 0.43984375 0.6489583333333333 0.0546875 0.035416666666666666
1 0.5640625 0.73125 0.05 0.041666666666666664
1 0.54140625 0.6229166666666667 0.0578125 0.041666666666666664
1 0.728125 0.4739583333333333 0.028125 0.03125

5 0.37265625 0.5677083333333334 0.0203125 0.01875
4 0.34765625 0.5572916666666666 0.0078125 0.01875
4 0.36875 0.5572916666666666 0.009375 0.01875
5 0.40390625 0.5427083333333333 0.0078125 0.022916666666666665
5 0.415625 0.5416666666666666 0.009375 0.020833333333333332
4 0.39453125 0.5333333333333333 0.0078125 0.020833333333333332
4 0.36640625 0.5114583333333333 0.0109375 0.027083333333333334
4 0.37265625 0.49895833333333334 0.0140625 0.014583333333333334
5 0.521875 0.42083333333333334 0.009375 0.03333333333333333
1 0.571875 0.4010416666666667 0.021875 0.03125
5 0.5328125 0.4197916666666667 0.00625 0.01875
5 0.55390625 0.4114583333333333 0.0078125 0.01875
5 0.55390625 0.4270833333333333 0.0109375 0.025
5 0.6109375 0.521875 0.009375 0.01875
5 0.59296875 0.39479166666666665 0.0109375 0.014583333333333334
5 0.63984375 0.48020833333333335 0.0265625 0.04375
5 0.63125 0.3885416666666667 0.009375 0.00625
5 0.63984375 0.38333333333333336 0.0109375 0.020833333333333332
5 0.6171875 0.359375 0.0125 0.014583333333333334
5 0.6171875 0.3458333333333333 0.0125 0.016666666666666666
5 0.61640625 0.35 0.0140625 0.016666666666666666
5 0.57578125 0.36770833333333336 0.0078125 0.010416666666666666
5 0.55078125 0.365625 0.0078125 0.01875
5 0.52734375 0.36041666666666666 0.0109375 0.020833333333333332
5 0.540625 0.353125 0.00625 0.01875
1 0.54765625 0.35 0.0203125 0.03333333333333333
3 0.546875 0.278125 0.028125 0.06875
1 0.53046875 0.22604166666666667 0.0109375 0.01875
1 0.5265625 0.18854166666666666 0.015625 0.022916666666666665
3 0.5203125 0.14375 0.021875 0.05
1 0.5140625 0.11458333333333333 0.0125 0.016666666666666666
1 0.49453125 0.096875 0.0171875 0.03125
1 0.4890625 0.07083333333333333 0.009375 0.0125
1 0.50703125 0.030208333333333334 0.0140625 0.01875
1 0.37890625 0.25 0.0171875 0.020833333333333332
1 0.35859375 0.24895833333333334 0.0171875 0.027083333333333334
1 0.3796875 0.22395833333333334 0.015625 0.01875
1 0.35703125 0.22395833333333334 0.0171875 0.01875
1 0.3390625 0.22291666666666668 0.0125 0.020833333333333332
1 0.31953125 0.23020833333333332 0.0140625 0.022916666666666665
1 0.3203125 0.259375 0.015625 0.03125
1 0.3 0.23125 0.021875 0.020833333333333332
1 0.2796875 0.22604166666666667 0.015625 0.01875
1 0.3859375 0.184375 0.015625 0.01875
1 0.36875 0.18958333333333333 0.015625 0.020833333333333332
1 0.334375 0.1875 0.015625 0.020833333333333332
1 0.315625 0.19166666666666668 0.015625 0.029166666666666667
1 0.303125 0.16875 0.01875 0.025
1 0.48671875 0.07395833333333333 0.0140625 0.01875
1 0.5625 0.2625 0.015625 0.03333333333333333
1 0.55546875 0.22708333333333333 0.0140625 0.0375
1 0.55 0.190625 0.0125 0.022916666666666665
1 0.540625 0.16145833333333334 0.015625 0.01875
