
1 0.3796875 0.975 0.059375 0.05
1 0.44921875 0.9260416666666667 0.0515625 0.04375
1 0.23984375 0.9927083333333333 0.0421875 0.014583333333333334
1 0.31640625 0.9583333333333334 0.0640625 0.05
1 0.403125 0.9104166666666667 0.05625 0.05
1 0.165625 0.9854166666666667 0.065625 0.029166666666666667
1 0.2546875 0.9458333333333333 0.0625 0.04583333333333333
1 0.33046875 0.9 0.0484375 0.041666666666666664
1 0.40390625 0.8604166666666667 0.0546875 0.041666666666666664
1 0.115625 0.9770833333333333 0.065625 0.04583333333333333
1 0.19765625 0.928125 0.0609375 0.04791666666666667
1 0.2859375 0.8833333333333333 0.06875 0.05
1 0.36484375 0.840625 0.0546875 0.04375

1 0.14296875 0.8072916666666666 0.0265625 0.027083333333333334

1 0.16171875 0.8572916666666667 0.2515625 0.12708333333333333
1 0.3265625 0.7083333333333334 0.05 0.0375
1 0.53671875 0.6166666666666667 0.0546875 0.029166666666666667
1 0.2859375 0.8052083333333333 0.059375 0.052083333333333336
1 0.32890625 0.7072916666666667 0.0546875 0.03958333333333333
1 0.43046875 0.6489583333333333 0.0578125 0.035416666666666666
1 0.5609375 0.73125 0.05 0.04583333333333333
1 0.525 0.6229166666666667 0.0625 0.041666666666666664
1 0.72421875 0.465625 0.0296875 0.035416666666666666

5 0.3734375 0.565625 0.01875 0.01875
4 0.34765625 0.5572916666666666 0.0078125 0.01875
4 0.36796875 0.5583333333333333 0.0109375 0.020833333333333332
5 0.40546875 0.5427083333333333 0.0078125 0.022916666666666665
5 0.415625 0.5427083333333333 0.009375 0.022916666666666665
4 0.3953125 0.5333333333333333 0.00625 0.016666666666666666
4 0.36640625 0.5114583333333333 0.0109375 0.027083333333333334
4 0.36953125 0.503125 0.0140625 0.014583333333333334
5 0.521875 0.421875 0.009375 0.035416666666666666
1 0.571875 0.4010416666666667 0.021875 0.03125
5 0.5328125 0.4197916666666667 0.00625 0.01875
5 0.55390625 0.4114583333333333 0.0078125 0.01875
5 0.55390625 0.4270833333333333 0.0109375 0.025
5 0.6125 0.5270833333333333 0.009375 0.016666666666666666
5 0.59296875 0.39479166666666665 0.0109375 0.014583333333333334
5 0.6390625 0.48125 0.025 0.0375
5 0.63359375 0.3885416666666667 0.0078125 0.00625
5 0.63984375 0.3854166666666667 0.0109375 0.020833333333333332
5 0.6171875 0.36041666666666666 0.0125 0.0125
5 0.61640625 0.34791666666666665 0.0140625 0.016666666666666666
5 0.61640625 0.35 0.0140625 0.016666666666666666
5 0.57890625 0.3697916666666667 0.0078125 0.010416666666666666
5 0.55078125 0.365625 0.0078125 0.01875
5 0.52734375 0.3614583333333333 0.0109375 0.022916666666666665
5 0.5421875 0.3541666666666667 0.00625 0.020833333333333332
1 0.54765625 0.35 0.0203125 0.03333333333333333
3 0.546875 0.2791666666666667 0.028125 0.07083333333333333
1 0.53125 0.228125 0.0125 0.01875
1 0.52578125 0.18958333333333333 0.0140625 0.025
3 0.51875 0.14375 0.021875 0.05
1 0.51328125 0.11458333333333333 0.0109375 0.016666666666666666
1 0.49453125 0.09895833333333333 0.0140625 0.03125
1 0.4890625 0.07083333333333333 0.009375 0.0125
1 0.5078125 0.03229166666666667 0.0125 0.01875
1 0.38125 0.24895833333333334 0.015625 0.01875
1 0.35859375 0.24895833333333334 0.0171875 0.027083333333333334
1 0.3796875 0.22395833333333334 0.015625 0.01875
1 0.35703125 0.22291666666666668 0.0171875 0.020833333333333332
1 0.3390625 0.221875 0.0125 0.022916666666666665
1 0.31953125 0.23020833333333332 0.0140625 0.022916666666666665
1 0.3203125 0.259375 0.015625 0.03125
1 0.29921875 0.23125 0.0203125 0.020833333333333332
1 0.2796875 0.22604166666666667 0.015625 0.01875
1 0.3859375 0.184375 0.015625 0.01875
1 0.36953125 0.18958333333333333 0.0171875 0.020833333333333332
1 0.33203125 0.18645833333333334 0.0140625 0.01875
1 0.315625 0.19166666666666668 0.015625 0.029166666666666667
1 0.303125 0.16979166666666667 0.01875 0.027083333333333334
1 0.4875 0.07395833333333333 0.0125 0.01875
1 0.56328125 0.2635416666666667 0.0171875 0.03125
1 0.55546875 0.22708333333333333 0.0140625 0.0375
1 0.55 0.190625 0.0125 0.022916666666666665
1 0.540625 0.1625 0.015625 0.020833333333333332
