
1 0.3796875 0.975 0.059375 0.05
1 0.44921875 0.925 0.0515625 0.041666666666666664
1 0.23984375 0.9927083333333333 0.0421875 0.014583333333333334
1 0.31640625 0.9583333333333334 0.0640625 0.05
1 0.403125 0.9104166666666667 0.05625 0.05
1 0.165625 0.9854166666666667 0.065625 0.029166666666666667
1 0.2546875 0.9458333333333333 0.0625 0.04583333333333333
1 0.33046875 0.9 0.0484375 0.041666666666666664
1 0.40390625 0.8604166666666667 0.0546875 0.041666666666666664
1 0.115625 0.9770833333333333 0.065625 0.04583333333333333
1 0.19765625 0.928125 0.0609375 0.04791666666666667
1 0.2859375 0.8833333333333333 0.06875 0.05
1 0.3640625 0.840625 0.053125 0.04375

1 0.06796875 0.8260416666666667 0.0953125 0.0020833333333333333

1 0.15390625 0.8552083333333333 0.2671875 0.13125
1 0.31484375 0.7104166666666667 0.0453125 0.041666666666666664
1 0.52890625 0.6145833333333334 0.0546875 0.029166666666666667
1 0.278125 0.8083333333333333 0.059375 0.05
1 0.32109375 0.709375 0.0578125 0.03958333333333333
1 0.4234375 0.6541666666666667 0.05625 0.041666666666666664
1 0.55625 0.734375 0.046875 0.052083333333333336
1 0.5234375 0.6229166666666667 0.0625 0.041666666666666664
1 0.721875 0.45625 0.028125 0.03333333333333333

5 0.3734375 0.565625 0.01875 0.01875
4 0.34765625 0.55625 0.0078125 0.016666666666666666
4 0.3671875 0.5614583333333333 0.0125 0.022916666666666665
5 0.40625 0.54375 0.00625 0.020833333333333332
5 0.415625 0.5427083333333333 0.009375 0.022916666666666665
4 0.3953125 0.5354166666666667 0.00625 0.016666666666666666
4 0.36640625 0.5114583333333333 0.0109375 0.027083333333333334
4 0.37265625 0.5 0.0140625 0.0125
5 0.521875 0.42083333333333334 0.009375 0.03333333333333333
1 0.571875 0.40208333333333335 0.021875 0.03333333333333333
5 0.5328125 0.4197916666666667 0.00625 0.01875
5 0.55390625 0.4114583333333333 0.0078125 0.01875
5 0.55390625 0.42604166666666665 0.0109375 0.022916666666666665
5 0.61328125 0.5302083333333333 0.0078125 0.01875
5 0.59375 0.3958333333333333 0.0125 0.016666666666666666
5 0.6375 0.4864583333333333 0.021875 0.03958333333333333
5 0.6359375 0.3885416666666667 0.009375 0.00625
5 0.6390625 0.3875 0.009375 0.020833333333333332
5 0.6171875 0.36041666666666666 0.0125 0.0125
5 0.6171875 0.346875 0.0125 0.014583333333333334
5 0.6171875 0.35 0.0125 0.016666666666666666
5 0.5796875 0.37395833333333334 0.009375 0.014583333333333334
5 0.55078125 0.365625 0.0078125 0.01875
5 0.5265625 0.3614583333333333 0.009375 0.022916666666666665
5 0.5421875 0.353125 0.00625 0.022916666666666665
1 0.54765625 0.35 0.0203125 0.03333333333333333
3 0.546875 0.28020833333333334 0.028125 0.06875
1 0.5296875 0.23125 0.0125 0.020833333333333332
1 0.52578125 0.18958333333333333 0.0140625 0.025
3 0.52265625 0.14270833333333333 0.0203125 0.04791666666666667
1 0.5140625 0.11458333333333333 0.0125 0.016666666666666666
1 0.49296875 0.1 0.0140625 0.03333333333333333
1 0.4890625 0.06979166666666667 0.009375 0.014583333333333334
1 0.5078125 0.03229166666666667 0.0125 0.01875
1 0.38125 0.24895833333333334 0.015625 0.01875
1 0.3578125 0.24895833333333334 0.015625 0.027083333333333334
1 0.3796875 0.22395833333333334 0.015625 0.01875
1 0.35703125 0.22291666666666668 0.0171875 0.020833333333333332
1 0.3390625 0.221875 0.0125 0.022916666666666665
1 0.31953125 0.22708333333333333 0.0140625 0.020833333333333332
1 0.3203125 0.259375 0.015625 0.03125
1 0.29921875 0.23125 0.0203125 0.020833333333333332
1 0.2796875 0.22604166666666667 0.015625 0.01875
1 0.3859375 0.184375 0.015625 0.01875
1 0.36953125 0.18854166666666666 0.0171875 0.01875
1 0.33203125 0.18645833333333334 0.0140625 0.01875
1 0.315625 0.19166666666666668 0.015625 0.029166666666666667
1 0.303125 0.16875 0.01875 0.025
1 0.48828125 0.07395833333333333 0.0140625 0.01875
1 0.56328125 0.2635416666666667 0.0171875 0.03125
1 0.55546875 0.22708333333333333 0.0140625 0.0375
1 0.54921875 0.190625 0.0140625 0.022916666666666665
1 0.540625 0.16145833333333334 0.015625 0.01875
