
1 0.3796875 0.975 0.059375 0.05
1 0.4484375 0.9260416666666667 0.053125 0.04375
1 0.23984375 0.9927083333333333 0.0421875 0.014583333333333334
1 0.31640625 0.9583333333333334 0.0640625 0.05
1 0.40234375 0.9114583333333334 0.0546875 0.04791666666666667
1 0.165625 0.9854166666666667 0.065625 0.029166666666666667
1 0.2546875 0.9458333333333333 0.0625 0.04583333333333333
1 0.33046875 0.9 0.0484375 0.041666666666666664
1 0.40234375 0.8604166666666667 0.0546875 0.041666666666666664
1 0.115625 0.9770833333333333 0.065625 0.04583333333333333
1 0.19765625 0.928125 0.0609375 0.04791666666666667
1 0.2859375 0.8833333333333333 0.06875 0.05
1 0.3640625 0.8395833333333333 0.053125 0.04583333333333333

1 0.09921875 0.8260416666666667 0.0328125 0.01875

1 0.26953125 0.8104166666666667 0.0359375 0.03333333333333333
1 0.3 0.7135416666666666 0.040625 0.03958333333333333
1 0.52421875 0.6145833333333334 0.0546875 0.029166666666666667
1 0.26875 0.8135416666666667 0.0625 0.052083333333333336
1 0.30859375 0.7145833333333333 0.0578125 0.041666666666666664
1 0.415625 0.65625 0.05625 0.04583333333333333
1 0.5515625 0.7322916666666667 0.040625 0.04791666666666667
1 0.5046875 0.6239583333333333 0.059375 0.04375
1 0.71640625 0.44375 0.0265625 0.029166666666666667

5 0.37265625 0.56875 0.0203125 0.020833333333333332
4 0.346875 0.55625 0.00625 0.016666666666666666
4 0.36875 0.5541666666666667 0.009375 0.016666666666666666
5 0.40546875 0.5416666666666666 0.0078125 0.020833333333333332
5 0.4140625 0.5427083333333333 0.009375 0.022916666666666665
4 0.39453125 0.5333333333333333 0.0078125 0.020833333333333332
4 0.36640625 0.5125 0.0109375 0.029166666666666667
4 0.36875 0.503125 0.0125 0.014583333333333334
5 0.52265625 0.421875 0.0109375 0.035416666666666666
1 0.56953125 0.40208333333333335 0.0203125 0.03333333333333333
5 0.5328125 0.4197916666666667 0.00625 0.01875
5 0.55390625 0.4114583333333333 0.0078125 0.01875
5 0.5546875 0.425 0.0125 0.020833333333333332
5 0.61484375 0.5354166666666667 0.0078125 0.020833333333333332
5 0.59375 0.3958333333333333 0.0125 0.016666666666666666
5 0.64453125 0.4947916666666667 0.0203125 0.04375
5 0.634375 0.39375 0.009375 0.0125
5 0.6390625 0.3875 0.009375 0.020833333333333332
5 0.61796875 0.3614583333333333 0.0109375 0.014583333333333334
5 0.6171875 0.35 0.0125 0.016666666666666666
5 0.61796875 0.35208333333333336 0.0140625 0.016666666666666666
5 0.58203125 0.375 0.0078125 0.0125
5 0.55078125 0.365625 0.0078125 0.01875
5 0.5265625 0.3625 0.009375 0.020833333333333332
5 0.54296875 0.3541666666666667 0.0078125 0.020833333333333332
1 0.54765625 0.35 0.0203125 0.03333333333333333
3 0.54765625 0.28020833333333334 0.0296875 0.06875
1 0.52890625 0.23229166666666667 0.0140625 0.022916666666666665
1 0.52578125 0.18958333333333333 0.0140625 0.025
3 0.52265625 0.14270833333333333 0.0203125 0.04791666666666667
1 0.5140625 0.11458333333333333 0.0125 0.016666666666666666
1 0.49296875 0.1 0.0140625 0.03333333333333333
1 0.4890625 0.06979166666666667 0.009375 0.014583333333333334
1 0.5078125 0.034375 0.0125 0.01875
1 0.38125 0.24895833333333334 0.015625 0.01875
1 0.3578125 0.24895833333333334 0.015625 0.027083333333333334
1 0.37890625 0.22395833333333334 0.0140625 0.01875
1 0.35625 0.22291666666666668 0.01875 0.020833333333333332
1 0.33828125 0.22083333333333333 0.0140625 0.020833333333333332
1 0.31953125 0.22604166666666667 0.0140625 0.01875
1 0.3203125 0.259375 0.015625 0.03125
1 0.29921875 0.23125 0.0203125 0.020833333333333332
1 0.27890625 0.22604166666666667 0.0171875 0.01875
1 0.3859375 0.184375 0.015625 0.01875
1 0.36875 0.18958333333333333 0.015625 0.020833333333333332
1 0.334375 0.1875 0.015625 0.020833333333333332
1 0.315625 0.19166666666666668 0.015625 0.029166666666666667
1 0.303125 0.16875 0.01875 0.025
1 0.48671875 0.07916666666666666 0.0140625 0.020833333333333332
1 0.56328125 0.2635416666666667 0.0171875 0.03125
1 0.55625 0.228125 0.015625 0.03958333333333333
1 0.54921875 0.190625 0.0140625 0.022916666666666665
1 0.540625 0.16354166666666667 0.015625 0.022916666666666665
