
1 0.3796875 0.975 0.059375 0.05
1 0.44765625 0.925 0.0515625 0.041666666666666664
1 0.23984375 0.9916666666666667 0.0421875 0.016666666666666666
1 0.31640625 0.9583333333333334 0.0640625 0.05
1 0.403125 0.9114583333333334 0.05625 0.04791666666666667
1 0.165625 0.9854166666666667 0.065625 0.029166666666666667
1 0.2546875 0.9458333333333333 0.0625 0.04583333333333333
1 0.33046875 0.9 0.0484375 0.041666666666666664
1 0.40234375 0.859375 0.0546875 0.03958333333333333
1 0.11484375 0.9760416666666667 0.0671875 0.04791666666666667
1 0.19765625 0.928125 0.0609375 0.04791666666666667
1 0.2859375 0.8822916666666667 0.06875 0.052083333333333336
1 0.3640625 0.8395833333333333 0.053125 0.04583333333333333

1 0.09609375 0.8375 0.0421875 0.041666666666666664

1 0.25625 0.8104166666666667 0.034375 0.03333333333333333
1 0.40546875 0.6541666666666667 0.0546875 0.03333333333333333
1 0.51875 0.6135416666666667 0.053125 0.027083333333333334
1 0.26171875 0.8197916666666667 0.0609375 0.06041666666666667
1 0.3015625 0.7166666666666667 0.059375 0.041666666666666664
1 0.40703125 0.6572916666666667 0.0546875 0.04375
1 0.55078125 0.7385416666666667 0.0390625 0.06041666666666667
1 0.51640625 0.6135416666666667 0.0515625 0.027083333333333334
1 0.7109375 0.4375 0.03125 0.0375

5 0.375 0.5677083333333334 0.021875 0.01875
4 0.346875 0.5572916666666666 0.00625 0.01875
4 0.36796875 0.5520833333333334 0.0109375 0.016666666666666666
5 0.40546875 0.54375 0.0078125 0.020833333333333332
5 0.4140625 0.5427083333333333 0.009375 0.022916666666666665
4 0.39453125 0.5333333333333333 0.0078125 0.020833333333333332
4 0.36640625 0.5125 0.0109375 0.029166666666666667
4 0.36875 0.503125 0.0125 0.014583333333333334
5 0.52265625 0.421875 0.0109375 0.035416666666666666
1 0.56953125 0.403125 0.0203125 0.03125
5 0.5328125 0.4197916666666667 0.00625 0.01875
5 0.553125 0.4114583333333333 0.009375 0.01875
5 0.55390625 0.42604166666666665 0.0109375 0.022916666666666665
5 0.61484375 0.5364583333333334 0.0078125 0.01875
5 0.59453125 0.3958333333333333 0.0109375 0.016666666666666666
5 0.64375 0.4947916666666667 0.021875 0.03958333333333333
5 0.640625 0.39375 0.009375 0.0125
5 0.63984375 0.3885416666666667 0.0109375 0.01875
5 0.61875 0.3625 0.0125 0.016666666666666666
5 0.61796875 0.35 0.0109375 0.016666666666666666
5 0.61875 0.35208333333333336 0.0125 0.016666666666666666
5 0.5828125 0.375 0.009375 0.016666666666666666
5 0.55 0.365625 0.009375 0.01875
5 0.5265625 0.3625 0.009375 0.020833333333333332
5 0.54375 0.35520833333333335 0.009375 0.022916666666666665
1 0.546875 0.35104166666666664 0.01875 0.035416666666666666
3 0.54765625 0.28125 0.0296875 0.07083333333333333
1 0.5296875 0.23229166666666667 0.015625 0.022916666666666665
1 0.52578125 0.18958333333333333 0.0140625 0.025
3 0.51875 0.14375 0.021875 0.05
1 0.5140625 0.11458333333333333 0.0125 0.016666666666666666
1 0.49296875 0.10208333333333333 0.0140625 0.0375
1 0.4890625 0.07083333333333333 0.009375 0.0125
1 0.5078125 0.036458333333333336 0.0125 0.01875
1 0.38125 0.24895833333333334 0.015625 0.01875
1 0.35703125 0.24895833333333334 0.0171875 0.027083333333333334
1 0.37890625 0.22395833333333334 0.0140625 0.01875
1 0.35625 0.22291666666666668 0.01875 0.020833333333333332
1 0.33828125 0.22083333333333333 0.0140625 0.020833333333333332
1 0.31875 0.23020833333333332 0.015625 0.022916666666666665
1 0.3203125 0.259375 0.015625 0.03125
1 0.29921875 0.23125 0.0203125 0.020833333333333332
1 0.28046875 0.225 0.0140625 0.016666666666666666
1 0.3859375 0.184375 0.015625 0.01875
1 0.36875 0.18958333333333333 0.015625 0.020833333333333332
1 0.33203125 0.18645833333333334 0.0140625 0.01875
1 0.315625 0.19166666666666668 0.015625 0.029166666666666667
1 0.303125 0.16875 0.01875 0.025
1 0.48671875 0.07916666666666666 0.0140625 0.020833333333333332
1 0.56484375 0.2635416666666667 0.0140625 0.027083333333333334
1 0.55546875 0.228125 0.0140625 0.03958333333333333
1 0.54921875 0.190625 0.0140625 0.022916666666666665
1 0.53984375 0.16354166666666667 0.0140625 0.022916666666666665
