
1 0.37890625 0.975 0.0609375 0.05
1 0.44765625 0.925 0.0515625 0.041666666666666664
1 0.23984375 0.9916666666666667 0.0421875 0.016666666666666666
1 0.315625 0.9583333333333334 0.065625 0.05
1 0.40234375 0.9104166666666667 0.0546875 0.05
1 0.16484375 0.9854166666666667 0.0671875 0.029166666666666667
1 0.2546875 0.9458333333333333 0.0625 0.04583333333333333
1 0.3296875 0.8989583333333333 0.046875 0.03958333333333333
1 0.40234375 0.859375 0.0546875 0.03958333333333333
1 0.11484375 0.9770833333333333 0.0671875 0.04583333333333333
1 0.196875 0.928125 0.0625 0.04791666666666667
1 0.28515625 0.8833333333333333 0.0671875 0.05
1 0.3640625 0.8385416666666666 0.053125 0.04375

1 0.06484375 0.8458333333333333 0.0421875 0.041666666666666664

1 0.240625 0.8322916666666667 0.009375 0.00625
1 0.38984375 0.6541666666666667 0.0546875 0.03333333333333333
1 0.50625 0.615625 0.059375 0.03125
1 0.24296875 0.828125 0.0609375 0.06041666666666667
1 0.2796875 0.721875 0.059375 0.04375
1 0.39609375 0.665625 0.0640625 0.05625
1 0.54453125 0.73125 0.0390625 0.05
1 0.484375 0.625 0.053125 0.041666666666666664
1 0.70546875 0.4197916666666667 0.0296875 0.035416666666666666

5 0.378125 0.5645833333333333 0.01875 0.016666666666666666
4 0.34609375 0.5572916666666666 0.0078125 0.01875
4 0.36796875 0.553125 0.0109375 0.01875
5 0.4046875 0.54375 0.009375 0.020833333333333332
5 0.4140625 0.5447916666666667 0.009375 0.022916666666666665
4 0.39375 0.5333333333333333 0.00625 0.020833333333333332
4 0.36640625 0.5125 0.0109375 0.029166666666666667
4 0.36875 0.503125 0.0125 0.014583333333333334
5 0.525 0.4197916666666667 0.009375 0.03125
1 0.56953125 0.403125 0.0203125 0.03125
5 0.534375 0.4197916666666667 0.00625 0.014583333333333334
5 0.553125 0.4114583333333333 0.009375 0.01875
5 0.5546875 0.4239583333333333 0.0125 0.01875
5 0.61640625 0.5479166666666667 0.0109375 0.020833333333333332
5 0.59453125 0.3958333333333333 0.0109375 0.016666666666666666
5 0.64296875 0.4947916666666667 0.0140625 0.027083333333333334
5 0.6421875 0.39375 0.00625 0.0125
5 0.640625 0.3885416666666667 0.009375 0.01875
5 0.621875 0.3614583333333333 0.0125 0.014583333333333334
5 0.6203125 0.353125 0.0125 0.014583333333333334
5 0.62109375 0.3541666666666667 0.0140625 0.016666666666666666
5 0.58515625 0.375 0.0078125 0.0125
5 0.55 0.36666666666666664 0.009375 0.020833333333333332
5 0.528125 0.3625 0.009375 0.020833333333333332
5 0.5453125 0.35520833333333335 0.009375 0.022916666666666665
1 0.546875 0.35208333333333336 0.01875 0.03333333333333333
3 0.5484375 0.28229166666666666 0.03125 0.06875
1 0.5296875 0.234375 0.015625 0.022916666666666665
1 0.5265625 0.18958333333333333 0.015625 0.025
3 0.52265625 0.14270833333333333 0.0203125 0.04791666666666667
1 0.5140625 0.11458333333333333 0.0125 0.016666666666666666
1 0.4921875 0.09375 0.0125 0.03333333333333333
1 0.48515625 0.06979166666666667 0.0109375 0.014583333333333334
1 0.51015625 0.03958333333333333 0.0140625 0.020833333333333332
1 0.38125 0.24791666666666667 0.015625 0.020833333333333332
1 0.35703125 0.24791666666666667 0.0171875 0.029166666666666667
1 0.3765625 0.225 0.015625 0.020833333333333332
1 0.35703125 0.221875 0.0140625 0.01875
1 0.33828125 0.22083333333333333 0.0140625 0.020833333333333332
1 0.31953125 0.22604166666666667 0.0140625 0.01875
1 0.3203125 0.25833333333333336 0.015625 0.03333333333333333
1 0.29921875 0.23125 0.0203125 0.020833333333333332
1 0.28046875 0.225 0.0140625 0.016666666666666666
1 0.3859375 0.184375 0.015625 0.01875
1 0.36875 0.18958333333333333 0.015625 0.020833333333333332
1 0.33359375 0.18645833333333334 0.0140625 0.022916666666666665
1 0.31484375 0.19166666666666668 0.0171875 0.029166666666666667
1 0.303125 0.16875 0.01875 0.025
1 0.4875 0.07291666666666667 0.015625 0.016666666666666666
1 0.56328125 0.26666666666666666 0.0171875 0.029166666666666667
1 0.5546875 0.228125 0.015625 0.03958333333333333
1 0.54921875 0.190625 0.0140625 0.022916666666666665
1 0.5390625 0.16354166666666667 0.015625 0.022916666666666665
