
1 0.37890625 0.975 0.0609375 0.05
1 0.44765625 0.925 0.0515625 0.041666666666666664
1 0.23984375 0.9916666666666667 0.0421875 0.016666666666666666
1 0.315625 0.9583333333333334 0.065625 0.05
1 0.40234375 0.9114583333333334 0.0546875 0.04791666666666667
1 0.16484375 0.9854166666666667 0.0671875 0.029166666666666667
1 0.2546875 0.9458333333333333 0.0625 0.04583333333333333
1 0.3296875 0.8989583333333333 0.046875 0.03958333333333333
1 0.40234375 0.859375 0.0546875 0.03958333333333333
1 0.11484375 0.9760416666666667 0.0671875 0.04791666666666667
1 0.196875 0.928125 0.0625 0.04791666666666667
1 0.2859375 0.8822916666666667 0.06875 0.052083333333333336
1 0.3640625 0.8385416666666666 0.053125 0.04375

1 0.04765625 0.853125 0.0453125 0.04791666666666667

1 0.27109375 0.7322916666666667 0.0015625 0.0020833333333333333
1 0.37890625 0.6572916666666667 0.0546875 0.03125
1 0.4984375 0.6166666666666667 0.059375 0.03333333333333333
1 0.23203125 0.8354166666666667 0.0578125 0.0625
1 0.2703125 0.7270833333333333 0.065625 0.041666666666666664
1 0.384375 0.6697916666666667 0.05625 0.05625
1 0.5375 0.721875 0.040625 0.03125
1 0.4828125 0.6239583333333333 0.05625 0.03958333333333333
1 0.70234375 0.4114583333333333 0.0296875 0.035416666666666666

5 0.38125 0.565625 0.01875 0.01875
4 0.34609375 0.5583333333333333 0.0078125 0.020833333333333332
4 0.36796875 0.553125 0.0109375 0.01875
5 0.40546875 0.54375 0.0078125 0.020833333333333332
5 0.41484375 0.5447916666666667 0.0109375 0.022916666666666665
4 0.39296875 0.534375 0.0078125 0.01875
4 0.36640625 0.5125 0.0109375 0.029166666666666667
4 0.36875 0.503125 0.0125 0.014583333333333334
5 0.52578125 0.4197916666666667 0.0109375 0.03125
1 0.56953125 0.4041666666666667 0.0203125 0.03333333333333333
5 0.534375 0.4197916666666667 0.00625 0.014583333333333334
5 0.553125 0.4114583333333333 0.009375 0.01875
5 0.5546875 0.4239583333333333 0.0125 0.01875
5 0.61796875 0.5510416666666667 0.0078125 0.01875
5 0.59453125 0.3958333333333333 0.0109375 0.016666666666666666
5 0.64375 0.5 0.0125 0.020833333333333332
5 0.6421875 0.39479166666666665 0.00625 0.014583333333333334
5 0.640625 0.390625 0.009375 0.01875
5 0.625 0.3625 0.0125 0.0125
5 0.6203125 0.3541666666666667 0.0125 0.016666666666666666
5 0.621875 0.3572916666666667 0.015625 0.01875
5 0.58671875 0.375 0.0078125 0.0125
5 0.55 0.36666666666666664 0.009375 0.020833333333333332
5 0.53046875 0.3625 0.0078125 0.016666666666666666
5 0.5453125 0.35625 0.009375 0.025
1 0.546875 0.35208333333333336 0.01875 0.03333333333333333
3 0.54921875 0.2833333333333333 0.0296875 0.07083333333333333
1 0.5296875 0.234375 0.015625 0.022916666666666665
1 0.52578125 0.18958333333333333 0.0140625 0.025
3 0.52265625 0.14270833333333333 0.0203125 0.04791666666666667
1 0.5140625 0.11458333333333333 0.0125 0.016666666666666666
1 0.49140625 0.09479166666666666 0.0140625 0.035416666666666666
1 0.4796875 0.06875 0.0125 0.016666666666666666
1 0.51015625 0.040625 0.0140625 0.01875
1 0.38125 0.24791666666666667 0.015625 0.020833333333333332
1 0.3609375 0.24791666666666667 0.015625 0.025
1 0.37890625 0.22395833333333334 0.0140625 0.01875
1 0.35703125 0.221875 0.0140625 0.01875
1 0.33671875 0.22291666666666668 0.0140625 0.020833333333333332
1 0.31953125 0.22604166666666667 0.0140625 0.01875
1 0.31875 0.25833333333333336 0.015625 0.03333333333333333
1 0.29921875 0.23125 0.0203125 0.020833333333333332
1 0.2796875 0.225 0.015625 0.016666666666666666
1 0.3859375 0.184375 0.015625 0.01875
1 0.36875 0.18854166666666666 0.015625 0.01875
1 0.33359375 0.18645833333333334 0.0140625 0.022916666666666665
1 0.31484375 0.19166666666666668 0.0171875 0.029166666666666667
1 0.303125 0.16770833333333332 0.01875 0.027083333333333334
1 0.48671875 0.07083333333333333 0.0171875 0.016666666666666666
1 0.565625 0.26666666666666666 0.015625 0.025
1 0.55546875 0.22916666666666666 0.0171875 0.041666666666666664
1 0.54921875 0.190625 0.0140625 0.022916666666666665
1 0.5390625 0.16354166666666667 0.015625 0.022916666666666665
