1 0.01328125 0.95625 0.0265625 0.041666666666666664
1 0.38203125 0.975 0.0609375 0.05
1 0.4515625 0.9239583333333333 0.053125 0.04375
1 0.2421875 0.990625 0.04375 0.01875
1 0.31953125 0.9572916666666667 0.0640625 0.052083333333333336
1 0.40546875 0.9104166666666667 0.0546875 0.05
1 0.16875 0.9854166666666667 0.065625 0.029166666666666667
1 0.2578125 0.9447916666666667 0.059375 0.04791666666666667
1 0.33359375 0.8989583333333333 0.0484375 0.03958333333333333
1 0.40546875 0.8583333333333333 0.0546875 0.041666666666666664
1 0.1203125 0.9770833333333333 0.065625 0.04583333333333333
1 0.20078125 0.928125 0.0609375 0.04791666666666667
1 0.28984375 0.8822916666666667 0.0703125 0.052083333333333336
1 0.36796875 0.8395833333333333 0.0546875 0.04583333333333333
1 0.15234375 0.8489583333333334 0.0609375 0.052083333333333336
1 0.071875 0.79375 0.05625 0.05416666666666667
1 0.2140625 0.7645833333333333 0.05625 0.05
1 0.38125 0.753125 0.053125 0.04375
1 0.3875 0.665625 0.053125 0.03958333333333333
1 0.490625 0.68125 0.05 0.03333333333333333
1 0.515625 0.7447916666666666 0.05625 0.03958333333333333
1 0.59921875 0.70625 0.0546875 0.0375
1 0.678125 0.7145833333333333 0.05 0.04583333333333333
1 0.70625 0.8208333333333333 0.046875 0.05416666666666667
1 0.7890625 0.7552083333333334 0.059375 0.06041666666666667
1 0.865625 0.8395833333333333 0.040625 0.058333333333333334
5 0.0046875 0.784375 0.009375 0.022916666666666665
5 0.28984375 0.6072916666666667 0.0234375 0.022916666666666665
4 0.34921875 0.5583333333333333 0.0078125 0.020833333333333332
4 0.36953125 0.55 0.0078125 0.016666666666666666
5 0.40625 0.54375 0.009375 0.025
5 0.41953125 0.540625 0.0109375 0.027083333333333334
4 0.39609375 0.5291666666666667 0.0078125 0.016666666666666666
4 0.365625 0.5114583333333333 0.009375 0.027083333333333334
4 0.37421875 0.5 0.0109375 0.0125
5 0.521875 0.415625 0.009375 0.022916666666666665
1 0.5734375 0.39791666666666664 0.021875 0.03333333333333333
5 0.5359375 0.4166666666666667 0.00625 0.016666666666666666
5 0.55546875 0.4125 0.0078125 0.020833333333333332
5 0.55546875 0.43125 0.0109375 0.020833333333333332
5 0.5703125 0.4322916666666667 0.0125 0.01875
5 0.590625 0.39166666666666666 0.015625 0.016666666666666666
5 0.615625 0.403125 0.0125 0.01875
5 0.6125 0.3854166666666667 0.009375 0.0125
5 0.64296875 0.371875 0.0078125 0.01875
5 0.61875 0.3645833333333333 0.009375 0.016666666666666666
5 0.6171875 0.34375 0.0125 0.016666666666666666
5 0.59765625 0.365625 0.0140625 0.014583333333333334
5 0.56953125 0.359375 0.0078125 0.014583333333333334
5 0.553125 0.3697916666666667 0.00625 0.014583333333333334
5 0.53125 0.35520833333333335 0.00625 0.014583333333333334
5 0.53828125 0.35625 0.0046875 0.016666666666666666
1 0.528125 0.30416666666666664 0.021875 0.029166666666666667
3 0.546875 0.25625 0.028125 0.0625
1 0.5296875 0.21666666666666667 0.0125 0.020833333333333332
1 0.52890625 0.18854166666666666 0.0171875 0.027083333333333334
3 0.52265625 0.14375 0.0203125 0.04583333333333333
1 0.5171875 0.11458333333333333 0.0125 0.016666666666666666
1 0.5140625 0.08854166666666667 0.0125 0.027083333333333334
1 0.50625 0.057291666666666664 0.009375 0.010416666666666666
1 0.49296875 0.01875 0.0109375 0.020833333333333332
1 0.38046875 0.25 0.0171875 0.020833333333333332
1 0.359375 0.24791666666666667 0.015625 0.025
1 0.3796875 0.22291666666666668 0.015625 0.020833333333333332
1 0.36171875 0.221875 0.0140625 0.01875
1 0.340625 0.221875 0.015625 0.022916666666666665
1 0.32265625 0.22708333333333333 0.0140625 0.020833333333333332
1 0.32265625 0.25729166666666664 0.0171875 0.03125
1 0.30234375 0.23020833333333332 0.0203125 0.022916666666666665
1 0.28359375 0.225 0.0140625 0.016666666666666666
1 0.3890625 0.184375 0.015625 0.01875
1 0.3734375 0.1875 0.015625 0.020833333333333332
1 0.33359375 0.18541666666666667 0.0140625 0.020833333333333332
1 0.315625 0.18958333333333333 0.015625 0.029166666666666667
1 0.30390625 0.16770833333333332 0.0171875 0.027083333333333334
1 0.48984375 0.08229166666666667 0.0171875 0.027083333333333334
1 0.56640625 0.2552083333333333 0.0171875 0.027083333333333334
1 0.56015625 0.22083333333333333 0.0171875 0.029166666666666667
1 0.55234375 0.190625 0.0140625 0.022916666666666665
1 0.54375 0.16145833333333334 0.015625 0.022916666666666665
