
1 0.378125 0.975 0.059375 0.05
1 0.44765625 0.925 0.0515625 0.041666666666666664
1 0.23984375 0.9916666666666667 0.0421875 0.016666666666666666
1 0.31484375 0.9583333333333334 0.0640625 0.05
1 0.4015625 0.9104166666666667 0.053125 0.05
1 0.16484375 0.9854166666666667 0.0671875 0.029166666666666667
1 0.2546875 0.9458333333333333 0.0625 0.04583333333333333
1 0.3296875 0.8989583333333333 0.046875 0.03958333333333333
1 0.40234375 0.859375 0.0546875 0.03958333333333333
1 0.1140625 0.9760416666666667 0.06875 0.04791666666666667
1 0.196875 0.928125 0.0625 0.04791666666666667
1 0.2859375 0.8822916666666667 0.06875 0.052083333333333336
1 0.3640625 0.8385416666666666 0.053125 0.04375

1 0.01953125 0.8666666666666667 0.0390625 0.04583333333333333

1 0.21640625 0.7979166666666667 0.0484375 0.1125
1 0.3609375 0.6625 0.05625 0.03333333333333333
1 0.4859375 0.6166666666666667 0.059375 0.03333333333333333
1 0.2140625 0.84375 0.053125 0.058333333333333334
1 0.24453125 0.7322916666666667 0.0578125 0.03958333333333333
1 0.36484375 0.678125 0.0421875 0.06458333333333334
1 0.525 0.7197916666666667 0.03125 0.03125
1 0.46484375 0.625 0.0515625 0.0375
1 0.69296875 0.39479166666666665 0.0328125 0.035416666666666666

5 0.38359375 0.565625 0.0171875 0.01875
4 0.34609375 0.5583333333333333 0.0078125 0.020833333333333332
4 0.36796875 0.5510416666666667 0.0109375 0.01875
5 0.4046875 0.5447916666666667 0.009375 0.01875
5 0.415625 0.546875 0.009375 0.022916666666666665
4 0.39453125 0.5333333333333333 0.0078125 0.020833333333333332
4 0.365625 0.5125 0.009375 0.029166666666666667
4 0.36796875 0.503125 0.0109375 0.014583333333333334
5 0.5265625 0.41770833333333335 0.0125 0.027083333333333334
1 0.56953125 0.40625 0.0203125 0.029166666666666667
5 0.534375 0.42083333333333334 0.00625 0.016666666666666666
5 0.553125 0.4114583333333333 0.009375 0.01875
5 0.55390625 0.42604166666666665 0.0109375 0.01875
5 0.61875 0.5625 0.009375 0.020833333333333332
5 0.59140625 0.39479166666666665 0.0140625 0.014583333333333334
5 0.6453125 0.5114583333333333 0.0125 0.027083333333333334
5 0.64375 0.396875 0.00625 0.014583333333333334
5 0.6390625 0.39479166666666665 0.009375 0.022916666666666665
5 0.6265625 0.36354166666666665 0.009375 0.010416666666666666
5 0.62421875 0.35625 0.0140625 0.016666666666666666
5 0.62421875 0.359375 0.0140625 0.014583333333333334
5 0.5890625 0.37916666666666665 0.00625 0.0125
5 0.55 0.36770833333333336 0.009375 0.022916666666666665
5 0.53046875 0.36354166666666665 0.0078125 0.014583333333333334
5 0.54609375 0.35833333333333334 0.0109375 0.025
1 0.546875 0.35208333333333336 0.01875 0.03333333333333333
3 0.55 0.2875 0.03125 0.06666666666666667
1 0.5296875 0.23645833333333333 0.015625 0.022916666666666665
1 0.525 0.190625 0.015625 0.027083333333333334
3 0.521875 0.14270833333333333 0.01875 0.04791666666666667
1 0.51328125 0.11458333333333333 0.0109375 0.016666666666666666
1 0.49140625 0.096875 0.0140625 0.03958333333333333
1 0.4796875 0.06875 0.0125 0.016666666666666666
1 0.5109375 0.04479166666666667 0.015625 0.01875
1 0.38046875 0.25 0.0171875 0.020833333333333332
1 0.36015625 0.24583333333333332 0.0171875 0.025
1 0.3765625 0.225 0.015625 0.020833333333333332
1 0.35625 0.221875 0.0125 0.01875
1 0.3375 0.22083333333333333 0.0125 0.020833333333333332
1 0.31953125 0.22604166666666667 0.0140625 0.01875
1 0.31875 0.25729166666666664 0.015625 0.03125
1 0.29921875 0.23125 0.0203125 0.020833333333333332
1 0.2796875 0.225 0.015625 0.016666666666666666
1 0.3859375 0.184375 0.015625 0.01875
1 0.36875 0.18958333333333333 0.015625 0.020833333333333332
1 0.33359375 0.18645833333333334 0.0140625 0.022916666666666665
1 0.31484375 0.19166666666666668 0.0171875 0.029166666666666667
1 0.30234375 0.16770833333333332 0.0171875 0.027083333333333334
1 0.4875 0.07083333333333333 0.015625 0.016666666666666666
1 0.565625 0.2677083333333333 0.015625 0.027083333333333334
1 0.5546875 0.23020833333333332 0.015625 0.03958333333333333
1 0.54921875 0.190625 0.0140625 0.022916666666666665
1 0.53984375 0.16145833333333334 0.0140625 0.01875
