
1 0.378125 0.975 0.059375 0.05
1 0.44765625 0.925 0.0515625 0.041666666666666664
1 0.23984375 0.9916666666666667 0.0421875 0.016666666666666666
1 0.31484375 0.9583333333333334 0.0640625 0.05
1 0.40234375 0.9104166666666667 0.0546875 0.05
1 0.16484375 0.9854166666666667 0.0671875 0.029166666666666667
1 0.2546875 0.9458333333333333 0.0625 0.04583333333333333
1 0.3296875 0.8989583333333333 0.046875 0.03958333333333333
1 0.40234375 0.859375 0.0546875 0.03958333333333333
1 0.1140625 0.9760416666666667 0.06875 0.04791666666666667
1 0.196875 0.928125 0.0625 0.04791666666666667
1 0.2859375 0.8822916666666667 0.06875 0.052083333333333336
1 0.36328125 0.8385416666666666 0.0546875 0.04375

1 0.015625 0.875 0.03125 0.0375

1 0.20078125 0.8395833333333333 0.0484375 0.0375
1 0.35546875 0.665625 0.0578125 0.03958333333333333
1 0.48203125 0.6166666666666667 0.0578125 0.03333333333333333
1 0.203125 0.8458333333333333 0.053125 0.058333333333333334
1 0.190625 0.8416666666666667 0.0375 0.041666666666666664
1 0.36171875 0.684375 0.0390625 0.06041666666666667
1 0.525 0.71875 0.040625 0.0375
1 0.478125 0.61875 0.05625 0.03333333333333333
1 0.6953125 0.384375 0.025 0.027083333333333334

5 0.384375 0.565625 0.01875 0.01875
4 0.3453125 0.5572916666666666 0.009375 0.01875
4 0.36796875 0.5510416666666667 0.0109375 0.01875
5 0.40703125 0.5479166666666667 0.0078125 0.016666666666666666
5 0.41640625 0.5479166666666667 0.0109375 0.025
4 0.39453125 0.5322916666666667 0.0078125 0.022916666666666665
4 0.365625 0.5135416666666667 0.009375 0.03125
4 0.3671875 0.503125 0.0125 0.014583333333333334
5 0.528125 0.41770833333333335 0.0125 0.027083333333333334
1 0.56953125 0.4083333333333333 0.0203125 0.029166666666666667
5 0.534375 0.4239583333333333 0.00625 0.01875
5 0.553125 0.4125 0.009375 0.016666666666666666
5 0.5546875 0.4239583333333333 0.0125 0.01875
5 0.62109375 0.5645833333333333 0.0078125 0.016666666666666666
5 0.58984375 0.396875 0.0171875 0.014583333333333334
5 0.6453125 0.5145833333333333 0.0125 0.025
5 0.64375 0.39791666666666664 0.00625 0.0125
5 0.6390625 0.396875 0.009375 0.022916666666666665
5 0.628125 0.3645833333333333 0.009375 0.0125
5 0.625 0.3572916666666667 0.0125 0.014583333333333334
5 0.62421875 0.3614583333333333 0.0140625 0.01875
5 0.58984375 0.3802083333333333 0.0078125 0.010416666666666666
5 0.55 0.36770833333333336 0.009375 0.022916666666666665
5 0.5296875 0.365625 0.009375 0.01875
5 0.5453125 0.3572916666666667 0.009375 0.027083333333333334
1 0.546875 0.35104166666666664 0.01875 0.03125
3 0.55 0.2875 0.03125 0.06666666666666667
1 0.53203125 0.23541666666666666 0.0109375 0.020833333333333332
1 0.52578125 0.18854166666666666 0.0140625 0.022916666666666665
3 0.521875 0.14270833333333333 0.01875 0.04791666666666667
1 0.51328125 0.11458333333333333 0.0109375 0.016666666666666666
1 0.49140625 0.096875 0.0140625 0.03958333333333333
1 0.47890625 0.06875 0.0109375 0.016666666666666666
1 0.51171875 0.04583333333333333 0.0140625 0.020833333333333332
1 0.38125 0.24791666666666667 0.015625 0.020833333333333332
1 0.36015625 0.24583333333333332 0.0171875 0.025
1 0.3765625 0.225 0.015625 0.020833333333333332
1 0.35625 0.22083333333333333 0.0125 0.016666666666666666
1 0.33671875 0.22291666666666668 0.0140625 0.025
1 0.31953125 0.22604166666666667 0.0140625 0.01875
1 0.31875 0.25729166666666664 0.015625 0.03125
1 0.29921875 0.23125 0.0203125 0.020833333333333332
1 0.27890625 0.225 0.0171875 0.016666666666666666
1 0.3859375 0.184375 0.015625 0.01875
1 0.36875 0.18854166666666666 0.015625 0.01875
1 0.33359375 0.18645833333333334 0.0140625 0.022916666666666665
1 0.31484375 0.190625 0.0171875 0.027083333333333334
1 0.3015625 0.16770833333333332 0.01875 0.027083333333333334
1 0.4875 0.06979166666666667 0.01875 0.014583333333333334
1 0.56640625 0.26875 0.0140625 0.025
1 0.55546875 0.23020833333333332 0.0171875 0.03958333333333333
1 0.5484375 0.190625 0.0125 0.022916666666666665
1 0.5390625 0.16354166666666667 0.015625 0.022916666666666665
