
1 0.378125 0.975 0.059375 0.05
1 0.446875 0.925 0.053125 0.041666666666666664
1 0.23984375 0.9916666666666667 0.0421875 0.016666666666666666
1 0.31484375 0.9572916666666667 0.0640625 0.052083333333333336
1 0.4015625 0.9104166666666667 0.053125 0.05
1 0.16484375 0.9854166666666667 0.0671875 0.029166666666666667
1 0.2546875 0.9458333333333333 0.0625 0.04583333333333333
1 0.3296875 0.8989583333333333 0.046875 0.03958333333333333
1 0.40234375 0.859375 0.0546875 0.03958333333333333
1 0.1140625 0.9760416666666667 0.06875 0.04791666666666667
1 0.19609375 0.928125 0.0609375 0.04791666666666667
1 0.2859375 0.8822916666666667 0.06875 0.052083333333333336
1 0.36328125 0.8385416666666666 0.0546875 0.04375

1 0.01875 0.8989583333333333 0.0375 0.04375

1 0.1921875 0.8416666666666667 0.034375 0.03333333333333333
1 0.34453125 0.6697916666666667 0.0578125 0.03958333333333333
1 0.47578125 0.6177083333333333 0.0609375 0.03125
1 0.19140625 0.85 0.0390625 0.05
1 0.18671875 0.8427083333333333 0.0515625 0.03958333333333333
1 0.3546875 0.6916666666666667 0.025 0.04583333333333333
1 0.5234375 0.715625 0.0375 0.035416666666666666
1 0.4625 0.625 0.046875 0.0375
1 0.6890625 0.3802083333333333 0.028125 0.035416666666666666

5 0.384375 0.565625 0.01875 0.01875
4 0.3453125 0.5572916666666666 0.009375 0.01875
4 0.36796875 0.5510416666666667 0.0109375 0.01875
5 0.40703125 0.55 0.0078125 0.020833333333333332
5 0.41640625 0.5489583333333333 0.0109375 0.022916666666666665
4 0.38984375 0.5395833333333333 0.0078125 0.025
4 0.365625 0.5135416666666667 0.009375 0.03125
4 0.3671875 0.5041666666666667 0.0125 0.016666666666666666
5 0.52890625 0.41875 0.0109375 0.029166666666666667
1 0.56953125 0.409375 0.0203125 0.03125
5 0.534375 0.4239583333333333 0.00625 0.01875
5 0.553125 0.4125 0.009375 0.016666666666666666
5 0.55546875 0.4239583333333333 0.0109375 0.01875
5 0.6234375 0.5708333333333333 0.009375 0.016666666666666666
5 0.590625 0.396875 0.015625 0.014583333333333334
5 0.64609375 0.5177083333333333 0.0109375 0.022916666666666665
5 0.64375 0.39895833333333336 0.00625 0.014583333333333334
5 0.6390625 0.39895833333333336 0.009375 0.022916666666666665
5 0.6296875 0.36666666666666664 0.009375 0.0125
5 0.6265625 0.35833333333333334 0.0125 0.016666666666666666
5 0.62578125 0.3625 0.0140625 0.016666666666666666
5 0.59453125 0.38229166666666664 0.0078125 0.010416666666666666
5 0.55 0.36770833333333336 0.009375 0.022916666666666665
5 0.5296875 0.365625 0.009375 0.01875
5 0.54609375 0.359375 0.0109375 0.022916666666666665
1 0.5453125 0.35208333333333336 0.01875 0.03333333333333333
3 0.55 0.28854166666666664 0.03125 0.06875
1 0.5328125 0.23645833333333333 0.0125 0.022916666666666665
1 0.52578125 0.18958333333333333 0.0140625 0.025
3 0.5234375 0.14270833333333333 0.021875 0.04791666666666667
1 0.51328125 0.11458333333333333 0.0109375 0.016666666666666666
1 0.4921875 0.11041666666666666 0.0125 0.0375
1 0.48828125 0.08541666666666667 0.0109375 0.016666666666666666
1 0.5125 0.04791666666666667 0.015625 0.020833333333333332
1 0.38046875 0.24791666666666667 0.0140625 0.020833333333333332
1 0.36015625 0.246875 0.0171875 0.022916666666666665
1 0.3765625 0.225 0.015625 0.020833333333333332
1 0.35625 0.22083333333333333 0.0125 0.016666666666666666
1 0.33671875 0.22395833333333334 0.0140625 0.022916666666666665
1 0.31953125 0.22604166666666667 0.0140625 0.01875
1 0.31875 0.25729166666666664 0.015625 0.03125
1 0.29921875 0.23125 0.0203125 0.020833333333333332
1 0.27890625 0.225 0.0171875 0.016666666666666666
1 0.3859375 0.184375 0.015625 0.01875
1 0.36875 0.18854166666666666 0.015625 0.01875
1 0.33359375 0.18645833333333334 0.0140625 0.022916666666666665
1 0.31484375 0.190625 0.0171875 0.027083333333333334
1 0.30234375 0.16770833333333332 0.0203125 0.027083333333333334
1 0.4875 0.06979166666666667 0.01875 0.014583333333333334
1 0.565625 0.271875 0.015625 0.03125
1 0.55546875 0.23020833333333332 0.0171875 0.03958333333333333
1 0.5484375 0.190625 0.0125 0.022916666666666665
1 0.5390625 0.16354166666666667 0.015625 0.022916666666666665
