
1 0.37734375 0.975 0.0609375 0.05
1 0.44765625 0.925 0.0515625 0.041666666666666664
1 0.23984375 0.9916666666666667 0.0421875 0.016666666666666666
1 0.31484375 0.9583333333333334 0.0640625 0.05
1 0.4015625 0.9104166666666667 0.05625 0.05
1 0.16484375 0.9854166666666667 0.0671875 0.029166666666666667
1 0.25390625 0.9458333333333333 0.0609375 0.04583333333333333
1 0.32890625 0.8989583333333333 0.0484375 0.03958333333333333
1 0.40234375 0.859375 0.0546875 0.03958333333333333
1 0.1140625 0.9760416666666667 0.06875 0.04791666666666667
1 0.19609375 0.928125 0.0609375 0.04791666666666667
1 0.2859375 0.8822916666666667 0.06875 0.052083333333333336
1 0.3625 0.8385416666666666 0.053125 0.04375

1 0.01953125 0.9020833333333333 0.0390625 0.0375

1 0.1828125 0.8489583333333334 0.021875 0.03125
1 0.3375 0.6708333333333333 0.05625 0.0375
1 0.4703125 0.61875 0.059375 0.03333333333333333
1 0.184375 0.8416666666666667 0.05 0.03333333333333333
1 0.18515625 0.8416666666666667 0.0484375 0.03333333333333333
1 0.33984375 0.690625 0.0234375 0.04375
1 0.52109375 0.7114583333333333 0.0359375 0.027083333333333334
1 0.4515625 0.625 0.05 0.0375
1 0.68671875 0.375 0.0265625 0.0375

5 0.3828125 0.5666666666666667 0.01875 0.020833333333333332
4 0.34453125 0.5583333333333333 0.0078125 0.016666666666666666
4 0.36796875 0.55 0.0109375 0.016666666666666666
5 0.40703125 0.5489583333333333 0.0078125 0.01875
5 0.4171875 0.5489583333333333 0.009375 0.022916666666666665
4 0.3890625 0.540625 0.009375 0.027083333333333334
4 0.365625 0.5135416666666667 0.009375 0.03125
4 0.36796875 0.503125 0.0109375 0.014583333333333334
5 0.52890625 0.41875 0.0109375 0.029166666666666667
1 0.5703125 0.41041666666666665 0.01875 0.029166666666666667
5 0.5328125 0.4239583333333333 0.00625 0.01875
5 0.5546875 0.4125 0.009375 0.016666666666666666
5 0.55546875 0.425 0.0109375 0.016666666666666666
5 0.62421875 0.5770833333333333 0.0109375 0.020833333333333332
5 0.59296875 0.396875 0.0140625 0.014583333333333334
5 0.64609375 0.5239583333333333 0.0109375 0.027083333333333334
5 0.64296875 0.39895833333333336 0.0078125 0.014583333333333334
5 0.6390625 0.4 0.009375 0.025
5 0.63046875 0.36666666666666664 0.0109375 0.0125
5 0.628125 0.3572916666666667 0.009375 0.014583333333333334
5 0.62578125 0.36354166666666665 0.0140625 0.014583333333333334
5 0.596875 0.38333333333333336 0.00625 0.0125
5 0.55 0.36770833333333336 0.009375 0.022916666666666665
5 0.53046875 0.36770833333333336 0.0109375 0.014583333333333334
5 0.546875 0.36041666666666666 0.009375 0.025
1 0.5453125 0.35208333333333336 0.01875 0.03333333333333333
3 0.55 0.29375 0.03125 0.0625
1 0.5328125 0.2375 0.0125 0.020833333333333332
1 0.525 0.19270833333333334 0.015625 0.027083333333333334
3 0.52265625 0.14270833333333333 0.0171875 0.04791666666666667
1 0.51328125 0.11458333333333333 0.0109375 0.016666666666666666
1 0.49296875 0.11770833333333333 0.0140625 0.027083333333333334
1 0.48671875 0.08229166666666667 0.0171875 0.022916666666666665
1 0.51328125 0.04895833333333333 0.0140625 0.01875
1 0.38046875 0.24895833333333334 0.0140625 0.01875
1 0.359375 0.24583333333333332 0.015625 0.025
1 0.3765625 0.225 0.015625 0.020833333333333332
1 0.35625 0.22083333333333333 0.0125 0.016666666666666666
1 0.3375 0.22083333333333333 0.0125 0.020833333333333332
1 0.31953125 0.22604166666666667 0.0140625 0.01875
1 0.31875 0.25729166666666664 0.015625 0.03125
1 0.29921875 0.23125 0.0203125 0.020833333333333332
1 0.28046875 0.225 0.0140625 0.016666666666666666
1 0.38515625 0.184375 0.0171875 0.01875
1 0.36875 0.18854166666666666 0.015625 0.01875
1 0.33359375 0.18645833333333334 0.0140625 0.022916666666666665
1 0.31484375 0.190625 0.0171875 0.027083333333333334
1 0.30234375 0.16770833333333332 0.0203125 0.027083333333333334
1 0.48828125 0.06979166666666667 0.0203125 0.014583333333333334
1 0.565625 0.27291666666666664 0.015625 0.029166666666666667
1 0.55546875 0.23229166666666667 0.0171875 0.035416666666666666
1 0.54765625 0.190625 0.0140625 0.022916666666666665
1 0.5390625 0.16354166666666667 0.015625 0.022916666666666665
