
1 0.37734375 0.975 0.0609375 0.05
1 0.446875 0.925 0.053125 0.041666666666666664
1 0.23984375 0.9916666666666667 0.0421875 0.016666666666666666
1 0.31484375 0.9572916666666667 0.0640625 0.052083333333333336
1 0.4015625 0.9104166666666667 0.05625 0.05
1 0.16484375 0.9854166666666667 0.0671875 0.029166666666666667
1 0.25390625 0.94375 0.0609375 0.04583333333333333
1 0.32890625 0.8989583333333333 0.0484375 0.03958333333333333
1 0.40234375 0.859375 0.0546875 0.03958333333333333
1 0.1140625 0.9760416666666667 0.06875 0.04791666666666667
1 0.1953125 0.928125 0.0625 0.04791666666666667
1 0.2859375 0.8822916666666667 0.06875 0.052083333333333336
1 0.3625 0.8385416666666666 0.053125 0.04375

1 0.12265625 0.9614583333333333 0.0265625 0.014583333333333334

1 0.17578125 0.8145833333333333 0.0359375 0.10416666666666667
1 0.3265625 0.6760416666666667 0.05625 0.03958333333333333
1 0.46328125 0.61875 0.0609375 0.03333333333333333
1 0.14765625 0.8739583333333333 0.0203125 0.014583333333333334
1 0.1609375 0.853125 0.00625 0.027083333333333334
1 0.3328125 0.6895833333333333 0.0375 0.041666666666666664
1 0.5140625 0.709375 0.01875 0.01875
1 0.4359375 0.6270833333333333 0.0375 0.03333333333333333
1 0.68359375 0.365625 0.0265625 0.035416666666666666

5 0.38359375 0.5666666666666667 0.0171875 0.020833333333333332
4 0.34296875 0.5583333333333333 0.0078125 0.016666666666666666
4 0.36796875 0.5489583333333333 0.0109375 0.01875
5 0.40859375 0.5510416666666667 0.0078125 0.01875
5 0.41875 0.55 0.009375 0.025
4 0.3875 0.540625 0.009375 0.027083333333333334
4 0.365625 0.5135416666666667 0.009375 0.03125
4 0.3671875 0.5041666666666667 0.0125 0.016666666666666666
5 0.5296875 0.4197916666666667 0.0125 0.03125
1 0.5703125 0.41041666666666665 0.01875 0.029166666666666667
5 0.5328125 0.42604166666666665 0.00625 0.01875
5 0.55390625 0.4125 0.0078125 0.016666666666666666
5 0.55390625 0.42604166666666665 0.0109375 0.01875
5 0.62734375 0.5802083333333333 0.0078125 0.01875
5 0.59609375 0.39791666666666664 0.0109375 0.016666666666666666
5 0.646875 0.5291666666666667 0.0125 0.025
5 0.64140625 0.4 0.0078125 0.016666666666666666
5 0.6390625 0.4010416666666667 0.009375 0.022916666666666665
5 0.63125 0.36666666666666664 0.009375 0.0125
5 0.6296875 0.36041666666666666 0.0125 0.016666666666666666
5 0.6296875 0.3645833333333333 0.0125 0.016666666666666666
5 0.5984375 0.384375 0.00625 0.010416666666666666
5 0.55 0.36770833333333336 0.009375 0.022916666666666665
5 0.53046875 0.36875 0.0109375 0.016666666666666666
5 0.54609375 0.359375 0.0109375 0.027083333333333334
1 0.5453125 0.353125 0.01875 0.035416666666666666
3 0.55078125 0.2947916666666667 0.0296875 0.06458333333333334
1 0.5328125 0.2375 0.0125 0.020833333333333332
1 0.525 0.19270833333333334 0.015625 0.027083333333333334
3 0.52265625 0.14270833333333333 0.0171875 0.04791666666666667
1 0.51328125 0.11354166666666667 0.0109375 0.014583333333333334
1 0.49375 0.11979166666666667 0.015625 0.027083333333333334
1 0.48671875 0.08229166666666667 0.0171875 0.022916666666666665
1 0.5140625 0.05 0.015625 0.020833333333333332
1 0.38046875 0.25104166666666666 0.0171875 0.022916666666666665
1 0.359375 0.24583333333333332 0.015625 0.025
1 0.3765625 0.225 0.015625 0.020833333333333332
1 0.35390625 0.22291666666666668 0.0171875 0.020833333333333332
1 0.3375 0.221875 0.0125 0.022916666666666665
1 0.31953125 0.22604166666666667 0.0140625 0.01875
1 0.31875 0.25729166666666664 0.015625 0.03125
1 0.29921875 0.23125 0.0203125 0.020833333333333332
1 0.28046875 0.225 0.0140625 0.016666666666666666
1 0.38515625 0.184375 0.0171875 0.01875
1 0.36875 0.18854166666666666 0.015625 0.01875
1 0.33359375 0.18645833333333334 0.0140625 0.022916666666666665
1 0.31484375 0.190625 0.0171875 0.027083333333333334
1 0.3015625 0.16770833333333332 0.01875 0.027083333333333334
1 0.4890625 0.06979166666666667 0.01875 0.014583333333333334
1 0.56796875 0.27291666666666664 0.0140625 0.029166666666666667
1 0.55546875 0.23229166666666667 0.0171875 0.035416666666666666
1 0.54765625 0.190625 0.0140625 0.022916666666666665
1 0.53984375 0.1625 0.0140625 0.020833333333333332
