
1 0.378125 0.975 0.0625 0.05
1 0.446875 0.925 0.053125 0.041666666666666664
1 0.23984375 0.9916666666666667 0.0421875 0.016666666666666666
1 0.31484375 0.9572916666666667 0.0640625 0.052083333333333336
1 0.4015625 0.9104166666666667 0.05625 0.05
1 0.16484375 0.9854166666666667 0.0671875 0.029166666666666667
1 0.25390625 0.94375 0.0609375 0.04583333333333333
1 0.32890625 0.8989583333333333 0.0484375 0.03958333333333333
1 0.40234375 0.859375 0.0546875 0.03958333333333333
1 0.1140625 0.9760416666666667 0.06875 0.04791666666666667
1 0.1953125 0.928125 0.0625 0.04791666666666667
1 0.28515625 0.8822916666666667 0.0703125 0.052083333333333336
1 0.3625 0.8385416666666666 0.05 0.03958333333333333

1 0.178125 0.759375 0.01875 0.010416666666666666

1 0.15390625 0.8541666666666666 0.0171875 0.025
1 0.31796875 0.678125 0.0546875 0.03958333333333333
1 0.45703125 0.6197916666666666 0.0609375 0.035416666666666666
1 0.16171875 0.8427083333333333 0.0015625 0.0020833333333333333
1 0.165625 0.7958333333333333 0.025 0.09583333333333334
1 0.325 0.6875 0.021875 0.0375
1 0.51171875 0.703125 0.0140625 0.00625
1 0.42734375 0.628125 0.0390625 0.03125
1 0.67890625 0.35833333333333334 0.0328125 0.0375

5 0.38359375 0.5677083333333334 0.0171875 0.022916666666666665
4 0.3421875 0.5572916666666666 0.009375 0.01875
4 0.36796875 0.55 0.0109375 0.016666666666666666
5 0.41015625 0.55 0.0078125 0.016666666666666666
5 0.41953125 0.5510416666666667 0.0109375 0.022916666666666665
4 0.3875 0.5416666666666666 0.009375 0.025
4 0.365625 0.5125 0.009375 0.029166666666666667
4 0.3671875 0.5041666666666667 0.0125 0.016666666666666666
5 0.5296875 0.4197916666666667 0.009375 0.03125
1 0.57109375 0.4114583333333333 0.0203125 0.03125
5 0.5328125 0.42604166666666665 0.00625 0.01875
5 0.5546875 0.41354166666666664 0.009375 0.01875
5 0.55390625 0.42604166666666665 0.0109375 0.01875
5 0.6265625 0.5864583333333333 0.009375 0.01875
5 0.59765625 0.3958333333333333 0.0140625 0.016666666666666666
5 0.646875 0.5322916666666667 0.009375 0.022916666666666665
5 0.63984375 0.4 0.0078125 0.016666666666666666
5 0.63828125 0.40208333333333335 0.0109375 0.020833333333333332
5 0.6328125 0.36666666666666664 0.009375 0.0125
5 0.63125 0.3625 0.0125 0.016666666666666666
5 0.63203125 0.3645833333333333 0.0109375 0.016666666666666666
5 0.59921875 0.384375 0.0078125 0.010416666666666666
5 0.55 0.36770833333333336 0.009375 0.022916666666666665
5 0.53203125 0.36666666666666664 0.0078125 0.0125
5 0.546875 0.359375 0.0125 0.027083333333333334
1 0.5453125 0.353125 0.01875 0.035416666666666666
3 0.55546875 0.296875 0.0234375 0.052083333333333336
1 0.5328125 0.23958333333333334 0.0125 0.020833333333333332
1 0.525 0.19479166666666667 0.015625 0.027083333333333334
3 0.52265625 0.14270833333333333 0.0171875 0.04791666666666667
1 0.51328125 0.11354166666666667 0.0109375 0.014583333333333334
1 0.4953125 0.12395833333333334 0.015625 0.022916666666666665
1 0.4890625 0.07916666666666666 0.015625 0.03333333333333333
1 0.51484375 0.052083333333333336 0.0140625 0.020833333333333332
1 0.38046875 0.24895833333333334 0.0140625 0.01875
1 0.36015625 0.24583333333333332 0.0171875 0.025
1 0.37578125 0.225 0.0171875 0.020833333333333332
1 0.35390625 0.22291666666666668 0.0171875 0.020833333333333332
1 0.3375 0.22083333333333333 0.0125 0.020833333333333332
1 0.31953125 0.225 0.0140625 0.016666666666666666
1 0.31875 0.25729166666666664 0.015625 0.03125
1 0.29921875 0.23125 0.0203125 0.020833333333333332
1 0.28046875 0.225 0.0140625 0.016666666666666666
1 0.38515625 0.184375 0.0171875 0.01875
1 0.36875 0.18854166666666666 0.015625 0.01875
1 0.33359375 0.18645833333333334 0.0140625 0.022916666666666665
1 0.31484375 0.190625 0.0171875 0.027083333333333334
1 0.3015625 0.16770833333333332 0.01875 0.027083333333333334
1 0.48828125 0.06979166666666667 0.0203125 0.014583333333333334
1 0.5671875 0.275 0.015625 0.029166666666666667
1 0.55625 0.23333333333333334 0.015625 0.03333333333333333
1 0.54765625 0.190625 0.0140625 0.022916666666666665
1 0.53828125 0.16354166666666667 0.0140625 0.022916666666666665
