
1 0.378125 0.975 0.0625 0.05
1 0.446875 0.925 0.053125 0.041666666666666664
1 0.23984375 0.9916666666666667 0.0421875 0.016666666666666666
1 0.31484375 0.9572916666666667 0.0640625 0.052083333333333336
1 0.4015625 0.9104166666666667 0.05625 0.05
1 0.16484375 0.9854166666666667 0.0671875 0.029166666666666667
1 0.25390625 0.94375 0.0609375 0.04583333333333333
1 0.32890625 0.8989583333333333 0.0484375 0.03958333333333333
1 0.40234375 0.859375 0.0546875 0.03958333333333333
1 0.1140625 0.9760416666666667 0.06875 0.04791666666666667
1 0.1953125 0.928125 0.0625 0.04791666666666667
1 0.28515625 0.8822916666666667 0.0703125 0.052083333333333336
1 0.3625 0.8385416666666666 0.053125 0.04375

1 0.171875 0.7697916666666667 0.0125 0.014583333333333334

1 0.14609375 0.865625 0.0015625 0.0020833333333333333
1 0.30625 0.684375 0.05625 0.03958333333333333
1 0.4515625 0.621875 0.059375 0.035416666666666666

1 0.153125 0.7625 0.021875 0.029166666666666667
1 0.3015625 0.6822916666666666 0.0375 0.027083333333333334

1 0.4265625 0.6291666666666667 0.03125 0.029166666666666667
1 0.67890625 0.34375 0.0234375 0.025

5 0.3859375 0.565625 0.01875 0.01875
4 0.3421875 0.5572916666666666 0.009375 0.01875
4 0.365625 0.5541666666666667 0.009375 0.020833333333333332
5 0.41171875 0.553125 0.0078125 0.01875
5 0.4203125 0.5520833333333334 0.009375 0.020833333333333332
4 0.3859375 0.5427083333333333 0.009375 0.03125
4 0.365625 0.5125 0.009375 0.029166666666666667
4 0.36796875 0.5041666666666667 0.0109375 0.016666666666666666
5 0.53125 0.4197916666666667 0.009375 0.03125
1 0.57109375 0.4114583333333333 0.0203125 0.03125
5 0.5328125 0.4270833333333333 0.00625 0.016666666666666666
5 0.55625 0.41354166666666664 0.009375 0.01875
5 0.5546875 0.4270833333333333 0.0125 0.020833333333333332
5 0.6296875 0.5927083333333333 0.009375 0.01875
5 0.6 0.396875 0.015625 0.014583333333333334
5 0.646875 0.540625 0.0125 0.027083333333333334
5 0.63828125 0.40520833333333334 0.0078125 0.01875
5 0.63828125 0.403125 0.0109375 0.022916666666666665
5 0.63359375 0.36875 0.0109375 0.0125
5 0.6328125 0.3645833333333333 0.0125 0.016666666666666666
5 0.63359375 0.365625 0.0109375 0.01875
5 0.6015625 0.38645833333333335 0.00625 0.010416666666666666
5 0.55 0.36770833333333336 0.009375 0.022916666666666665
5 0.53203125 0.36666666666666664 0.0078125 0.0125
5 0.546875 0.359375 0.0125 0.027083333333333334
1 0.5453125 0.3541666666666667 0.01875 0.03333333333333333
3 0.55703125 0.3 0.0234375 0.05416666666666667
1 0.53359375 0.23958333333333334 0.0109375 0.020833333333333332
1 0.525 0.19479166666666667 0.015625 0.027083333333333334
3 0.52265625 0.14270833333333333 0.0171875 0.04791666666666667
1 0.51328125 0.11354166666666667 0.0109375 0.014583333333333334
1 0.4953125 0.12604166666666666 0.015625 0.022916666666666665
1 0.5125 0.05520833333333333 0.01875 0.014583333333333334
1 0.51484375 0.053125 0.0140625 0.01875
1 0.3796875 0.24895833333333334 0.015625 0.01875
1 0.359375 0.24583333333333332 0.015625 0.025
1 0.37578125 0.225 0.0171875 0.020833333333333332
1 0.35625 0.22083333333333333 0.0125 0.016666666666666666
1 0.33671875 0.221875 0.0140625 0.022916666666666665
1 0.31953125 0.22604166666666667 0.0140625 0.01875
1 0.31875 0.25729166666666664 0.015625 0.03125
1 0.29921875 0.23020833333333332 0.0203125 0.022916666666666665
1 0.28046875 0.225 0.0140625 0.016666666666666666
1 0.38515625 0.184375 0.0171875 0.01875
1 0.36875 0.18854166666666666 0.015625 0.01875
1 0.33359375 0.18645833333333334 0.0140625 0.022916666666666665
1 0.31484375 0.190625 0.0171875 0.027083333333333334
1 0.3015625 0.16770833333333332 0.01875 0.027083333333333334
1 0.4875 0.06979166666666667 0.01875 0.014583333333333334
1 0.56796875 0.2760416666666667 0.0140625 0.027083333333333334
1 0.55625 0.234375 0.015625 0.03125
1 0.5484375 0.190625 0.0125 0.022916666666666665
1 0.53984375 0.16145833333333334 0.0140625 0.01875
