
1 0.37734375 0.975 0.0609375 0.05
1 0.446875 0.925 0.053125 0.041666666666666664
1 0.2390625 0.9916666666666667 0.040625 0.016666666666666666
1 0.31484375 0.9572916666666667 0.0640625 0.052083333333333336
1 0.40078125 0.9104166666666667 0.0546875 0.05
1 0.1640625 0.9854166666666667 0.065625 0.029166666666666667
1 0.253125 0.94375 0.0625 0.04583333333333333
1 0.32890625 0.8989583333333333 0.0484375 0.03958333333333333
1 0.40234375 0.859375 0.0546875 0.03958333333333333
1 0.11328125 0.9760416666666667 0.0671875 0.04791666666666667
1 0.19453125 0.9270833333333334 0.0609375 0.05
1 0.28515625 0.8822916666666667 0.0703125 0.052083333333333336
1 0.36328125 0.8385416666666666 0.0546875 0.04375

1 0.2796875 0.6916666666666667 0.034375 0.020833333333333332

1 0.12890625 0.7791666666666667 0.0046875 0.03333333333333333
1 0.278125 0.6958333333333333 0.053125 0.0375
1 0.4328125 0.625 0.05625 0.0375
1 0.12265625 0.7635416666666667 0.0171875 0.0020833333333333333
1 0.625 0.74375 0.04375 0.03333333333333333
1 0.271875 0.6947916666666667 0.034375 0.022916666666666665

1 0.40078125 0.63125 0.0421875 0.025
1 0.66953125 0.3302083333333333 0.0265625 0.03958333333333333

5 0.3890625 0.565625 0.01875 0.01875
4 0.3421875 0.5572916666666666 0.009375 0.01875
4 0.365625 0.5541666666666667 0.009375 0.025
5 0.41875 0.5541666666666667 0.00625 0.0125
5 0.42421875 0.553125 0.0078125 0.01875
4 0.38984375 0.540625 0.0078125 0.027083333333333334
4 0.365625 0.5125 0.009375 0.029166666666666667
4 0.36796875 0.5041666666666667 0.0109375 0.016666666666666666
5 0.5328125 0.42083333333333334 0.009375 0.03333333333333333
1 0.57421875 0.41458333333333336 0.0203125 0.029166666666666667
5 0.53359375 0.42916666666666664 0.0078125 0.016666666666666666
5 0.5578125 0.41458333333333336 0.009375 0.016666666666666666
5 0.55546875 0.42604166666666665 0.0109375 0.014583333333333334
5 0.63203125 0.6083333333333333 0.0109375 0.020833333333333332
5 0.60625 0.396875 0.0125 0.014583333333333334
5 0.6484375 0.55625 0.0125 0.025
5 0.63671875 0.409375 0.0109375 0.01875
5 0.63828125 0.40625 0.0109375 0.020833333333333332
5 0.6375 0.37395833333333334 0.0125 0.014583333333333334
5 0.63671875 0.36770833333333336 0.0109375 0.01875
5 0.6375 0.371875 0.0125 0.01875
5 0.60234375 0.3927083333333333 0.0078125 0.010416666666666666
5 0.5484375 0.36770833333333336 0.009375 0.022916666666666665
5 0.53359375 0.3645833333333333 0.0109375 0.016666666666666666
5 0.54765625 0.359375 0.0109375 0.027083333333333334
1 0.54453125 0.3541666666666667 0.0171875 0.03333333333333333
3 0.55859375 0.30625 0.0234375 0.041666666666666664
1 0.5328125 0.240625 0.0125 0.01875
1 0.525 0.196875 0.015625 0.027083333333333334
3 0.52265625 0.14270833333333333 0.0171875 0.04791666666666667
1 0.51328125 0.11354166666666667 0.0109375 0.014583333333333334
1 0.49375 0.13229166666666667 0.015625 0.022916666666666665
1 0.515625 0.058333333333333334 0.0125 0.016666666666666666
1 0.51640625 0.057291666666666664 0.0140625 0.01875
1 0.38046875 0.25104166666666666 0.0171875 0.022916666666666665
1 0.35703125 0.246875 0.0171875 0.027083333333333334
1 0.3765625 0.225 0.015625 0.020833333333333332
1 0.35390625 0.22291666666666668 0.0171875 0.020833333333333332
1 0.33671875 0.221875 0.0140625 0.022916666666666665
1 0.31953125 0.22604166666666667 0.0140625 0.01875
1 0.31875 0.25729166666666664 0.015625 0.03125
1 0.29921875 0.23020833333333332 0.0203125 0.022916666666666665
1 0.28046875 0.225 0.0140625 0.016666666666666666
1 0.38515625 0.184375 0.0171875 0.01875
1 0.36875 0.18854166666666666 0.015625 0.01875
1 0.33359375 0.18541666666666667 0.0140625 0.020833333333333332
1 0.31484375 0.18958333333333333 0.0171875 0.029166666666666667
1 0.3015625 0.16770833333333332 0.01875 0.027083333333333334
1 0.48828125 0.06979166666666667 0.0171875 0.014583333333333334
1 0.56875 0.2791666666666667 0.015625 0.029166666666666667
1 0.55625 0.23958333333333334 0.015625 0.03333333333333333
1 0.5484375 0.190625 0.0125 0.022916666666666665
1 0.53828125 0.16354166666666667 0.0140625 0.022916666666666665
