
1 0.37734375 0.975 0.0609375 0.05
1 0.446875 0.925 0.053125 0.041666666666666664
1 0.2390625 0.9916666666666667 0.040625 0.016666666666666666
1 0.31484375 0.9572916666666667 0.0640625 0.052083333333333336
1 0.40078125 0.9104166666666667 0.0546875 0.05
1 0.1640625 0.9854166666666667 0.065625 0.029166666666666667
1 0.253125 0.9447916666666667 0.0625 0.04375
1 0.32890625 0.8989583333333333 0.0484375 0.03958333333333333
1 0.40234375 0.859375 0.0546875 0.03958333333333333
1 0.11328125 0.9760416666666667 0.0671875 0.04791666666666667
1 0.19453125 0.9270833333333334 0.0609375 0.05
1 0.28515625 0.8822916666666667 0.0703125 0.052083333333333336
1 0.3625 0.8385416666666666 0.053125 0.04375

1 0.265625 0.703125 0.03125 0.03125

1 0.08828125 0.8864583333333333 0.0171875 0.022916666666666665
1 0.2546875 0.7052083333333333 0.05 0.04375
1 0.41953125 0.628125 0.0578125 0.035416666666666666

1 0.6125 0.734375 0.046875 0.03125
1 0.25390625 0.7010416666666667 0.0359375 0.03125
1 0.6140625 0.7458333333333333 0.00625 0.004166666666666667
1 0.3921875 0.640625 0.028125 0.03958333333333333
1 0.665625 0.3104166666666667 0.021875 0.025

5 0.396875 0.5677083333333334 0.015625 0.01875
4 0.3421875 0.5572916666666666 0.009375 0.01875
4 0.36484375 0.553125 0.0078125 0.022916666666666665
5 0.42109375 0.5552083333333333 0.0046875 0.010416666666666666
5 0.42421875 0.55625 0.0109375 0.020833333333333332
4 0.39140625 0.540625 0.0078125 0.027083333333333334
4 0.365625 0.5125 0.009375 0.029166666666666667
4 0.3671875 0.503125 0.0125 0.014583333333333334
5 0.534375 0.42604166666666665 0.009375 0.03125
1 0.57265625 0.415625 0.0203125 0.03125
5 0.534375 0.43125 0.00625 0.016666666666666666
5 0.56171875 0.41458333333333336 0.0078125 0.0125
5 0.5546875 0.42916666666666664 0.009375 0.016666666666666666
5 0.634375 0.6177083333333333 0.009375 0.014583333333333334
5 0.609375 0.39895833333333336 0.0125 0.014583333333333334
5 0.6515625 0.565625 0.0125 0.022916666666666665
5 0.63828125 0.41041666666666665 0.0078125 0.016666666666666666
5 0.63828125 0.4114583333333333 0.0109375 0.022916666666666665
5 0.640625 0.3770833333333333 0.0125 0.016666666666666666
5 0.63984375 0.3729166666666667 0.0140625 0.016666666666666666
5 0.640625 0.37604166666666666 0.0125 0.01875
5 0.61015625 0.396875 0.0078125 0.010416666666666666
5 0.5484375 0.36875 0.009375 0.025
5 0.5359375 0.365625 0.009375 0.01875
5 0.5484375 0.35833333333333334 0.009375 0.029166666666666667
1 0.54453125 0.3541666666666667 0.0171875 0.03333333333333333
3 0.559375 0.30520833333333336 0.025 0.04791666666666667
1 0.5328125 0.240625 0.0125 0.01875
1 0.52578125 0.19895833333333332 0.0171875 0.027083333333333334
3 0.52265625 0.14270833333333333 0.0171875 0.04791666666666667
1 0.51328125 0.11354166666666667 0.0109375 0.014583333333333334
1 0.49609375 0.13645833333333332 0.0203125 0.022916666666666665
1 0.51796875 0.06041666666666667 0.0140625 0.016666666666666666
1 0.51953125 0.06145833333333333 0.0140625 0.01875
1 0.38046875 0.25104166666666666 0.0171875 0.022916666666666665
1 0.35859375 0.24375 0.0171875 0.025
1 0.37578125 0.225 0.0171875 0.020833333333333332
1 0.35625 0.22083333333333333 0.0125 0.016666666666666666
1 0.33671875 0.22291666666666668 0.0140625 0.025
1 0.31953125 0.225 0.0140625 0.016666666666666666
1 0.31875 0.25729166666666664 0.015625 0.03125
1 0.29921875 0.23020833333333332 0.0203125 0.022916666666666665
1 0.28046875 0.225 0.0140625 0.016666666666666666
1 0.38515625 0.184375 0.0171875 0.01875
1 0.36796875 0.18854166666666666 0.0140625 0.01875
1 0.33359375 0.18541666666666667 0.0140625 0.020833333333333332
1 0.31484375 0.190625 0.0171875 0.027083333333333334
1 0.3015625 0.16770833333333332 0.01875 0.027083333333333334
1 0.4875 0.06979166666666667 0.01875 0.014583333333333334
1 0.56875 0.28125 0.015625 0.029166666666666667
1 0.55703125 0.24270833333333333 0.0171875 0.035416666666666666
1 0.5484375 0.190625 0.0125 0.022916666666666665
1 0.53984375 0.16145833333333334 0.0140625 0.01875
