
1 0.37734375 0.975 0.0609375 0.05
1 0.446875 0.925 0.053125 0.041666666666666664
1 0.23515625 0.990625 0.0515625 0.01875
1 0.31484375 0.9572916666666667 0.0640625 0.052083333333333336
1 0.40078125 0.9104166666666667 0.0546875 0.05
1 0.1640625 0.9854166666666667 0.065625 0.029166666666666667
1 0.253125 0.94375 0.0625 0.04583333333333333
1 0.32890625 0.8989583333333333 0.0484375 0.03958333333333333
1 0.4015625 0.859375 0.053125 0.03958333333333333
1 0.11328125 0.9760416666666667 0.0671875 0.04791666666666667
1 0.19453125 0.9270833333333334 0.0609375 0.05
1 0.284375 0.8822916666666667 0.06875 0.052083333333333336
1 0.36328125 0.8385416666666666 0.0546875 0.04375

1 0.2328125 0.7114583333333333 0.01875 0.014583333333333334

1 0.07265625 0.8927083333333333 0.0015625 0.0020833333333333333
1 0.2421875 0.7104166666666667 0.04375 0.03333333333333333
1 0.4109375 0.6291666666666667 0.053125 0.0375
1 0.6171875 0.740625 0.0125 0.01875
1 0.6078125 0.7302083333333333 0.046875 0.03125
1 0.2296875 0.7114583333333333 0.025 0.027083333333333334
1 0.61328125 0.740625 0.0078125 0.01875
1 0.3796875 0.6416666666666667 0.034375 0.041666666666666664
1 0.6625 0.3 0.021875 0.020833333333333332

5 0.39921875 0.5677083333333334 0.0171875 0.01875
4 0.3421875 0.5583333333333333 0.009375 0.016666666666666666
4 0.3640625 0.553125 0.009375 0.022916666666666665
5 0.42265625 0.55625 0.0046875 0.0125
5 0.425 0.5572916666666666 0.009375 0.022916666666666665
4 0.3921875 0.5395833333333333 0.009375 0.029166666666666667
4 0.365625 0.5114583333333333 0.009375 0.027083333333333334
4 0.371875 0.49895833333333334 0.015625 0.014583333333333334
5 0.53515625 0.428125 0.0078125 0.03125
1 0.5734375 0.41770833333333335 0.01875 0.03125
5 0.5359375 0.4322916666666667 0.00625 0.01875
5 0.56328125 0.41458333333333336 0.0078125 0.0125
5 0.553125 0.4354166666666667 0.009375 0.016666666666666666
5 0.634375 0.628125 0.009375 0.01875
5 0.61171875 0.4010416666666667 0.0109375 0.014583333333333334
5 0.65078125 0.5739583333333333 0.0171875 0.022916666666666665
5 0.6375 0.415625 0.009375 0.01875
5 0.63828125 0.41354166666666664 0.0109375 0.022916666666666665
5 0.64140625 0.378125 0.0109375 0.014583333333333334
5 0.6421875 0.37604166666666666 0.01875 0.027083333333333334
5 0.64140625 0.3770833333333333 0.0109375 0.016666666666666666
5 0.61171875 0.4 0.0078125 0.0125
5 0.5484375 0.36770833333333336 0.009375 0.022916666666666665
5 0.5375 0.3645833333333333 0.009375 0.016666666666666666
5 0.5484375 0.35833333333333334 0.009375 0.029166666666666667
1 0.54453125 0.3541666666666667 0.0171875 0.03333333333333333
3 0.5609375 0.30625 0.025 0.05
1 0.5328125 0.24166666666666667 0.0125 0.016666666666666666
1 0.528125 0.20104166666666667 0.01875 0.027083333333333334
3 0.52265625 0.14166666666666666 0.0171875 0.04583333333333333
1 0.51328125 0.11458333333333333 0.0109375 0.016666666666666666
1 0.496875 0.13854166666666667 0.01875 0.022916666666666665
1 0.51875 0.058333333333333334 0.009375 0.0125
1 0.5203125 0.057291666666666664 0.0125 0.014583333333333334
1 0.37734375 0.25 0.0171875 0.020833333333333332
1 0.35703125 0.24791666666666667 0.0171875 0.029166666666666667
1 0.375 0.225 0.015625 0.020833333333333332
1 0.35390625 0.22291666666666668 0.0171875 0.020833333333333332
1 0.33671875 0.221875 0.0140625 0.022916666666666665
1 0.31875 0.225 0.015625 0.016666666666666666
1 0.31875 0.25729166666666664 0.015625 0.03125
1 0.29921875 0.23020833333333332 0.0203125 0.022916666666666665
1 0.28046875 0.225 0.0140625 0.016666666666666666
1 0.38515625 0.184375 0.0171875 0.01875
1 0.36796875 0.18854166666666666 0.0140625 0.01875
1 0.33359375 0.18541666666666667 0.0140625 0.020833333333333332
1 0.31484375 0.190625 0.0171875 0.027083333333333334
1 0.3015625 0.16770833333333332 0.01875 0.027083333333333334
1 0.48671875 0.06875 0.0171875 0.016666666666666666
1 0.56875 0.28229166666666666 0.015625 0.027083333333333334
1 0.55703125 0.24479166666666666 0.0171875 0.035416666666666666
1 0.5484375 0.19166666666666668 0.0125 0.020833333333333332
1 0.53828125 0.16354166666666667 0.0140625 0.022916666666666665
