
1 0.37578125 0.975 0.0609375 0.05
1 0.446875 0.925 0.053125 0.041666666666666664
1 0.23515625 0.990625 0.0515625 0.01875
1 0.3140625 0.9572916666666667 0.0625 0.052083333333333336
1 0.40078125 0.9104166666666667 0.0546875 0.05
1 0.16328125 0.9854166666666667 0.0671875 0.029166666666666667
1 0.25234375 0.94375 0.0609375 0.04583333333333333
1 0.32890625 0.8989583333333333 0.0484375 0.03958333333333333
1 0.40078125 0.859375 0.0546875 0.03958333333333333
1 0.11328125 0.975 0.0671875 0.05
1 0.19453125 0.9270833333333334 0.0609375 0.05
1 0.28359375 0.8822916666666667 0.0703125 0.052083333333333336
1 0.36328125 0.8385416666666666 0.0546875 0.04375

1 0.22265625 0.721875 0.0421875 0.035416666666666666

1 0.04921875 0.90625 0.0328125 0.029166666666666667
1 0.37890625 0.6416666666666667 0.0046875 0.008333333333333333
1 0.396875 0.6333333333333333 0.05625 0.0375
1 0.603125 0.734375 0.040625 0.035416666666666666
1 0.60078125 0.7291666666666666 0.0453125 0.03333333333333333
1 0.22109375 0.7166666666666667 0.0390625 0.03333333333333333
1 0.60546875 0.7375 0.0234375 0.025
1 0.36484375 0.6427083333333333 0.0328125 0.03958333333333333
1 0.65546875 0.29583333333333334 0.0265625 0.0375

5 0.4 0.5708333333333333 0.01875 0.020833333333333332
4 0.3421875 0.5572916666666666 0.009375 0.01875
4 0.3625 0.553125 0.009375 0.022916666666666665
5 0.425 0.5614583333333333 0.00625 0.014583333333333334
5 0.425 0.5614583333333333 0.009375 0.022916666666666665
4 0.3875 0.54375 0.009375 0.03333333333333333
4 0.365625 0.5114583333333333 0.009375 0.027083333333333334
4 0.371875 0.49895833333333334 0.015625 0.014583333333333334
5 0.534375 0.4239583333333333 0.009375 0.04375
1 0.57421875 0.421875 0.0203125 0.03125
5 0.53671875 0.434375 0.0078125 0.01875
5 0.565625 0.41458333333333336 0.00625 0.0125
5 0.553125 0.4375 0.009375 0.016666666666666666
5 0.63515625 0.6395833333333333 0.0109375 0.016666666666666666
5 0.61328125 0.4041666666666667 0.0078125 0.016666666666666666
5 0.6546875 0.584375 0.0125 0.022916666666666665
5 0.6390625 0.41458333333333336 0.009375 0.016666666666666666
5 0.63828125 0.41875 0.0109375 0.020833333333333332
5 0.64609375 0.3802083333333333 0.0109375 0.01875
5 0.64453125 0.38229166666666664 0.0203125 0.022916666666666665
5 0.64453125 0.37083333333333335 0.0109375 0.0125
5 0.6125 0.4010416666666667 0.00625 0.010416666666666666
5 0.54921875 0.36770833333333336 0.0078125 0.022916666666666665
5 0.5390625 0.36354166666666665 0.00625 0.01875
5 0.5484375 0.35833333333333334 0.009375 0.029166666666666667
1 0.54375 0.35520833333333335 0.01875 0.03125
3 0.5609375 0.30625 0.025 0.05
1 0.5328125 0.24375 0.0125 0.016666666666666666
1 0.528125 0.20208333333333334 0.01875 0.025
3 0.521875 0.14270833333333333 0.01875 0.04791666666666667
1 0.51328125 0.11354166666666667 0.0109375 0.014583333333333334
1 0.496875 0.14166666666666666 0.01875 0.020833333333333332
1 0.51640625 0.06458333333333334 0.0140625 0.016666666666666666
1 0.521875 0.058333333333333334 0.0125 0.0125
1 0.38046875 0.25104166666666666 0.0171875 0.022916666666666665
1 0.3578125 0.24375 0.015625 0.025
1 0.375 0.225 0.015625 0.020833333333333332
1 0.35390625 0.22291666666666668 0.0171875 0.020833333333333332
1 0.3375 0.221875 0.0125 0.022916666666666665
1 0.31875 0.225 0.015625 0.016666666666666666
1 0.31875 0.25729166666666664 0.015625 0.03125
1 0.29921875 0.23020833333333332 0.0203125 0.022916666666666665
1 0.2796875 0.225 0.015625 0.016666666666666666
1 0.38515625 0.184375 0.0171875 0.01875
1 0.36796875 0.1875 0.0140625 0.020833333333333332
1 0.3328125 0.18541666666666667 0.015625 0.020833333333333332
1 0.31484375 0.18958333333333333 0.0171875 0.029166666666666667
1 0.3015625 0.16770833333333332 0.01875 0.027083333333333334
1 0.4875 0.06979166666666667 0.01875 0.014583333333333334
1 0.56953125 0.284375 0.0171875 0.027083333333333334
1 0.55703125 0.246875 0.0171875 0.035416666666666666
1 0.5484375 0.19166666666666668 0.0125 0.020833333333333332
1 0.53828125 0.16458333333333333 0.0140625 0.025
