
1 0.37578125 0.975 0.0609375 0.05
1 0.44609375 0.925 0.0546875 0.041666666666666664
1 0.23515625 0.990625 0.0515625 0.01875
1 0.3140625 0.9572916666666667 0.0625 0.052083333333333336
1 0.40078125 0.9104166666666667 0.0546875 0.05
1 0.16328125 0.9854166666666667 0.0671875 0.029166666666666667
1 0.25234375 0.94375 0.0609375 0.04583333333333333
1 0.32890625 0.8989583333333333 0.0484375 0.03958333333333333
1 0.40078125 0.859375 0.0546875 0.03958333333333333
1 0.11484375 0.975 0.0671875 0.05
1 0.19453125 0.9270833333333334 0.0609375 0.05
1 0.28359375 0.8822916666666667 0.0703125 0.052083333333333336
1 0.36328125 0.8385416666666666 0.0546875 0.04375

1 0.215625 0.725 0.053125 0.041666666666666664

1 0.03671875 0.8729166666666667 0.0328125 0.09583333333333334
1 0.39140625 0.6375 0.0578125 0.0375
1 0.3921875 0.6354166666666666 0.05625 0.041666666666666664
1 0.59921875 0.7333333333333333 0.0421875 0.0375
1 0.5984375 0.7291666666666666 0.046875 0.03333333333333333
1 0.20859375 0.7229166666666667 0.0328125 0.020833333333333332
1 0.60078125 0.7333333333333333 0.0359375 0.03333333333333333
1 0.35546875 0.65625 0.0203125 0.0375
1 0.6546875 0.28229166666666666 0.01875 0.022916666666666665

5 0.40234375 0.571875 0.0203125 0.022916666666666665
4 0.34375 0.5572916666666666 0.009375 0.01875
4 0.36484375 0.5489583333333333 0.0109375 0.01875
5 0.425 0.5625 0.00625 0.016666666666666666
5 0.4265625 0.5614583333333333 0.009375 0.022916666666666665
4 0.38671875 0.54375 0.0109375 0.03333333333333333
4 0.365625 0.5104166666666666 0.009375 0.025
4 0.36875 0.503125 0.0125 0.014583333333333334
5 0.534375 0.4239583333333333 0.009375 0.04375
1 0.57421875 0.42291666666666666 0.0203125 0.029166666666666667
5 0.53671875 0.434375 0.0078125 0.01875
5 0.56640625 0.415625 0.0078125 0.014583333333333334
5 0.553125 0.4395833333333333 0.009375 0.016666666666666666
5 0.6359375 0.64375 0.0125 0.016666666666666666
5 0.61328125 0.40729166666666666 0.0109375 0.01875
5 0.65703125 0.5895833333333333 0.0140625 0.025
5 0.6390625 0.41458333333333336 0.009375 0.0125
5 0.6390625 0.4197916666666667 0.0125 0.022916666666666665
5 0.64765625 0.378125 0.0109375 0.014583333333333334
5 0.6453125 0.384375 0.021875 0.027083333333333334
5 0.646875 0.375 0.009375 0.0125
5 0.6140625 0.4010416666666667 0.00625 0.010416666666666666
5 0.54921875 0.36770833333333336 0.0078125 0.022916666666666665
5 0.53828125 0.3625 0.0078125 0.020833333333333332
5 0.5484375 0.3572916666666667 0.009375 0.03125
1 0.54375 0.35625 0.01875 0.03333333333333333
3 0.5609375 0.3072916666666667 0.025 0.04791666666666667
1 0.53359375 0.24791666666666667 0.0140625 0.020833333333333332
1 0.528125 0.203125 0.01875 0.027083333333333334
3 0.521875 0.14270833333333333 0.01875 0.04791666666666667
1 0.51328125 0.11354166666666667 0.0109375 0.014583333333333334
1 0.49765625 0.14375 0.0171875 0.020833333333333332
1 0.51484375 0.06666666666666667 0.0140625 0.0125
1 0.5234375 0.057291666666666664 0.0125 0.010416666666666666
1 0.3796875 0.24791666666666667 0.015625 0.020833333333333332
1 0.35625 0.24791666666666667 0.015625 0.029166666666666667
1 0.375 0.225 0.015625 0.025
1 0.35390625 0.22291666666666668 0.0171875 0.020833333333333332
1 0.33671875 0.221875 0.0140625 0.022916666666666665
1 0.31875 0.225 0.015625 0.016666666666666666
1 0.31875 0.25729166666666664 0.015625 0.03125
1 0.29921875 0.23020833333333332 0.0203125 0.022916666666666665
1 0.2796875 0.225 0.015625 0.016666666666666666
1 0.38515625 0.184375 0.0171875 0.01875
1 0.36796875 0.1875 0.0140625 0.020833333333333332
1 0.3328125 0.18541666666666667 0.015625 0.020833333333333332
1 0.31484375 0.18958333333333333 0.0171875 0.029166666666666667
1 0.3015625 0.16770833333333332 0.01875 0.027083333333333334
1 0.48671875 0.06979166666666667 0.0171875 0.014583333333333334
1 0.5703125 0.284375 0.015625 0.027083333333333334
1 0.55703125 0.24895833333333334 0.0171875 0.035416666666666666
1 0.5484375 0.19166666666666668 0.0125 0.020833333333333332
1 0.53828125 0.16458333333333333 0.0140625 0.025
