
1 0.37578125 0.975 0.0609375 0.05
1 0.44609375 0.925 0.0515625 0.041666666666666664
1 0.234375 0.990625 0.05 0.01875
1 0.3140625 0.9572916666666667 0.0625 0.052083333333333336
1 0.4 0.9104166666666667 0.05625 0.05
1 0.16328125 0.9854166666666667 0.0671875 0.029166666666666667
1 0.25234375 0.94375 0.0609375 0.04583333333333333
1 0.32890625 0.8989583333333333 0.0484375 0.03958333333333333
1 0.40078125 0.859375 0.0546875 0.03958333333333333
1 0.1140625 0.975 0.06875 0.05
1 0.19453125 0.9270833333333334 0.0609375 0.05
1 0.28359375 0.8822916666666667 0.0703125 0.052083333333333336
1 0.36328125 0.8385416666666666 0.0546875 0.04375

1 0.2 0.7322916666666667 0.05 0.035416666666666666

1 0.02109375 0.9052083333333333 0.0015625 0.0020833333333333333
1 0.38515625 0.6385416666666667 0.0546875 0.035416666666666666
1 0.3859375 0.6395833333333333 0.05625 0.041666666666666664
1 0.6 0.7322916666666667 0.034375 0.035416666666666666
1 0.59375 0.7291666666666666 0.05 0.0375
1 0.19375 0.7270833333333333 0.034375 0.029166666666666667
1 0.59765625 0.7385416666666667 0.0359375 0.022916666666666665
1 0.34765625 0.6666666666666666 0.0296875 0.025
1 0.653125 0.275 0.01875 0.020833333333333332

5 0.4046875 0.5739583333333333 0.01875 0.022916666666666665
4 0.34375 0.5583333333333333 0.009375 0.020833333333333332
4 0.36484375 0.5489583333333333 0.0109375 0.01875
5 0.42578125 0.5645833333333333 0.0078125 0.016666666666666666
5 0.4265625 0.5635416666666667 0.009375 0.022916666666666665
4 0.38515625 0.5489583333333333 0.0109375 0.027083333333333334
4 0.365625 0.5104166666666666 0.009375 0.025
4 0.36953125 0.503125 0.0140625 0.014583333333333334
5 0.53359375 0.421875 0.0109375 0.04375
1 0.57421875 0.425 0.0203125 0.029166666666666667
5 0.5359375 0.42916666666666664 0.009375 0.029166666666666667
5 0.5671875 0.41770833333333335 0.00625 0.014583333333333334
5 0.553125 0.440625 0.009375 0.01875
5 0.64296875 0.65 0.0078125 0.016666666666666666
5 0.6140625 0.40625 0.009375 0.016666666666666666
5 0.65859375 0.5958333333333333 0.0109375 0.025
5 0.6390625 0.415625 0.009375 0.010416666666666666
5 0.6390625 0.42083333333333334 0.009375 0.020833333333333332
5 0.65 0.378125 0.009375 0.014583333333333334
5 0.64375 0.38645833333333335 0.028125 0.022916666666666665
5 0.65 0.3729166666666667 0.009375 0.0125
5 0.6140625 0.40208333333333335 0.00625 0.0125
5 0.54921875 0.36770833333333336 0.0078125 0.022916666666666665
5 0.5390625 0.36354166666666665 0.00625 0.01875
5 0.5484375 0.3572916666666667 0.009375 0.03125
1 0.54375 0.35625 0.01875 0.03333333333333333
3 0.56015625 0.3072916666666667 0.0296875 0.05625
1 0.53359375 0.24791666666666667 0.0140625 0.020833333333333332
1 0.528125 0.20625 0.01875 0.029166666666666667
3 0.521875 0.14166666666666666 0.01875 0.04583333333333333
1 0.5125 0.11354166666666667 0.0125 0.014583333333333334
1 0.496875 0.14270833333333333 0.01875 0.01875
1 0.515625 0.06770833333333333 0.0125 0.014583333333333334
1 0.52421875 0.058333333333333334 0.0140625 0.0125
1 0.3796875 0.24895833333333334 0.015625 0.01875
1 0.35625 0.24791666666666667 0.015625 0.029166666666666667
1 0.375 0.22395833333333334 0.015625 0.022916666666666665
1 0.35390625 0.22291666666666668 0.0171875 0.020833333333333332
1 0.3375 0.22083333333333333 0.0125 0.020833333333333332
1 0.31875 0.22604166666666667 0.015625 0.01875
1 0.31875 0.25729166666666664 0.015625 0.03125
1 0.29921875 0.23020833333333332 0.0203125 0.022916666666666665
1 0.2796875 0.225 0.015625 0.016666666666666666
1 0.38515625 0.184375 0.0171875 0.01875
1 0.36796875 0.18854166666666666 0.0140625 0.01875
1 0.3328125 0.18541666666666667 0.015625 0.020833333333333332
1 0.31484375 0.18958333333333333 0.0171875 0.029166666666666667
1 0.3015625 0.16770833333333332 0.01875 0.027083333333333334
1 0.4828125 0.06979166666666667 0.015625 0.014583333333333334
1 0.5703125 0.28541666666666665 0.015625 0.029166666666666667
1 0.55859375 0.25104166666666666 0.0171875 0.03125
1 0.5484375 0.19166666666666668 0.0125 0.020833333333333332
1 0.53828125 0.16458333333333333 0.0140625 0.025
