
1 0.37578125 0.975 0.0609375 0.05
1 0.4453125 0.925 0.053125 0.041666666666666664
1 0.234375 0.990625 0.05 0.01875
1 0.3140625 0.9572916666666667 0.0625 0.052083333333333336
1 0.4 0.9104166666666667 0.05625 0.05
1 0.16328125 0.9854166666666667 0.0671875 0.029166666666666667
1 0.25234375 0.94375 0.0609375 0.04583333333333333
1 0.32890625 0.8989583333333333 0.0484375 0.03958333333333333
1 0.40078125 0.859375 0.0546875 0.03958333333333333
1 0.1140625 0.975 0.06875 0.05
1 0.19453125 0.9270833333333334 0.0609375 0.05
1 0.28359375 0.8822916666666667 0.0703125 0.052083333333333336
1 0.36328125 0.8385416666666666 0.0546875 0.04375

1 0.175 0.74375 0.040625 0.041666666666666664


1 0.37109375 0.6427083333333333 0.0546875 0.03958333333333333
1 0.371875 0.64375 0.05625 0.041666666666666664
1 0.58984375 0.73125 0.0359375 0.03333333333333333
1 0.584375 0.7270833333333333 0.05 0.0375
1 0.17109375 0.74375 0.0453125 0.041666666666666664
1 0.58984375 0.7364583333333333 0.0234375 0.027083333333333334
1 0.33203125 0.6635416666666667 0.0359375 0.06041666666666667
1 0.65 0.26145833333333335 0.01875 0.01875

5 0.40703125 0.5760416666666667 0.0171875 0.022916666666666665
4 0.3453125 0.559375 0.009375 0.01875
4 0.365625 0.55 0.009375 0.020833333333333332
5 0.4265625 0.565625 0.00625 0.014583333333333334
5 0.428125 0.5666666666666667 0.009375 0.020833333333333332
4 0.38515625 0.553125 0.0109375 0.01875
4 0.365625 0.5114583333333333 0.009375 0.027083333333333334
4 0.36875 0.503125 0.0125 0.014583333333333334
5 0.52890625 0.421875 0.0171875 0.04375
1 0.57421875 0.4270833333333333 0.0203125 0.029166666666666667
5 0.5328125 0.42604166666666665 0.009375 0.035416666666666666
5 0.5671875 0.4197916666666667 0.00625 0.014583333333333334
5 0.55390625 0.4427083333333333 0.0109375 0.01875
5 0.64609375 0.6645833333333333 0.0078125 0.016666666666666666
5 0.615625 0.409375 0.009375 0.01875
5 0.6609375 0.6125 0.0125 0.025
5 0.63828125 0.425 0.0109375 0.0125
5 0.6390625 0.425 0.009375 0.020833333333333332
5 0.65234375 0.375 0.0078125 0.016666666666666666
5 0.65234375 0.390625 0.0234375 0.027083333333333334
5 0.65234375 0.36770833333333336 0.0109375 0.014583333333333334
5 0.61484375 0.40520833333333334 0.0078125 0.010416666666666666
5 0.54921875 0.36770833333333336 0.0078125 0.022916666666666665
5 0.53984375 0.3625 0.0078125 0.020833333333333332
5 0.5484375 0.35833333333333334 0.009375 0.029166666666666667
1 0.54375 0.3572916666666667 0.01875 0.03125
3 0.5609375 0.309375 0.03125 0.05625
1 0.534375 0.24791666666666667 0.0125 0.020833333333333332
1 0.52890625 0.21041666666666667 0.0171875 0.029166666666666667
3 0.521875 0.14166666666666666 0.01875 0.04583333333333333
1 0.5125 0.11354166666666667 0.0125 0.014583333333333334
1 0.49921875 0.14583333333333334 0.0171875 0.016666666666666666
1 0.5171875 0.06979166666666667 0.015625 0.014583333333333334
1 0.525 0.057291666666666664 0.0125 0.010416666666666666
1 0.3796875 0.24895833333333334 0.015625 0.01875
1 0.35625 0.24895833333333334 0.015625 0.03125
1 0.375 0.225 0.015625 0.025
1 0.35390625 0.22291666666666668 0.0171875 0.020833333333333332
1 0.33671875 0.221875 0.0140625 0.022916666666666665
1 0.31875 0.22604166666666667 0.015625 0.01875
1 0.31875 0.25729166666666664 0.015625 0.03125
1 0.29921875 0.23020833333333332 0.0203125 0.022916666666666665
1 0.2796875 0.225 0.015625 0.016666666666666666
1 0.38515625 0.184375 0.0171875 0.01875
1 0.36796875 0.18854166666666666 0.0140625 0.01875
1 0.3328125 0.18541666666666667 0.015625 0.020833333333333332
1 0.31484375 0.18958333333333333 0.0171875 0.029166666666666667
1 0.3 0.16979166666666667 0.021875 0.027083333333333334
1 0.4828125 0.06875 0.015625 0.016666666666666666
1 0.571875 0.2864583333333333 0.015625 0.027083333333333334
1 0.55859375 0.2552083333333333 0.0171875 0.035416666666666666
1 0.546875 0.19479166666666667 0.0125 0.022916666666666665
1 0.5390625 0.1625 0.0125 0.020833333333333332
