1 0.003125 0.9625 0.00625 0.0125
1 0.38203125 0.975 0.0609375 0.05
1 0.4515625 0.925 0.053125 0.041666666666666664
1 0.2421875 0.990625 0.04375 0.01875
1 0.31953125 0.9572916666666667 0.0640625 0.052083333333333336
1 0.40546875 0.9104166666666667 0.0546875 0.05
1 0.16875 0.9854166666666667 0.065625 0.029166666666666667
1 0.2578125 0.9458333333333333 0.0625 0.04583333333333333
1 0.33359375 0.8989583333333333 0.0484375 0.03958333333333333
1 0.40546875 0.859375 0.0546875 0.04375
1 0.1203125 0.9770833333333333 0.065625 0.04583333333333333
1 0.2 0.928125 0.0625 0.04791666666666667
1 0.28984375 0.8822916666666667 0.0703125 0.052083333333333336
1 0.36796875 0.8395833333333333 0.0546875 0.04583333333333333
1 0.1328125 0.859375 0.0625 0.052083333333333336
1 0.04296875 0.8083333333333333 0.0609375 0.05416666666666667
1 0.19453125 0.7739583333333333 0.0578125 0.04791666666666667
1 0.3671875 0.759375 0.053125 0.04791666666666667
1 0.3734375 0.6677083333333333 0.05625 0.03958333333333333
1 0.4765625 0.6822916666666666 0.05 0.035416666666666666
1 0.50625 0.7427083333333333 0.05625 0.03958333333333333
1 0.58984375 0.7020833333333333 0.0546875 0.0375
1 0.66796875 0.70625 0.0515625 0.04583333333333333
1 0.69921875 0.8166666666666667 0.0515625 0.05416666666666667
1 0.77421875 0.7416666666666667 0.0609375 0.058333333333333334
1 0.8578125 0.8208333333333333 0.040625 0.058333333333333334

5 0.2953125 0.6052083333333333 0.021875 0.022916666666666665
4 0.34921875 0.5583333333333333 0.0078125 0.020833333333333332
4 0.36953125 0.55 0.0078125 0.016666666666666666
5 0.40546875 0.5416666666666666 0.0078125 0.025
5 0.4203125 0.540625 0.009375 0.027083333333333334
4 0.396875 0.5291666666666667 0.009375 0.016666666666666666
4 0.365625 0.5114583333333333 0.009375 0.022916666666666665
4 0.375 0.5 0.0125 0.0125
5 0.521875 0.415625 0.009375 0.022916666666666665
1 0.5734375 0.39791666666666664 0.021875 0.03333333333333333
5 0.534375 0.4166666666666667 0.00625 0.016666666666666666
5 0.5546875 0.4114583333333333 0.009375 0.01875
5 0.55390625 0.43125 0.0109375 0.020833333333333332
5 0.5703125 0.4322916666666667 0.0125 0.01875
5 0.58984375 0.3927083333333333 0.0171875 0.01875
5 0.615625 0.403125 0.0125 0.01875
5 0.6125 0.3854166666666667 0.009375 0.0125
5 0.64296875 0.371875 0.0078125 0.01875
5 0.61875 0.3645833333333333 0.009375 0.016666666666666666
5 0.6171875 0.34375 0.0125 0.016666666666666666
5 0.6015625 0.36875 0.0125 0.0125
5 0.56796875 0.359375 0.0078125 0.014583333333333334
5 0.553125 0.3697916666666667 0.00625 0.014583333333333334
5 0.53125 0.35520833333333335 0.00625 0.014583333333333334
5 0.53828125 0.35625 0.0046875 0.016666666666666666
1 0.528125 0.309375 0.021875 0.03125
3 0.546875 0.25729166666666664 0.028125 0.06458333333333334
1 0.5296875 0.21770833333333334 0.0125 0.01875
1 0.52890625 0.18854166666666666 0.0171875 0.027083333333333334
3 0.52421875 0.14270833333333333 0.0203125 0.04791666666666667
1 0.51640625 0.11458333333333333 0.0109375 0.016666666666666666
1 0.51171875 0.090625 0.0140625 0.027083333333333334
1 0.50546875 0.058333333333333334 0.0078125 0.0125
1 0.49296875 0.022916666666666665 0.0109375 0.020833333333333332
1 0.38046875 0.24895833333333334 0.0171875 0.01875
1 0.359375 0.246875 0.015625 0.027083333333333334
1 0.3796875 0.22291666666666668 0.015625 0.020833333333333332
1 0.3625 0.22395833333333334 0.015625 0.022916666666666665
1 0.340625 0.221875 0.015625 0.022916666666666665
1 0.32265625 0.22604166666666667 0.0140625 0.01875
1 0.32265625 0.25729166666666664 0.0171875 0.03125
1 0.3015625 0.23020833333333332 0.021875 0.022916666666666665
1 0.28359375 0.225 0.0140625 0.016666666666666666
1 0.38828125 0.184375 0.0171875 0.01875
1 0.3734375 0.1875 0.015625 0.020833333333333332
1 0.33359375 0.18541666666666667 0.0140625 0.020833333333333332
1 0.315625 0.18958333333333333 0.015625 0.029166666666666667
1 0.30390625 0.16770833333333332 0.0171875 0.027083333333333334
1 0.48984375 0.08020833333333334 0.0171875 0.03125
1 0.5640625 0.2552083333333333 0.015625 0.027083333333333334
1 0.559375 0.22083333333333333 0.01875 0.029166666666666667
1 0.55234375 0.18958333333333333 0.0140625 0.025
1 0.54375 0.16145833333333334 0.015625 0.022916666666666665
