
1 0.37578125 0.975 0.0609375 0.05
1 0.4453125 0.925 0.053125 0.041666666666666664
1 0.23515625 0.990625 0.0515625 0.01875
1 0.3140625 0.9572916666666667 0.0625 0.052083333333333336
1 0.4 0.9104166666666667 0.05625 0.05
1 0.16328125 0.9854166666666667 0.0671875 0.029166666666666667
1 0.25234375 0.94375 0.0609375 0.04583333333333333
1 0.32890625 0.8989583333333333 0.0484375 0.03958333333333333
1 0.40078125 0.859375 0.0546875 0.03958333333333333
1 0.11328125 0.975 0.0671875 0.05
1 0.19453125 0.9270833333333334 0.0609375 0.05
1 0.28359375 0.8822916666666667 0.0703125 0.052083333333333336
1 0.3625 0.8385416666666666 0.053125 0.04375

1 0.18203125 0.840625 0.0546875 0.21041666666666667


1 0.3640625 0.6427083333333333 0.053125 0.03125
1 0.3671875 0.6458333333333334 0.059375 0.041666666666666664
1 0.58515625 0.7322916666666667 0.0359375 0.03125
1 0.58203125 0.7260416666666667 0.0515625 0.035416666666666666
1 0.16640625 0.74375 0.0578125 0.041666666666666664
1 0.58671875 0.7333333333333333 0.0296875 0.03333333333333333
1 0.33125 0.6625 0.0375 0.058333333333333334
1 0.64765625 0.25729166666666664 0.0171875 0.01875

5 0.40703125 0.5770833333333333 0.0171875 0.025
4 0.3453125 0.5583333333333333 0.009375 0.020833333333333332
4 0.365625 0.5489583333333333 0.009375 0.022916666666666665
5 0.4265625 0.565625 0.00625 0.014583333333333334
5 0.42890625 0.5666666666666667 0.0078125 0.020833333333333332
4 0.384375 0.5510416666666667 0.0125 0.022916666666666665
4 0.365625 0.5104166666666666 0.009375 0.025
4 0.371875 0.49895833333333334 0.015625 0.014583333333333334
5 0.528125 0.421875 0.015625 0.03958333333333333
1 0.57421875 0.428125 0.0203125 0.03125
5 0.534375 0.42291666666666666 0.009375 0.029166666666666667
5 0.56875 0.4197916666666667 0.00625 0.014583333333333334
5 0.55546875 0.4427083333333333 0.0078125 0.01875
5 0.64765625 0.66875 0.0078125 0.016666666666666666
5 0.61484375 0.4114583333333333 0.0078125 0.01875
5 0.6625 0.6177083333333333 0.0125 0.027083333333333334
5 0.63828125 0.42604166666666665 0.0109375 0.014583333333333334
5 0.6390625 0.428125 0.009375 0.01875
5 0.65234375 0.375 0.0078125 0.016666666666666666
5 0.6546875 0.39375 0.025 0.029166666666666667
5 0.653125 0.36666666666666664 0.009375 0.0125
5 0.615625 0.40520833333333334 0.00625 0.010416666666666666
5 0.54921875 0.36770833333333336 0.0078125 0.022916666666666665
5 0.53984375 0.3625 0.0078125 0.020833333333333332
5 0.5484375 0.35833333333333334 0.009375 0.029166666666666667
1 0.54296875 0.35833333333333334 0.0203125 0.03333333333333333
3 0.5609375 0.31145833333333334 0.03125 0.05625
1 0.534375 0.24895833333333334 0.0125 0.01875
1 0.52890625 0.21145833333333333 0.0171875 0.03125
3 0.521875 0.14270833333333333 0.01875 0.04791666666666667
1 0.5125 0.11354166666666667 0.0125 0.014583333333333334
1 0.49921875 0.14791666666666667 0.0171875 0.016666666666666666
1 0.51875 0.06979166666666667 0.015625 0.014583333333333334
1 0.525 0.057291666666666664 0.0125 0.010416666666666666
1 0.3796875 0.24895833333333334 0.015625 0.01875
1 0.35703125 0.24791666666666667 0.0171875 0.029166666666666667
1 0.375 0.225 0.015625 0.025
1 0.35390625 0.22291666666666668 0.0171875 0.020833333333333332
1 0.33671875 0.22291666666666668 0.0140625 0.025
1 0.31875 0.22604166666666667 0.015625 0.01875
1 0.31875 0.25833333333333336 0.015625 0.03333333333333333
1 0.29921875 0.23020833333333332 0.0203125 0.022916666666666665
1 0.2796875 0.225 0.015625 0.016666666666666666
1 0.38515625 0.184375 0.0171875 0.01875
1 0.36796875 0.18854166666666666 0.0140625 0.01875
1 0.3328125 0.18645833333333334 0.015625 0.022916666666666665
1 0.31484375 0.18958333333333333 0.0171875 0.029166666666666667
1 0.3015625 0.16770833333333332 0.01875 0.027083333333333334
1 0.484375 0.06979166666666667 0.01875 0.014583333333333334
1 0.57109375 0.28958333333333336 0.0171875 0.03333333333333333
1 0.559375 0.2552083333333333 0.01875 0.035416666666666666
1 0.54765625 0.19270833333333334 0.0140625 0.01875
1 0.5390625 0.1625 0.0125 0.020833333333333332
