
1 0.37578125 0.975 0.0609375 0.05
1 0.44609375 0.925 0.0515625 0.041666666666666664
1 0.23515625 0.990625 0.0515625 0.01875
1 0.3140625 0.9572916666666667 0.0625 0.052083333333333336
1 0.4 0.9104166666666667 0.05625 0.05
1 0.16328125 0.9854166666666667 0.0671875 0.029166666666666667
1 0.2515625 0.94375 0.059375 0.04583333333333333
1 0.32890625 0.8989583333333333 0.0484375 0.03958333333333333
1 0.40078125 0.859375 0.0546875 0.03958333333333333
1 0.1140625 0.975 0.06875 0.05
1 0.19453125 0.9270833333333334 0.0609375 0.05
1 0.28359375 0.8822916666666667 0.0703125 0.052083333333333336
1 0.3625 0.8375 0.053125 0.041666666666666664

1 0.16796875 0.8395833333333333 0.0828125 0.20833333333333334

1 0.1515625 0.7520833333333333 0.053125 0.041666666666666664
1 0.3578125 0.646875 0.05625 0.035416666666666666
1 0.35703125 0.6489583333333333 0.0578125 0.04375
1 0.584375 0.728125 0.034375 0.03958333333333333
1 0.57734375 0.721875 0.0515625 0.035416666666666666
1 0.15 0.7520833333333333 0.05625 0.041666666666666664
1 0.58203125 0.725 0.0359375 0.020833333333333332
1 0.30859375 0.671875 0.0234375 0.06875
1 0.64609375 0.24895833333333334 0.0171875 0.01875

5 0.40625 0.578125 0.01875 0.027083333333333334
4 0.34609375 0.5583333333333333 0.0078125 0.020833333333333332
4 0.365625 0.5489583333333333 0.009375 0.022916666666666665
5 0.42578125 0.5677083333333334 0.0046875 0.014583333333333334
5 0.428125 0.5697916666666667 0.009375 0.022916666666666665
4 0.396875 0.55 0.009375 0.0125
4 0.365625 0.509375 0.009375 0.027083333333333334
4 0.3671875 0.5020833333333333 0.0125 0.016666666666666666
5 0.53125 0.4239583333333333 0.0125 0.04375
1 0.575 0.42916666666666664 0.021875 0.029166666666666667
5 0.53359375 0.41354166666666664 0.0078125 0.01875
5 0.56875 0.421875 0.00625 0.014583333333333334
5 0.55625 0.44479166666666664 0.009375 0.01875
5 0.64921875 0.678125 0.0078125 0.01875
5 0.61484375 0.41458333333333336 0.0109375 0.020833333333333332
5 0.66328125 0.6239583333333333 0.0109375 0.022916666666666665
5 0.6390625 0.43333333333333335 0.009375 0.020833333333333332
5 0.6390625 0.43020833333333336 0.009375 0.01875
5 0.653125 0.3875 0.009375 0.016666666666666666
5 0.65625 0.39479166666666665 0.021875 0.027083333333333334
5 0.65390625 0.36770833333333336 0.0109375 0.014583333333333334
5 0.615625 0.40625 0.00625 0.008333333333333333
5 0.54921875 0.36770833333333336 0.0078125 0.01875
5 0.53984375 0.3625 0.0078125 0.020833333333333332
5 0.54921875 0.35833333333333334 0.0078125 0.029166666666666667
1 0.54375 0.359375 0.01875 0.035416666666666666
3 0.56171875 0.3125 0.0296875 0.058333333333333334
1 0.534375 0.24895833333333334 0.0125 0.01875
1 0.5296875 0.21354166666666666 0.01875 0.03125
3 0.521875 0.14270833333333333 0.01875 0.04791666666666667
1 0.51171875 0.11354166666666667 0.0140625 0.014583333333333334
1 0.49765625 0.1375 0.0140625 0.0375
1 0.51796875 0.07083333333333333 0.0171875 0.016666666666666666
1 0.525 0.057291666666666664 0.0125 0.010416666666666666
1 0.3796875 0.24895833333333334 0.015625 0.01875
1 0.3578125 0.24479166666666666 0.015625 0.027083333333333334
1 0.375 0.225 0.015625 0.025
1 0.35390625 0.22291666666666668 0.0171875 0.020833333333333332
1 0.33671875 0.22291666666666668 0.0140625 0.025
1 0.31875 0.22604166666666667 0.015625 0.01875
1 0.31875 0.25833333333333336 0.015625 0.03333333333333333
1 0.29921875 0.23020833333333332 0.0203125 0.022916666666666665
1 0.2796875 0.225 0.015625 0.016666666666666666
1 0.384375 0.184375 0.015625 0.01875
1 0.3671875 0.18854166666666666 0.015625 0.01875
1 0.3328125 0.18541666666666667 0.015625 0.020833333333333332
1 0.31484375 0.18958333333333333 0.0171875 0.029166666666666667
1 0.3015625 0.16770833333333332 0.01875 0.027083333333333334
1 0.484375 0.06979166666666667 0.015625 0.014583333333333334
1 0.57265625 0.28854166666666664 0.0171875 0.027083333333333334
1 0.559375 0.25729166666666664 0.01875 0.035416666666666666
1 0.5484375 0.19270833333333334 0.0125 0.01875
1 0.53828125 0.16458333333333333 0.0140625 0.025
