
1 0.37578125 0.975 0.0609375 0.05
1 0.4453125 0.925 0.053125 0.041666666666666664
1 0.23515625 0.990625 0.0515625 0.01875
1 0.3140625 0.9572916666666667 0.0625 0.052083333333333336
1 0.4 0.9104166666666667 0.05625 0.05
1 0.16328125 0.9854166666666667 0.0671875 0.029166666666666667
1 0.2515625 0.94375 0.059375 0.04583333333333333
1 0.32890625 0.8989583333333333 0.0484375 0.03958333333333333
1 0.40078125 0.859375 0.0546875 0.03958333333333333
1 0.11328125 0.975 0.0671875 0.05
1 0.19453125 0.9270833333333334 0.0609375 0.05
1 0.28359375 0.8822916666666667 0.0703125 0.052083333333333336
1 0.36328125 0.8385416666666666 0.0515625 0.03958333333333333

1 0.16640625 0.8447916666666667 0.0859375 0.19791666666666666

1 0.14375 0.7604166666666666 0.053125 0.05
1 0.3515625 0.6489583333333333 0.053125 0.035416666666666666
1 0.353125 0.6520833333333333 0.05625 0.04583333333333333
1 0.58046875 0.7270833333333333 0.0328125 0.0375
1 0.575 0.7177083333333333 0.046875 0.03125
1 0.13671875 0.765625 0.0515625 0.06041666666666667
1 0.56015625 0.715625 0.0203125 0.014583333333333334
1 0.30078125 0.6802083333333333 0.0390625 0.08541666666666667
1 0.64375 0.24375 0.015625 0.016666666666666666

5 0.4109375 0.575 0.015625 0.025
4 0.346875 0.5583333333333333 0.00625 0.020833333333333332
4 0.365625 0.5489583333333333 0.009375 0.022916666666666665
5 0.425 0.5697916666666667 0.00625 0.014583333333333334
5 0.43046875 0.56875 0.0078125 0.020833333333333332
4 0.38671875 0.5552083333333333 0.0140625 0.022916666666666665
4 0.365625 0.509375 0.009375 0.027083333333333334
4 0.3671875 0.503125 0.0125 0.014583333333333334
5 0.52734375 0.41041666666666665 0.0140625 0.029166666666666667
1 0.575 0.42916666666666664 0.021875 0.029166666666666667
5 0.53359375 0.4125 0.0078125 0.020833333333333332
5 0.56953125 0.421875 0.0078125 0.014583333333333334
5 0.55546875 0.4479166666666667 0.0109375 0.020833333333333332
5 0.6484375 0.6864583333333333 0.009375 0.01875
5 0.6140625 0.41770833333333335 0.009375 0.01875
5 0.66484375 0.6291666666666667 0.0109375 0.020833333333333332
5 0.6390625 0.43020833333333336 0.009375 0.01875
5 0.63828125 0.43333333333333335 0.0109375 0.020833333333333332
5 0.6578125 0.3802083333333333 0.009375 0.014583333333333334
5 0.6546875 0.39895833333333336 0.01875 0.022916666666666665
5 0.65390625 0.36770833333333336 0.0109375 0.014583333333333334
5 0.61484375 0.40625 0.0078125 0.008333333333333333
5 0.54921875 0.36770833333333336 0.0078125 0.01875
5 0.540625 0.36354166666666665 0.009375 0.022916666666666665
5 0.5484375 0.359375 0.009375 0.03125
1 0.54296875 0.36041666666666666 0.0203125 0.03333333333333333
3 0.5609375 0.31354166666666666 0.03125 0.06041666666666667
1 0.534375 0.25104166666666666 0.0125 0.01875
1 0.53125 0.215625 0.01875 0.03125
3 0.521875 0.14270833333333333 0.01875 0.04791666666666667
1 0.5125 0.11354166666666667 0.0125 0.014583333333333334
1 0.49765625 0.115625 0.0171875 0.01875
1 0.52265625 0.07604166666666666 0.0140625 0.01875
1 0.525 0.057291666666666664 0.0125 0.010416666666666666
1 0.38046875 0.25104166666666666 0.0171875 0.022916666666666665
1 0.3578125 0.24479166666666666 0.015625 0.027083333333333334
1 0.375 0.225 0.015625 0.025
1 0.35390625 0.22291666666666668 0.0171875 0.020833333333333332
1 0.33671875 0.22291666666666668 0.0140625 0.025
1 0.31875 0.22604166666666667 0.015625 0.01875
1 0.31875 0.25833333333333336 0.015625 0.03333333333333333
1 0.29921875 0.23020833333333332 0.0203125 0.022916666666666665
1 0.2796875 0.225 0.015625 0.016666666666666666
1 0.384375 0.184375 0.015625 0.01875
1 0.36796875 0.1875 0.0140625 0.020833333333333332
1 0.3328125 0.18541666666666667 0.015625 0.020833333333333332
1 0.31484375 0.18958333333333333 0.0171875 0.029166666666666667
1 0.3015625 0.16770833333333332 0.01875 0.027083333333333334
1 0.484375 0.06875 0.015625 0.016666666666666666
1 0.5734375 0.28854166666666664 0.015625 0.027083333333333334
1 0.56015625 0.259375 0.0171875 0.035416666666666666
1 0.5484375 0.19375 0.0125 0.016666666666666666
1 0.5390625 0.1625 0.0125 0.020833333333333332
