
1 0.37578125 0.975 0.0609375 0.05
1 0.4453125 0.925 0.053125 0.041666666666666664
1 0.23359375 0.990625 0.0515625 0.01875
1 0.3140625 0.9572916666666667 0.0625 0.052083333333333336
1 0.4 0.9104166666666667 0.05625 0.05
1 0.16328125 0.9854166666666667 0.0671875 0.029166666666666667
1 0.25234375 0.94375 0.0609375 0.04583333333333333
1 0.32890625 0.8989583333333333 0.0484375 0.03958333333333333
1 0.40078125 0.8583333333333333 0.0546875 0.041666666666666664
1 0.1125 0.9760416666666667 0.065625 0.04791666666666667
1 0.19453125 0.9270833333333334 0.0609375 0.05
1 0.28359375 0.8822916666666667 0.0703125 0.052083333333333336
1 0.3625 0.8375 0.053125 0.041666666666666664

1 0.159375 0.8489583333333334 0.103125 0.18958333333333333

1 0.340625 0.6541666666666667 0.01875 0.03333333333333333
1 0.3390625 0.6552083333333333 0.053125 0.035416666666666666
1 0.3390625 0.6635416666666667 0.05625 0.05625
1 0.56875 0.7208333333333333 0.0375 0.03333333333333333
1 0.56796875 0.715625 0.0453125 0.03125
1 0.11328125 0.7875 0.0359375 0.07916666666666666
1 0.56875 0.7229166666666667 0.03125 0.025
1 0.28359375 0.69375 0.0359375 0.07083333333333333
1 0.63984375 0.23229166666666667 0.0140625 0.014583333333333334

5 0.4125 0.5770833333333333 0.015625 0.025
4 0.3484375 0.5583333333333333 0.00625 0.020833333333333332
4 0.365625 0.5489583333333333 0.009375 0.022916666666666665
5 0.425 0.5739583333333333 0.009375 0.01875
5 0.43203125 0.571875 0.0078125 0.01875
4 0.38671875 0.5583333333333333 0.0171875 0.016666666666666666
4 0.365625 0.5104166666666666 0.009375 0.025
4 0.3671875 0.503125 0.0125 0.014583333333333334
5 0.52578125 0.4114583333333333 0.0140625 0.03125
1 0.57578125 0.43125 0.0203125 0.029166666666666667
5 0.53359375 0.4125 0.0078125 0.025
5 0.5703125 0.4239583333333333 0.00625 0.014583333333333334
5 0.55625 0.45416666666666666 0.009375 0.020833333333333332
5 0.65234375 0.7020833333333333 0.0109375 0.020833333333333332
5 0.615625 0.41770833333333335 0.009375 0.014583333333333334
5 0.66796875 0.6458333333333334 0.0140625 0.025
5 0.6390625 0.43645833333333334 0.009375 0.01875
5 0.63828125 0.4375 0.0109375 0.020833333333333332
5 0.665625 0.3958333333333333 0.009375 0.0125
5 0.6734375 0.39895833333333336 0.015625 0.01875
5 0.65390625 0.36770833333333336 0.0109375 0.014583333333333334
5 0.61484375 0.4166666666666667 0.0078125 0.0125
5 0.54921875 0.36875 0.0078125 0.020833333333333332
5 0.540625 0.36354166666666665 0.009375 0.022916666666666665
5 0.5484375 0.359375 0.009375 0.027083333333333334
1 0.5421875 0.3625 0.01875 0.03333333333333333
3 0.5625 0.3145833333333333 0.03125 0.0625
1 0.5359375 0.253125 0.0125 0.01875
1 0.53125 0.215625 0.01875 0.03125
3 0.52265625 0.14270833333333333 0.0171875 0.04791666666666667
1 0.5125 0.11354166666666667 0.0125 0.014583333333333334
1 0.51328125 0.096875 0.0171875 0.027083333333333334
1 0.52265625 0.07395833333333333 0.0140625 0.01875
1 0.525 0.05625 0.0125 0.0125
1 0.3796875 0.24895833333333334 0.015625 0.01875
1 0.35859375 0.24479166666666666 0.0171875 0.027083333333333334
1 0.375 0.22604166666666667 0.015625 0.022916666666666665
1 0.35390625 0.22291666666666668 0.0171875 0.020833333333333332
1 0.33671875 0.221875 0.0140625 0.022916666666666665
1 0.31875 0.22604166666666667 0.015625 0.01875
1 0.31875 0.25729166666666664 0.015625 0.03125
1 0.29921875 0.23020833333333332 0.0203125 0.022916666666666665
1 0.2796875 0.225 0.015625 0.016666666666666666
1 0.38515625 0.184375 0.0171875 0.01875
1 0.36796875 0.1875 0.0140625 0.020833333333333332
1 0.3328125 0.18541666666666667 0.015625 0.020833333333333332
1 0.31484375 0.18958333333333333 0.0171875 0.029166666666666667
1 0.3015625 0.16770833333333332 0.01875 0.027083333333333334
1 0.484375 0.06875 0.015625 0.016666666666666666
1 0.5765625 0.29375 0.015625 0.025
1 0.559375 0.2604166666666667 0.01875 0.03333333333333333
1 0.5484375 0.19583333333333333 0.0125 0.016666666666666666
1 0.53828125 0.16458333333333333 0.0140625 0.025
