
1 0.37578125 0.975 0.0609375 0.05
1 0.4453125 0.925 0.053125 0.041666666666666664
1 0.23359375 0.990625 0.0515625 0.01875
1 0.3140625 0.9572916666666667 0.0625 0.052083333333333336
1 0.39921875 0.9104166666666667 0.0546875 0.05
1 0.16328125 0.9854166666666667 0.0671875 0.029166666666666667
1 0.25234375 0.94375 0.0609375 0.04583333333333333
1 0.32890625 0.8979166666666667 0.0484375 0.041666666666666664
1 0.40078125 0.8583333333333333 0.0546875 0.041666666666666664
1 0.11328125 0.975 0.0671875 0.05
1 0.19453125 0.9270833333333334 0.0609375 0.05
1 0.28359375 0.8822916666666667 0.0703125 0.052083333333333336
1 0.3625 0.8385416666666666 0.05 0.03958333333333333

1 0.0921875 0.7875 0.05625 0.041666666666666664

1 0.3234375 0.6635416666666667 0.053125 0.03958333333333333
1 0.32421875 0.6604166666666667 0.0546875 0.0375
1 0.32578125 0.6697916666666667 0.0578125 0.05625
1 0.5640625 0.71875 0.0375 0.03333333333333333
1 0.56171875 0.7135416666666666 0.0453125 0.03125
1 0.54609375 0.7104166666666667 0.0328125 0.020833333333333332
1 0.54765625 0.7208333333333333 0.0296875 0.025
1 0.26796875 0.6989583333333333 0.0359375 0.07708333333333334
1 0.6359375 0.221875 0.015625 0.014583333333333334

5 0.4140625 0.5791666666666667 0.015625 0.025
4 0.3484375 0.559375 0.00625 0.01875
4 0.36328125 0.5552083333333333 0.0078125 0.027083333333333334
5 0.4234375 0.5770833333333333 0.009375 0.020833333333333332
5 0.434375 0.575 0.009375 0.020833333333333332
4 0.3859375 0.5604166666666667 0.01875 0.020833333333333332
4 0.365625 0.509375 0.009375 0.027083333333333334
4 0.3671875 0.503125 0.0125 0.014583333333333334
5 0.5234375 0.4166666666666667 0.0125 0.029166666666666667
1 0.578125 0.43645833333333334 0.021875 0.027083333333333334
5 0.534375 0.4125 0.00625 0.025
5 0.57109375 0.4270833333333333 0.0078125 0.016666666666666666
5 0.5578125 0.45729166666666665 0.009375 0.01875
5 0.65859375 0.7125 0.0078125 0.016666666666666666
5 0.61484375 0.4197916666666667 0.0078125 0.01875
5 0.67421875 0.659375 0.0109375 0.022916666666666665
5 0.6390625 0.4395833333333333 0.009375 0.016666666666666666
5 0.63828125 0.44166666666666665 0.0109375 0.020833333333333332
5 0.67265625 0.40520833333333334 0.0140625 0.01875
5 0.671875 0.4125 0.01875 0.03333333333333333
5 0.65390625 0.365625 0.0109375 0.010416666666666666
5 0.61484375 0.41354166666666664 0.0078125 0.010416666666666666
5 0.54765625 0.3697916666666667 0.0078125 0.01875
5 0.53984375 0.3645833333333333 0.0109375 0.025
5 0.5484375 0.36041666666666666 0.009375 0.025
1 0.5421875 0.3645833333333333 0.01875 0.03333333333333333
3 0.56171875 0.31666666666666665 0.0328125 0.0625
1 0.5359375 0.25416666666666665 0.0125 0.020833333333333332
1 0.5328125 0.21875 0.021875 0.029166666666666667
3 0.521875 0.14270833333333333 0.01875 0.04791666666666667
1 0.5125 0.11354166666666667 0.0125 0.014583333333333334
1 0.51015625 0.10104166666666667 0.0171875 0.01875
1 0.52265625 0.078125 0.0140625 0.022916666666666665
1 0.5234375 0.05625 0.0125 0.0125
1 0.3796875 0.24895833333333334 0.015625 0.01875
1 0.35625 0.24791666666666667 0.015625 0.029166666666666667
1 0.375 0.225 0.015625 0.025
1 0.35390625 0.22291666666666668 0.0171875 0.020833333333333332
1 0.33671875 0.221875 0.0140625 0.022916666666666665
1 0.31875 0.22604166666666667 0.015625 0.01875
1 0.31875 0.25729166666666664 0.015625 0.03125
1 0.29921875 0.23020833333333332 0.0203125 0.022916666666666665
1 0.2796875 0.225 0.015625 0.016666666666666666
1 0.38515625 0.184375 0.0171875 0.01875
1 0.36796875 0.1875 0.0140625 0.020833333333333332
1 0.3328125 0.18541666666666667 0.015625 0.020833333333333332
1 0.31484375 0.190625 0.0171875 0.027083333333333334
1 0.3015625 0.16770833333333332 0.01875 0.027083333333333334
1 0.4875 0.06979166666666667 0.01875 0.014583333333333334
1 0.578125 0.2947916666666667 0.015625 0.027083333333333334
1 0.559375 0.2625 0.021875 0.03333333333333333
1 0.54921875 0.196875 0.0140625 0.014583333333333334
1 0.5390625 0.16458333333333333 0.0125 0.025
