
1 0.37578125 0.975 0.0609375 0.05
1 0.4453125 0.925 0.053125 0.041666666666666664
1 0.234375 0.990625 0.05 0.01875
1 0.31328125 0.9572916666666667 0.0640625 0.052083333333333336
1 0.39921875 0.9104166666666667 0.0546875 0.05
1 0.1625 0.9854166666666667 0.065625 0.029166666666666667
1 0.2515625 0.94375 0.059375 0.04583333333333333
1 0.32890625 0.8979166666666667 0.0484375 0.041666666666666664
1 0.40078125 0.8583333333333333 0.0546875 0.041666666666666664
1 0.11328125 0.975 0.0671875 0.05
1 0.19453125 0.9270833333333334 0.0609375 0.05
1 0.28359375 0.8822916666666667 0.0703125 0.052083333333333336
1 0.36171875 0.8375 0.0546875 0.041666666666666664

1 0.07265625 0.796875 0.0578125 0.04375

1 0.3125 0.6666666666666666 0.046875 0.041666666666666664
1 0.31484375 0.665625 0.0546875 0.03958333333333333
1 0.3171875 0.6760416666666667 0.059375 0.06041666666666667
1 0.559375 0.71875 0.0375 0.03333333333333333
1 0.55234375 0.7145833333333333 0.0484375 0.03333333333333333
1 0.540625 0.7135416666666666 0.028125 0.03125
1 0.5375 0.71875 0.01875 0.016666666666666666
1 0.25625 0.6989583333333333 0.034375 0.06875
1 0.63359375 0.215625 0.0140625 0.014583333333333334

5 0.415625 0.5791666666666667 0.015625 0.025
4 0.35 0.559375 0.00625 0.01875
4 0.36328125 0.55625 0.0078125 0.025
5 0.421875 0.5802083333333333 0.009375 0.01875
5 0.4359375 0.5770833333333333 0.009375 0.020833333333333332
4 0.3859375 0.5614583333333333 0.01875 0.01875
4 0.365625 0.5104166666666666 0.009375 0.025
4 0.3671875 0.503125 0.0125 0.014583333333333334
5 0.52421875 0.4197916666666667 0.0109375 0.027083333333333334
1 0.578125 0.4395833333333333 0.021875 0.029166666666666667
5 0.534375 0.41354166666666664 0.00625 0.022916666666666665
5 0.57265625 0.43020833333333336 0.0078125 0.014583333333333334
5 0.55859375 0.4625 0.0078125 0.020833333333333332
5 0.6609375 0.7229166666666667 0.009375 0.020833333333333332
5 0.61484375 0.42291666666666666 0.0078125 0.020833333333333332
5 0.675 0.6697916666666667 0.009375 0.022916666666666665
5 0.6390625 0.44479166666666664 0.009375 0.01875
5 0.6390625 0.44375 0.009375 0.020833333333333332
5 0.67890625 0.41041666666666665 0.0140625 0.020833333333333332
5 0.68203125 0.41041666666666665 0.0171875 0.025
5 0.65390625 0.3645833333333333 0.0109375 0.008333333333333333
5 0.6140625 0.41458333333333336 0.00625 0.008333333333333333
5 0.54765625 0.3697916666666667 0.0078125 0.01875
5 0.53984375 0.3645833333333333 0.0109375 0.025
5 0.5484375 0.36041666666666666 0.009375 0.025
1 0.5421875 0.36666666666666664 0.01875 0.03333333333333333
3 0.5625 0.31875 0.034375 0.0625
1 0.5359375 0.2552083333333333 0.0125 0.01875
1 0.534375 0.21979166666666666 0.021875 0.027083333333333334
3 0.521875 0.14270833333333333 0.01875 0.04791666666666667
1 0.51171875 0.11354166666666667 0.0140625 0.014583333333333334
1 0.5234375 0.08645833333333333 0.0125 0.01875
1 0.52265625 0.07916666666666666 0.0140625 0.020833333333333332
1 0.52421875 0.05625 0.0109375 0.0125
1 0.3796875 0.25104166666666666 0.01875 0.022916666666666665
1 0.35625 0.24791666666666667 0.015625 0.029166666666666667
1 0.375 0.225 0.015625 0.025
1 0.35390625 0.22291666666666668 0.0171875 0.020833333333333332
1 0.33671875 0.221875 0.0140625 0.022916666666666665
1 0.31796875 0.22604166666666667 0.0140625 0.01875
1 0.31875 0.25729166666666664 0.015625 0.03125
1 0.29921875 0.23020833333333332 0.0203125 0.022916666666666665
1 0.2796875 0.225 0.015625 0.016666666666666666
1 0.38515625 0.184375 0.0171875 0.01875
1 0.36796875 0.18854166666666666 0.0140625 0.01875
1 0.3328125 0.18541666666666667 0.015625 0.020833333333333332
1 0.31484375 0.190625 0.0171875 0.027083333333333334
1 0.3015625 0.16770833333333332 0.01875 0.027083333333333334
1 0.4875 0.06979166666666667 0.01875 0.014583333333333334
1 0.57890625 0.296875 0.0140625 0.027083333333333334
1 0.559375 0.26458333333333334 0.021875 0.03333333333333333
1 0.54921875 0.19895833333333332 0.0140625 0.014583333333333334
1 0.53828125 0.16666666666666666 0.0140625 0.025
