
1 0.37578125 0.975 0.0609375 0.05
1 0.4453125 0.925 0.053125 0.041666666666666664
1 0.234375 0.990625 0.05 0.01875
1 0.31328125 0.9572916666666667 0.0640625 0.052083333333333336
1 0.39921875 0.9104166666666667 0.0546875 0.05
1 0.1625 0.9854166666666667 0.065625 0.029166666666666667
1 0.2515625 0.94375 0.059375 0.04583333333333333
1 0.32734375 0.8979166666666667 0.0484375 0.041666666666666664
1 0.4 0.8583333333333333 0.05625 0.041666666666666664
1 0.1140625 0.975 0.06875 0.05
1 0.19453125 0.9270833333333334 0.0609375 0.05
1 0.2828125 0.8822916666666667 0.071875 0.052083333333333336
1 0.36171875 0.8385416666666666 0.0484375 0.03958333333333333

1 0.06171875 0.8010416666666667 0.0609375 0.04791666666666667

1 0.31796875 0.665625 0.0203125 0.027083333333333334
1 0.309375 0.6677083333333333 0.05625 0.04375
1 0.315625 0.678125 0.06875 0.06041666666666667
1 0.55546875 0.7166666666666667 0.0421875 0.03333333333333333
1 0.5515625 0.7145833333333333 0.046875 0.03333333333333333
1 0.54765625 0.7145833333333333 0.0421875 0.03333333333333333
1 0.5375 0.7145833333333333 0.021875 0.029166666666666667
1 0.25234375 0.703125 0.0328125 0.06875
1 0.63203125 0.21041666666666667 0.0109375 0.0125

5 0.41484375 0.584375 0.0140625 0.027083333333333334
4 0.35 0.559375 0.00625 0.01875
4 0.36328125 0.5625 0.0078125 0.020833333333333332
5 0.4203125 0.58125 0.009375 0.020833333333333332
5 0.4359375 0.5802083333333333 0.009375 0.01875
4 0.3859375 0.5625 0.01875 0.020833333333333332
4 0.365625 0.5104166666666666 0.009375 0.025
4 0.3671875 0.503125 0.0125 0.014583333333333334
5 0.52421875 0.42083333333333334 0.0109375 0.029166666666666667
1 0.57890625 0.4427083333333333 0.0203125 0.03125
5 0.534375 0.41354166666666664 0.00625 0.022916666666666665
5 0.57265625 0.4322916666666667 0.0078125 0.014583333333333334
5 0.56015625 0.465625 0.0109375 0.01875
5 0.6609375 0.7291666666666666 0.009375 0.020833333333333332
5 0.615625 0.4239583333333333 0.009375 0.022916666666666665
5 0.67578125 0.675 0.0109375 0.025
5 0.6390625 0.44479166666666664 0.009375 0.01875
5 0.6390625 0.44583333333333336 0.009375 0.020833333333333332
5 0.68203125 0.40520833333333334 0.0140625 0.014583333333333334
5 0.6828125 0.4125 0.01875 0.025
5 0.65390625 0.365625 0.0109375 0.010416666666666666
5 0.6140625 0.421875 0.00625 0.014583333333333334
5 0.546875 0.371875 0.00625 0.01875
5 0.540625 0.365625 0.0125 0.027083333333333334
5 0.5484375 0.3625 0.009375 0.025
1 0.5421875 0.36666666666666664 0.01875 0.03333333333333333
3 0.5625 0.31875 0.034375 0.0625
1 0.5359375 0.2552083333333333 0.0125 0.01875
1 0.534375 0.22083333333333333 0.021875 0.025
3 0.521875 0.14270833333333333 0.01875 0.04791666666666667
1 0.51171875 0.11354166666666667 0.0140625 0.014583333333333334
1 0.52421875 0.08541666666666667 0.0109375 0.016666666666666666
1 0.521875 0.07916666666666666 0.015625 0.025
1 0.52421875 0.05625 0.0109375 0.0125
1 0.3796875 0.24895833333333334 0.015625 0.01875
1 0.359375 0.24583333333333332 0.015625 0.025
1 0.375 0.225 0.015625 0.025
1 0.35390625 0.221875 0.0171875 0.01875
1 0.33671875 0.221875 0.0140625 0.022916666666666665
1 0.31796875 0.22604166666666667 0.0140625 0.01875
1 0.31875 0.25729166666666664 0.015625 0.03125
1 0.29921875 0.23020833333333332 0.0203125 0.022916666666666665
1 0.27890625 0.225 0.0140625 0.016666666666666666
1 0.38515625 0.184375 0.0171875 0.01875
1 0.36796875 0.18854166666666666 0.0140625 0.01875
1 0.3328125 0.18541666666666667 0.015625 0.020833333333333332
1 0.31484375 0.18958333333333333 0.0171875 0.029166666666666667
1 0.3015625 0.16770833333333332 0.01875 0.027083333333333334
1 0.48828125 0.06979166666666667 0.0203125 0.014583333333333334
1 0.57890625 0.296875 0.0140625 0.027083333333333334
1 0.56015625 0.265625 0.0203125 0.03125
1 0.55078125 0.203125 0.0140625 0.01875
1 0.53828125 0.16666666666666666 0.0140625 0.025
