
1 0.37578125 0.975 0.0609375 0.05
1 0.4453125 0.925 0.053125 0.041666666666666664
1 0.23359375 0.990625 0.0515625 0.01875
1 0.3125 0.9572916666666667 0.0625 0.052083333333333336
1 0.39921875 0.9104166666666667 0.0546875 0.05
1 0.1625 0.9854166666666667 0.065625 0.029166666666666667
1 0.25078125 0.94375 0.0609375 0.04583333333333333
1 0.32734375 0.8979166666666667 0.0484375 0.041666666666666664
1 0.4 0.8583333333333333 0.05625 0.041666666666666664
1 0.11171875 0.9760416666666667 0.0671875 0.04791666666666667
1 0.19375 0.9270833333333334 0.0625 0.05
1 0.2828125 0.8822916666666667 0.071875 0.052083333333333336
1 0.3609375 0.8385416666666666 0.046875 0.03958333333333333

1 0.04296875 0.8104166666666667 0.0546875 0.04583333333333333

1 0.4125 0.7125 0.05625 0.029166666666666667
1 0.3015625 0.671875 0.053125 0.03958333333333333
1 0.3046875 0.68125 0.059375 0.058333333333333334
1 0.5515625 0.715625 0.0375 0.035416666666666666
1 0.546875 0.7125 0.046875 0.03333333333333333
1 0.54609375 0.7125 0.0453125 0.03333333333333333
1 0.53984375 0.7125 0.0296875 0.025

1 0.63046875 0.20833333333333334 0.0140625 0.020833333333333332

5 0.4171875 0.5833333333333334 0.015625 0.020833333333333332
4 0.35078125 0.559375 0.0078125 0.01875
4 0.36640625 0.55625 0.0109375 0.029166666666666667
5 0.4203125 0.584375 0.009375 0.01875
5 0.4375 0.5822916666666667 0.009375 0.01875
4 0.3859375 0.5666666666666667 0.01875 0.020833333333333332
4 0.365625 0.5104166666666666 0.009375 0.025
4 0.3671875 0.503125 0.0125 0.014583333333333334
5 0.5265625 0.41875 0.009375 0.029166666666666667
1 0.5796875 0.44583333333333336 0.021875 0.03333333333333333
5 0.534375 0.415625 0.00625 0.01875
5 0.5734375 0.4354166666666667 0.00625 0.016666666666666666
5 0.5609375 0.46875 0.0125 0.020833333333333332
5 0.6625 0.7385416666666667 0.009375 0.01875
5 0.61484375 0.425 0.0078125 0.025
5 0.67734375 0.6822916666666666 0.0109375 0.01875
5 0.6390625 0.4479166666666667 0.009375 0.020833333333333332
5 0.63828125 0.45 0.0109375 0.020833333333333332
5 0.684375 0.40729166666666666 0.0125 0.014583333333333334
5 0.68671875 0.415625 0.0203125 0.027083333333333334
5 0.653125 0.3697916666666667 0.009375 0.014583333333333334
5 0.6125 0.42291666666666666 0.00625 0.016666666666666666
5 0.546875 0.371875 0.00625 0.01875
5 0.53984375 0.36666666666666664 0.0109375 0.025
5 0.54765625 0.36354166666666665 0.0078125 0.022916666666666665
1 0.5421875 0.36875 0.01875 0.03333333333333333
3 0.56328125 0.3229166666666667 0.0328125 0.0625
1 0.5359375 0.25625 0.0125 0.016666666666666666
1 0.53359375 0.221875 0.0203125 0.027083333333333334
3 0.521875 0.14270833333333333 0.01875 0.04791666666666667
1 0.51171875 0.11354166666666667 0.0140625 0.014583333333333334
1 0.52421875 0.08958333333333333 0.0140625 0.020833333333333332
1 0.521875 0.08125 0.015625 0.025
1 0.525 0.05625 0.0125 0.0125
1 0.3796875 0.24895833333333334 0.015625 0.01875
1 0.3578125 0.24583333333333332 0.015625 0.025
1 0.37421875 0.225 0.0171875 0.025
1 0.353125 0.22291666666666668 0.015625 0.020833333333333332
1 0.33671875 0.221875 0.0140625 0.022916666666666665
1 0.31796875 0.22604166666666667 0.0140625 0.01875
1 0.31875 0.25729166666666664 0.015625 0.03125
1 0.29921875 0.23020833333333332 0.0203125 0.022916666666666665
1 0.27890625 0.225 0.0140625 0.016666666666666666
1 0.384375 0.184375 0.015625 0.01875
1 0.3671875 0.18854166666666666 0.015625 0.01875
1 0.3328125 0.18645833333333334 0.015625 0.022916666666666665
1 0.31484375 0.190625 0.0171875 0.027083333333333334
1 0.30234375 0.16875 0.0203125 0.029166666666666667
1 0.4890625 0.06979166666666667 0.01875 0.014583333333333334
1 0.5796875 0.29791666666666666 0.0125 0.029166666666666667
1 0.56015625 0.265625 0.0203125 0.03125
1 0.55078125 0.20520833333333333 0.0140625 0.01875
1 0.53828125 0.16666666666666666 0.0140625 0.025
