
1 0.38125 0.975 0.059375 0.05
1 0.4515625 0.925 0.053125 0.041666666666666664
1 0.2421875 0.9916666666666667 0.04375 0.016666666666666666
1 0.31953125 0.9572916666666667 0.0640625 0.052083333333333336
1 0.40546875 0.9104166666666667 0.0546875 0.05
1 0.16875 0.9854166666666667 0.065625 0.029166666666666667
1 0.2578125 0.9447916666666667 0.0625 0.04791666666666667
1 0.33359375 0.8989583333333333 0.0484375 0.03958333333333333
1 0.40546875 0.859375 0.0546875 0.04375
1 0.1203125 0.9760416666666667 0.065625 0.04791666666666667
1 0.2 0.928125 0.0625 0.04791666666666667
1 0.28984375 0.8822916666666667 0.0703125 0.052083333333333336
1 0.36796875 0.8395833333333333 0.0546875 0.04583333333333333
1 0.12421875 0.8645833333333334 0.0640625 0.05416666666666667
1 0.02890625 0.8177083333333334 0.0578125 0.052083333333333336
1 0.18515625 0.7791666666666667 0.0578125 0.05
1 0.3609375 0.7614583333333333 0.05625 0.04791666666666667
1 0.36640625 0.6697916666666667 0.0546875 0.03958333333333333
1 0.47109375 0.6822916666666666 0.0515625 0.035416666666666666
1 0.50078125 0.7416666666666667 0.0546875 0.0375
1 0.58515625 0.7010416666666667 0.0546875 0.035416666666666666
1 0.6625 0.7020833333333333 0.05 0.04583333333333333
1 0.69765625 0.8145833333333333 0.0515625 0.05416666666666667
1 0.76875 0.7385416666666667 0.059375 0.06041666666666667
1 0.85390625 0.8135416666666667 0.0390625 0.06041666666666667

5 0.29765625 0.603125 0.0234375 0.022916666666666665
4 0.34921875 0.5583333333333333 0.0078125 0.020833333333333332
4 0.36953125 0.55 0.0078125 0.016666666666666666
5 0.40703125 0.54375 0.0109375 0.025
5 0.4203125 0.540625 0.009375 0.027083333333333334
4 0.396875 0.5291666666666667 0.009375 0.016666666666666666
4 0.365625 0.5104166666666666 0.009375 0.025
4 0.37421875 0.49895833333333334 0.0109375 0.014583333333333334
5 0.52109375 0.4166666666666667 0.0078125 0.025
1 0.5734375 0.39791666666666664 0.021875 0.03333333333333333
5 0.534375 0.4166666666666667 0.00625 0.016666666666666666
5 0.5546875 0.4114583333333333 0.009375 0.01875
5 0.55390625 0.43125 0.0109375 0.020833333333333332
5 0.5703125 0.43333333333333335 0.0125 0.020833333333333332
5 0.590625 0.3927083333333333 0.015625 0.01875
5 0.615625 0.403125 0.0125 0.01875
5 0.6125 0.3854166666666667 0.009375 0.0125
5 0.64296875 0.371875 0.0078125 0.01875
5 0.61875 0.365625 0.009375 0.01875
5 0.6171875 0.34375 0.0125 0.016666666666666666
5 0.60234375 0.36875 0.0109375 0.0125
5 0.56875 0.359375 0.009375 0.014583333333333334
5 0.55234375 0.3697916666666667 0.0046875 0.014583333333333334
5 0.53125 0.35625 0.00625 0.016666666666666666
5 0.53828125 0.35625 0.0046875 0.016666666666666666
1 0.52890625 0.309375 0.0234375 0.03125
3 0.54453125 0.25729166666666664 0.0265625 0.06458333333333334
1 0.5296875 0.21770833333333334 0.0125 0.01875
1 0.52890625 0.18854166666666666 0.0171875 0.027083333333333334
3 0.52421875 0.14270833333333333 0.0203125 0.04791666666666667
1 0.51640625 0.11458333333333333 0.0109375 0.016666666666666666
1 0.51171875 0.08958333333333333 0.0140625 0.029166666666666667
1 0.50546875 0.057291666666666664 0.0078125 0.010416666666666666
1 0.4921875 0.023958333333333335 0.0125 0.01875
1 0.38046875 0.24895833333333334 0.0171875 0.01875
1 0.359375 0.24791666666666667 0.015625 0.025
1 0.3796875 0.22291666666666668 0.015625 0.020833333333333332
1 0.36171875 0.22395833333333334 0.0171875 0.022916666666666665
1 0.340625 0.22291666666666668 0.015625 0.025
1 0.32265625 0.22604166666666667 0.0140625 0.01875
1 0.32265625 0.25729166666666664 0.0171875 0.03125
1 0.30078125 0.23020833333333332 0.0203125 0.022916666666666665
1 0.28359375 0.225 0.0140625 0.016666666666666666
1 0.38828125 0.184375 0.0171875 0.01875
1 0.3734375 0.1875 0.015625 0.020833333333333332
1 0.33359375 0.18541666666666667 0.0140625 0.020833333333333332
1 0.315625 0.18958333333333333 0.015625 0.029166666666666667
1 0.30390625 0.16770833333333332 0.0171875 0.027083333333333334
1 0.490625 0.07708333333333334 0.01875 0.025
1 0.5640625 0.2552083333333333 0.015625 0.027083333333333334
1 0.55703125 0.22083333333333333 0.0171875 0.029166666666666667
1 0.5515625 0.190625 0.0125 0.022916666666666665
1 0.54296875 0.16145833333333334 0.0171875 0.022916666666666665
