
1 0.37578125 0.975 0.0609375 0.05
1 0.4453125 0.925 0.053125 0.041666666666666664
1 0.2328125 0.990625 0.05 0.01875
1 0.3125 0.9572916666666667 0.0625 0.052083333333333336
1 0.39921875 0.9104166666666667 0.0546875 0.05
1 0.1625 0.9854166666666667 0.065625 0.029166666666666667
1 0.25078125 0.94375 0.0609375 0.04583333333333333
1 0.32734375 0.8989583333333333 0.0484375 0.03958333333333333
1 0.40078125 0.8583333333333333 0.0546875 0.041666666666666664
1 0.1140625 0.975 0.06875 0.05
1 0.19375 0.9270833333333334 0.0625 0.05
1 0.28203125 0.8822916666666667 0.0703125 0.052083333333333336
1 0.3609375 0.8364583333333333 0.05625 0.04375

1 0.04140625 0.8145833333333333 0.0546875 0.041666666666666664

1 0.409375 0.7145833333333333 0.059375 0.0375
1 0.2953125 0.675 0.053125 0.041666666666666664
1 0.29609375 0.6822916666666666 0.0578125 0.05625
1 0.54375 0.7197916666666667 0.046875 0.03958333333333333
1 0.54453125 0.7125 0.0484375 0.03333333333333333
1 0.5359375 0.7125 0.0375 0.03333333333333333
1 0.53671875 0.7104166666666667 0.0328125 0.025

1 0.62890625 0.20833333333333334 0.0140625 0.025

5 0.41796875 0.584375 0.0140625 0.022916666666666665
4 0.3515625 0.559375 0.00625 0.01875
4 0.365625 0.55625 0.009375 0.029166666666666667
5 0.4203125 0.5854166666666667 0.009375 0.020833333333333332
5 0.43671875 0.5854166666666667 0.0109375 0.020833333333333332
4 0.3875 0.5666666666666667 0.01875 0.020833333333333332
4 0.3640625 0.5104166666666666 0.009375 0.025
4 0.3671875 0.503125 0.0125 0.014583333333333334
5 0.52421875 0.4239583333333333 0.0109375 0.03125
1 0.58125 0.446875 0.021875 0.035416666666666666
5 0.53515625 0.4166666666666667 0.0046875 0.020833333333333332
5 0.5734375 0.44166666666666665 0.009375 0.020833333333333332
5 0.5609375 0.4708333333333333 0.0125 0.020833333333333332
5 0.6640625 0.7447916666666666 0.009375 0.01875
5 0.6140625 0.4239583333333333 0.009375 0.027083333333333334
5 0.678125 0.6895833333333333 0.009375 0.025
5 0.6390625 0.4510416666666667 0.009375 0.01875
5 0.63828125 0.45208333333333334 0.0109375 0.020833333333333332
5 0.6859375 0.409375 0.009375 0.014583333333333334
5 0.68984375 0.41770833333333335 0.0171875 0.027083333333333334
5 0.653125 0.36875 0.009375 0.0125
5 0.61171875 0.42083333333333334 0.0078125 0.016666666666666666
5 0.546875 0.37395833333333334 0.00625 0.01875
5 0.53984375 0.36666666666666664 0.0109375 0.025
5 0.54765625 0.365625 0.0078125 0.022916666666666665
1 0.5421875 0.3697916666666667 0.01875 0.035416666666666666
3 0.5640625 0.325 0.034375 0.0625
1 0.5359375 0.25625 0.0125 0.016666666666666666
1 0.5328125 0.24270833333333333 0.01875 0.052083333333333336
3 0.521875 0.14270833333333333 0.01875 0.04791666666666667
1 0.51171875 0.11354166666666667 0.0140625 0.014583333333333334
1 0.52421875 0.090625 0.0140625 0.022916666666666665
1 0.51953125 0.07604166666666666 0.0203125 0.027083333333333334
1 0.525 0.05625 0.0125 0.0125
1 0.3796875 0.24895833333333334 0.015625 0.01875
1 0.3578125 0.24479166666666666 0.015625 0.027083333333333334
1 0.37421875 0.225 0.0171875 0.025
1 0.353125 0.22291666666666668 0.015625 0.020833333333333332
1 0.33515625 0.22291666666666668 0.0140625 0.025
1 0.31796875 0.22604166666666667 0.0140625 0.01875
1 0.3203125 0.25416666666666665 0.015625 0.029166666666666667
1 0.29921875 0.23020833333333332 0.0203125 0.022916666666666665
1 0.2796875 0.225 0.015625 0.016666666666666666
1 0.384375 0.184375 0.015625 0.01875
1 0.3671875 0.18854166666666666 0.015625 0.01875
1 0.3328125 0.18645833333333334 0.015625 0.022916666666666665
1 0.3140625 0.18958333333333333 0.015625 0.029166666666666667
1 0.30234375 0.16979166666666667 0.0203125 0.027083333333333334
1 0.4890625 0.06979166666666667 0.01875 0.014583333333333334
1 0.5796875 0.2989583333333333 0.015625 0.027083333333333334
1 0.5609375 0.26666666666666666 0.021875 0.029166666666666667
1 0.55078125 0.203125 0.0140625 0.014583333333333334
1 0.53828125 0.16666666666666666 0.0140625 0.025
