
1 0.37578125 0.975 0.0609375 0.05
1 0.4453125 0.925 0.053125 0.041666666666666664
1 0.2328125 0.990625 0.05 0.01875
1 0.3125 0.9572916666666667 0.0625 0.052083333333333336
1 0.39921875 0.9104166666666667 0.0546875 0.05
1 0.16171875 0.9854166666666667 0.0671875 0.029166666666666667
1 0.25078125 0.94375 0.0609375 0.04583333333333333
1 0.32734375 0.8979166666666667 0.0484375 0.041666666666666664
1 0.39921875 0.8583333333333333 0.0546875 0.041666666666666664
1 0.11328125 0.975 0.0703125 0.05
1 0.19375 0.9270833333333334 0.0625 0.05
1 0.28203125 0.8822916666666667 0.0703125 0.052083333333333336
1 0.3609375 0.8375 0.05625 0.041666666666666664

1 0.034375 0.83125 0.0375 0.04583333333333333

1 0.40390625 0.715625 0.0578125 0.035416666666666666
1 0.2859375 0.6770833333333334 0.053125 0.0375
1 0.28828125 0.690625 0.0546875 0.06458333333333334
1 0.53828125 0.7208333333333333 0.0453125 0.041666666666666664
1 0.5375 0.7114583333333333 0.046875 0.035416666666666666
1 0.534375 0.7104166666666667 0.040625 0.03333333333333333
1 0.52578125 0.7104166666666667 0.0265625 0.029166666666666667
1 0.821875 0.7677083333333333 0.003125 0.0020833333333333333
1 0.628125 0.19895833333333332 0.015625 0.022916666666666665

5 0.41875 0.5885416666666666 0.015625 0.022916666666666665
4 0.35 0.5625 0.009375 0.020833333333333332
4 0.365625 0.5583333333333333 0.009375 0.029166666666666667
5 0.42109375 0.5875 0.0109375 0.020833333333333332
5 0.4390625 0.5885416666666666 0.009375 0.022916666666666665
4 0.38671875 0.56875 0.0140625 0.016666666666666666
4 0.3640625 0.5083333333333333 0.009375 0.025
4 0.3671875 0.503125 0.0125 0.014583333333333334
5 0.53046875 0.421875 0.0140625 0.03125
1 0.58125 0.45 0.021875 0.03333333333333333
5 0.5359375 0.41875 0.00625 0.020833333333333332
5 0.575 0.440625 0.009375 0.01875
5 0.5640625 0.471875 0.009375 0.01875
5 0.66640625 0.7541666666666667 0.0078125 0.020833333333333332
5 0.615625 0.42916666666666664 0.009375 0.025
5 0.6796875 0.696875 0.009375 0.014583333333333334
5 0.6390625 0.453125 0.009375 0.01875
5 0.63828125 0.4552083333333333 0.0109375 0.01875
5 0.69140625 0.41354166666666664 0.0109375 0.014583333333333334
5 0.69375 0.4197916666666667 0.01875 0.027083333333333334
5 0.653125 0.3697916666666667 0.009375 0.014583333333333334
5 0.6109375 0.4239583333333333 0.009375 0.014583333333333334
5 0.546875 0.375 0.00625 0.016666666666666666
5 0.53828125 0.36770833333333336 0.0109375 0.022916666666666665
5 0.54765625 0.36666666666666664 0.0078125 0.020833333333333332
1 0.5421875 0.371875 0.01875 0.035416666666666666
3 0.5640625 0.3260416666666667 0.034375 0.06458333333333334
1 0.5359375 0.25833333333333336 0.0125 0.016666666666666666
1 0.53359375 0.24791666666666667 0.0171875 0.05416666666666667
3 0.521875 0.14270833333333333 0.01875 0.04791666666666667
1 0.51171875 0.11458333333333333 0.0140625 0.016666666666666666
1 0.52421875 0.09166666666666666 0.0140625 0.025
1 0.51953125 0.07916666666666666 0.0203125 0.029166666666666667
1 0.525 0.057291666666666664 0.0125 0.010416666666666666
1 0.3796875 0.24895833333333334 0.015625 0.01875
1 0.35546875 0.24895833333333334 0.0171875 0.03125
1 0.37421875 0.225 0.0171875 0.025
1 0.353125 0.221875 0.015625 0.01875
1 0.33515625 0.22291666666666668 0.0140625 0.025
1 0.31796875 0.22604166666666667 0.0140625 0.01875
1 0.31875 0.25833333333333336 0.015625 0.03333333333333333
1 0.2984375 0.23020833333333332 0.021875 0.022916666666666665
1 0.27890625 0.225 0.0140625 0.016666666666666666
1 0.384375 0.184375 0.015625 0.01875
1 0.3671875 0.18854166666666666 0.015625 0.01875
1 0.33203125 0.18645833333333334 0.0140625 0.022916666666666665
1 0.3140625 0.18958333333333333 0.015625 0.029166666666666667
1 0.3015625 0.16770833333333332 0.01875 0.027083333333333334
1 0.48984375 0.06979166666666667 0.0171875 0.014583333333333334
1 0.58046875 0.30104166666666665 0.0140625 0.027083333333333334
1 0.5625 0.26875 0.021875 0.03333333333333333
1 0.55 0.20208333333333334 0.0125 0.016666666666666666
1 0.5390625 0.16875 0.0125 0.025
