
1 0.37578125 0.975 0.0609375 0.05
1 0.4453125 0.925 0.053125 0.041666666666666664
1 0.2328125 0.990625 0.05 0.01875
1 0.3125 0.9572916666666667 0.0625 0.052083333333333336
1 0.39921875 0.9104166666666667 0.0546875 0.05
1 0.16171875 0.9854166666666667 0.0671875 0.029166666666666667
1 0.25078125 0.94375 0.0609375 0.04583333333333333
1 0.32734375 0.8979166666666667 0.0484375 0.041666666666666664
1 0.39921875 0.8583333333333333 0.0546875 0.041666666666666664
1 0.1125 0.975 0.06875 0.05
1 0.19375 0.9270833333333334 0.0625 0.05
1 0.28203125 0.8822916666666667 0.0703125 0.052083333333333336
1 0.3609375 0.8385416666666666 0.05625 0.04375

1 0.0109375 0.846875 0.021875 0.04791666666666667

1 0.39296875 0.7177083333333333 0.0578125 0.035416666666666666
1 0.26953125 0.6854166666666667 0.0515625 0.041666666666666664
1 0.2734375 0.6989583333333333 0.059375 0.06875
1 0.534375 0.7135416666666666 0.0375 0.035416666666666666
1 0.52890625 0.7114583333333333 0.0484375 0.035416666666666666
1 0.53046875 0.7114583333333333 0.0484375 0.035416666666666666
1 0.52734375 0.7072916666666667 0.0234375 0.022916666666666665
1 0.8125 0.7729166666666667 0.0375 0.020833333333333332
1 0.62265625 0.19270833333333334 0.0171875 0.022916666666666665

5 0.42109375 0.5916666666666667 0.0140625 0.025
4 0.353125 0.5614583333333333 0.009375 0.01875
4 0.36640625 0.5635416666666667 0.0078125 0.022916666666666665
5 0.42265625 0.5916666666666667 0.0078125 0.020833333333333332
5 0.44140625 0.59375 0.0109375 0.020833333333333332
4 0.38828125 0.56875 0.0171875 0.016666666666666666
4 0.365625 0.5083333333333333 0.009375 0.025
4 0.3671875 0.503125 0.0125 0.014583333333333334
5 0.52421875 0.43020833333333336 0.0109375 0.03125
1 0.5828125 0.45625 0.021875 0.03333333333333333
5 0.5375 0.421875 0.00625 0.022916666666666665
5 0.5765625 0.446875 0.009375 0.01875
5 0.5640625 0.4791666666666667 0.009375 0.020833333333333332
5 0.66953125 0.7739583333333333 0.0109375 0.022916666666666665
5 0.61640625 0.43854166666666666 0.0078125 0.022916666666666665
5 0.68515625 0.7135416666666666 0.0109375 0.014583333333333334
5 0.6390625 0.459375 0.009375 0.01875
5 0.6390625 0.459375 0.009375 0.01875
5 0.70078125 0.41770833333333335 0.0109375 0.014583333333333334
5 0.7 0.4239583333333333 0.021875 0.022916666666666665
5 0.65625 0.375 0.0125 0.020833333333333332
5 0.61328125 0.4322916666666667 0.0078125 0.010416666666666666
5 0.546875 0.375 0.00625 0.016666666666666666
5 0.53828125 0.36875 0.0109375 0.020833333333333332
5 0.54609375 0.36770833333333336 0.0078125 0.01875
1 0.540625 0.3770833333333333 0.01875 0.03333333333333333
3 0.5640625 0.3302083333333333 0.034375 0.06458333333333334
1 0.5359375 0.2604166666666667 0.0125 0.016666666666666666
1 0.53359375 0.265625 0.0203125 0.03125
3 0.521875 0.14479166666666668 0.021875 0.052083333333333336
1 0.51171875 0.11354166666666667 0.0140625 0.014583333333333334
1 0.52578125 0.08958333333333333 0.0140625 0.020833333333333332
1 0.521875 0.08333333333333333 0.01875 0.03333333333333333
1 0.525 0.057291666666666664 0.0125 0.010416666666666666
1 0.3796875 0.25104166666666666 0.01875 0.022916666666666665
1 0.35546875 0.24895833333333334 0.0171875 0.03125
1 0.37421875 0.22604166666666667 0.0171875 0.022916666666666665
1 0.353125 0.22291666666666668 0.015625 0.020833333333333332
1 0.33671875 0.221875 0.0140625 0.022916666666666665
1 0.31796875 0.22604166666666667 0.0140625 0.01875
1 0.3203125 0.25416666666666665 0.015625 0.029166666666666667
1 0.2984375 0.23020833333333332 0.021875 0.022916666666666665
1 0.278125 0.225 0.015625 0.016666666666666666
1 0.384375 0.184375 0.015625 0.01875
1 0.3671875 0.18854166666666666 0.015625 0.01875
1 0.33203125 0.18645833333333334 0.0140625 0.022916666666666665
1 0.3140625 0.190625 0.015625 0.027083333333333334
1 0.3015625 0.16770833333333332 0.01875 0.027083333333333334
1 0.48984375 0.07083333333333333 0.0171875 0.0125
1 0.58203125 0.303125 0.0140625 0.027083333333333334
1 0.5625 0.26875 0.01875 0.029166666666666667
1 0.5515625 0.21458333333333332 0.015625 0.025
1 0.53984375 0.17083333333333334 0.0140625 0.025
