
1 0.375 0.975 0.059375 0.05
1 0.4453125 0.925 0.053125 0.041666666666666664
1 0.2328125 0.990625 0.05 0.01875
1 0.3125 0.9572916666666667 0.0625 0.052083333333333336
1 0.39921875 0.9104166666666667 0.0546875 0.05
1 0.16171875 0.9854166666666667 0.0671875 0.029166666666666667
1 0.25078125 0.94375 0.0609375 0.04583333333333333
1 0.32734375 0.8989583333333333 0.0484375 0.03958333333333333
1 0.39921875 0.8583333333333333 0.0546875 0.041666666666666664
1 0.1125 0.975 0.06875 0.05
1 0.19375 0.9270833333333334 0.0625 0.05
1 0.28203125 0.8822916666666667 0.0703125 0.052083333333333336
1 0.36171875 0.8385416666666666 0.0578125 0.04375

1 0.1984375 0.928125 0.053125 0.04791666666666667

1 0.38359375 0.7208333333333333 0.0578125 0.041666666666666664
1 0.25703125 0.6927083333333334 0.0515625 0.03958333333333333
1 0.26015625 0.7052083333333333 0.0546875 0.07291666666666667
1 0.5203125 0.7145833333333333 0.0375 0.03333333333333333
1 0.5203125 0.7104166666666667 0.05 0.0375
1 0.521875 0.7125 0.05 0.041666666666666664
1 0.52578125 0.7052083333333333 0.0265625 0.027083333333333334
1 0.821875 0.7802083333333333 0.05625 0.035416666666666666
1 0.61953125 0.18854166666666666 0.0171875 0.022916666666666665

5 0.42265625 0.590625 0.0140625 0.027083333333333334
4 0.3546875 0.5604166666666667 0.009375 0.020833333333333332
4 0.365625 0.56875 0.009375 0.020833333333333332
5 0.42109375 0.5895833333333333 0.0109375 0.025
5 0.44375 0.5989583333333334 0.009375 0.022916666666666665
4 0.38828125 0.56875 0.0171875 0.016666666666666666
4 0.365625 0.5104166666666666 0.009375 0.025
4 0.3671875 0.503125 0.0125 0.014583333333333334
5 0.52578125 0.4375 0.0109375 0.029166666666666667
1 0.584375 0.46041666666666664 0.021875 0.03333333333333333
5 0.5375 0.42604166666666665 0.00625 0.022916666666666665
5 0.5765625 0.45625 0.009375 0.020833333333333332
5 0.56484375 0.48541666666666666 0.0109375 0.025
5 0.67578125 0.7864583333333334 0.0078125 0.01875
5 0.61640625 0.4395833333333333 0.0078125 0.025
5 0.68984375 0.7302083333333333 0.0109375 0.014583333333333334
5 0.6390625 0.46458333333333335 0.009375 0.016666666666666666
5 0.63828125 0.4666666666666667 0.0109375 0.020833333333333332
5 0.7078125 0.421875 0.0125 0.014583333333333334
5 0.70546875 0.42916666666666664 0.0234375 0.029166666666666667
5 0.65546875 0.38125 0.0140625 0.016666666666666666
5 0.6140625 0.4427083333333333 0.009375 0.01875
5 0.546875 0.37604166666666666 0.00625 0.014583333333333334
5 0.5375 0.37083333333333335 0.009375 0.016666666666666666
5 0.54609375 0.3697916666666667 0.0078125 0.014583333333333334
1 0.540625 0.38125 0.01875 0.03333333333333333
3 0.56640625 0.33229166666666665 0.0359375 0.06458333333333334
1 0.5359375 0.2625 0.0125 0.016666666666666666
1 0.53203125 0.26979166666666665 0.0234375 0.03125
3 0.521875 0.14583333333333334 0.021875 0.05416666666666667
1 0.51171875 0.11354166666666667 0.0140625 0.014583333333333334
1 0.5265625 0.090625 0.0125 0.022916666666666665
1 0.521875 0.084375 0.01875 0.035416666666666666
1 0.525 0.057291666666666664 0.0125 0.010416666666666666
1 0.3796875 0.24895833333333334 0.015625 0.01875
1 0.35546875 0.25 0.0171875 0.029166666666666667
1 0.37421875 0.225 0.0171875 0.025
1 0.353125 0.221875 0.015625 0.01875
1 0.3359375 0.221875 0.0125 0.022916666666666665
1 0.31796875 0.22604166666666667 0.0140625 0.01875
1 0.3203125 0.25416666666666665 0.015625 0.029166666666666667
1 0.2984375 0.23020833333333332 0.021875 0.022916666666666665
1 0.27890625 0.225 0.0140625 0.016666666666666666
1 0.384375 0.184375 0.015625 0.01875
1 0.3671875 0.18958333333333333 0.015625 0.020833333333333332
1 0.33203125 0.18645833333333334 0.0140625 0.022916666666666665
1 0.31328125 0.18958333333333333 0.0171875 0.029166666666666667
1 0.3 0.16979166666666667 0.021875 0.027083333333333334
1 0.48984375 0.07083333333333333 0.0171875 0.0125
1 0.58359375 0.30520833333333336 0.0140625 0.027083333333333334
1 0.56328125 0.27291666666666664 0.0234375 0.03333333333333333
1 0.55234375 0.21354166666666666 0.0171875 0.01875
1 0.53984375 0.17291666666666666 0.0140625 0.025
