
1 0.37421875 0.975 0.0609375 0.05
1 0.4453125 0.925 0.053125 0.041666666666666664
1 0.2328125 0.990625 0.05 0.01875
1 0.31171875 0.9572916666666667 0.0609375 0.052083333333333336
1 0.3984375 0.9104166666666667 0.05625 0.05
1 0.16171875 0.9854166666666667 0.0671875 0.029166666666666667
1 0.25078125 0.94375 0.0609375 0.04583333333333333
1 0.32734375 0.8979166666666667 0.0484375 0.041666666666666664
1 0.39921875 0.8583333333333333 0.0546875 0.041666666666666664
1 0.1125 0.975 0.06875 0.05
1 0.19375 0.9270833333333334 0.0625 0.05
1 0.28203125 0.8822916666666667 0.0703125 0.052083333333333336
1 0.36171875 0.8385416666666666 0.0578125 0.04375

1 0.19765625 0.928125 0.0546875 0.04791666666666667

1 0.378125 0.7239583333333334 0.059375 0.03958333333333333
1 0.24921875 0.696875 0.0484375 0.04791666666666667
1 0.25234375 0.709375 0.0578125 0.07291666666666667
1 0.51953125 0.7135416666666666 0.0453125 0.03958333333333333
1 0.51796875 0.709375 0.0484375 0.035416666666666666
1 0.51953125 0.7104166666666667 0.0515625 0.0375
1 0.521875 0.70625 0.034375 0.029166666666666667
1 0.82578125 0.7802083333333333 0.0484375 0.035416666666666666
1 0.6171875 0.18020833333333333 0.015625 0.022916666666666665

5 0.4234375 0.5927083333333333 0.0125 0.027083333333333334
4 0.3546875 0.5604166666666667 0.009375 0.020833333333333332
4 0.365625 0.56875 0.009375 0.020833333333333332
5 0.4203125 0.5885416666666666 0.009375 0.022916666666666665
5 0.44375 0.6010416666666667 0.009375 0.022916666666666665
4 0.3953125 0.5708333333333333 0.00625 0.0125
4 0.3640625 0.509375 0.009375 0.022916666666666665
4 0.36796875 0.5 0.0109375 0.0125
5 0.52578125 0.44166666666666665 0.0109375 0.029166666666666667
1 0.58515625 0.4635416666666667 0.0203125 0.035416666666666666
5 0.5375 0.42916666666666664 0.00625 0.020833333333333332
5 0.578125 0.45729166666666665 0.009375 0.01875
5 0.5671875 0.48541666666666666 0.009375 0.020833333333333332
5 0.67890625 0.7927083333333333 0.0109375 0.01875
5 0.615625 0.446875 0.009375 0.027083333333333334
5 0.6921875 0.7395833333333334 0.009375 0.016666666666666666
5 0.6390625 0.46458333333333335 0.009375 0.016666666666666666
5 0.63828125 0.46875 0.0109375 0.020833333333333332
5 0.71171875 0.4239583333333333 0.0140625 0.014583333333333334
5 0.7109375 0.4322916666666667 0.021875 0.03125
5 0.65546875 0.38125 0.0140625 0.016666666666666666
5 0.6125 0.41770833333333335 0.0125 0.010416666666666666
5 0.54765625 0.37604166666666666 0.0078125 0.014583333333333334
5 0.53828125 0.371875 0.0109375 0.014583333333333334
5 0.546875 0.3697916666666667 0.00625 0.014583333333333334
1 0.540625 0.38229166666666664 0.01875 0.035416666666666666
3 0.565625 0.3302083333333333 0.0375 0.07291666666666667
1 0.5359375 0.2625 0.0125 0.016666666666666666
1 0.53203125 0.2708333333333333 0.0234375 0.03333333333333333
3 0.52109375 0.14791666666666667 0.0234375 0.05416666666666667
1 0.51171875 0.11354166666666667 0.0140625 0.014583333333333334
1 0.5265625 0.090625 0.0125 0.022916666666666665
1 0.5234375 0.08645833333333333 0.01875 0.035416666666666666
1 0.525 0.057291666666666664 0.0125 0.010416666666666666
1 0.38046875 0.25104166666666666 0.0171875 0.022916666666666665
1 0.35546875 0.24895833333333334 0.0171875 0.03125
1 0.37421875 0.22604166666666667 0.0171875 0.022916666666666665
1 0.353125 0.221875 0.015625 0.01875
1 0.3359375 0.221875 0.0125 0.022916666666666665
1 0.31796875 0.22604166666666667 0.0140625 0.01875
1 0.3203125 0.25416666666666665 0.015625 0.029166666666666667
1 0.2984375 0.23020833333333332 0.021875 0.022916666666666665
1 0.27890625 0.225 0.0140625 0.016666666666666666
1 0.384375 0.184375 0.015625 0.01875
1 0.3671875 0.18854166666666666 0.015625 0.01875
1 0.33203125 0.18645833333333334 0.0140625 0.022916666666666665
1 0.3140625 0.18958333333333333 0.015625 0.029166666666666667
1 0.3 0.16979166666666667 0.021875 0.027083333333333334
1 0.48984375 0.07083333333333333 0.0171875 0.0125
1 0.58359375 0.30625 0.0140625 0.029166666666666667
1 0.5640625 0.271875 0.01875 0.03125
1 0.55234375 0.21770833333333334 0.0171875 0.022916666666666665
1 0.53984375 0.17291666666666666 0.0140625 0.025
