
1 0.37421875 0.975 0.0609375 0.05
1 0.4453125 0.925 0.053125 0.041666666666666664
1 0.2328125 0.990625 0.05 0.01875
1 0.31171875 0.9572916666666667 0.0609375 0.052083333333333336
1 0.39921875 0.9104166666666667 0.0546875 0.05
1 0.16171875 0.9854166666666667 0.0671875 0.029166666666666667
1 0.25078125 0.94375 0.0609375 0.04583333333333333
1 0.32734375 0.8979166666666667 0.0484375 0.041666666666666664
1 0.39921875 0.8583333333333333 0.0546875 0.041666666666666664
1 0.1125 0.975 0.06875 0.05
1 0.19375 0.9270833333333334 0.0625 0.05
1 0.28203125 0.8822916666666667 0.0703125 0.052083333333333336
1 0.3609375 0.8385416666666666 0.05625 0.04375

1 0.18984375 0.93125 0.0421875 0.041666666666666664

1 0.37109375 0.7270833333333333 0.0609375 0.041666666666666664
1 0.2359375 0.7020833333333333 0.046875 0.041666666666666664
1 0.2421875 0.71875 0.059375 0.075
1 0.50859375 0.7135416666666666 0.0328125 0.03125
1 0.5125 0.709375 0.05 0.035416666666666666
1 0.5140625 0.7083333333333334 0.05 0.0375
1 0.51328125 0.7052083333333333 0.0484375 0.027083333333333334
1 0.8265625 0.7833333333333333 0.05 0.041666666666666664
1 0.6171875 0.17083333333333334 0.0125 0.016666666666666666

5 0.425 0.5947916666666667 0.0125 0.027083333333333334
4 0.35546875 0.5614583333333333 0.0109375 0.01875
4 0.36484375 0.56875 0.0109375 0.025
5 0.42109375 0.5895833333333333 0.0109375 0.025
5 0.44453125 0.603125 0.0109375 0.022916666666666665
4 0.38828125 0.5739583333333333 0.0171875 0.014583333333333334
4 0.3640625 0.509375 0.009375 0.022916666666666665
4 0.36796875 0.49895833333333334 0.0109375 0.014583333333333334
5 0.52578125 0.4427083333333333 0.0109375 0.03125
1 0.5859375 0.465625 0.021875 0.035416666666666666
5 0.53828125 0.43333333333333335 0.0078125 0.020833333333333332
5 0.57890625 0.46041666666666664 0.0078125 0.016666666666666666
5 0.5671875 0.48854166666666665 0.009375 0.022916666666666665
5 0.67890625 0.8072916666666666 0.0109375 0.022916666666666665
5 0.61640625 0.4479166666666667 0.0109375 0.029166666666666667
5 0.69296875 0.7479166666666667 0.0109375 0.0125
5 0.63828125 0.4708333333333333 0.0078125 0.016666666666666666
5 0.63828125 0.471875 0.0109375 0.01875
5 0.7140625 0.42604166666666665 0.0125 0.014583333333333334
5 0.71328125 0.43333333333333335 0.0234375 0.029166666666666667
5 0.6546875 0.38125 0.015625 0.016666666666666666
5 0.615625 0.45 0.009375 0.020833333333333332
5 0.546875 0.37916666666666665 0.00625 0.0125
5 0.53828125 0.384375 0.0140625 0.03125
5 0.54609375 0.37395833333333334 0.0078125 0.014583333333333334
1 0.5390625 0.3854166666666667 0.01875 0.03333333333333333
3 0.56640625 0.3333333333333333 0.0359375 0.07083333333333333
1 0.5359375 0.26666666666666666 0.015625 0.020833333333333332
1 0.53203125 0.2708333333333333 0.0234375 0.03333333333333333
3 0.5203125 0.14791666666666667 0.021875 0.05416666666666667
1 0.51171875 0.11354166666666667 0.0140625 0.014583333333333334
1 0.5265625 0.09166666666666666 0.0125 0.025
1 0.5234375 0.08645833333333333 0.01875 0.035416666666666666
1 0.52421875 0.057291666666666664 0.0140625 0.010416666666666666
1 0.37734375 0.25 0.0171875 0.020833333333333332
1 0.35546875 0.25 0.0171875 0.029166666666666667
1 0.37421875 0.22604166666666667 0.0171875 0.022916666666666665
1 0.353125 0.22291666666666668 0.015625 0.020833333333333332
1 0.3359375 0.221875 0.0125 0.022916666666666665
1 0.31796875 0.22604166666666667 0.0140625 0.01875
1 0.31875 0.25416666666666665 0.015625 0.029166666666666667
1 0.2984375 0.23020833333333332 0.021875 0.022916666666666665
1 0.27890625 0.225 0.0140625 0.016666666666666666
1 0.384375 0.184375 0.015625 0.01875
1 0.3671875 0.18854166666666666 0.015625 0.01875
1 0.33203125 0.18645833333333334 0.0140625 0.022916666666666665
1 0.31484375 0.190625 0.0171875 0.027083333333333334
1 0.3 0.16979166666666667 0.021875 0.027083333333333334
1 0.48984375 0.07083333333333333 0.0171875 0.0125
1 0.584375 0.30833333333333335 0.015625 0.029166666666666667
1 0.56484375 0.27291666666666664 0.0203125 0.029166666666666667
1 0.553125 0.22395833333333334 0.015625 0.03125
1 0.53984375 0.17291666666666666 0.0140625 0.025
