
1 0.37421875 0.975 0.0609375 0.05
1 0.4453125 0.925 0.053125 0.041666666666666664
1 0.2328125 0.990625 0.05 0.01875
1 0.31171875 0.9572916666666667 0.0609375 0.052083333333333336
1 0.39765625 0.9104166666666667 0.0546875 0.05
1 0.16171875 0.9854166666666667 0.0671875 0.029166666666666667
1 0.25078125 0.94375 0.0609375 0.04583333333333333
1 0.32734375 0.8989583333333333 0.0484375 0.03958333333333333
1 0.39921875 0.8583333333333333 0.0546875 0.041666666666666664
1 0.1125 0.975 0.06875 0.05
1 0.19375 0.9270833333333334 0.0625 0.05
1 0.28203125 0.8822916666666667 0.0703125 0.052083333333333336
1 0.3609375 0.8385416666666666 0.05625 0.04375

1 0.234375 0.7052083333333333 0.0375 0.022916666666666665

1 0.3671875 0.7270833333333333 0.059375 0.041666666666666664
1 0.234375 0.7052083333333333 0.05 0.04375
1 0.2375 0.7208333333333333 0.05625 0.07916666666666666
1 0.51015625 0.7125 0.0484375 0.041666666666666664
1 0.5078125 0.709375 0.053125 0.035416666666666666
1 0.5109375 0.7083333333333334 0.053125 0.0375
1 0.5171875 0.7041666666666667 0.040625 0.029166666666666667
1 0.8265625 0.7864583333333334 0.05 0.04791666666666667
1 0.95390625 0.8427083333333333 0.0328125 0.05625

5 0.4265625 0.5958333333333333 0.0125 0.025
4 0.3578125 0.5604166666666667 0.009375 0.016666666666666666
4 0.36328125 0.56875 0.0109375 0.025
5 0.42109375 0.590625 0.0109375 0.027083333333333334
5 0.44453125 0.6052083333333333 0.0109375 0.022916666666666665
4 0.3953125 0.5729166666666666 0.00625 0.0125
4 0.3640625 0.509375 0.009375 0.022916666666666665
4 0.36640625 0.503125 0.0109375 0.014583333333333334
5 0.5265625 0.446875 0.009375 0.022916666666666665
1 0.58671875 0.4666666666666667 0.0203125 0.03333333333333333
5 0.5390625 0.43125 0.00625 0.025
5 0.57890625 0.4625 0.0078125 0.016666666666666666
5 0.5671875 0.49375 0.009375 0.025
5 0.67890625 0.8145833333333333 0.0109375 0.025
5 0.615625 0.4510416666666667 0.0125 0.035416666666666666
5 0.69453125 0.75625 0.0109375 0.0125
5 0.6390625 0.46979166666666666 0.009375 0.014583333333333334
5 0.6390625 0.471875 0.009375 0.01875
5 0.71796875 0.42916666666666664 0.0140625 0.016666666666666666
5 0.715625 0.4395833333333333 0.025 0.03333333333333333
5 0.6546875 0.38333333333333336 0.01875 0.020833333333333332
5 0.615625 0.45208333333333334 0.009375 0.020833333333333332
5 0.546875 0.37916666666666665 0.00625 0.0125
5 0.5390625 0.375 0.0125 0.0125
5 0.54609375 0.375 0.0078125 0.0125
1 0.53828125 0.38645833333333335 0.0203125 0.035416666666666666
3 0.56640625 0.334375 0.0359375 0.07291666666666667
1 0.5359375 0.26458333333333334 0.0125 0.016666666666666666
1 0.53046875 0.2708333333333333 0.0203125 0.03333333333333333
3 0.5203125 0.14791666666666667 0.021875 0.05416666666666667
1 0.51171875 0.11354166666666667 0.0140625 0.014583333333333334
1 0.52734375 0.09270833333333334 0.0140625 0.022916666666666665
1 0.5234375 0.08541666666666667 0.01875 0.0375
1 0.52421875 0.057291666666666664 0.0140625 0.010416666666666666
1 0.37734375 0.25 0.0171875 0.020833333333333332
1 0.35546875 0.25 0.0171875 0.029166666666666667
1 0.37421875 0.22604166666666667 0.0171875 0.022916666666666665
1 0.353125 0.22291666666666668 0.015625 0.020833333333333332
1 0.3359375 0.221875 0.0125 0.022916666666666665
1 0.31796875 0.22604166666666667 0.0140625 0.01875
1 0.3203125 0.25416666666666665 0.015625 0.029166666666666667
1 0.2984375 0.23020833333333332 0.021875 0.022916666666666665
1 0.27890625 0.225 0.0140625 0.016666666666666666
1 0.384375 0.184375 0.015625 0.01875
1 0.36640625 0.18854166666666666 0.0140625 0.01875
1 0.33203125 0.18645833333333334 0.0140625 0.022916666666666665
1 0.31328125 0.190625 0.0171875 0.027083333333333334
1 0.29921875 0.16979166666666667 0.0234375 0.027083333333333334
1 0.48984375 0.07083333333333333 0.0171875 0.0125
1 0.58515625 0.309375 0.0140625 0.027083333333333334
1 0.565625 0.275 0.01875 0.029166666666666667
1 0.55390625 0.23125 0.0140625 0.029166666666666667
1 0.53984375 0.17395833333333333 0.0140625 0.022916666666666665
