
1 0.37421875 0.975 0.0609375 0.05
1 0.4453125 0.925 0.053125 0.041666666666666664
1 0.2328125 0.990625 0.05 0.01875
1 0.31171875 0.9572916666666667 0.0609375 0.052083333333333336
1 0.3984375 0.9104166666666667 0.05625 0.05
1 0.16171875 0.9854166666666667 0.0671875 0.029166666666666667
1 0.25078125 0.94375 0.0609375 0.04583333333333333
1 0.32734375 0.8989583333333333 0.0484375 0.03958333333333333
1 0.39921875 0.8583333333333333 0.0546875 0.041666666666666664
1 0.1125 0.975 0.06875 0.05
1 0.19375 0.9270833333333334 0.0625 0.05
1 0.28203125 0.8822916666666667 0.0703125 0.052083333333333336
1 0.3609375 0.8375 0.05625 0.041666666666666664

1 0.228125 0.7114583333333333 0.046875 0.04375

1 0.35390625 0.7302083333333333 0.0578125 0.04375
1 0.22109375 0.709375 0.0421875 0.03958333333333333
1 0.225 0.7291666666666666 0.053125 0.07916666666666666
1 0.5 0.7125 0.046875 0.041666666666666664
1 0.50078125 0.7072916666666667 0.0515625 0.035416666666666666
1 0.50234375 0.7072916666666667 0.0515625 0.035416666666666666
1 0.503125 0.70625 0.04375 0.029166666666666667
1 0.8359375 0.7864583333333334 0.059375 0.04791666666666667
1 0.946875 0.8260416666666667 0.040625 0.05625

5 0.4296875 0.6 0.0125 0.025
4 0.3609375 0.5645833333333333 0.009375 0.016666666666666666
4 0.36796875 0.571875 0.0109375 0.022916666666666665
5 0.4234375 0.59375 0.009375 0.029166666666666667
5 0.44609375 0.6104166666666667 0.0109375 0.025
4 0.3953125 0.578125 0.00625 0.014583333333333334
4 0.36328125 0.509375 0.0109375 0.022916666666666665
4 0.36875 0.49895833333333334 0.0125 0.014583333333333334
5 0.52421875 0.4947916666666667 0.0109375 0.09791666666666667
1 0.5890625 0.47708333333333336 0.021875 0.0375
5 0.5390625 0.4354166666666667 0.00625 0.029166666666666667
5 0.58046875 0.4708333333333333 0.0078125 0.016666666666666666
5 0.56875 0.49895833333333334 0.009375 0.01875
5 0.68359375 0.8333333333333334 0.0140625 0.020833333333333332
5 0.61640625 0.46145833333333336 0.0109375 0.027083333333333334
5 0.6984375 0.775 0.0125 0.0125
5 0.6390625 0.47708333333333336 0.009375 0.016666666666666666
5 0.6390625 0.478125 0.009375 0.01875
5 0.7234375 0.4322916666666667 0.0125 0.010416666666666666
5 0.7203125 0.44479166666666664 0.025 0.035416666666666666
5 0.6546875 0.38333333333333336 0.01875 0.020833333333333332
5 0.61796875 0.45625 0.0078125 0.016666666666666666
5 0.5453125 0.38333333333333336 0.00625 0.0125
5 0.5375 0.38125 0.0125 0.016666666666666666
5 0.54453125 0.3802083333333333 0.0078125 0.014583333333333334
1 0.5375 0.39375 0.01875 0.0375
3 0.5671875 0.3385416666666667 0.0375 0.07708333333333334
1 0.53671875 0.2708333333333333 0.0171875 0.025
1 0.53359375 0.275 0.0234375 0.03333333333333333
3 0.5203125 0.14895833333333333 0.021875 0.052083333333333336
1 0.5109375 0.11354166666666667 0.0125 0.014583333333333334
1 0.528125 0.09895833333333333 0.0125 0.01875
1 0.525 0.0875 0.015625 0.041666666666666664
1 0.52421875 0.057291666666666664 0.0140625 0.010416666666666666
1 0.3796875 0.25104166666666666 0.01875 0.022916666666666665
1 0.35546875 0.24895833333333334 0.0171875 0.03125
1 0.37421875 0.22604166666666667 0.0171875 0.022916666666666665
1 0.353125 0.22291666666666668 0.015625 0.020833333333333332
1 0.33515625 0.22291666666666668 0.0140625 0.025
1 0.31796875 0.22604166666666667 0.0140625 0.01875
1 0.31875 0.2520833333333333 0.015625 0.029166666666666667
1 0.2984375 0.23020833333333332 0.021875 0.022916666666666665
1 0.27890625 0.225 0.0140625 0.016666666666666666
1 0.384375 0.184375 0.015625 0.01875
1 0.36640625 0.18958333333333333 0.0140625 0.020833333333333332
1 0.33203125 0.18645833333333334 0.0140625 0.022916666666666665
1 0.31328125 0.190625 0.0171875 0.027083333333333334
1 0.29921875 0.16979166666666667 0.0234375 0.027083333333333334
1 0.48984375 0.07083333333333333 0.0171875 0.0125
1 0.5859375 0.3125 0.015625 0.029166666666666667
1 0.56484375 0.2791666666666667 0.0203125 0.03333333333333333
1 0.55390625 0.234375 0.0140625 0.03125
1 0.54140625 0.17395833333333333 0.0140625 0.022916666666666665
