
1 0.37421875 0.975 0.0609375 0.05
1 0.4453125 0.925 0.053125 0.041666666666666664
1 0.2328125 0.990625 0.05 0.01875
1 0.31171875 0.9572916666666667 0.0609375 0.052083333333333336
1 0.3984375 0.9104166666666667 0.053125 0.05
1 0.16171875 0.9854166666666667 0.0671875 0.029166666666666667
1 0.25 0.9447916666666667 0.059375 0.04375
1 0.32734375 0.8979166666666667 0.0484375 0.041666666666666664
1 0.39921875 0.8583333333333333 0.0546875 0.041666666666666664
1 0.11171875 0.975 0.0671875 0.05
1 0.19375 0.9270833333333334 0.0625 0.05
1 0.28203125 0.8822916666666667 0.0703125 0.052083333333333336
1 0.36015625 0.8385416666666666 0.0546875 0.04375

1 0.2078125 0.8239583333333333 0.06875 0.23958333333333334

1 0.35 0.7333333333333333 0.05625 0.041666666666666664
1 0.21796875 0.715625 0.0453125 0.04375
1 0.21640625 0.7333333333333333 0.0515625 0.07916666666666666
1 0.49296875 0.7114583333333333 0.0453125 0.04375
1 0.4953125 0.7072916666666667 0.053125 0.035416666666666666
1 0.49609375 0.7072916666666667 0.0515625 0.035416666666666666
1 0.49765625 0.7052083333333333 0.0484375 0.027083333333333334
1 0.8359375 0.7864583333333334 0.059375 0.04791666666666667
1 0.94453125 0.815625 0.0359375 0.052083333333333336

5 0.42890625 0.603125 0.0140625 0.027083333333333334
4 0.36328125 0.5635416666666667 0.0078125 0.01875
4 0.36796875 0.5729166666666666 0.0109375 0.025
5 0.42265625 0.59375 0.0109375 0.029166666666666667
5 0.45 0.6114583333333333 0.009375 0.022916666666666665
4 0.3953125 0.58125 0.00625 0.020833333333333332
4 0.3640625 0.509375 0.009375 0.022916666666666665
4 0.36640625 0.503125 0.0109375 0.014583333333333334
5 0.52578125 0.5 0.0109375 0.1
1 0.58984375 0.48020833333333335 0.0203125 0.035416666666666666
5 0.53984375 0.4395833333333333 0.0078125 0.03333333333333333
5 0.58125 0.475 0.00625 0.016666666666666666
5 0.56796875 0.503125 0.0078125 0.022916666666666665
5 0.68828125 0.8375 0.0109375 0.016666666666666666
5 0.615625 0.46458333333333335 0.0125 0.029166666666666667
5 0.703125 0.7895833333333333 0.0125 0.0125
5 0.6390625 0.47708333333333336 0.009375 0.0125
5 0.6390625 0.48020833333333335 0.009375 0.01875
5 0.7265625 0.4354166666666667 0.0125 0.0125
5 0.721875 0.44895833333333335 0.028125 0.03958333333333333
5 0.65390625 0.38333333333333336 0.0171875 0.020833333333333332
5 0.61875 0.459375 0.00625 0.014583333333333334
5 0.5453125 0.384375 0.00625 0.010416666666666666
5 0.53671875 0.3885416666666667 0.0140625 0.01875
5 0.54375 0.38333333333333336 0.00625 0.0125
1 0.5359375 0.3958333333333333 0.01875 0.03333333333333333
3 0.56796875 0.340625 0.0359375 0.07708333333333334
1 0.53671875 0.275 0.0171875 0.025
1 0.53125 0.275 0.021875 0.03333333333333333
3 0.5203125 0.15 0.021875 0.05416666666666667
1 0.5109375 0.11458333333333333 0.0125 0.016666666666666666
1 0.52890625 0.1 0.0140625 0.020833333333333332
1 0.5234375 0.0875 0.015625 0.041666666666666664
1 0.52421875 0.057291666666666664 0.0140625 0.010416666666666666
1 0.37734375 0.25 0.0171875 0.020833333333333332
1 0.35546875 0.24583333333333332 0.0140625 0.025
1 0.37421875 0.22604166666666667 0.0171875 0.022916666666666665
1 0.353125 0.221875 0.015625 0.01875
1 0.33515625 0.221875 0.0140625 0.022916666666666665
1 0.31796875 0.22604166666666667 0.0140625 0.01875
1 0.31875 0.253125 0.015625 0.027083333333333334
1 0.2984375 0.23125 0.021875 0.020833333333333332
1 0.2765625 0.225 0.015625 0.016666666666666666
1 0.384375 0.184375 0.015625 0.01875
1 0.36640625 0.18854166666666666 0.0140625 0.01875
1 0.33203125 0.18645833333333334 0.0140625 0.022916666666666665
1 0.31328125 0.190625 0.0171875 0.027083333333333334
1 0.29921875 0.16979166666666667 0.0234375 0.027083333333333334
1 0.48984375 0.07083333333333333 0.0171875 0.0125
1 0.58671875 0.31354166666666666 0.0171875 0.027083333333333334
1 0.56484375 0.28020833333333334 0.0203125 0.03125
1 0.55390625 0.22604166666666667 0.0140625 0.027083333333333334
1 0.5421875 0.175 0.015625 0.020833333333333332
