
1 0.37421875 0.975 0.0609375 0.05
1 0.4453125 0.925 0.053125 0.041666666666666664
1 0.2328125 0.990625 0.05 0.01875
1 0.31171875 0.9572916666666667 0.0609375 0.052083333333333336
1 0.3984375 0.9104166666666667 0.053125 0.05
1 0.16171875 0.9854166666666667 0.0671875 0.029166666666666667
1 0.25 0.94375 0.059375 0.04583333333333333
1 0.32734375 0.8979166666666667 0.0484375 0.041666666666666664
1 0.39921875 0.8583333333333333 0.0546875 0.041666666666666664
1 0.11171875 0.9760416666666667 0.0671875 0.04791666666666667
1 0.19375 0.9270833333333334 0.0625 0.05
1 0.28203125 0.8822916666666667 0.0703125 0.052083333333333336
1 0.36015625 0.8375 0.0546875 0.041666666666666664

1 0.20859375 0.8239583333333333 0.0640625 0.23958333333333334

1 0.34296875 0.7354166666666667 0.0578125 0.041666666666666664
1 0.21328125 0.715625 0.0265625 0.035416666666666666
1 0.21328125 0.7354166666666667 0.0546875 0.075
1 0.490625 0.7114583333333333 0.05 0.04375
1 0.49140625 0.7072916666666667 0.0515625 0.035416666666666666
1 0.49140625 0.7072916666666667 0.0515625 0.035416666666666666
1 0.490625 0.7052083333333333 0.034375 0.027083333333333334
1 0.8359375 0.7864583333333334 0.059375 0.04791666666666667
1 0.94375 0.8072916666666666 0.03125 0.04791666666666667

5 0.43125 0.6052083333333333 0.015625 0.027083333333333334
4 0.36328125 0.5645833333333333 0.0078125 0.016666666666666666
4 0.3671875 0.5729166666666666 0.0125 0.025
5 0.42421875 0.5947916666666667 0.0109375 0.027083333333333334
5 0.45078125 0.6125 0.0109375 0.020833333333333332
4 0.396875 0.5822916666666667 0.009375 0.01875
4 0.36328125 0.509375 0.0078125 0.022916666666666665
4 0.36640625 0.503125 0.0109375 0.014583333333333334
5 0.525 0.5020833333333333 0.0125 0.10416666666666667
1 0.58984375 0.4822916666666667 0.0203125 0.035416666666666666
5 0.53984375 0.44166666666666665 0.0078125 0.03333333333333333
5 0.58203125 0.475 0.0078125 0.016666666666666666
5 0.56875 0.50625 0.009375 0.025
5 0.6921875 0.846875 0.009375 0.01875
5 0.61640625 0.4708333333333333 0.0140625 0.029166666666666667
5 0.7078125 0.7979166666666667 0.0125 0.0125
5 0.63984375 0.4791666666666667 0.0078125 0.0125
5 0.6390625 0.48333333333333334 0.009375 0.016666666666666666
5 0.72890625 0.43854166666666666 0.0109375 0.014583333333333334
5 0.7234375 0.4479166666666667 0.03125 0.03333333333333333
5 0.65234375 0.38333333333333336 0.0203125 0.020833333333333332
5 0.61796875 0.4625 0.0078125 0.0125
5 0.54296875 0.3854166666666667 0.0078125 0.008333333333333333
5 0.5375 0.384375 0.0125 0.010416666666666666
5 0.54140625 0.384375 0.0078125 0.010416666666666666
1 0.53515625 0.39791666666666664 0.0203125 0.03333333333333333
3 0.56796875 0.3416666666666667 0.0359375 0.07916666666666666
1 0.5375 0.271875 0.0125 0.01875
1 0.53046875 0.27708333333333335 0.0203125 0.029166666666666667
3 0.5203125 0.15 0.021875 0.05416666666666667
1 0.5109375 0.11458333333333333 0.0125 0.016666666666666666
1 0.52890625 0.10104166666666667 0.0140625 0.01875
1 0.521875 0.08645833333333333 0.01875 0.04375
1 0.52421875 0.057291666666666664 0.0140625 0.010416666666666666
1 0.37734375 0.25 0.0171875 0.020833333333333332
1 0.35546875 0.2520833333333333 0.0171875 0.03333333333333333
1 0.37421875 0.22604166666666667 0.0171875 0.022916666666666665
1 0.353125 0.221875 0.015625 0.01875
1 0.33515625 0.22395833333333334 0.0140625 0.022916666666666665
1 0.31796875 0.22604166666666667 0.0140625 0.01875
1 0.31875 0.253125 0.015625 0.03125
1 0.2984375 0.23125 0.021875 0.020833333333333332
1 0.27890625 0.225 0.0140625 0.016666666666666666
1 0.384375 0.184375 0.015625 0.01875
1 0.36640625 0.18854166666666666 0.0140625 0.01875
1 0.33203125 0.18645833333333334 0.0140625 0.022916666666666665
1 0.31328125 0.190625 0.0171875 0.027083333333333334
1 0.29921875 0.16979166666666667 0.0234375 0.027083333333333334
1 0.48984375 0.07083333333333333 0.0171875 0.0125
1 0.5875 0.31666666666666665 0.01875 0.029166666666666667
1 0.56484375 0.28229166666666666 0.0203125 0.03125
1 0.55390625 0.228125 0.0140625 0.027083333333333334
1 0.5421875 0.17916666666666667 0.015625 0.025
