
1 0.37421875 0.975 0.0609375 0.05
1 0.4453125 0.925 0.053125 0.041666666666666664
1 0.2328125 0.990625 0.05 0.01875
1 0.31171875 0.9572916666666667 0.0609375 0.052083333333333336
1 0.39765625 0.9104166666666667 0.0546875 0.05
1 0.16171875 0.9854166666666667 0.0671875 0.029166666666666667
1 0.25 0.94375 0.059375 0.04583333333333333
1 0.32734375 0.8979166666666667 0.0484375 0.041666666666666664
1 0.39921875 0.8583333333333333 0.0546875 0.041666666666666664
1 0.11171875 0.975 0.0671875 0.05
1 0.19375 0.9270833333333334 0.0625 0.05
1 0.28203125 0.8822916666666667 0.0703125 0.052083333333333336
1 0.36171875 0.8395833333333333 0.0484375 0.0375

1 0.19765625 0.83125 0.0515625 0.22916666666666666

1 0.3296875 0.7395833333333334 0.059375 0.041666666666666664
1 0.20625 0.7229166666666667 0.0375 0.029166666666666667
1 0.20078125 0.740625 0.0546875 0.08125
1 0.48203125 0.7114583333333333 0.0515625 0.04375
1 0.4828125 0.7072916666666667 0.053125 0.035416666666666666
1 0.48359375 0.7072916666666667 0.0546875 0.035416666666666666
1 0.4796875 0.7052083333333333 0.028125 0.027083333333333334
1 0.82890625 0.7864583333333334 0.0453125 0.04791666666666667
1 0.93984375 0.7895833333333333 0.0296875 0.04583333333333333

5 0.434375 0.6114583333333333 0.01875 0.027083333333333334
4 0.36484375 0.5645833333333333 0.0078125 0.020833333333333332
4 0.36484375 0.571875 0.0109375 0.027083333333333334
5 0.42734375 0.5979166666666667 0.0140625 0.029166666666666667
5 0.45078125 0.6197916666666666 0.0109375 0.022916666666666665
4 0.41953125 0.5833333333333334 0.0109375 0.020833333333333332
4 0.3640625 0.509375 0.009375 0.022916666666666665
4 0.36640625 0.503125 0.0109375 0.014583333333333334
5 0.5265625 0.5072916666666667 0.0125 0.10208333333333333
1 0.58984375 0.4895833333333333 0.0203125 0.03333333333333333
5 0.53984375 0.446875 0.0078125 0.035416666666666666
5 0.5828125 0.4822916666666667 0.00625 0.014583333333333334
5 0.56953125 0.5145833333333333 0.0109375 0.020833333333333332
5 0.69375 0.865625 0.009375 0.01875
5 0.61875 0.471875 0.0125 0.022916666666666665
5 0.71015625 0.8239583333333333 0.0109375 0.01875
5 0.63984375 0.484375 0.0078125 0.010416666666666666
5 0.63984375 0.48854166666666665 0.0078125 0.01875
5 0.73359375 0.4427083333333333 0.0109375 0.014583333333333334
5 0.73125 0.459375 0.025 0.04791666666666667
5 0.65234375 0.384375 0.0203125 0.01875
5 0.61875 0.46875 0.00625 0.016666666666666666
5 0.53984375 0.390625 0.0109375 0.014583333333333334
5 0.53359375 0.4041666666666667 0.0171875 0.03333333333333333
5 0.534375 0.4041666666666667 0.015625 0.03333333333333333
1 0.53359375 0.40208333333333335 0.0203125 0.03333333333333333
3 0.56875 0.346875 0.0375 0.07708333333333334
1 0.53828125 0.275 0.0140625 0.020833333333333332
1 0.5296875 0.28125 0.01875 0.029166666666666667
3 0.5203125 0.15104166666666666 0.021875 0.052083333333333336
1 0.5109375 0.11458333333333333 0.0125 0.016666666666666666
1 0.5296875 0.1 0.0125 0.016666666666666666
1 0.521875 0.08645833333333333 0.01875 0.04375
1 0.52421875 0.057291666666666664 0.0140625 0.010416666666666666
1 0.3796875 0.24895833333333334 0.015625 0.01875
1 0.35546875 0.25 0.0171875 0.029166666666666667
1 0.37421875 0.22604166666666667 0.0171875 0.022916666666666665
1 0.353125 0.22291666666666668 0.015625 0.020833333333333332
1 0.33515625 0.22291666666666668 0.0140625 0.025
1 0.31796875 0.22604166666666667 0.0140625 0.01875
1 0.31875 0.253125 0.015625 0.027083333333333334
1 0.2984375 0.23125 0.021875 0.020833333333333332
1 0.278125 0.225 0.015625 0.016666666666666666
1 0.384375 0.184375 0.015625 0.01875
1 0.36640625 0.18958333333333333 0.0140625 0.020833333333333332
1 0.33203125 0.1875 0.0140625 0.020833333333333332
1 0.3140625 0.19166666666666668 0.015625 0.029166666666666667
1 0.29921875 0.16979166666666667 0.0234375 0.027083333333333334
1 0.48984375 0.07083333333333333 0.0171875 0.0125
1 0.5890625 0.32083333333333336 0.01875 0.029166666666666667
1 0.565625 0.2864583333333333 0.021875 0.035416666666666666
1 0.55390625 0.23229166666666667 0.0140625 0.022916666666666665
1 0.5421875 0.18541666666666667 0.015625 0.025
