
1 0.37421875 0.975 0.0609375 0.05
1 0.44453125 0.925 0.0515625 0.041666666666666664
1 0.23203125 0.990625 0.0484375 0.01875
1 0.31171875 0.9572916666666667 0.0609375 0.052083333333333336
1 0.39765625 0.9104166666666667 0.0546875 0.05
1 0.16171875 0.9854166666666667 0.0671875 0.029166666666666667
1 0.25 0.94375 0.059375 0.04583333333333333
1 0.32578125 0.8979166666666667 0.0484375 0.041666666666666664
1 0.39921875 0.8583333333333333 0.0546875 0.041666666666666664
1 0.11171875 0.9760416666666667 0.0671875 0.04791666666666667
1 0.19296875 0.9270833333333334 0.0609375 0.05
1 0.28125 0.8822916666666667 0.06875 0.052083333333333336
1 0.36015625 0.8385416666666666 0.0484375 0.03958333333333333

1 0.1890625 0.8322916666666667 0.05625 0.22708333333333333

1 0.31953125 0.7447916666666666 0.0578125 0.04375
1 0.18515625 0.7354166666666667 0.0484375 0.041666666666666664
1 0.47265625 0.7072916666666667 0.0546875 0.035416666666666666
1 0.47265625 0.7125 0.0515625 0.041666666666666664
1 0.47265625 0.709375 0.0515625 0.035416666666666666
1 0.47265625 0.709375 0.0515625 0.035416666666666666
1 0.471875 0.709375 0.040625 0.01875
1 0.834375 0.7875 0.0625 0.05
1 0.93671875 0.7739583333333333 0.0265625 0.04791666666666667

5 0.4390625 0.6135416666666667 0.015625 0.022916666666666665
4 0.365625 0.5635416666666667 0.009375 0.022916666666666665
4 0.36484375 0.571875 0.0109375 0.027083333333333334
5 0.42890625 0.5989583333333334 0.0140625 0.027083333333333334
5 0.4515625 0.6260416666666667 0.0125 0.022916666666666665
4 0.4234375 0.5854166666666667 0.009375 0.020833333333333332
4 0.3640625 0.509375 0.009375 0.022916666666666665
4 0.36640625 0.503125 0.0109375 0.014583333333333334
5 0.52890625 0.515625 0.0171875 0.11041666666666666
1 0.59375 0.496875 0.021875 0.03958333333333333
5 0.5390625 0.459375 0.0125 0.035416666666666666
5 0.58359375 0.4875 0.0046875 0.0125
5 0.5703125 0.5208333333333334 0.009375 0.020833333333333332
5 0.696875 0.8864583333333333 0.0125 0.022916666666666665
5 0.61953125 0.475 0.0109375 0.020833333333333332
5 0.715625 0.840625 0.0125 0.010416666666666666
5 0.63984375 0.490625 0.0078125 0.010416666666666666
5 0.63984375 0.49375 0.0078125 0.016666666666666666
5 0.73984375 0.44375 0.0078125 0.0125
5 0.7359375 0.465625 0.025 0.03958333333333333
5 0.653125 0.38645833333333335 0.021875 0.022916666666666665
5 0.61953125 0.47291666666666665 0.0078125 0.016666666666666666
5 0.53515625 0.4 0.0140625 0.016666666666666666
5 0.534375 0.4010416666666667 0.015625 0.01875
5 0.53203125 0.41041666666666665 0.0203125 0.03333333333333333
1 0.53046875 0.4114583333333333 0.0203125 0.035416666666666666
3 0.56875 0.353125 0.0375 0.07708333333333334
1 0.53828125 0.28020833333333334 0.0140625 0.022916666666666665
1 0.53046875 0.284375 0.0203125 0.03125
3 0.5203125 0.15208333333333332 0.021875 0.05416666666666667
1 0.5109375 0.11458333333333333 0.0125 0.016666666666666666
1 0.5296875 0.10104166666666667 0.0125 0.014583333333333334
1 0.521875 0.08645833333333333 0.01875 0.04375
1 0.5234375 0.057291666666666664 0.0125 0.010416666666666666
1 0.3765625 0.25 0.01875 0.020833333333333332
1 0.35546875 0.25 0.0171875 0.029166666666666667
1 0.37421875 0.22604166666666667 0.0171875 0.022916666666666665
1 0.353125 0.22291666666666668 0.015625 0.020833333333333332
1 0.3359375 0.221875 0.0125 0.022916666666666665
1 0.31796875 0.22604166666666667 0.0140625 0.01875
1 0.31875 0.253125 0.015625 0.03125
1 0.2984375 0.23125 0.021875 0.020833333333333332
1 0.27890625 0.225 0.0140625 0.016666666666666666
1 0.38359375 0.184375 0.0140625 0.01875
1 0.36640625 0.18958333333333333 0.0140625 0.020833333333333332
1 0.33203125 0.18645833333333334 0.0140625 0.022916666666666665
1 0.31328125 0.190625 0.0171875 0.027083333333333334
1 0.2984375 0.17083333333333334 0.021875 0.029166666666666667
1 0.4890625 0.07083333333333333 0.01875 0.0125
1 0.59375 0.325 0.015625 0.025
1 0.56640625 0.290625 0.0203125 0.03958333333333333
1 0.5546875 0.24166666666666667 0.015625 0.0375
1 0.54140625 0.18958333333333333 0.0171875 0.029166666666666667
