
1 0.37421875 0.975 0.0609375 0.05
1 0.44375 0.925 0.053125 0.041666666666666664
1 0.23203125 0.990625 0.0484375 0.01875
1 0.3109375 0.9572916666666667 0.0625 0.052083333333333336
1 0.39765625 0.9104166666666667 0.0546875 0.05
1 0.16171875 0.9854166666666667 0.0671875 0.029166666666666667
1 0.25 0.94375 0.059375 0.04583333333333333
1 0.32578125 0.8979166666666667 0.0484375 0.041666666666666664
1 0.39921875 0.8583333333333333 0.0546875 0.041666666666666664
1 0.11171875 0.9760416666666667 0.0671875 0.04791666666666667
1 0.19296875 0.9270833333333334 0.0609375 0.05
1 0.28203125 0.8822916666666667 0.0703125 0.052083333333333336
1 0.359375 0.8385416666666666 0.05625 0.04375

1 0.1859375 0.8333333333333334 0.065625 0.22916666666666666

1 0.3109375 0.746875 0.05625 0.03958333333333333
1 0.17265625 0.7364583333333333 0.0421875 0.04375
1 0.4671875 0.7104166666666667 0.05625 0.0375
1 0.46640625 0.7135416666666666 0.0515625 0.04375
1 0.4671875 0.709375 0.053125 0.035416666666666666
1 0.4671875 0.7114583333333333 0.053125 0.03958333333333333
1 0.4625 0.70625 0.03125 0.029166666666666667
1 0.834375 0.7875 0.0625 0.05
1 0.93515625 0.765625 0.0265625 0.04375

5 0.440625 0.6177083333333333 0.015625 0.022916666666666665
4 0.365625 0.5645833333333333 0.009375 0.025
4 0.365625 0.5739583333333333 0.0125 0.027083333333333334
5 0.425 0.5947916666666667 0.009375 0.01875
5 0.4546875 0.6270833333333333 0.009375 0.025
4 0.425 0.5885416666666666 0.009375 0.01875
4 0.3640625 0.509375 0.009375 0.022916666666666665
4 0.36875 0.5010416666666667 0.0125 0.014583333333333334
5 0.52890625 0.5197916666666667 0.0171875 0.11041666666666666
1 0.59375 0.5010416666666667 0.021875 0.03958333333333333
5 0.53984375 0.4666666666666667 0.0109375 0.03333333333333333
5 0.584375 0.49166666666666664 0.00625 0.0125
5 0.57109375 0.525 0.0109375 0.020833333333333332
5 0.7015625 0.8958333333333334 0.009375 0.016666666666666666
5 0.61953125 0.4791666666666667 0.0109375 0.020833333333333332
5 0.72109375 0.8552083333333333 0.0109375 0.010416666666666666
5 0.640625 0.4947916666666667 0.00625 0.010416666666666666
5 0.64140625 0.4979166666666667 0.0078125 0.016666666666666666
5 0.74296875 0.44895833333333335 0.0109375 0.014583333333333334
5 0.73515625 0.4666666666666667 0.0234375 0.041666666666666664
5 0.65703125 0.38645833333333335 0.0140625 0.022916666666666665
5 0.6203125 0.47708333333333336 0.00625 0.016666666666666666
5 0.5359375 0.4 0.0125 0.0125
5 0.534375 0.4041666666666667 0.015625 0.020833333333333332
5 0.53125 0.41354166666666664 0.01875 0.035416666666666666
1 0.53125 0.41458333333333336 0.021875 0.0375
3 0.5703125 0.35625 0.0375 0.07916666666666666
1 0.5390625 0.278125 0.0125 0.01875
1 0.52890625 0.28854166666666664 0.0203125 0.027083333333333334
3 0.5203125 0.153125 0.021875 0.052083333333333336
1 0.51171875 0.11458333333333333 0.0140625 0.016666666666666666
1 0.5296875 0.10208333333333333 0.0125 0.016666666666666666
1 0.521875 0.08645833333333333 0.01875 0.04375
1 0.525 0.057291666666666664 0.0125 0.010416666666666666
1 0.37734375 0.25 0.0171875 0.020833333333333332
1 0.35546875 0.25 0.0171875 0.029166666666666667
1 0.37421875 0.22604166666666667 0.0171875 0.022916666666666665
1 0.35390625 0.22291666666666668 0.0140625 0.020833333333333332
1 0.3359375 0.221875 0.0125 0.022916666666666665
1 0.31796875 0.22604166666666667 0.0140625 0.01875
1 0.31875 0.2520833333333333 0.015625 0.029166666666666667
1 0.29765625 0.23125 0.0203125 0.020833333333333332
1 0.27890625 0.225 0.0140625 0.016666666666666666
1 0.38359375 0.184375 0.0140625 0.01875
1 0.36640625 0.18854166666666666 0.0140625 0.01875
1 0.33203125 0.1875 0.0140625 0.020833333333333332
1 0.31328125 0.190625 0.0171875 0.027083333333333334
1 0.2984375 0.17083333333333334 0.021875 0.029166666666666667
1 0.48984375 0.071875 0.0171875 0.014583333333333334
1 0.5953125 0.328125 0.015625 0.027083333333333334
1 0.565625 0.29375 0.01875 0.0375
1 0.5546875 0.24583333333333332 0.015625 0.029166666666666667
1 0.54140625 0.19270833333333334 0.0171875 0.03125
