
1 0.37421875 0.975 0.0609375 0.05
1 0.44375 0.925 0.053125 0.041666666666666664
1 0.23203125 0.990625 0.0484375 0.01875
1 0.3109375 0.9572916666666667 0.0625 0.052083333333333336
1 0.39765625 0.9104166666666667 0.0546875 0.05
1 0.16171875 0.9854166666666667 0.0671875 0.029166666666666667
1 0.25 0.94375 0.059375 0.04583333333333333
1 0.32578125 0.8979166666666667 0.0484375 0.041666666666666664
1 0.39921875 0.8583333333333333 0.0546875 0.041666666666666664
1 0.11171875 0.9760416666666667 0.0671875 0.04791666666666667
1 0.19296875 0.9270833333333334 0.0609375 0.05
1 0.28125 0.8833333333333333 0.06875 0.05
1 0.35859375 0.8385416666666666 0.0546875 0.04375

1 0.1828125 0.834375 0.06875 0.22708333333333333

1 0.30625 0.75 0.05625 0.041666666666666664
1 0.16953125 0.7375 0.0484375 0.041666666666666664
1 0.4625 0.7104166666666667 0.05625 0.0375
1 0.4625 0.7135416666666666 0.053125 0.04375
1 0.46328125 0.709375 0.0546875 0.035416666666666666
1 0.4625 0.7104166666666667 0.053125 0.0375
1 0.46015625 0.7041666666666667 0.0359375 0.025
1 0.834375 0.7864583333333334 0.0625 0.04791666666666667
1 0.93125 0.7583333333333333 0.0375 0.05

5 0.440625 0.61875 0.01875 0.025
4 0.36640625 0.5645833333333333 0.0078125 0.025
4 0.365625 0.575 0.0125 0.029166666666666667
5 0.42578125 0.596875 0.0078125 0.01875
5 0.4546875 0.63125 0.009375 0.025
4 0.4234375 0.5947916666666667 0.009375 0.01875
4 0.3640625 0.509375 0.009375 0.022916666666666665
4 0.3671875 0.503125 0.0125 0.014583333333333334
5 0.52890625 0.525 0.0171875 0.1125
1 0.59453125 0.5041666666666667 0.0234375 0.0375
5 0.54140625 0.46875 0.0078125 0.020833333333333332
5 0.5859375 0.49583333333333335 0.00625 0.0125
5 0.571875 0.528125 0.009375 0.01875
5 0.70625 0.903125 0.009375 0.01875
5 0.61953125 0.4822916666666667 0.0109375 0.01875
5 0.7234375 0.8645833333333334 0.009375 0.0125
5 0.64140625 0.49583333333333335 0.0078125 0.008333333333333333
5 0.64140625 0.49895833333333334 0.0078125 0.014583333333333334
5 0.74609375 0.44895833333333335 0.0078125 0.010416666666666666
5 0.73515625 0.465625 0.0234375 0.035416666666666666
5 0.65859375 0.38645833333333335 0.0171875 0.022916666666666665
5 0.6203125 0.48020833333333335 0.00625 0.014583333333333334
5 0.534375 0.4010416666666667 0.0125 0.010416666666666666
5 0.534375 0.40520833333333334 0.015625 0.01875
5 0.528125 0.4166666666666667 0.01875 0.0375
1 0.5296875 0.4166666666666667 0.021875 0.0375
3 0.5703125 0.35833333333333334 0.040625 0.07916666666666666
1 0.53828125 0.278125 0.0109375 0.01875
1 0.53046875 0.290625 0.0203125 0.03125
3 0.5203125 0.153125 0.021875 0.052083333333333336
1 0.5109375 0.11458333333333333 0.0125 0.016666666666666666
1 0.5296875 0.103125 0.0125 0.014583333333333334
1 0.52109375 0.08645833333333333 0.0171875 0.04375
1 0.525 0.057291666666666664 0.0125 0.010416666666666666
1 0.37890625 0.24895833333333334 0.0140625 0.01875
1 0.35546875 0.25 0.0171875 0.029166666666666667
1 0.37421875 0.22604166666666667 0.0171875 0.022916666666666665
1 0.353125 0.22395833333333334 0.015625 0.01875
1 0.3359375 0.221875 0.0125 0.022916666666666665
1 0.31796875 0.22604166666666667 0.0140625 0.01875
1 0.31875 0.253125 0.015625 0.027083333333333334
1 0.29765625 0.23125 0.0203125 0.020833333333333332
1 0.278125 0.225 0.015625 0.016666666666666666
1 0.38359375 0.184375 0.0140625 0.01875
1 0.36640625 0.18854166666666666 0.0140625 0.01875
1 0.33203125 0.1875 0.0140625 0.020833333333333332
1 0.31328125 0.19166666666666668 0.0171875 0.029166666666666667
1 0.29921875 0.17083333333333334 0.0234375 0.029166666666666667
1 0.48984375 0.071875 0.0171875 0.014583333333333334
1 0.59609375 0.3302083333333333 0.0140625 0.027083333333333334
1 0.56640625 0.29375 0.0203125 0.0375
1 0.55546875 0.25104166666666666 0.0140625 0.027083333333333334
1 0.54140625 0.19375 0.0171875 0.03333333333333333
