1 0.5375 0.11979166666666667 0.015625 0.027083333333333334
1 0.58984375 0.25729166666666664 0.0171875 0.027083333333333334
1 0.5828125 0.22916666666666666 0.015625 0.025
1 0.57265625 0.18958333333333333 0.0171875 0.029166666666666667
1 0.565625 0.16041666666666668 0.0125 0.020833333333333332
1 0.5609375 0.14166666666666666 0.0125 0.016666666666666666
1 0.60859375 0.24583333333333332 0.0203125 0.03333333333333333
1 0.5984375 0.21354166666666666 0.015625 0.027083333333333334
1 0.59296875 0.18541666666666667 0.0171875 0.029166666666666667
1 0.58515625 0.1625 0.0140625 0.020833333333333332
3 0.578125 0.12708333333333333 0.01875 0.041666666666666664
1 0.56953125 0.10416666666666667 0.0171875 0.029166666666666667
1 0.3859375 0.075 0.03125 0.029166666666666667
1 0.384375 0.06875 0.034375 0.025
1 0.609375 0.1375 0.015625 0.020833333333333332
1 0.61875 0.084375 0.0125 0.01875
1 0.58125 0.05625 0.0125 0.016666666666666666
1 0.59765625 0.053125 0.0140625 0.01875
1 0.565625 0.009375 0.0125 0.01875
5 0.65234375 0.121875 0.0078125 0.014583333333333334
1 0.66953125 0.11666666666666667 0.0140625 0.020833333333333332
1 0.65703125 0.08541666666666667 0.0140625 0.016666666666666666
5 0.7625 0.29270833333333335 0.015625 0.01875
5 0.7890625 0.28020833333333334 0.0125 0.01875
5 0.81171875 0.253125 0.0109375 0.014583333333333334
5 0.85234375 0.21770833333333334 0.0109375 0.014583333333333334
5 0.85625 0.20520833333333333 0.009375 0.014583333333333334
5 0.9078125 0.153125 0.009375 0.014583333333333334
1 0.82734375 0.2635416666666667 0.0265625 0.027083333333333334
1 0.8515625 0.24166666666666667 0.025 0.029166666666666667
1 0.875 0.21770833333333334 0.021875 0.022916666666666665
1 0.89765625 0.19479166666666667 0.0203125 0.022916666666666665
1 0.915625 0.17083333333333334 0.021875 0.025
3 0.94609375 0.13229166666666667 0.0421875 0.052083333333333336
1 0.96640625 0.11041666666666666 0.0171875 0.020833333333333332
1 0.97890625 0.09583333333333334 0.0109375 0.016666666666666666
1 0.99296875 0.07604166666666666 0.0140625 0.014583333333333334
1 0.99453125 0.10729166666666666 0.0109375 0.01875
1 0.98203125 0.128125 0.0171875 0.027083333333333334
1 0.9640625 0.15625 0.01875 0.025
1 0.93984375 0.18020833333333333 0.0203125 0.022916666666666665
1 0.9171875 0.209375 0.021875 0.027083333333333334
1 0.89375 0.23229166666666667 0.021875 0.027083333333333334
1 0.8671875 0.2604166666666667 0.021875 0.029166666666666667
1 0.84296875 0.27708333333333335 0.0296875 0.03333333333333333
1 0.8484375 0.30416666666666664 0.03125 0.0375
3 0.8828125 0.26979166666666665 0.0375 0.04375
1 0.9171875 0.24375 0.021875 0.025
3 0.95 0.19166666666666668 0.040625 0.058333333333333334
1 0.978125 0.16770833333333332 0.015625 0.022916666666666665
1 0.99296875 0.14895833333333333 0.0140625 0.022916666666666665
1 0.88203125 0.309375 0.0265625 0.03125
1 0.915625 0.27395833333333336 0.021875 0.027083333333333334
1 0.93359375 0.2520833333333333 0.0234375 0.025
1 0.95625 0.234375 0.01875 0.022916666666666665
1 0.98203125 0.203125 0.0203125 0.027083333333333334
1 0.99296875 0.18020833333333333 0.0140625 0.022916666666666665
1 0.88671875 0.3385416666666667 0.0296875 0.035416666666666666
1 0.91953125 0.3072916666666667 0.0265625 0.03125
1 0.94296875 0.278125 0.0234375 0.03125
1 0.96484375 0.25 0.0171875 0.025
1 0.98515625 0.23125 0.0203125 0.025
1 0.9125 0.35104166666666664 0.028125 0.035416666666666666
1 0.9390625 0.321875 0.025 0.03125
1 0.9859375 0.31354166666666666 0.028125 0.035416666666666666
1 0.99609375 0.2520833333333333 0.0078125 0.020833333333333332
1 0.9625 0.5270833333333333 0.028125 0.0375
5 0.88125 0.675 0.021875 0.025
5 0.80390625 0.47708333333333336 0.0109375 0.020833333333333332
4 0.821875 0.3625 0.009375 0.016666666666666666
5 0.62421875 0.036458333333333336 0.0078125 0.010416666666666666
5 0.46171875 0.815625 0.0171875 0.027083333333333334
5 0.5 0.809375 0.015625 0.03125
4 0.46640625 0.7791666666666667 0.0109375 0.025
4 0.3796875 0.46145833333333336 0.00625 0.010416666666666666
4 0.4234375 0.23125 0.00625 0.016666666666666666
4 0.4109375 0.48854166666666665 0.00625 0.014583333333333334
4 0.4015625 0.4864583333333333 0.00625 0.01875
4 0.8265625 0.13645833333333332 0.00625 0.014583333333333334
1 0.44296875 0.2625 0.0390625 0.025
1 0.44375 0.240625 0.03125 0.01875
