1 0.53359375 0.12916666666666668 0.0171875 0.029166666666666667
1 0.634375 0.39895833333333336 0.021875 0.035416666666666666
1 0.5890625 0.2875 0.01875 0.029166666666666667
1 0.5765625 0.23854166666666668 0.015625 0.027083333333333334
1 0.56171875 0.17395833333333333 0.0140625 0.027083333333333334
1 0.5546875 0.14791666666666667 0.0125 0.020833333333333332
1 0.621875 0.2947916666666667 0.021875 0.03125
1 0.60234375 0.24583333333333332 0.0171875 0.029166666666666667
1 0.59453125 0.209375 0.0203125 0.04375
1 0.58125 0.171875 0.0125 0.022916666666666665
3 0.57421875 0.13541666666666666 0.0171875 0.041666666666666664
1 0.5625 0.10833333333333334 0.015625 0.029166666666666667
1 0.38125 0.07708333333333334 0.034375 0.03333333333333333
1 0.3828125 0.06979166666666667 0.028125 0.027083333333333334
1 0.596875 0.115625 0.015625 0.027083333333333334
1 0.59765625 0.11354166666666667 0.0140625 0.022916666666666665



5 0.64765625 0.7177083333333333 0.0171875 0.035416666666666666
1 0.6640625 0.11979166666666667 0.015625 0.022916666666666665
1 0.6515625 0.08854166666666667 0.0125 0.01875
5 0.7515625 0.3020833333333333 0.025 0.025
5 0.7828125 0.278125 0.009375 0.014583333333333334
5 0.79921875 0.2604166666666667 0.0078125 0.016666666666666666
5 0.84375 0.2125 0.00625 0.008333333333333333
5 0.85390625 0.19791666666666666 0.0078125 0.008333333333333333
5 0.84921875 0.19895833333333332 0.0234375 0.03958333333333333
1 0.8203125 0.2677083333333333 0.025 0.027083333333333334
1 0.8453125 0.24479166666666666 0.025 0.027083333333333334
1 0.8671875 0.22291666666666668 0.01875 0.025
1 0.890625 0.20104166666666667 0.021875 0.022916666666666665
1 0.91015625 0.17395833333333333 0.0234375 0.027083333333333334
3 0.940625 0.13645833333333332 0.04375 0.05625
1 0.96328125 0.1125 0.0140625 0.016666666666666666
1 0.97265625 0.09895833333333333 0.0109375 0.014583333333333334
1 0.9859375 0.08125 0.015625 0.0125
1 0.98828125 0.11354166666666667 0.0140625 0.014583333333333334
1 0.975 0.13229166666666667 0.015625 0.022916666666666665
1 0.95625 0.16041666666666668 0.01875 0.025
1 0.92890625 0.190625 0.0203125 0.01875
1 0.90859375 0.21354166666666666 0.0203125 0.027083333333333334
1 0.88671875 0.23645833333333333 0.0234375 0.027083333333333334
1 0.859375 0.2625 0.021875 0.020833333333333332
1 0.83515625 0.28229166666666666 0.0296875 0.035416666666666666
1 0.84296875 0.30625 0.0296875 0.0375
3 0.878125 0.271875 0.0375 0.04375
1 0.909375 0.24791666666666667 0.021875 0.025
3 0.94609375 0.19583333333333333 0.0453125 0.058333333333333334
1 0.97265625 0.171875 0.0171875 0.022916666666666665
1 0.9875 0.15416666666666667 0.01875 0.020833333333333332
1 0.87578125 0.3125 0.0265625 0.029166666666666667
1 0.9078125 0.27708333333333335 0.021875 0.025
1 0.9265625 0.2552083333333333 0.021875 0.022916666666666665
1 0.946875 0.23958333333333334 0.01875 0.020833333333333332
1 0.975 0.20520833333333333 0.01875 0.027083333333333334
1 0.9875 0.184375 0.021875 0.022916666666666665
1 0.87890625 0.3416666666666667 0.0296875 0.0375
1 0.9125 0.309375 0.025 0.03125
1 0.93515625 0.28125 0.0234375 0.029166666666666667
1 0.95859375 0.253125 0.0171875 0.01875
1 0.97890625 0.2375 0.0203125 0.025
1 0.90625 0.35520833333333335 0.03125 0.03958333333333333
1 0.93125 0.325 0.025 0.03333333333333333

1 0.953125 0.303125 0.021875 0.027083333333333334


5 0.75546875 0.45625 0.0171875 0.025
4 0.74375 0.3072916666666667 0.0125 0.01875

5 0.06640625 0.8072916666666666 0.0296875 0.027083333333333334
5 0.4703125 0.7604166666666666 0.01875 0.041666666666666664
4 0.440625 0.7458333333333333 0.009375 0.025
4 0.37265625 0.4625 0.0078125 0.008333333333333333
4 0.41796875 0.234375 0.0078125 0.014583333333333334
4 0.41015625 0.4864583333333333 0.0046875 0.010416666666666666
4 0.4125 0.47708333333333336 0.003125 0.0125
4 0.76875 0.13333333333333333 0.00625 0.0125
1 0.43828125 0.2625 0.0390625 0.029166666666666667
1 0.4375 0.24270833333333333 0.028125 0.01875
