1 0.53359375 0.13020833333333334 0.0171875 0.03125
1 0.6375 0.40625 0.021875 0.0375
1 0.5890625 0.28958333333333336 0.01875 0.029166666666666667
1 0.5765625 0.24166666666666667 0.015625 0.029166666666666667
1 0.56328125 0.17604166666666668 0.0140625 0.027083333333333334
1 0.5546875 0.14791666666666667 0.0125 0.020833333333333332
1 0.62421875 0.29791666666666666 0.0234375 0.03333333333333333
1 0.603125 0.24791666666666667 0.01875 0.029166666666666667
1 0.596875 0.209375 0.021875 0.04375
1 0.58203125 0.17395833333333333 0.0140625 0.022916666666666665
3 0.5734375 0.13541666666666666 0.01875 0.041666666666666664
1 0.5625 0.109375 0.015625 0.027083333333333334
1 0.38125 0.07708333333333334 0.034375 0.03333333333333333
1 0.38203125 0.06979166666666667 0.0296875 0.027083333333333334
1 0.59453125 0.11041666666666666 0.0171875 0.029166666666666667
1 0.59375 0.109375 0.015625 0.027083333333333334



5 0.65 0.7354166666666667 0.01875 0.03333333333333333
1 0.665625 0.11979166666666667 0.01875 0.022916666666666665
1 0.6515625 0.08854166666666667 0.0125 0.01875
5 0.753125 0.3020833333333333 0.025 0.025
5 0.7828125 0.2791666666666667 0.009375 0.016666666666666666
5 0.7984375 0.2604166666666667 0.009375 0.016666666666666666
5 0.84375 0.2125 0.00625 0.008333333333333333
5 0.85390625 0.19791666666666666 0.0078125 0.008333333333333333
5 0.84765625 0.19895833333333332 0.0234375 0.03958333333333333
1 0.8203125 0.2677083333333333 0.025 0.027083333333333334
1 0.8453125 0.24479166666666666 0.025 0.027083333333333334
1 0.8671875 0.22395833333333334 0.01875 0.022916666666666665
1 0.890625 0.20104166666666667 0.021875 0.022916666666666665
1 0.909375 0.17395833333333333 0.025 0.027083333333333334
3 0.94140625 0.13645833333333332 0.0453125 0.05625
1 0.96328125 0.11145833333333334 0.0140625 0.01875
1 0.97265625 0.09895833333333333 0.0109375 0.014583333333333334
1 0.9859375 0.08125 0.015625 0.0125
1 0.98828125 0.11354166666666667 0.0140625 0.014583333333333334
1 0.975 0.13229166666666667 0.015625 0.022916666666666665
1 0.95703125 0.159375 0.0171875 0.022916666666666665
1 0.92890625 0.190625 0.0203125 0.01875
1 0.90859375 0.21354166666666666 0.0203125 0.027083333333333334
1 0.88671875 0.2375 0.0234375 0.025
1 0.859375 0.2625 0.021875 0.020833333333333332
1 0.8359375 0.28229166666666666 0.03125 0.035416666666666666
1 0.84296875 0.30833333333333335 0.0296875 0.0375
3 0.87734375 0.271875 0.0359375 0.04375
1 0.909375 0.24791666666666667 0.021875 0.025
3 0.9453125 0.19583333333333333 0.046875 0.058333333333333334
1 0.97265625 0.171875 0.0171875 0.022916666666666665
1 0.9875 0.15416666666666667 0.01875 0.020833333333333332
1 0.87578125 0.3125 0.0265625 0.029166666666666667
1 0.9078125 0.278125 0.021875 0.027083333333333334
1 0.92578125 0.2552083333333333 0.0203125 0.022916666666666665
1 0.946875 0.23958333333333334 0.01875 0.020833333333333332
1 0.97578125 0.20625 0.0203125 0.025
1 0.9875 0.184375 0.021875 0.022916666666666665
1 0.878125 0.34270833333333334 0.03125 0.035416666666666666
1 0.9125 0.3104166666666667 0.025 0.029166666666666667
1 0.93515625 0.28125 0.0234375 0.029166666666666667
1 0.95859375 0.253125 0.0171875 0.01875
1 0.978125 0.2375 0.01875 0.025
1 0.90546875 0.35520833333333335 0.0328125 0.03958333333333333
1 0.93125 0.325 0.025 0.03333333333333333

1 0.953125 0.303125 0.021875 0.027083333333333334


5 0.76015625 0.459375 0.0171875 0.022916666666666665
4 0.74375 0.30625 0.0125 0.016666666666666666

5 0.053125 0.8135416666666667 0.028125 0.027083333333333334
5 0.46953125 0.7572916666666667 0.0171875 0.04375
4 0.43984375 0.7447916666666666 0.0109375 0.027083333333333334
4 0.37265625 0.4635416666666667 0.0078125 0.00625
4 0.41796875 0.234375 0.0078125 0.014583333333333334
4 0.41015625 0.48854166666666665 0.0046875 0.010416666666666666
4 0.41328125 0.478125 0.0046875 0.010416666666666666
4 0.765625 0.13333333333333333 0.009375 0.0125
1 0.4375 0.2625 0.040625 0.029166666666666667
1 0.4390625 0.240625 0.025 0.01875
