1 0.534375 0.13020833333333334 0.015625 0.027083333333333334
1 0.640625 0.415625 0.025 0.03958333333333333
1 0.590625 0.29375 0.01875 0.029166666666666667
1 0.578125 0.24479166666666666 0.015625 0.03125
1 0.56328125 0.17916666666666667 0.0140625 0.025
1 0.5546875 0.14895833333333333 0.0125 0.022916666666666665
1 0.625 0.30104166666666665 0.021875 0.03125
1 0.603125 0.25104166666666666 0.01875 0.03125
1 0.596875 0.21145833333333333 0.021875 0.04375
1 0.5828125 0.175 0.0125 0.020833333333333332
3 0.57421875 0.13645833333333332 0.0203125 0.04375
1 0.56484375 0.109375 0.0171875 0.03125
1 0.38125 0.07708333333333334 0.034375 0.03333333333333333
1 0.38203125 0.06979166666666667 0.0296875 0.027083333333333334
1 0.590625 0.10208333333333333 0.015625 0.029166666666666667
1 0.590625 0.1 0.015625 0.025



5 0.6546875 0.7541666666666667 0.01875 0.0375
1 0.665625 0.12083333333333333 0.01875 0.025
1 0.6515625 0.08854166666666667 0.0125 0.01875
5 0.75390625 0.3020833333333333 0.0265625 0.025
5 0.7828125 0.2791666666666667 0.009375 0.016666666666666666
5 0.796875 0.2635416666666667 0.009375 0.01875
5 0.84375 0.2125 0.00625 0.008333333333333333
5 0.85390625 0.19791666666666666 0.0078125 0.008333333333333333
5 0.8484375 0.19791666666666666 0.021875 0.041666666666666664
1 0.81953125 0.2677083333333333 0.0265625 0.027083333333333334
1 0.8453125 0.24479166666666666 0.025 0.027083333333333334
1 0.8671875 0.22395833333333334 0.01875 0.022916666666666665
1 0.890625 0.20104166666666667 0.021875 0.022916666666666665
1 0.909375 0.175 0.025 0.029166666666666667
3 0.940625 0.13854166666666667 0.04375 0.05625
1 0.96328125 0.11354166666666667 0.0140625 0.01875
1 0.97109375 0.10104166666666667 0.0109375 0.014583333333333334
1 0.98515625 0.08229166666666667 0.0140625 0.014583333333333334
1 0.98828125 0.11354166666666667 0.0140625 0.014583333333333334
1 0.975 0.13229166666666667 0.015625 0.022916666666666665
1 0.95625 0.159375 0.01875 0.022916666666666665
1 0.928125 0.190625 0.01875 0.01875
1 0.909375 0.21354166666666666 0.021875 0.027083333333333334
1 0.8859375 0.2375 0.021875 0.025
1 0.859375 0.2625 0.021875 0.020833333333333332
1 0.83515625 0.28229166666666666 0.0296875 0.035416666666666666
1 0.84296875 0.30833333333333335 0.0296875 0.0375
3 0.878125 0.271875 0.0375 0.04375
1 0.909375 0.24895833333333334 0.021875 0.022916666666666665
3 0.9453125 0.19583333333333333 0.046875 0.058333333333333334
1 0.97265625 0.171875 0.0171875 0.022916666666666665
1 0.9875 0.15416666666666667 0.01875 0.020833333333333332
1 0.875 0.3125 0.028125 0.029166666666666667
1 0.9078125 0.278125 0.021875 0.027083333333333334
1 0.9265625 0.25729166666666664 0.021875 0.022916666666666665
1 0.946875 0.23958333333333334 0.01875 0.020833333333333332
1 0.975 0.20625 0.01875 0.025
1 0.9875 0.184375 0.021875 0.022916666666666665
1 0.878125 0.34270833333333334 0.03125 0.035416666666666666
1 0.9125 0.3104166666666667 0.025 0.029166666666666667
1 0.93515625 0.28125 0.0234375 0.029166666666666667
1 0.95859375 0.253125 0.0171875 0.01875
1 0.97890625 0.2375 0.0203125 0.025
1 0.90546875 0.35520833333333335 0.0328125 0.03958333333333333
1 0.93125 0.325 0.025 0.03333333333333333

1 0.953125 0.303125 0.021875 0.027083333333333334


5 0.76484375 0.46458333333333335 0.0171875 0.025
4 0.74296875 0.30625 0.0140625 0.016666666666666666

5 0.0390625 0.8197916666666667 0.028125 0.027083333333333334
5 0.46875 0.7541666666666667 0.015625 0.0375
4 0.43984375 0.7427083333333333 0.0109375 0.027083333333333334
4 0.37265625 0.4635416666666667 0.0078125 0.00625
4 0.41875 0.23229166666666667 0.00625 0.014583333333333334
4 0.409375 0.48854166666666665 0.00625 0.010416666666666666
4 0.41328125 0.4791666666666667 0.0046875 0.008333333333333333
4 0.76484375 0.13229166666666667 0.0078125 0.014583333333333334
1 0.43671875 0.2635416666666667 0.0390625 0.027083333333333334
1 0.4390625 0.24166666666666667 0.028125 0.020833333333333332
