1 0.5375 0.12395833333333334 0.015625 0.022916666666666665
1 0.5890625 0.25833333333333336 0.01875 0.029166666666666667
1 0.58125 0.22916666666666666 0.015625 0.025
1 0.571875 0.190625 0.015625 0.027083333333333334
1 0.56484375 0.16145833333333334 0.0140625 0.01875
1 0.559375 0.14270833333333333 0.0125 0.014583333333333334
1 0.60859375 0.246875 0.0203125 0.035416666666666666
1 0.5984375 0.2125 0.01875 0.029166666666666667
1 0.59296875 0.1875 0.0171875 0.029166666666666667
1 0.58359375 0.16354166666666667 0.0140625 0.022916666666666665
3 0.57890625 0.128125 0.0203125 0.04375
1 0.56875 0.10625 0.01875 0.03333333333333333
1 0.38515625 0.07604166666666666 0.0328125 0.03125
1 0.384375 0.06875 0.03125 0.025
1 0.59921875 0.109375 0.0171875 0.022916666666666665
1 0.609375 0.05416666666666667 0.0125 0.020833333333333332
1 0.57109375 0.035416666666666666 0.0109375 0.016666666666666666
1 0.5875 0.03333333333333333 0.015625 0.020833333333333332
1 0.56015625 0.004166666666666667 0.0109375 0.008333333333333333
5 0.64453125 0.09895833333333333 0.0078125 0.010416666666666666
1 0.66953125 0.11666666666666667 0.0171875 0.025
1 0.65703125 0.08541666666666667 0.0140625 0.016666666666666666
5 0.7640625 0.29375 0.021875 0.020833333333333332
5 0.78203125 0.2864583333333333 0.0140625 0.022916666666666665
5 0.8 0.2635416666666667 0.00625 0.014583333333333334
5 0.834375 0.23333333333333334 0.009375 0.016666666666666666
5 0.853125 0.20104166666666667 0.009375 0.010416666666666666
5 0.89609375 0.16354166666666667 0.0078125 0.014583333333333334
1 0.82578125 0.265625 0.0265625 0.027083333333333334
1 0.8515625 0.24270833333333333 0.025 0.027083333333333334
1 0.87421875 0.21979166666666666 0.0203125 0.022916666666666665
1 0.896875 0.196875 0.021875 0.022916666666666665
1 0.91484375 0.171875 0.0234375 0.027083333333333334
3 0.94609375 0.13333333333333333 0.0421875 0.05416666666666667
1 0.9671875 0.11041666666666666 0.015625 0.020833333333333332
1 0.97734375 0.096875 0.0109375 0.014583333333333334
1 0.9921875 0.07708333333333334 0.015625 0.0125
1 0.99375 0.10729166666666666 0.0125 0.01875
1 0.98046875 0.12916666666666668 0.0171875 0.020833333333333332
1 0.96328125 0.15729166666666666 0.0203125 0.03125
1 0.93984375 0.18020833333333333 0.0203125 0.022916666666666665
1 0.915625 0.21041666666666667 0.021875 0.025
1 0.8921875 0.23333333333333334 0.021875 0.025
1 0.865625 0.259375 0.021875 0.027083333333333334
1 0.84296875 0.27708333333333335 0.0328125 0.0375
1 0.8484375 0.30520833333333336 0.03125 0.03958333333333333
3 0.88359375 0.26979166666666665 0.0359375 0.04375
1 0.915625 0.24479166666666666 0.021875 0.027083333333333334
3 0.95078125 0.19375 0.0421875 0.058333333333333334
1 0.978125 0.16875 0.015625 0.020833333333333332
1 0.9921875 0.14895833333333333 0.015625 0.022916666666666665
1 0.88125 0.3104166666666667 0.028125 0.03333333333333333
1 0.9140625 0.275 0.021875 0.029166666666666667
1 0.9328125 0.25416666666666665 0.021875 0.025
1 0.95546875 0.234375 0.0203125 0.022916666666666665
1 0.9796875 0.20416666666666666 0.021875 0.029166666666666667
1 0.9921875 0.18125 0.015625 0.020833333333333332
1 0.8859375 0.33958333333333335 0.03125 0.0375
1 0.91953125 0.30625 0.0265625 0.03333333333333333
1 0.94140625 0.278125 0.0234375 0.03125
1 0.9640625 0.2520833333333333 0.01875 0.025
1 0.984375 0.23333333333333334 0.021875 0.025
1 0.91171875 0.3541666666666667 0.0296875 0.0375
1 0.93828125 0.3229166666666667 0.0265625 0.03333333333333333
1 0.99296875 0.31875 0.0140625 0.025
1 0.99140625 0.2625 0.0171875 0.029166666666666667
1 0.9953125 0.46458333333333335 0.009375 0.025
5 0.92265625 0.721875 0.0203125 0.03125
5 0.7859375 0.43333333333333335 0.009375 0.020833333333333332
4 0.8125 0.35625 0.009375 0.016666666666666666
5 0.61953125 0.023958333333333335 0.0046875 0.010416666666666666
5 0.44453125 0.796875 0.0203125 0.027083333333333334
5 0.4953125 0.8 0.01875 0.03333333333333333
4 0.46484375 0.7760416666666666 0.0140625 0.027083333333333334
4 0.37734375 0.4625 0.0078125 0.008333333333333333
4 0.42109375 0.23333333333333334 0.0078125 0.016666666666666666
4 0.41015625 0.4875 0.0078125 0.0125
4 0.40234375 0.4875 0.0046875 0.0125
4 0.82421875 0.13645833333333332 0.0078125 0.014583333333333334
1 0.4421875 0.26458333333333334 0.040625 0.029166666666666667
1 0.44296875 0.24166666666666667 0.0328125 0.020833333333333332
