1 0.53515625 0.13645833333333332 0.0171875 0.027083333333333334
1 0.65 0.44479166666666664 0.025 0.03958333333333333
1 0.59453125 0.303125 0.0203125 0.03125
1 0.58046875 0.25625 0.0171875 0.029166666666666667
1 0.56484375 0.18958333333333333 0.0140625 0.025
1 0.55390625 0.14895833333333333 0.0140625 0.022916666666666665
1 0.63125 0.31145833333333334 0.025 0.03125
1 0.60625 0.259375 0.01875 0.027083333333333334
1 0.5953125 0.20416666666666666 0.01875 0.029166666666666667
1 0.584375 0.184375 0.0125 0.022916666666666665
3 0.57421875 0.14166666666666666 0.0203125 0.041666666666666664
1 0.56484375 0.11041666666666666 0.0171875 0.029166666666666667
1 0.38125 0.07708333333333334 0.034375 0.03333333333333333
1 0.38203125 0.06875 0.0296875 0.029166666666666667
1 0.5828125 0.08020833333333334 0.015625 0.027083333333333334
1 0.584375 0.08020833333333334 0.015625 0.027083333333333334



5 0.6640625 0.484375 0.021875 0.69375
1 0.6640625 0.121875 0.015625 0.022916666666666665
1 0.65078125 0.08958333333333333 0.0140625 0.016666666666666666
5 0.75625 0.3020833333333333 0.025 0.025
5 0.79296875 0.275 0.0078125 0.016666666666666666
5 0.7984375 0.26666666666666666 0.0125 0.025
5 0.84375 0.2125 0.00625 0.008333333333333333
5 0.853125 0.19791666666666666 0.009375 0.008333333333333333
5 0.8484375 0.2 0.021875 0.0375
1 0.81953125 0.26875 0.0265625 0.029166666666666667
1 0.8453125 0.24479166666666666 0.025 0.027083333333333334
1 0.8671875 0.22395833333333334 0.01875 0.022916666666666665
1 0.890625 0.20104166666666667 0.021875 0.022916666666666665
1 0.909375 0.17604166666666668 0.025 0.027083333333333334
3 0.940625 0.1375 0.04375 0.058333333333333334
1 0.96328125 0.11354166666666667 0.0140625 0.01875
1 0.971875 0.1 0.0125 0.016666666666666666
1 0.98515625 0.08229166666666667 0.0140625 0.014583333333333334
1 0.98828125 0.11354166666666667 0.0140625 0.014583333333333334
1 0.975 0.13229166666666667 0.015625 0.022916666666666665
1 0.95625 0.16041666666666668 0.01875 0.025
1 0.92734375 0.190625 0.0171875 0.01875
1 0.90859375 0.21458333333333332 0.0203125 0.029166666666666667
1 0.8859375 0.2375 0.021875 0.025
1 0.85859375 0.2625 0.0234375 0.020833333333333332
1 0.83515625 0.28229166666666666 0.0296875 0.035416666666666666
1 0.8421875 0.30833333333333335 0.03125 0.0375
3 0.87734375 0.271875 0.0359375 0.04375
1 0.909375 0.24895833333333334 0.021875 0.022916666666666665
3 0.9453125 0.196875 0.046875 0.06041666666666667
1 0.97265625 0.171875 0.0171875 0.022916666666666665
1 0.9875 0.15416666666666667 0.01875 0.020833333333333332
1 0.87421875 0.3125 0.0265625 0.029166666666666667
1 0.9078125 0.278125 0.021875 0.027083333333333334
1 0.9265625 0.25729166666666664 0.021875 0.022916666666666665
1 0.946875 0.23958333333333334 0.01875 0.020833333333333332
1 0.97421875 0.20729166666666668 0.0203125 0.027083333333333334
1 0.98671875 0.184375 0.0203125 0.022916666666666665
1 0.87734375 0.34270833333333334 0.0296875 0.035416666666666666
1 0.9109375 0.3104166666666667 0.025 0.029166666666666667
1 0.93515625 0.28229166666666666 0.0234375 0.027083333333333334
1 0.95703125 0.25416666666666665 0.0203125 0.020833333333333332
1 0.978125 0.2375 0.021875 0.025
1 0.90546875 0.35520833333333335 0.0328125 0.03958333333333333
1 0.93046875 0.325 0.0265625 0.03333333333333333

1 0.953125 0.303125 0.021875 0.027083333333333334


5 0.7765625 0.4708333333333333 0.01875 0.025
4 0.74609375 0.30416666666666664 0.0140625 0.016666666666666666

5 0.00546875 0.8364583333333333 0.0109375 0.022916666666666665
5 0.46484375 0.74375 0.0171875 0.03333333333333333
4 0.4375 0.7354166666666667 0.0125 0.025
4 0.37109375 0.4635416666666667 0.0078125 0.00625
4 0.4171875 0.23229166666666667 0.00625 0.014583333333333334
4 0.409375 0.48854166666666665 0.00625 0.010416666666666666
4 0.41328125 0.48020833333333335 0.0046875 0.00625
4 0.76796875 0.13333333333333333 0.0078125 0.0125
1 0.43671875 0.265625 0.0390625 0.027083333333333334
1 0.4390625 0.24166666666666667 0.028125 0.020833333333333332
