1 0.5359375 0.1375 0.015625 0.029166666666666667
1 0.65546875 0.4625 0.0265625 0.041666666666666664
1 0.59765625 0.30833333333333335 0.0203125 0.029166666666666667
1 0.58203125 0.26145833333333335 0.0171875 0.03125
1 0.56640625 0.19479166666666667 0.0140625 0.022916666666666665
1 0.55390625 0.14895833333333333 0.0140625 0.022916666666666665
1 0.634375 0.3177083333333333 0.025 0.035416666666666666
1 0.6078125 0.2635416666666667 0.021875 0.03125
1 0.596875 0.20416666666666666 0.01875 0.029166666666666667
1 0.58515625 0.190625 0.0140625 0.022916666666666665
3 0.57578125 0.14166666666666666 0.0203125 0.04583333333333333
1 0.56484375 0.1125 0.0171875 0.029166666666666667
1 0.38125 0.078125 0.034375 0.03125
1 0.38203125 0.06979166666666667 0.0296875 0.027083333333333334
1 0.578125 0.06770833333333333 0.015625 0.027083333333333334
1 0.57890625 0.06875 0.0140625 0.025



5 0.65390625 0.1375 0.0078125 0.0125
1 0.665625 0.12083333333333333 0.01875 0.025
1 0.65078125 0.08958333333333333 0.0140625 0.016666666666666666
5 0.75625 0.303125 0.025 0.027083333333333334
5 0.79296875 0.278125 0.0078125 0.014583333333333334
5 0.80078125 0.2604166666666667 0.0078125 0.0125
5 0.84453125 0.21354166666666666 0.0078125 0.010416666666666666
5 0.853125 0.2 0.009375 0.008333333333333333
5 0.8484375 0.2 0.021875 0.0375
1 0.81953125 0.26875 0.0265625 0.029166666666666667
1 0.8453125 0.24583333333333332 0.025 0.025
1 0.8671875 0.22395833333333334 0.01875 0.022916666666666665
1 0.890625 0.20104166666666667 0.021875 0.022916666666666665
1 0.909375 0.17604166666666668 0.025 0.027083333333333334
3 0.940625 0.1375 0.04375 0.058333333333333334
1 0.9640625 0.11354166666666667 0.015625 0.01875
1 0.97109375 0.10104166666666667 0.0109375 0.014583333333333334
1 0.98515625 0.08229166666666667 0.0140625 0.014583333333333334
1 0.98828125 0.11354166666666667 0.0140625 0.014583333333333334
1 0.975 0.13229166666666667 0.015625 0.022916666666666665
1 0.95546875 0.16041666666666668 0.0203125 0.025
1 0.92734375 0.19166666666666668 0.0171875 0.020833333333333332
1 0.90859375 0.21458333333333332 0.0203125 0.029166666666666667
1 0.8859375 0.2375 0.021875 0.025
1 0.85859375 0.2625 0.0234375 0.020833333333333332
1 0.83515625 0.28229166666666666 0.0296875 0.035416666666666666
1 0.8421875 0.30833333333333335 0.03125 0.0375
3 0.878125 0.271875 0.0375 0.04375
1 0.909375 0.24895833333333334 0.021875 0.022916666666666665
3 0.9453125 0.196875 0.046875 0.06041666666666667
1 0.97265625 0.17291666666666666 0.0171875 0.020833333333333332
1 0.9875 0.15416666666666667 0.01875 0.020833333333333332
1 0.87421875 0.3125 0.0265625 0.029166666666666667
1 0.9078125 0.2791666666666667 0.021875 0.025
1 0.925 0.25729166666666664 0.021875 0.022916666666666665
1 0.946875 0.23958333333333334 0.01875 0.020833333333333332
1 0.9734375 0.20729166666666668 0.021875 0.03125
1 0.9875 0.184375 0.021875 0.022916666666666665
1 0.878125 0.34375 0.03125 0.0375
1 0.9109375 0.31145833333333334 0.025 0.03125
1 0.93515625 0.28229166666666666 0.0234375 0.027083333333333334
1 0.95703125 0.25416666666666665 0.0203125 0.020833333333333332
1 0.978125 0.2375 0.021875 0.025
1 0.90546875 0.35520833333333335 0.0328125 0.03958333333333333
1 0.93046875 0.3260416666666667 0.0265625 0.035416666666666666

1 0.953125 0.303125 0.021875 0.027083333333333334


5 0.7828125 0.47604166666666664 0.01875 0.022916666666666665
4 0.74609375 0.30416666666666664 0.0140625 0.016666666666666666


5 0.46328125 0.7375 0.0171875 0.03333333333333333
4 0.43671875 0.7333333333333333 0.0109375 0.025
4 0.3703125 0.4625 0.00625 0.008333333333333333
4 0.41796875 0.23229166666666667 0.0078125 0.014583333333333334
4 0.409375 0.48854166666666665 0.00625 0.010416666666666666
4 0.4140625 0.4791666666666667 0.00625 0.008333333333333333
4 0.76796875 0.13333333333333333 0.0078125 0.0125
1 0.43671875 0.26458333333333334 0.0390625 0.025
1 0.4390625 0.24166666666666667 0.028125 0.020833333333333332
