1 0.53671875 0.1375 0.0171875 0.029166666666666667
1 0.65859375 0.4739583333333333 0.0265625 0.04375
1 0.5984375 0.31145833333333334 0.021875 0.03125
1 0.58359375 0.26458333333333334 0.0171875 0.029166666666666667
1 0.56796875 0.2 0.0140625 0.029166666666666667
1 0.5546875 0.14895833333333333 0.0125 0.022916666666666665
1 0.6359375 0.321875 0.025 0.035416666666666666
1 0.6109375 0.26666666666666666 0.01875 0.03333333333333333
1 0.5984375 0.20625 0.01875 0.029166666666666667
1 0.5859375 0.19479166666666667 0.0125 0.022916666666666665
3 0.57578125 0.14375 0.0203125 0.04583333333333333
1 0.56484375 0.11354166666666667 0.0171875 0.03125
1 0.38125 0.07708333333333334 0.034375 0.03333333333333333
1 0.38203125 0.06979166666666667 0.0296875 0.027083333333333334
1 0.57578125 0.0625 0.0171875 0.029166666666666667
1 0.5765625 0.06354166666666666 0.015625 0.027083333333333334



5 0.65234375 0.13333333333333333 0.0078125 0.016666666666666666
1 0.66484375 0.12083333333333333 0.0171875 0.025
1 0.6515625 0.08958333333333333 0.0125 0.016666666666666666
5 0.76171875 0.30416666666666664 0.0203125 0.025
5 0.79296875 0.28020833333333334 0.0078125 0.014583333333333334
5 0.8 0.2604166666666667 0.00625 0.0125
5 0.84375 0.21354166666666666 0.00625 0.010416666666666666
5 0.853125 0.2 0.009375 0.008333333333333333
5 0.8484375 0.2 0.021875 0.0375
1 0.81953125 0.26875 0.0265625 0.029166666666666667
1 0.8453125 0.24583333333333332 0.025 0.025
1 0.8671875 0.22395833333333334 0.01875 0.022916666666666665
1 0.890625 0.20208333333333334 0.021875 0.025
1 0.909375 0.17604166666666668 0.025 0.027083333333333334
3 0.94140625 0.1375 0.0453125 0.058333333333333334
1 0.9640625 0.11354166666666667 0.015625 0.01875
1 0.97109375 0.10104166666666667 0.0109375 0.014583333333333334
1 0.98515625 0.08333333333333333 0.0140625 0.0125
1 0.9921875 0.11041666666666666 0.015625 0.0125
1 0.975 0.13229166666666667 0.015625 0.022916666666666665
1 0.95546875 0.16041666666666668 0.0203125 0.025
1 0.92734375 0.19270833333333334 0.0171875 0.01875
1 0.90859375 0.215625 0.0203125 0.027083333333333334
1 0.8859375 0.2375 0.021875 0.025
1 0.85859375 0.2625 0.0234375 0.020833333333333332
1 0.83515625 0.28229166666666666 0.0296875 0.035416666666666666
1 0.8421875 0.30833333333333335 0.03125 0.0375
3 0.87734375 0.271875 0.0359375 0.04375
1 0.909375 0.24895833333333334 0.021875 0.022916666666666665
3 0.9453125 0.196875 0.046875 0.06041666666666667
1 0.97265625 0.171875 0.0171875 0.022916666666666665
1 0.9875 0.15416666666666667 0.01875 0.020833333333333332
1 0.87421875 0.3125 0.0265625 0.029166666666666667
1 0.9078125 0.2791666666666667 0.021875 0.025
1 0.925 0.25729166666666664 0.021875 0.022916666666666665
1 0.946875 0.23958333333333334 0.01875 0.020833333333333332
1 0.9734375 0.20833333333333334 0.021875 0.029166666666666667
1 0.98671875 0.184375 0.0203125 0.022916666666666665
1 0.87734375 0.34375 0.0296875 0.0375
1 0.91171875 0.31145833333333334 0.0265625 0.03125
1 0.93515625 0.28229166666666666 0.0234375 0.027083333333333334
1 0.95703125 0.25416666666666665 0.0203125 0.020833333333333332
1 0.978125 0.2375 0.01875 0.025
1 0.90546875 0.35520833333333335 0.0296875 0.035416666666666666
1 0.93125 0.3260416666666667 0.025 0.03125

1 0.953125 0.303125 0.021875 0.027083333333333334


5 0.78671875 0.478125 0.0171875 0.022916666666666665
4 0.74609375 0.303125 0.0140625 0.01875


5 0.46171875 0.734375 0.0171875 0.03125
4 0.4359375 0.73125 0.0125 0.025
4 0.3703125 0.4625 0.00625 0.008333333333333333
4 0.4171875 0.23333333333333334 0.00625 0.016666666666666666
4 0.41015625 0.48854166666666665 0.0046875 0.00625
4 0.4140625 0.478125 0.00625 0.010416666666666666
4 0.76640625 0.13333333333333333 0.0078125 0.0125
1 0.43671875 0.26458333333333334 0.0390625 0.025
1 0.4390625 0.24166666666666667 0.028125 0.020833333333333332
