1 0.53671875 0.13854166666666667 0.0171875 0.03125
1 0.66015625 0.478125 0.0265625 0.04375
1 0.59921875 0.3125 0.0203125 0.029166666666666667
1 0.58359375 0.26666666666666666 0.0171875 0.029166666666666667
1 0.56796875 0.20104166666666667 0.0140625 0.027083333333333334
1 0.5546875 0.14895833333333333 0.0125 0.022916666666666665
1 0.63671875 0.32395833333333335 0.0234375 0.035416666666666666
1 0.6109375 0.2677083333333333 0.01875 0.03125
1 0.58984375 0.20104166666666667 0.0203125 0.03125
1 0.5859375 0.19479166666666667 0.0125 0.022916666666666665
3 0.57578125 0.14479166666666668 0.0203125 0.04791666666666667
1 0.56484375 0.11354166666666667 0.0171875 0.03125
1 0.38125 0.07708333333333334 0.034375 0.03333333333333333
1 0.38203125 0.06979166666666667 0.0296875 0.027083333333333334
1 0.575 0.059375 0.015625 0.027083333333333334
1 0.575 0.059375 0.015625 0.027083333333333334



5 0.6515625 0.13333333333333333 0.00625 0.0125
1 0.665625 0.12083333333333333 0.01875 0.025
1 0.65078125 0.08958333333333333 0.0140625 0.016666666666666666
5 0.7609375 0.303125 0.021875 0.027083333333333334
5 0.79296875 0.28020833333333334 0.0078125 0.014583333333333334
5 0.79921875 0.2604166666666667 0.0078125 0.0125
5 0.84375 0.21354166666666666 0.00625 0.010416666666666666
5 0.853125 0.19895833333333332 0.009375 0.010416666666666666
5 0.8484375 0.2 0.021875 0.0375
1 0.81953125 0.26875 0.0265625 0.029166666666666667
1 0.8453125 0.24583333333333332 0.025 0.025
1 0.8671875 0.22395833333333334 0.01875 0.022916666666666665
1 0.890625 0.20208333333333334 0.021875 0.025
1 0.909375 0.17604166666666668 0.025 0.027083333333333334
3 0.940625 0.13854166666666667 0.04375 0.05625
1 0.9640625 0.11354166666666667 0.015625 0.01875
1 0.971875 0.1 0.0125 0.016666666666666666
1 0.98515625 0.08333333333333333 0.0140625 0.0125
1 0.9921875 0.11041666666666666 0.015625 0.0125
1 0.975 0.13229166666666667 0.015625 0.022916666666666665
1 0.95546875 0.16145833333333334 0.0203125 0.022916666666666665
1 0.9265625 0.19166666666666668 0.01875 0.020833333333333332
1 0.90859375 0.215625 0.0203125 0.027083333333333334
1 0.8859375 0.2375 0.021875 0.025
1 0.85859375 0.2625 0.0234375 0.020833333333333332
1 0.83515625 0.2833333333333333 0.0296875 0.0375
1 0.8421875 0.30833333333333335 0.03125 0.0375
3 0.87734375 0.27291666666666664 0.0359375 0.041666666666666664
1 0.909375 0.25 0.021875 0.025
3 0.9453125 0.196875 0.046875 0.06041666666666667
1 0.97265625 0.171875 0.0171875 0.022916666666666665
1 0.9875 0.15520833333333334 0.01875 0.022916666666666665
1 0.87421875 0.3125 0.0265625 0.029166666666666667
1 0.9078125 0.2791666666666667 0.021875 0.025
1 0.925 0.25729166666666664 0.021875 0.022916666666666665
1 0.946875 0.23958333333333334 0.01875 0.020833333333333332
1 0.9734375 0.20729166666666668 0.021875 0.03125
1 0.98671875 0.18541666666666667 0.0203125 0.020833333333333332
1 0.87734375 0.34375 0.0296875 0.0375
1 0.9109375 0.31145833333333334 0.025 0.03125
1 0.93515625 0.28229166666666666 0.0234375 0.027083333333333334
1 0.95703125 0.25416666666666665 0.0203125 0.020833333333333332
1 0.97734375 0.2375 0.0203125 0.025
1 0.90546875 0.35520833333333335 0.0296875 0.035416666666666666
1 0.93046875 0.3260416666666667 0.0265625 0.035416666666666666

1 0.95234375 0.303125 0.0203125 0.027083333333333334


5 0.78828125 0.4791666666666667 0.0171875 0.025
4 0.74765625 0.30416666666666664 0.0109375 0.0125


5 0.46171875 0.734375 0.0171875 0.03125
4 0.4359375 0.7291666666666666 0.0125 0.025
4 0.3703125 0.4635416666666667 0.00625 0.00625
4 0.41796875 0.23333333333333334 0.0078125 0.016666666666666666
4 0.409375 0.4895833333333333 0.00625 0.008333333333333333
4 0.41484375 0.478125 0.0046875 0.010416666666666666
4 0.76796875 0.13333333333333333 0.0078125 0.0125
1 0.4375 0.2635416666666667 0.040625 0.027083333333333334
1 0.4390625 0.24166666666666667 0.028125 0.020833333333333332
