1 0.53671875 0.13854166666666667 0.0171875 0.03125
1 0.66171875 0.484375 0.0265625 0.04375
1 0.60078125 0.315625 0.0203125 0.03125
1 0.58359375 0.26875 0.0171875 0.029166666666666667
1 0.56875 0.20416666666666666 0.015625 0.025
1 0.5546875 0.14895833333333333 0.0125 0.022916666666666665
1 0.6390625 0.325 0.025 0.03333333333333333
1 0.6109375 0.26979166666666665 0.01875 0.03125
1 0.5875 0.2 0.015625 0.025
1 0.58671875 0.19791666666666666 0.0140625 0.025
3 0.5765625 0.14583333333333334 0.01875 0.04583333333333333
1 0.5640625 0.11458333333333333 0.015625 0.029166666666666667
1 0.38125 0.07708333333333334 0.034375 0.03333333333333333
1 0.38203125 0.06875 0.0296875 0.029166666666666667
1 0.5734375 0.05416666666666667 0.015625 0.025
1 0.5734375 0.05416666666666667 0.015625 0.025



5 0.65078125 0.13020833333333334 0.0078125 0.014583333333333334
1 0.66484375 0.12083333333333333 0.0171875 0.025
1 0.65078125 0.08958333333333333 0.0140625 0.016666666666666666
5 0.76171875 0.303125 0.0203125 0.027083333333333334
5 0.7921875 0.28125 0.00625 0.016666666666666666
5 0.79921875 0.2604166666666667 0.0078125 0.0125
5 0.84375 0.21354166666666666 0.00625 0.010416666666666666
5 0.853125 0.19895833333333332 0.009375 0.010416666666666666
5 0.8484375 0.2 0.021875 0.0375
1 0.81953125 0.26875 0.0265625 0.029166666666666667
1 0.8453125 0.24583333333333332 0.025 0.025
1 0.8671875 0.22395833333333334 0.01875 0.022916666666666665
1 0.890625 0.20208333333333334 0.021875 0.025
1 0.909375 0.17604166666666668 0.025 0.027083333333333334
3 0.940625 0.13854166666666667 0.04375 0.05625
1 0.9640625 0.11354166666666667 0.015625 0.01875
1 0.971875 0.1 0.0125 0.016666666666666666
1 0.984375 0.08333333333333333 0.0125 0.0125
1 0.98828125 0.11354166666666667 0.0140625 0.014583333333333334
1 0.975 0.13229166666666667 0.015625 0.022916666666666665
1 0.95546875 0.16145833333333334 0.0203125 0.022916666666666665
1 0.9265625 0.19270833333333334 0.01875 0.01875
1 0.9078125 0.215625 0.01875 0.027083333333333334
1 0.8859375 0.2375 0.021875 0.025
1 0.85859375 0.2625 0.0234375 0.020833333333333332
1 0.83515625 0.2833333333333333 0.0296875 0.0375
1 0.8421875 0.30833333333333335 0.03125 0.0375
3 0.878125 0.27291666666666664 0.0375 0.04583333333333333
1 0.909375 0.25 0.021875 0.025
3 0.94609375 0.196875 0.0453125 0.06041666666666667
1 0.9734375 0.171875 0.01875 0.022916666666666665
1 0.9875 0.15520833333333334 0.01875 0.022916666666666665
1 0.87421875 0.3125 0.0265625 0.029166666666666667
1 0.9078125 0.2791666666666667 0.021875 0.025
1 0.925 0.25729166666666664 0.021875 0.022916666666666665
1 0.946875 0.23958333333333334 0.01875 0.020833333333333332
1 0.9734375 0.20729166666666668 0.021875 0.03125
1 0.98671875 0.18541666666666667 0.0203125 0.020833333333333332
1 0.87734375 0.34375 0.0296875 0.0375
1 0.91328125 0.3104166666666667 0.0265625 0.03333333333333333
1 0.93515625 0.28229166666666666 0.0234375 0.027083333333333334
1 0.95859375 0.25416666666666665 0.0171875 0.020833333333333332
1 0.97734375 0.2375 0.0203125 0.025
1 0.90625 0.35520833333333335 0.03125 0.03958333333333333
1 0.9296875 0.32708333333333334 0.025 0.03333333333333333

1 0.953125 0.303125 0.021875 0.027083333333333334


5 0.78984375 0.48020833333333335 0.0171875 0.022916666666666665
4 0.74765625 0.30416666666666664 0.0109375 0.0125


5 0.4609375 0.7322916666666667 0.015625 0.03125
4 0.4359375 0.728125 0.0125 0.027083333333333334
4 0.3703125 0.4635416666666667 0.00625 0.00625
4 0.41796875 0.23229166666666667 0.0078125 0.014583333333333334
4 0.409375 0.48854166666666665 0.00625 0.00625
4 0.41484375 0.478125 0.0046875 0.010416666666666666
4 0.79296875 0.13645833333333332 0.0578125 0.014583333333333334
1 0.4375 0.2635416666666667 0.040625 0.027083333333333334
1 0.4390625 0.24166666666666667 0.028125 0.020833333333333332
