1 0.5375 0.14479166666666668 0.015625 0.027083333333333334
1 0.66640625 0.5010416666666667 0.0265625 0.04375
1 0.603125 0.32083333333333336 0.021875 0.029166666666666667
1 0.5859375 0.27291666666666664 0.015625 0.029166666666666667
1 0.5703125 0.21145833333333333 0.0125 0.027083333333333334
1 0.5546875 0.15 0.0125 0.025
1 0.6421875 0.33125 0.025 0.0375
1 0.61171875 0.27395833333333336 0.0203125 0.035416666666666666
1 0.5890625 0.20416666666666666 0.01875 0.029166666666666667
1 0.58828125 0.20416666666666666 0.0140625 0.025
3 0.57734375 0.14583333333333334 0.0203125 0.05
1 0.5640625 0.11458333333333333 0.015625 0.029166666666666667
1 0.38125 0.07708333333333334 0.034375 0.03333333333333333
1 0.3828125 0.06979166666666667 0.028125 0.027083333333333334
1 0.5703125 0.04583333333333333 0.015625 0.025
1 0.5703125 0.04583333333333333 0.015625 0.025



5 0.6484375 0.125 0.00625 0.0125
1 0.665625 0.12083333333333333 0.01875 0.025
1 0.6515625 0.08958333333333333 0.0125 0.016666666666666666
5 0.76171875 0.303125 0.0203125 0.027083333333333334
5 0.7921875 0.28541666666666665 0.00625 0.016666666666666666
5 0.79765625 0.2625 0.0078125 0.0125
5 0.84375 0.21354166666666666 0.00625 0.010416666666666666
5 0.853125 0.2 0.009375 0.008333333333333333
5 0.8484375 0.2 0.021875 0.0375
1 0.81953125 0.26979166666666665 0.0265625 0.027083333333333334
1 0.8453125 0.246875 0.025 0.027083333333333334
1 0.86640625 0.22395833333333334 0.0203125 0.022916666666666665
1 0.890625 0.20208333333333334 0.021875 0.025
1 0.909375 0.17604166666666668 0.025 0.027083333333333334
3 0.940625 0.13854166666666667 0.04375 0.05625
1 0.9640625 0.11458333333333333 0.015625 0.016666666666666666
1 0.971875 0.10104166666666667 0.0125 0.014583333333333334
1 0.984375 0.08333333333333333 0.0125 0.0125
1 0.98828125 0.11354166666666667 0.0140625 0.014583333333333334
1 0.975 0.13333333333333333 0.015625 0.020833333333333332
1 0.95703125 0.16041666666666668 0.0203125 0.025
1 0.9265625 0.19270833333333334 0.01875 0.01875
1 0.90859375 0.215625 0.0203125 0.027083333333333334
1 0.8859375 0.2375 0.021875 0.025
1 0.85859375 0.2625 0.0234375 0.020833333333333332
1 0.83515625 0.2833333333333333 0.0296875 0.0375
1 0.8421875 0.30833333333333335 0.03125 0.0375
3 0.87734375 0.271875 0.0359375 0.04375
1 0.909375 0.25 0.021875 0.025
3 0.9453125 0.196875 0.046875 0.06041666666666667
1 0.9734375 0.171875 0.01875 0.022916666666666665
1 0.9875 0.15520833333333334 0.01875 0.022916666666666665
1 0.87421875 0.3125 0.0265625 0.029166666666666667
1 0.9078125 0.2791666666666667 0.021875 0.025
1 0.925 0.25729166666666664 0.021875 0.022916666666666665
1 0.946875 0.240625 0.01875 0.01875
1 0.9734375 0.20729166666666668 0.021875 0.03125
1 0.98671875 0.18541666666666667 0.0203125 0.020833333333333332
1 0.87734375 0.34375 0.0296875 0.0375
1 0.9109375 0.31145833333333334 0.025 0.03125
1 0.93515625 0.28229166666666666 0.0234375 0.027083333333333334
1 0.9578125 0.25416666666666665 0.01875 0.020833333333333332
1 0.978125 0.2375 0.021875 0.025
1 0.9046875 0.35625 0.028125 0.03333333333333333
1 0.93125 0.3260416666666667 0.025 0.03125

1 0.953125 0.303125 0.021875 0.027083333333333334


5 0.7921875 0.4822916666666667 0.01875 0.022916666666666665
4 0.7484375 0.30416666666666664 0.009375 0.0125


5 0.45859375 0.7270833333333333 0.0140625 0.029166666666666667
4 0.434375 0.725 0.0125 0.025
4 0.3703125 0.4635416666666667 0.00625 0.00625
4 0.4171875 0.234375 0.00625 0.014583333333333334
4 0.409375 0.48854166666666665 0.00625 0.00625
4 0.415625 0.47708333333333336 0.00625 0.0125
4 0.7640625 0.134375 0.009375 0.010416666666666666
1 0.4375 0.26458333333333334 0.040625 0.029166666666666667
1 0.43828125 0.24166666666666667 0.0296875 0.020833333333333332
