1 0.5390625 0.146875 0.015625 0.027083333333333334
1 0.66953125 0.5135416666666667 0.0265625 0.04375
1 0.6046875 0.32395833333333335 0.021875 0.03125
1 0.58671875 0.27708333333333335 0.0171875 0.03333333333333333
1 0.57109375 0.215625 0.0140625 0.027083333333333334
1 0.5546875 0.15104166666666666 0.0125 0.022916666666666665
1 0.64453125 0.33541666666666664 0.0265625 0.0375
1 0.615625 0.27708333333333335 0.01875 0.03333333333333333
1 0.58984375 0.20729166666666668 0.0140625 0.027083333333333334
1 0.5890625 0.20833333333333334 0.0125 0.025
3 0.578125 0.146875 0.01875 0.04791666666666667
1 0.5640625 0.115625 0.015625 0.027083333333333334
1 0.38125 0.07708333333333334 0.034375 0.03333333333333333
1 0.3828125 0.06979166666666667 0.028125 0.027083333333333334
1 0.56796875 0.03854166666666667 0.0140625 0.027083333333333334
1 0.56796875 0.03958333333333333 0.0140625 0.025



5 0.646875 0.12291666666666666 0.00625 0.0125
1 0.665625 0.12083333333333333 0.01875 0.025
1 0.65078125 0.08958333333333333 0.0140625 0.016666666666666666
5 0.7625 0.303125 0.021875 0.027083333333333334
5 0.7921875 0.2875 0.00625 0.016666666666666666
5 0.796875 0.2625 0.00625 0.0125
5 0.84375 0.21354166666666666 0.00625 0.010416666666666666
5 0.853125 0.2 0.009375 0.008333333333333333
5 0.8484375 0.2 0.021875 0.0375
1 0.81953125 0.26979166666666665 0.0265625 0.027083333333333334
1 0.8453125 0.246875 0.025 0.027083333333333334
1 0.86640625 0.22395833333333334 0.0203125 0.022916666666666665
1 0.890625 0.20208333333333334 0.021875 0.025
1 0.909375 0.17604166666666668 0.025 0.027083333333333334
3 0.940625 0.13854166666666667 0.04375 0.05625
1 0.9640625 0.11354166666666667 0.015625 0.01875
1 0.971875 0.1 0.0125 0.016666666666666666
1 0.984375 0.08333333333333333 0.0125 0.0125
1 0.98828125 0.11354166666666667 0.0140625 0.014583333333333334
1 0.975 0.13333333333333333 0.015625 0.020833333333333332
1 0.95703125 0.16145833333333334 0.0203125 0.027083333333333334
1 0.92734375 0.19270833333333334 0.0171875 0.01875
1 0.90859375 0.215625 0.0203125 0.027083333333333334
1 0.8859375 0.2375 0.021875 0.025
1 0.85859375 0.2625 0.0234375 0.020833333333333332
1 0.83515625 0.2833333333333333 0.0296875 0.0375
1 0.8421875 0.30833333333333335 0.03125 0.0375
3 0.87734375 0.27291666666666664 0.0359375 0.04583333333333333
1 0.909375 0.25 0.021875 0.025
3 0.94609375 0.19791666666666666 0.0453125 0.058333333333333334
1 0.97265625 0.171875 0.0171875 0.022916666666666665
1 0.9875 0.15520833333333334 0.01875 0.022916666666666665
1 0.875 0.31354166666666666 0.028125 0.03125
1 0.9078125 0.2791666666666667 0.021875 0.025
1 0.925 0.25729166666666664 0.021875 0.022916666666666665
1 0.946875 0.240625 0.01875 0.01875
1 0.9734375 0.20729166666666668 0.021875 0.03125
1 0.9875 0.18541666666666667 0.01875 0.020833333333333332
1 0.87734375 0.34375 0.0296875 0.0375
1 0.9109375 0.31145833333333334 0.025 0.03125
1 0.934375 0.28229166666666666 0.021875 0.027083333333333334
1 0.95859375 0.25416666666666665 0.0171875 0.020833333333333332
1 0.97734375 0.2375 0.0203125 0.025
1 0.9046875 0.35625 0.028125 0.03333333333333333
1 0.93046875 0.32708333333333334 0.0265625 0.03333333333333333

1 0.953125 0.303125 0.021875 0.027083333333333334


5 0.79453125 0.48333333333333334 0.0171875 0.025
4 0.7484375 0.303125 0.009375 0.010416666666666666


5 0.45625 0.7239583333333334 0.015625 0.03125
4 0.434375 0.721875 0.0125 0.027083333333333334
4 0.3703125 0.4635416666666667 0.00625 0.00625
4 0.41796875 0.23229166666666667 0.0078125 0.014583333333333334
4 0.409375 0.4895833333333333 0.00625 0.008333333333333333
4 0.41640625 0.47708333333333336 0.0046875 0.0125
4 0.76796875 0.13333333333333333 0.0078125 0.0125
1 0.4375 0.2635416666666667 0.040625 0.027083333333333334
1 0.43828125 0.24166666666666667 0.0296875 0.020833333333333332
