1 0.5390625 0.14895833333333333 0.015625 0.022916666666666665
1 0.671875 0.521875 0.028125 0.04375
1 0.60625 0.32708333333333334 0.021875 0.029166666666666667
1 0.5875 0.2791666666666667 0.01875 0.03333333333333333
1 0.571875 0.21875 0.015625 0.025
1 0.5546875 0.15104166666666666 0.0125 0.022916666666666665
1 0.64609375 0.33645833333333336 0.0265625 0.035416666666666666
1 0.615625 0.278125 0.01875 0.03125
1 0.590625 0.209375 0.01875 0.03125
1 0.58984375 0.21041666666666667 0.0140625 0.025
3 0.578125 0.146875 0.01875 0.04791666666666667
1 0.56484375 0.11666666666666667 0.0171875 0.029166666666666667
1 0.38125 0.07708333333333334 0.034375 0.03333333333333333
1 0.38203125 0.06979166666666667 0.0296875 0.027083333333333334
1 0.56640625 0.034375 0.0140625 0.027083333333333334
1 0.5671875 0.034375 0.0125 0.022916666666666665



5 0.64609375 0.11979166666666667 0.0078125 0.014583333333333334
1 0.665625 0.12083333333333333 0.01875 0.025
1 0.65078125 0.08958333333333333 0.0140625 0.016666666666666666
5 0.7625 0.30416666666666664 0.021875 0.029166666666666667
5 0.7921875 0.2875 0.00625 0.016666666666666666
5 0.796875 0.2625 0.00625 0.0125
5 0.84375 0.21354166666666666 0.00625 0.010416666666666666
5 0.853125 0.2 0.009375 0.008333333333333333
5 0.8484375 0.2 0.021875 0.0375
1 0.81953125 0.26875 0.0265625 0.029166666666666667
1 0.8453125 0.246875 0.025 0.027083333333333334
1 0.86640625 0.22395833333333334 0.0203125 0.022916666666666665
1 0.890625 0.20208333333333334 0.021875 0.025
1 0.909375 0.17604166666666668 0.025 0.027083333333333334
3 0.940625 0.13854166666666667 0.04375 0.05625
1 0.96328125 0.11354166666666667 0.0171875 0.01875
1 0.971875 0.10104166666666667 0.0125 0.014583333333333334
1 0.984375 0.08333333333333333 0.0125 0.0125
1 0.98828125 0.11458333333333333 0.0140625 0.016666666666666666
1 0.975 0.13333333333333333 0.015625 0.020833333333333332
1 0.95546875 0.16145833333333334 0.0203125 0.022916666666666665
1 0.928125 0.19166666666666668 0.01875 0.020833333333333332
1 0.90859375 0.215625 0.0203125 0.027083333333333334
1 0.8859375 0.2375 0.021875 0.025
1 0.85859375 0.2625 0.0234375 0.020833333333333332
1 0.83515625 0.2833333333333333 0.0296875 0.0375
1 0.8421875 0.30833333333333335 0.03125 0.0375
3 0.87734375 0.27291666666666664 0.0359375 0.04583333333333333
1 0.909375 0.25 0.021875 0.025
3 0.9453125 0.19791666666666666 0.046875 0.058333333333333334
1 0.97265625 0.171875 0.0171875 0.022916666666666665
1 0.9875 0.15520833333333334 0.01875 0.022916666666666665
1 0.87421875 0.3125 0.0265625 0.029166666666666667
1 0.9078125 0.2791666666666667 0.021875 0.025
1 0.92578125 0.25729166666666664 0.0234375 0.022916666666666665
1 0.946875 0.240625 0.01875 0.01875
1 0.97421875 0.20729166666666668 0.0234375 0.03125
1 0.98671875 0.18541666666666667 0.0203125 0.020833333333333332
1 0.87734375 0.34375 0.0296875 0.0375
1 0.9109375 0.31145833333333334 0.025 0.03125
1 0.934375 0.28229166666666666 0.021875 0.027083333333333334
1 0.95703125 0.25416666666666665 0.0203125 0.020833333333333332
1 0.97734375 0.2375 0.0203125 0.025
1 0.9046875 0.35625 0.028125 0.03333333333333333
1 0.9296875 0.32708333333333334 0.025 0.03333333333333333

1 0.95234375 0.30416666666666664 0.0203125 0.025


5 0.7953125 0.48541666666666666 0.01875 0.025
4 0.74765625 0.30416666666666664 0.0109375 0.0125


5 0.45625 0.7229166666666667 0.015625 0.03333333333333333
4 0.434375 0.7208333333333333 0.0125 0.025
4 0.3703125 0.4625 0.00625 0.008333333333333333
4 0.4171875 0.23333333333333334 0.00625 0.0125
4 0.409375 0.4895833333333333 0.00625 0.008333333333333333
4 0.4140625 0.478125 0.00625 0.010416666666666666
4 0.76640625 0.13333333333333333 0.0109375 0.0125
1 0.4375 0.26458333333333334 0.040625 0.029166666666666667
1 0.4390625 0.24166666666666667 0.028125 0.020833333333333332
