1 0.53984375 0.153125 0.0171875 0.027083333333333334
1 0.68203125 0.5614583333333333 0.0265625 0.04791666666666667
1 0.61328125 0.3385416666666667 0.0234375 0.03125
1 0.59140625 0.2916666666666667 0.0203125 0.03333333333333333
1 0.575 0.23541666666666666 0.015625 0.029166666666666667
1 0.5546875 0.15520833333333334 0.0125 0.022916666666666665
1 0.653125 0.34791666666666665 0.028125 0.0375
1 0.61953125 0.28958333333333336 0.0234375 0.03333333333333333
1 0.59375 0.22083333333333333 0.015625 0.029166666666666667
1 0.59375 0.221875 0.0125 0.022916666666666665
3 0.5796875 0.15729166666666666 0.01875 0.04375
1 0.565625 0.11979166666666667 0.015625 0.027083333333333334
1 0.38125 0.07708333333333334 0.034375 0.03333333333333333
1 0.38203125 0.06979166666666667 0.0296875 0.027083333333333334
1 0.559375 0.016666666666666666 0.015625 0.025
1 0.56015625 0.016666666666666666 0.0140625 0.025



5 0.63984375 0.11041666666666666 0.0078125 0.016666666666666666
1 0.665625 0.12083333333333333 0.01875 0.025
1 0.65078125 0.08958333333333333 0.0140625 0.016666666666666666
5 0.7625 0.30520833333333336 0.021875 0.027083333333333334
5 0.790625 0.29583333333333334 0.009375 0.020833333333333332
5 0.79453125 0.26145833333333335 0.0078125 0.010416666666666666
5 0.84296875 0.21354166666666666 0.0046875 0.010416666666666666
5 0.853125 0.2 0.009375 0.008333333333333333
5 0.8484375 0.20104166666666667 0.021875 0.035416666666666666
1 0.81953125 0.26875 0.0265625 0.029166666666666667
1 0.8453125 0.246875 0.025 0.027083333333333334
1 0.86640625 0.225 0.0203125 0.025
1 0.890625 0.20208333333333334 0.021875 0.025
1 0.909375 0.17708333333333334 0.021875 0.025
3 0.940625 0.13854166666666667 0.04375 0.05625
1 0.96328125 0.11354166666666667 0.0171875 0.01875
1 0.97109375 0.10104166666666667 0.0109375 0.014583333333333334
1 0.984375 0.08333333333333333 0.0125 0.0125
1 0.98828125 0.11458333333333333 0.0140625 0.016666666666666666
1 0.975 0.13333333333333333 0.015625 0.020833333333333332
1 0.95546875 0.16145833333333334 0.0203125 0.022916666666666665
1 0.928125 0.19166666666666668 0.01875 0.020833333333333332
1 0.90859375 0.215625 0.0203125 0.027083333333333334
1 0.8859375 0.2375 0.021875 0.025
1 0.85859375 0.2625 0.0234375 0.020833333333333332
1 0.83515625 0.2833333333333333 0.0296875 0.0375
1 0.8421875 0.30833333333333335 0.03125 0.0375
3 0.878125 0.27291666666666664 0.034375 0.041666666666666664
1 0.909375 0.25 0.021875 0.025
3 0.9453125 0.19791666666666666 0.046875 0.058333333333333334
1 0.9734375 0.17291666666666666 0.01875 0.020833333333333332
1 0.9875 0.15520833333333334 0.01875 0.022916666666666665
1 0.87421875 0.31354166666666666 0.0265625 0.03125
1 0.9078125 0.2791666666666667 0.021875 0.025
1 0.92578125 0.25833333333333336 0.0234375 0.020833333333333332
1 0.946875 0.240625 0.01875 0.01875
1 0.97421875 0.20729166666666668 0.0234375 0.03125
1 0.98671875 0.18541666666666667 0.0203125 0.020833333333333332
1 0.87734375 0.34375 0.0296875 0.0375
1 0.9109375 0.31145833333333334 0.025 0.03125
1 0.93515625 0.28229166666666666 0.0234375 0.027083333333333334
1 0.95703125 0.25416666666666665 0.0203125 0.020833333333333332
1 0.97734375 0.23854166666666668 0.0203125 0.022916666666666665
1 0.90625 0.35625 0.03125 0.0375
1 0.9296875 0.32708333333333334 0.025 0.03333333333333333

1 0.953125 0.30520833333333336 0.021875 0.027083333333333334


5 0.80234375 0.48854166666666665 0.0171875 0.022916666666666665
4 0.746875 0.30416666666666664 0.0125 0.016666666666666666


5 0.45078125 0.7125 0.0171875 0.03333333333333333
4 0.4328125 0.7166666666666667 0.0125 0.029166666666666667
4 0.37109375 0.46458333333333335 0.0078125 0.008333333333333333
4 0.41640625 0.234375 0.0078125 0.014583333333333334
4 0.409375 0.4895833333333333 0.00625 0.008333333333333333
4 0.4171875 0.47708333333333336 0.00625 0.0125
4 0.765625 0.13333333333333333 0.0125 0.0125
1 0.4375 0.26458333333333334 0.040625 0.029166666666666667
1 0.4390625 0.24166666666666667 0.028125 0.020833333333333332
