1 0.5375 0.12395833333333334 0.015625 0.022916666666666665
1 0.5890625 0.25833333333333336 0.01875 0.029166666666666667
1 0.58046875 0.23125 0.0171875 0.025
1 0.571875 0.190625 0.015625 0.027083333333333334
1 0.56484375 0.1625 0.0140625 0.020833333333333332
1 0.559375 0.14270833333333333 0.0125 0.014583333333333334
1 0.6078125 0.246875 0.021875 0.035416666666666666
1 0.5984375 0.21354166666666666 0.01875 0.027083333333333334
1 0.59296875 0.1875 0.0171875 0.029166666666666667
1 0.58359375 0.16354166666666667 0.0140625 0.022916666666666665
3 0.578125 0.128125 0.01875 0.04375
1 0.56875 0.10729166666666666 0.01875 0.03125
1 0.38515625 0.07604166666666666 0.0328125 0.03125
1 0.38515625 0.06875 0.0296875 0.025
1 0.5984375 0.10625 0.015625 0.025
1 0.6078125 0.05 0.015625 0.020833333333333332
1 0.56953125 0.03229166666666667 0.0140625 0.01875
1 0.58671875 0.028125 0.0140625 0.01875

5 0.64296875 0.09583333333333334 0.0078125 0.0125
1 0.66953125 0.11770833333333333 0.0171875 0.022916666666666665
1 0.65625 0.08541666666666667 0.015625 0.016666666666666666
5 0.7609375 0.29270833333333335 0.015625 0.01875
5 0.78203125 0.2875 0.0140625 0.025
5 0.79921875 0.2625 0.0078125 0.0125
5 0.834375 0.23333333333333334 0.009375 0.016666666666666666
5 0.85390625 0.20104166666666667 0.0078125 0.010416666666666666
5 0.89453125 0.16666666666666666 0.0078125 0.0125
1 0.82578125 0.265625 0.0265625 0.027083333333333334
1 0.85078125 0.24270833333333333 0.0265625 0.027083333333333334
1 0.87421875 0.21875 0.0203125 0.025
1 0.896875 0.19791666666666666 0.021875 0.025
1 0.91484375 0.171875 0.0234375 0.027083333333333334
3 0.94609375 0.13333333333333333 0.0421875 0.05416666666666667
1 0.9671875 0.11041666666666666 0.0125 0.016666666666666666
1 0.97734375 0.096875 0.0109375 0.014583333333333334
1 0.9921875 0.07708333333333334 0.015625 0.0125
1 0.99375 0.10729166666666666 0.0125 0.01875
1 0.9796875 0.12916666666666668 0.015625 0.020833333333333332
1 0.96328125 0.15833333333333333 0.0203125 0.029166666666666667
1 0.9390625 0.18125 0.021875 0.025
1 0.91484375 0.21145833333333333 0.0203125 0.027083333333333334
1 0.8921875 0.23333333333333334 0.021875 0.025
1 0.86640625 0.2604166666666667 0.0234375 0.029166666666666667
1 0.84296875 0.27708333333333335 0.0328125 0.0375
1 0.8484375 0.30520833333333336 0.03125 0.03958333333333333
3 0.8828125 0.26979166666666665 0.0375 0.04375
1 0.915625 0.24583333333333332 0.021875 0.025
3 0.95 0.19375 0.040625 0.058333333333333334
1 0.978125 0.16875 0.015625 0.020833333333333332
1 0.9921875 0.14895833333333333 0.015625 0.022916666666666665
1 0.88125 0.3104166666666667 0.028125 0.03333333333333333
1 0.91328125 0.275 0.0234375 0.029166666666666667
1 0.9328125 0.25416666666666665 0.021875 0.025
1 0.95546875 0.23541666666666666 0.0203125 0.020833333333333332
1 0.9796875 0.20416666666666666 0.021875 0.029166666666666667
1 0.9921875 0.18125 0.015625 0.020833333333333332
1 0.8859375 0.33958333333333335 0.03125 0.0375
1 0.91953125 0.30625 0.0265625 0.03333333333333333
1 0.94140625 0.278125 0.0234375 0.03125
1 0.9640625 0.2520833333333333 0.01875 0.025
1 0.984375 0.234375 0.021875 0.022916666666666665
1 0.91171875 0.3541666666666667 0.0296875 0.0375
1 0.93828125 0.325 0.0265625 0.03333333333333333
1 0.99375 0.31875 0.0125 0.020833333333333332
1 0.98984375 0.26458333333333334 0.0203125 0.029166666666666667

5 0.9296875 0.73125 0.01875 0.029166666666666667
5 0.78125 0.42604166666666665 0.0125 0.022916666666666665
4 0.8109375 0.35520833333333335 0.009375 0.01875
5 0.61953125 0.022916666666666665 0.0046875 0.0125
5 0.44296875 0.7947916666666667 0.0203125 0.027083333333333334
5 0.49375 0.7979166666666667 0.01875 0.03333333333333333
4 0.46484375 0.7760416666666666 0.0140625 0.027083333333333334
4 0.378125 0.4625 0.009375 0.008333333333333333
4 0.421875 0.234375 0.00625 0.014583333333333334
4 0.41015625 0.4875 0.0078125 0.0125
4 0.4015625 0.4875 0.00625 0.0125
4 0.82421875 0.1375 0.0078125 0.0125
1 0.4421875 0.2635416666666667 0.040625 0.027083333333333334
1 0.4421875 0.24166666666666667 0.03125 0.020833333333333332
