1 0.540625 0.15833333333333333 0.015625 0.025
1 0.690625 0.590625 0.028125 0.04791666666666667
1 0.61875 0.346875 0.025 0.03125
1 0.5953125 0.3 0.021875 0.03333333333333333
1 0.578125 0.246875 0.015625 0.027083333333333334
1 0.55546875 0.15833333333333333 0.0140625 0.020833333333333332
1 0.65859375 0.3541666666666667 0.0296875 0.0375
1 0.6234375 0.296875 0.025 0.03125
1 0.59296875 0.20729166666666668 0.0140625 0.01875
1 0.59453125 0.22708333333333333 0.0140625 0.025
3 0.58046875 0.16458333333333333 0.0171875 0.041666666666666664
1 0.56796875 0.121875 0.0171875 0.027083333333333334
1 0.38125 0.07708333333333334 0.034375 0.03333333333333333
1 0.3828125 0.06979166666666667 0.028125 0.027083333333333334
1 0.55703125 0.007291666666666667 0.0140625 0.014583333333333334
1 0.55703125 0.007291666666666667 0.0140625 0.014583333333333334



5 0.63828125 0.10416666666666667 0.0109375 0.016666666666666666
1 0.665625 0.121875 0.01875 0.027083333333333334
1 0.65078125 0.08958333333333333 0.0140625 0.016666666666666666
5 0.76328125 0.30520833333333336 0.0203125 0.027083333333333334
5 0.7890625 0.3 0.009375 0.016666666666666666
5 0.79609375 0.2604166666666667 0.0078125 0.008333333333333333
5 0.8421875 0.21354166666666666 0.00625 0.010416666666666666
5 0.85234375 0.2 0.0078125 0.008333333333333333
5 0.8484375 0.20104166666666667 0.021875 0.035416666666666666
1 0.81953125 0.26979166666666665 0.0265625 0.027083333333333334
1 0.8453125 0.246875 0.025 0.027083333333333334
1 0.8671875 0.225 0.01875 0.025
1 0.890625 0.20208333333333334 0.021875 0.025
1 0.909375 0.17604166666666668 0.025 0.027083333333333334
3 0.940625 0.13958333333333334 0.04375 0.058333333333333334
1 0.96328125 0.11354166666666667 0.0171875 0.01875
1 0.971875 0.10104166666666667 0.0125 0.014583333333333334
1 0.984375 0.08333333333333333 0.0125 0.0125
1 0.98828125 0.11458333333333333 0.0140625 0.016666666666666666
1 0.975 0.13333333333333333 0.015625 0.020833333333333332
1 0.95546875 0.16145833333333334 0.0203125 0.022916666666666665
1 0.92734375 0.19270833333333334 0.0171875 0.01875
1 0.90859375 0.215625 0.0203125 0.027083333333333334
1 0.8859375 0.2375 0.021875 0.025
1 0.85859375 0.2625 0.0234375 0.020833333333333332
1 0.83515625 0.2833333333333333 0.0296875 0.0375
1 0.8421875 0.30833333333333335 0.03125 0.0375
3 0.87734375 0.27395833333333336 0.0359375 0.04375
1 0.909375 0.25 0.021875 0.025
3 0.9453125 0.19791666666666666 0.046875 0.058333333333333334
1 0.97265625 0.17395833333333333 0.0140625 0.01875
1 0.9875 0.15520833333333334 0.01875 0.022916666666666665
1 0.87421875 0.31354166666666666 0.0265625 0.03125
1 0.9078125 0.2791666666666667 0.021875 0.025
1 0.925 0.25833333333333336 0.021875 0.020833333333333332
1 0.946875 0.24166666666666667 0.01875 0.020833333333333332
1 0.97421875 0.20729166666666668 0.0234375 0.03125
1 0.98984375 0.18333333333333332 0.0203125 0.020833333333333332
1 0.87734375 0.34375 0.0296875 0.0375
1 0.9109375 0.31145833333333334 0.025 0.03125
1 0.93515625 0.28229166666666666 0.0234375 0.027083333333333334
1 0.95703125 0.25416666666666665 0.0203125 0.020833333333333332
1 0.978125 0.23854166666666668 0.021875 0.022916666666666665
1 0.90625 0.35625 0.03125 0.0375
1 0.9296875 0.3260416666666667 0.028125 0.035416666666666666

1 0.953125 0.30520833333333336 0.021875 0.027083333333333334


5 0.8078125 0.49166666666666664 0.021875 0.025
4 0.74765625 0.3020833333333333 0.0140625 0.016666666666666666


5 0.44921875 0.7041666666666667 0.0203125 0.03333333333333333
4 0.43125 0.7114583333333333 0.009375 0.027083333333333334
4 0.37109375 0.46458333333333335 0.0078125 0.008333333333333333
4 0.4140625 0.23541666666666666 0.00625 0.016666666666666666
4 0.409375 0.4895833333333333 0.00625 0.008333333333333333
4 0.41484375 0.478125 0.0078125 0.010416666666666666
4 0.76328125 0.13229166666666667 0.0109375 0.014583333333333334
1 0.43671875 0.265625 0.0390625 0.027083333333333334
1 0.43828125 0.24166666666666667 0.0296875 0.020833333333333332
