1 0.54140625 0.159375 0.0171875 0.022916666666666665
1 0.69296875 0.5979166666666667 0.0296875 0.05416666666666667
1 0.61953125 0.3489583333333333 0.0234375 0.03125
1 0.59609375 0.3020833333333333 0.0234375 0.03333333333333333
1 0.5796875 0.24895833333333334 0.015625 0.027083333333333334
1 0.55546875 0.159375 0.0140625 0.022916666666666665
1 0.66015625 0.35625 0.0296875 0.0375
1 0.6234375 0.29791666666666666 0.025 0.03333333333333333
1 0.59296875 0.20625 0.0140625 0.020833333333333332
1 0.59453125 0.228125 0.0140625 0.022916666666666665
3 0.58125 0.16458333333333333 0.01875 0.041666666666666664
1 0.56796875 0.121875 0.0171875 0.027083333333333334
1 0.38125 0.07708333333333334 0.034375 0.03333333333333333
1 0.3828125 0.06979166666666667 0.028125 0.027083333333333334
1 0.55546875 0.00625 0.0140625 0.0125
1 0.55546875 0.00625 0.0140625 0.0125



5 0.63828125 0.103125 0.0109375 0.01875
1 0.665625 0.12083333333333333 0.01875 0.025
1 0.65078125 0.08958333333333333 0.0140625 0.016666666666666666
5 0.76328125 0.30520833333333336 0.0203125 0.027083333333333334
5 0.7890625 0.30104166666666665 0.009375 0.01875
5 0.79609375 0.2604166666666667 0.0078125 0.008333333333333333
5 0.84296875 0.21354166666666666 0.0078125 0.010416666666666666
5 0.853125 0.20104166666666667 0.009375 0.010416666666666666
5 0.8484375 0.20104166666666667 0.021875 0.035416666666666666
1 0.81953125 0.26979166666666665 0.0265625 0.027083333333333334
1 0.8453125 0.246875 0.025 0.027083333333333334
1 0.86640625 0.225 0.0203125 0.025
1 0.890625 0.20208333333333334 0.021875 0.025
1 0.909375 0.17604166666666668 0.021875 0.022916666666666665
3 0.940625 0.13958333333333334 0.04375 0.058333333333333334
1 0.96328125 0.11458333333333333 0.0171875 0.016666666666666666
1 0.971875 0.1 0.0125 0.016666666666666666
1 0.984375 0.08333333333333333 0.0125 0.0125
1 0.98828125 0.11458333333333333 0.0140625 0.016666666666666666
1 0.975 0.13333333333333333 0.015625 0.020833333333333332
1 0.95546875 0.16145833333333334 0.0203125 0.022916666666666665
1 0.92734375 0.19270833333333334 0.0171875 0.01875
1 0.90859375 0.215625 0.0203125 0.027083333333333334
1 0.8859375 0.2375 0.021875 0.025
1 0.85859375 0.2635416666666667 0.0234375 0.022916666666666665
1 0.83515625 0.2833333333333333 0.0296875 0.0375
1 0.8421875 0.30833333333333335 0.03125 0.0375
3 0.8765625 0.27291666666666664 0.034375 0.041666666666666664
1 0.909375 0.25 0.021875 0.025
3 0.9453125 0.19791666666666666 0.046875 0.058333333333333334
1 0.97265625 0.17395833333333333 0.0171875 0.022916666666666665
1 0.9875 0.15520833333333334 0.01875 0.022916666666666665
1 0.87421875 0.31354166666666666 0.0265625 0.03125
1 0.9078125 0.2791666666666667 0.021875 0.025
1 0.925 0.25833333333333336 0.021875 0.020833333333333332
1 0.946875 0.24166666666666667 0.01875 0.020833333333333332
1 0.97421875 0.20729166666666668 0.0234375 0.03125
1 0.98984375 0.18333333333333332 0.0203125 0.020833333333333332
1 0.87734375 0.34375 0.0296875 0.0375
1 0.9109375 0.31145833333333334 0.025 0.03125
1 0.93515625 0.28229166666666666 0.0234375 0.027083333333333334
1 0.95703125 0.25416666666666665 0.0203125 0.020833333333333332
1 0.978125 0.23854166666666668 0.021875 0.022916666666666665
1 0.90625 0.3572916666666667 0.03125 0.03958333333333333
1 0.9296875 0.3260416666666667 0.028125 0.035416666666666666

1 0.953125 0.30520833333333336 0.021875 0.027083333333333334


5 0.80859375 0.49270833333333336 0.0203125 0.022916666666666665
4 0.74765625 0.303125 0.0140625 0.01875


5 0.44765625 0.703125 0.0171875 0.03125
4 0.43125 0.709375 0.009375 0.022916666666666665
4 0.37109375 0.46458333333333335 0.0078125 0.008333333333333333
4 0.4140625 0.234375 0.00625 0.014583333333333334
4 0.409375 0.4895833333333333 0.00625 0.008333333333333333
4 0.4140625 0.48125 0.0125 0.0125
4 0.7671875 0.134375 0.009375 0.010416666666666666
1 0.43671875 0.26458333333333334 0.0390625 0.029166666666666667
1 0.43828125 0.24166666666666667 0.0296875 0.020833333333333332
