1 0.5421875 0.16145833333333334 0.01875 0.027083333333333334
1 0.69609375 0.6125 0.0265625 0.05
1 0.621875 0.3541666666666667 0.025 0.03333333333333333
1 0.5984375 0.30625 0.021875 0.03333333333333333
1 0.58125 0.2552083333333333 0.015625 0.027083333333333334
1 0.55625 0.16145833333333334 0.0125 0.01875
1 0.66328125 0.3614583333333333 0.0296875 0.035416666666666666
1 0.6265625 0.30104166666666665 0.025 0.03125
1 0.5953125 0.20520833333333333 0.0125 0.022916666666666665
1 0.596875 0.23125 0.0125 0.025
3 0.58125 0.16666666666666666 0.01875 0.041666666666666664
1 0.56796875 0.12395833333333334 0.0171875 0.027083333333333334
1 0.38125 0.078125 0.034375 0.03125
1 0.3828125 0.06979166666666667 0.028125 0.027083333333333334
1 0.5546875 0.005208333333333333 0.0125 0.010416666666666666
1 0.5546875 0.005208333333333333 0.0125 0.010416666666666666



5 0.63671875 0.10208333333333333 0.0140625 0.020833333333333332
1 0.665625 0.121875 0.01875 0.027083333333333334
1 0.6515625 0.090625 0.0125 0.014583333333333334
5 0.7625 0.30520833333333336 0.021875 0.027083333333333334
5 0.78828125 0.303125 0.0109375 0.01875
5 0.796875 0.2604166666666667 0.00625 0.008333333333333333
5 0.84296875 0.21354166666666666 0.0046875 0.010416666666666666
5 0.85234375 0.20104166666666667 0.0078125 0.010416666666666666
5 0.8484375 0.20104166666666667 0.021875 0.035416666666666666
1 0.81953125 0.26979166666666665 0.0265625 0.027083333333333334
1 0.8453125 0.246875 0.025 0.027083333333333334
1 0.86640625 0.225 0.0203125 0.025
1 0.890625 0.20208333333333334 0.021875 0.025
1 0.909375 0.17604166666666668 0.021875 0.022916666666666665
3 0.9390625 0.13958333333333334 0.040625 0.058333333333333334
1 0.96328125 0.11458333333333333 0.0171875 0.016666666666666666
1 0.971875 0.1 0.0125 0.016666666666666666
1 0.984375 0.08333333333333333 0.0125 0.0125
1 0.98828125 0.115625 0.0140625 0.014583333333333334
1 0.975 0.13333333333333333 0.015625 0.020833333333333332
1 0.95546875 0.16145833333333334 0.0203125 0.022916666666666665
1 0.92734375 0.19270833333333334 0.0171875 0.01875
1 0.90859375 0.215625 0.0203125 0.027083333333333334
1 0.8859375 0.2375 0.021875 0.025
1 0.85859375 0.2635416666666667 0.0234375 0.022916666666666665
1 0.83515625 0.284375 0.0296875 0.035416666666666666
1 0.8421875 0.309375 0.03125 0.035416666666666666
3 0.87734375 0.27395833333333336 0.0359375 0.04375
1 0.909375 0.25 0.021875 0.025
3 0.9453125 0.19791666666666666 0.046875 0.058333333333333334
1 0.97265625 0.17291666666666666 0.0171875 0.020833333333333332
1 0.9875 0.15625 0.01875 0.020833333333333332
1 0.87421875 0.31354166666666666 0.0265625 0.027083333333333334
1 0.9078125 0.2791666666666667 0.021875 0.025
1 0.92578125 0.25833333333333336 0.0234375 0.020833333333333332
1 0.946875 0.24166666666666667 0.01875 0.020833333333333332
1 0.97421875 0.20729166666666668 0.0234375 0.03125
1 0.990625 0.18333333333333332 0.01875 0.020833333333333332
1 0.87734375 0.34375 0.0296875 0.0375
1 0.9109375 0.31145833333333334 0.025 0.03125
1 0.93515625 0.28229166666666666 0.0234375 0.027083333333333334
1 0.95703125 0.25416666666666665 0.0203125 0.020833333333333332
1 0.97734375 0.23958333333333334 0.0203125 0.025
1 0.9046875 0.3572916666666667 0.028125 0.035416666666666666
1 0.9296875 0.3260416666666667 0.028125 0.035416666666666666

1 0.953125 0.30520833333333336 0.021875 0.027083333333333334


5 0.8125 0.49375 0.021875 0.025
4 0.74765625 0.303125 0.0140625 0.01875


5 0.446875 0.7010416666666667 0.01875 0.035416666666666666
4 0.43125 0.7072916666666667 0.009375 0.022916666666666665
4 0.37109375 0.46458333333333335 0.0078125 0.008333333333333333
4 0.4140625 0.23541666666666666 0.00625 0.016666666666666666
4 0.409375 0.4895833333333333 0.00625 0.008333333333333333
4 0.41484375 0.478125 0.0078125 0.010416666666666666
4 0.76328125 0.13229166666666667 0.0109375 0.01875
1 0.4359375 0.265625 0.040625 0.027083333333333334
1 0.43828125 0.24166666666666667 0.0296875 0.020833333333333332
