1 0.54296875 0.16458333333333333 0.0171875 0.025
1 0.7015625 0.628125 0.028125 0.052083333333333336
1 0.62578125 0.359375 0.0265625 0.035416666666666666
1 0.6 0.3104166666666667 0.021875 0.03333333333333333
1 0.58359375 0.2625 0.0171875 0.03333333333333333
1 0.55703125 0.16458333333333333 0.0140625 0.020833333333333332
1 0.66640625 0.3645833333333333 0.0328125 0.0375
1 0.62890625 0.30520833333333336 0.0265625 0.035416666666666666
1 0.59609375 0.20520833333333333 0.0140625 0.027083333333333334
1 0.596875 0.23333333333333334 0.015625 0.025
3 0.58203125 0.16979166666666667 0.0203125 0.03958333333333333
1 0.56875 0.12604166666666666 0.015625 0.027083333333333334
1 0.38125 0.07708333333333334 0.034375 0.03333333333333333
1 0.3828125 0.06979166666666667 0.028125 0.027083333333333334





5 0.634375 0.09583333333333334 0.009375 0.016666666666666666
1 0.665625 0.121875 0.01875 0.027083333333333334
1 0.65078125 0.08958333333333333 0.0140625 0.016666666666666666
5 0.76328125 0.30520833333333336 0.0203125 0.027083333333333334
5 0.7875 0.30520833333333336 0.009375 0.01875
5 0.7921875 0.26145833333333335 0.0125 0.010416666666666666
5 0.84375 0.21354166666666666 0.00625 0.010416666666666666
5 0.853125 0.2 0.009375 0.008333333333333333
5 0.8484375 0.20104166666666667 0.021875 0.035416666666666666
1 0.81953125 0.26979166666666665 0.0265625 0.027083333333333334
1 0.8453125 0.246875 0.025 0.027083333333333334
1 0.86640625 0.225 0.0203125 0.025
1 0.890625 0.20208333333333334 0.021875 0.025
1 0.909375 0.17604166666666668 0.025 0.027083333333333334
3 0.9390625 0.13958333333333334 0.040625 0.058333333333333334
1 0.96328125 0.11458333333333333 0.0171875 0.016666666666666666
1 0.9703125 0.103125 0.0125 0.014583333333333334
1 0.984375 0.084375 0.0125 0.014583333333333334
1 0.98828125 0.115625 0.0140625 0.014583333333333334
1 0.97421875 0.134375 0.0171875 0.022916666666666665
1 0.95546875 0.16145833333333334 0.0203125 0.022916666666666665
1 0.92734375 0.19270833333333334 0.0171875 0.01875
1 0.90859375 0.215625 0.0203125 0.027083333333333334
1 0.8859375 0.2375 0.021875 0.025
1 0.85859375 0.2635416666666667 0.0234375 0.022916666666666665
1 0.83515625 0.284375 0.0296875 0.035416666666666666
1 0.8421875 0.309375 0.03125 0.035416666666666666
3 0.8765625 0.27395833333333336 0.0375 0.04375
1 0.909375 0.25 0.021875 0.025
3 0.9453125 0.19791666666666666 0.046875 0.058333333333333334
1 0.97265625 0.17395833333333333 0.0140625 0.01875
1 0.9875 0.15625 0.01875 0.020833333333333332
1 0.87421875 0.31354166666666666 0.0265625 0.027083333333333334
1 0.9078125 0.28020833333333334 0.021875 0.027083333333333334
1 0.925 0.25833333333333336 0.021875 0.020833333333333332
1 0.946875 0.24166666666666667 0.01875 0.020833333333333332
1 0.97421875 0.20729166666666668 0.0234375 0.03125
1 0.98984375 0.18229166666666666 0.0203125 0.022916666666666665
1 0.87734375 0.34375 0.0296875 0.0375
1 0.9109375 0.31145833333333334 0.025 0.03125
1 0.93515625 0.28229166666666666 0.0234375 0.027083333333333334
1 0.95703125 0.25416666666666665 0.0203125 0.020833333333333332
1 0.97734375 0.23854166666666668 0.0203125 0.022916666666666665
1 0.9046875 0.35625 0.028125 0.03333333333333333
1 0.9296875 0.3260416666666667 0.028125 0.035416666666666666

1 0.953125 0.30520833333333336 0.021875 0.027083333333333334


5 0.81796875 0.4979166666666667 0.0203125 0.025
4 0.746875 0.303125 0.015625 0.01875


5 0.44453125 0.696875 0.0171875 0.035416666666666666
4 0.43125 0.7052083333333333 0.009375 0.022916666666666665
4 0.37109375 0.46458333333333335 0.0078125 0.008333333333333333
4 0.4140625 0.23541666666666666 0.00625 0.016666666666666666
4 0.409375 0.4895833333333333 0.00625 0.008333333333333333
4 0.41796875 0.47708333333333336 0.0046875 0.0125
4 0.7640625 0.13229166666666667 0.009375 0.01875
1 0.43671875 0.265625 0.0390625 0.027083333333333334
1 0.43828125 0.24166666666666667 0.0296875 0.020833333333333332
