1 0.54296875 0.16666666666666666 0.0171875 0.025
1 0.70625 0.6447916666666667 0.03125 0.052083333333333336
1 0.6296875 0.3645833333333333 0.028125 0.0375
1 0.60234375 0.3145833333333333 0.0234375 0.03333333333333333
1 0.58359375 0.26875 0.0171875 0.03333333333333333
1 0.5578125 0.16666666666666666 0.0125 0.020833333333333332
1 0.66953125 0.3697916666666667 0.0328125 0.03958333333333333
1 0.63125 0.30833333333333335 0.028125 0.03333333333333333
1 0.5953125 0.20520833333333333 0.015625 0.03125
1 0.59765625 0.23541666666666666 0.0140625 0.025
3 0.58203125 0.171875 0.0203125 0.03958333333333333
1 0.56953125 0.128125 0.0140625 0.027083333333333334
1 0.38125 0.07708333333333334 0.034375 0.03333333333333333
1 0.3828125 0.06979166666666667 0.028125 0.027083333333333334





5 0.634375 0.090625 0.009375 0.014583333333333334
1 0.6640625 0.12291666666666666 0.015625 0.025
1 0.65234375 0.08958333333333333 0.0140625 0.016666666666666666
5 0.76328125 0.30520833333333336 0.0203125 0.027083333333333334
5 0.7875 0.30625 0.009375 0.020833333333333332
5 0.7921875 0.26145833333333335 0.0125 0.014583333333333334
5 0.84375 0.21354166666666666 0.00625 0.010416666666666666
5 0.85234375 0.20104166666666667 0.0078125 0.010416666666666666
5 0.8484375 0.20104166666666667 0.021875 0.035416666666666666
1 0.81953125 0.26979166666666665 0.0265625 0.027083333333333334
1 0.8453125 0.246875 0.025 0.027083333333333334
1 0.86640625 0.225 0.0203125 0.025
1 0.890625 0.20208333333333334 0.021875 0.025
1 0.909375 0.17604166666666668 0.021875 0.022916666666666665
3 0.9390625 0.13958333333333334 0.040625 0.058333333333333334
1 0.96328125 0.11458333333333333 0.0171875 0.016666666666666666
1 0.97109375 0.103125 0.0109375 0.014583333333333334
1 0.984375 0.084375 0.0125 0.014583333333333334
1 0.98828125 0.115625 0.0140625 0.014583333333333334
1 0.975 0.13333333333333333 0.015625 0.020833333333333332
1 0.95546875 0.16145833333333334 0.0203125 0.022916666666666665
1 0.9265625 0.19270833333333334 0.01875 0.01875
1 0.90859375 0.215625 0.0203125 0.027083333333333334
1 0.8859375 0.2375 0.021875 0.025
1 0.85859375 0.2635416666666667 0.0234375 0.022916666666666665
1 0.83515625 0.284375 0.0296875 0.035416666666666666
1 0.8421875 0.309375 0.03125 0.035416666666666666
3 0.8765625 0.27291666666666664 0.0375 0.04583333333333333
1 0.909375 0.25 0.021875 0.025
3 0.9453125 0.196875 0.046875 0.06041666666666667
1 0.9734375 0.17291666666666666 0.01875 0.020833333333333332
1 0.9875 0.15625 0.01875 0.020833333333333332
1 0.87421875 0.3145833333333333 0.0265625 0.029166666666666667
1 0.9078125 0.28020833333333334 0.021875 0.027083333333333334
1 0.925 0.25833333333333336 0.021875 0.020833333333333332
1 0.946875 0.24166666666666667 0.01875 0.020833333333333332
1 0.97421875 0.20729166666666668 0.0234375 0.03125
1 0.98984375 0.18125 0.0203125 0.025
1 0.87734375 0.34375 0.0296875 0.0375
1 0.9109375 0.31145833333333334 0.025 0.03125
1 0.93515625 0.28229166666666666 0.0234375 0.027083333333333334
1 0.95703125 0.2552083333333333 0.0203125 0.01875
1 0.97734375 0.23854166666666668 0.0203125 0.022916666666666665
1 0.9046875 0.3572916666666667 0.028125 0.035416666666666666
1 0.9296875 0.3260416666666667 0.028125 0.035416666666666666

1 0.953125 0.30520833333333336 0.021875 0.027083333333333334


5 0.82265625 0.5 0.0203125 0.025
4 0.74765625 0.303125 0.0140625 0.01875


5 0.44375 0.6895833333333333 0.0125 0.029166666666666667
4 0.4296875 0.7041666666666667 0.0125 0.025
4 0.371875 0.4635416666666667 0.00625 0.00625
4 0.41484375 0.234375 0.0046875 0.014583333333333334
4 0.409375 0.4895833333333333 0.00625 0.008333333333333333
4 0.4171875 0.47708333333333336 0.00625 0.0125
4 0.7875 0.13541666666666666 0.05625 0.016666666666666666
1 0.4375 0.26458333333333334 0.040625 0.029166666666666667
1 0.43828125 0.24166666666666667 0.0296875 0.020833333333333332
