1 0.54375 0.171875 0.01875 0.027083333333333334
1 0.71484375 0.6791666666666667 0.0328125 0.05416666666666667
1 0.634375 0.37395833333333334 0.028125 0.035416666666666666
1 0.60625 0.3229166666666667 0.025 0.03333333333333333
1 0.58671875 0.28020833333333334 0.0171875 0.03125
1 0.55859375 0.17291666666666666 0.0140625 0.025
1 0.67578125 0.37604166666666666 0.0359375 0.03958333333333333
1 0.63671875 0.31666666666666665 0.0265625 0.03333333333333333
1 0.596875 0.20729166666666668 0.015625 0.03125
1 0.5984375 0.23958333333333334 0.015625 0.029166666666666667
3 0.58359375 0.178125 0.0203125 0.04791666666666667
1 0.5703125 0.134375 0.015625 0.027083333333333334
1 0.38125 0.078125 0.034375 0.03125
1 0.38203125 0.06979166666666667 0.0296875 0.027083333333333334





5 0.63125 0.08541666666666667 0.009375 0.016666666666666666
1 0.6640625 0.12291666666666666 0.015625 0.025
1 0.6515625 0.090625 0.0125 0.014583333333333334
5 0.7625 0.30520833333333336 0.021875 0.027083333333333334
5 0.78671875 0.30833333333333335 0.0078125 0.016666666666666666
5 0.7953125 0.2625 0.009375 0.0125
5 0.8421875 0.21354166666666666 0.00625 0.010416666666666666
5 0.853125 0.20104166666666667 0.009375 0.010416666666666666
5 0.8484375 0.20104166666666667 0.021875 0.035416666666666666
1 0.81953125 0.26979166666666665 0.0265625 0.027083333333333334
1 0.8453125 0.246875 0.025 0.027083333333333334
1 0.86640625 0.225 0.0203125 0.025
1 0.890625 0.203125 0.021875 0.022916666666666665
1 0.909375 0.17708333333333334 0.021875 0.025
3 0.9390625 0.13958333333333334 0.040625 0.058333333333333334
1 0.96328125 0.11458333333333333 0.0171875 0.016666666666666666
1 0.9703125 0.103125 0.0125 0.014583333333333334
1 0.98359375 0.084375 0.0140625 0.014583333333333334
1 0.9875 0.115625 0.0125 0.014583333333333334
1 0.975 0.134375 0.015625 0.022916666666666665
1 0.95546875 0.16145833333333334 0.0203125 0.022916666666666665
1 0.9265625 0.19270833333333334 0.01875 0.01875
1 0.90859375 0.215625 0.0203125 0.027083333333333334
1 0.8859375 0.23854166666666668 0.021875 0.027083333333333334
1 0.8578125 0.265625 0.025 0.022916666666666665
1 0.83515625 0.284375 0.0296875 0.035416666666666666
1 0.8421875 0.309375 0.03125 0.035416666666666666
3 0.87734375 0.27395833333333336 0.0328125 0.03958333333333333
1 0.909375 0.25 0.021875 0.025
3 0.9453125 0.19895833333333332 0.046875 0.06041666666666667
1 0.97265625 0.17395833333333333 0.0140625 0.01875
1 0.98671875 0.15625 0.0171875 0.020833333333333332
1 0.87421875 0.31354166666666666 0.0265625 0.027083333333333334
1 0.9078125 0.28020833333333334 0.021875 0.027083333333333334
1 0.925 0.25833333333333336 0.021875 0.020833333333333332
1 0.94609375 0.24166666666666667 0.0171875 0.020833333333333332
1 0.9734375 0.20833333333333334 0.021875 0.03333333333333333
1 0.990625 0.178125 0.01875 0.027083333333333334
1 0.8765625 0.34479166666666666 0.03125 0.035416666666666666
1 0.9109375 0.31145833333333334 0.025 0.03125
1 0.934375 0.284375 0.025 0.027083333333333334
1 0.95703125 0.2552083333333333 0.0203125 0.01875
1 0.97734375 0.23854166666666668 0.0203125 0.022916666666666665
1 0.9046875 0.35625 0.028125 0.03333333333333333
1 0.9296875 0.32708333333333334 0.028125 0.03333333333333333

1 0.953125 0.30520833333333336 0.021875 0.027083333333333334


5 0.83046875 0.5052083333333334 0.0203125 0.022916666666666665
4 0.746875 0.303125 0.015625 0.01875


5 0.43828125 0.6854166666666667 0.0171875 0.03333333333333333
4 0.42890625 0.696875 0.0109375 0.022916666666666665
4 0.37109375 0.46458333333333335 0.0078125 0.008333333333333333
4 0.415625 0.23541666666666666 0.00625 0.016666666666666666
4 0.409375 0.4895833333333333 0.00625 0.008333333333333333
4 0.415625 0.47708333333333336 0.00625 0.0125
4 0.765625 0.134375 0.00625 0.010416666666666666
1 0.4375 0.265625 0.040625 0.027083333333333334
1 0.4375 0.24479166666666666 0.028125 0.01875
