1 0.54375 0.175 0.01875 0.025
1 0.71875 0.6958333333333333 0.03125 0.05416666666666667
1 0.63828125 0.378125 0.0296875 0.035416666666666666
1 0.609375 0.328125 0.025 0.035416666666666666
1 0.5875 0.2875 0.01875 0.03333333333333333
1 0.55859375 0.17604166666666668 0.0140625 0.022916666666666665
1 0.67890625 0.3802083333333333 0.0359375 0.03958333333333333
1 0.6390625 0.31979166666666664 0.028125 0.035416666666666666
1 0.596875 0.20625 0.015625 0.03333333333333333
1 0.5984375 0.24270833333333333 0.015625 0.027083333333333334
3 0.58359375 0.17604166666666668 0.0203125 0.05625
1 0.57109375 0.1375 0.0140625 0.025
1 0.38125 0.078125 0.034375 0.03125
1 0.38203125 0.06979166666666667 0.0296875 0.027083333333333334





5 0.63046875 0.084375 0.0109375 0.01875
1 0.665625 0.12291666666666666 0.01875 0.025
1 0.65078125 0.090625 0.0140625 0.014583333333333334
5 0.76171875 0.30520833333333336 0.0203125 0.027083333333333334
5 0.78515625 0.3104166666666667 0.0078125 0.016666666666666666

5 0.84296875 0.21354166666666666 0.0078125 0.010416666666666666
5 0.85234375 0.20104166666666667 0.0078125 0.010416666666666666
5 0.84765625 0.20104166666666667 0.0203125 0.035416666666666666
1 0.81953125 0.26979166666666665 0.0265625 0.027083333333333334
1 0.8453125 0.246875 0.025 0.027083333333333334
1 0.86640625 0.225 0.0203125 0.025
1 0.890625 0.203125 0.021875 0.022916666666666665
1 0.909375 0.17708333333333334 0.021875 0.025
3 0.9390625 0.140625 0.040625 0.05625
1 0.96328125 0.11458333333333333 0.0171875 0.016666666666666666
1 0.971875 0.103125 0.0125 0.014583333333333334
1 0.98359375 0.084375 0.0140625 0.014583333333333334
1 0.9875 0.115625 0.0125 0.014583333333333334
1 0.97421875 0.134375 0.0171875 0.022916666666666665
1 0.95546875 0.16145833333333334 0.0203125 0.022916666666666665
1 0.9265625 0.19270833333333334 0.01875 0.01875
1 0.90859375 0.215625 0.0203125 0.027083333333333334
1 0.8859375 0.23958333333333334 0.021875 0.025
1 0.8578125 0.26458333333333334 0.025 0.020833333333333332
1 0.83515625 0.284375 0.0296875 0.035416666666666666
1 0.8421875 0.3104166666666667 0.03125 0.0375
3 0.87734375 0.27395833333333336 0.0359375 0.04375
1 0.90859375 0.2520833333333333 0.0203125 0.025
3 0.9453125 0.19895833333333332 0.046875 0.06041666666666667
1 0.971875 0.17395833333333333 0.0125 0.01875
1 0.98671875 0.15625 0.0171875 0.020833333333333332
1 0.87421875 0.31354166666666666 0.0265625 0.027083333333333334
1 0.90703125 0.28020833333333334 0.0234375 0.027083333333333334
1 0.925 0.25833333333333336 0.021875 0.020833333333333332
1 0.94609375 0.24166666666666667 0.0203125 0.020833333333333332
1 0.9734375 0.209375 0.021875 0.03125
1 0.99140625 0.17604166666666668 0.0171875 0.03125
1 0.8765625 0.3458333333333333 0.03125 0.0375
1 0.9109375 0.31145833333333334 0.025 0.03125
1 0.93359375 0.284375 0.0234375 0.027083333333333334
1 0.95703125 0.25625 0.0203125 0.020833333333333332
1 0.97734375 0.23854166666666668 0.0203125 0.022916666666666665
1 0.9046875 0.35833333333333334 0.028125 0.03333333333333333
1 0.9296875 0.328125 0.028125 0.035416666666666666

1 0.953125 0.30520833333333336 0.021875 0.027083333333333334


5 0.83671875 0.5104166666666666 0.0203125 0.025
4 0.746875 0.303125 0.015625 0.01875


5 0.43828125 0.6802083333333333 0.0140625 0.03125
4 0.428125 0.6958333333333333 0.009375 0.025
4 0.3703125 0.46458333333333335 0.00625 0.008333333333333333
4 0.4140625 0.23541666666666666 0.00625 0.016666666666666666
4 0.409375 0.4895833333333333 0.00625 0.008333333333333333
4 0.4171875 0.47708333333333336 0.00625 0.0125
4 0.76640625 0.134375 0.0078125 0.010416666666666666
1 0.4375 0.26666666666666666 0.040625 0.029166666666666667
1 0.4375 0.24479166666666666 0.028125 0.01875
