1 0.5453125 0.18020833333333333 0.01875 0.027083333333333334
1 0.72578125 0.725 0.0328125 0.05416666666666667
1 0.64453125 0.38645833333333335 0.0296875 0.035416666666666666
1 0.61328125 0.334375 0.0265625 0.035416666666666666
1 0.590625 0.29583333333333334 0.01875 0.03333333333333333
1 0.56015625 0.18229166666666666 0.0140625 0.022916666666666665
1 0.68515625 0.38645833333333335 0.0359375 0.03958333333333333
1 0.64296875 0.325 0.0296875 0.03333333333333333
1 0.5984375 0.20729166666666668 0.015625 0.035416666666666666
1 0.60078125 0.24583333333333332 0.0140625 0.029166666666666667
3 0.58515625 0.1875 0.0203125 0.05
1 0.571875 0.140625 0.015625 0.027083333333333334
1 0.38125 0.07708333333333334 0.034375 0.03333333333333333
1 0.38203125 0.06979166666666667 0.0296875 0.027083333333333334





5 0.63125 0.07604166666666666 0.0125 0.01875
1 0.665625 0.12291666666666666 0.01875 0.025
1 0.65 0.090625 0.0125 0.014583333333333334
5 0.7625 0.30625 0.021875 0.025
5 0.784375 0.31354166666666666 0.009375 0.014583333333333334

5 0.84453125 0.21145833333333333 0.0078125 0.010416666666666666
5 0.853125 0.2 0.009375 0.008333333333333333
5 0.84765625 0.20104166666666667 0.0203125 0.035416666666666666
1 0.81953125 0.2708333333333333 0.0265625 0.029166666666666667
1 0.8453125 0.246875 0.025 0.027083333333333334
1 0.86640625 0.22604166666666667 0.0203125 0.022916666666666665
1 0.88984375 0.203125 0.0203125 0.022916666666666665
1 0.90859375 0.17708333333333334 0.0203125 0.025
3 0.93984375 0.13958333333333334 0.0421875 0.058333333333333334
1 0.96328125 0.11458333333333333 0.0171875 0.016666666666666666
1 0.96953125 0.10416666666666667 0.0109375 0.0125
1 0.98359375 0.084375 0.0140625 0.014583333333333334
1 0.9875 0.115625 0.0125 0.014583333333333334
1 0.97265625 0.13541666666666666 0.0171875 0.025
1 0.95625 0.1625 0.01875 0.025
1 0.92578125 0.19375 0.0171875 0.016666666666666666
1 0.9078125 0.215625 0.01875 0.027083333333333334
1 0.8859375 0.23958333333333334 0.021875 0.025
1 0.8578125 0.26458333333333334 0.025 0.020833333333333332
1 0.83359375 0.28541666666666665 0.0296875 0.0375
1 0.8421875 0.309375 0.03125 0.035416666666666666
3 0.87734375 0.27395833333333336 0.0328125 0.03958333333333333
1 0.90859375 0.2520833333333333 0.0203125 0.025
3 0.94453125 0.19895833333333332 0.0484375 0.06041666666666667
1 0.971875 0.17395833333333333 0.0125 0.01875
1 0.98671875 0.15625 0.0171875 0.020833333333333332
1 0.8734375 0.3145833333333333 0.028125 0.029166666666666667
1 0.90703125 0.28125 0.0234375 0.025
1 0.925 0.25833333333333336 0.021875 0.020833333333333332
1 0.9453125 0.24166666666666667 0.01875 0.020833333333333332
1 0.9734375 0.209375 0.021875 0.03125
1 0.9953125 0.16979166666666667 0.009375 0.022916666666666665
1 0.87578125 0.3458333333333333 0.0296875 0.0375
1 0.9109375 0.3125 0.025 0.029166666666666667
1 0.93359375 0.284375 0.0234375 0.027083333333333334
1 0.95625 0.25625 0.01875 0.020833333333333332
1 0.97734375 0.23854166666666668 0.0203125 0.022916666666666665
1 0.9046875 0.35833333333333334 0.028125 0.03333333333333333
1 0.93046875 0.328125 0.0265625 0.035416666666666666

1 0.953125 0.30520833333333336 0.021875 0.027083333333333334


5 0.84453125 0.5145833333333333 0.0203125 0.025
4 0.746875 0.30416666666666664 0.015625 0.020833333333333332


5 0.43671875 0.6739583333333333 0.0171875 0.03125
4 0.4265625 0.6927083333333334 0.0125 0.027083333333333334
4 0.3703125 0.46458333333333335 0.00625 0.008333333333333333
4 0.4140625 0.23333333333333334 0.00625 0.0125
4 0.4078125 0.4895833333333333 0.00625 0.008333333333333333
4 0.415625 0.47708333333333336 0.00625 0.0125
4 0.7640625 0.134375 0.009375 0.014583333333333334
1 0.43671875 0.265625 0.0421875 0.027083333333333334
1 0.4375 0.24375 0.03125 0.020833333333333332
