1 0.5453125 0.18020833333333333 0.01875 0.027083333333333334
1 0.72734375 0.7333333333333333 0.0328125 0.058333333333333334
1 0.64609375 0.3885416666666667 0.0296875 0.035416666666666666
1 0.61484375 0.33645833333333336 0.0265625 0.035416666666666666
1 0.59140625 0.29791666666666666 0.0171875 0.03333333333333333
1 0.56015625 0.18333333333333332 0.0140625 0.025
1 0.6875 0.3875 0.0375 0.0375
1 0.64453125 0.32708333333333334 0.0296875 0.03333333333333333
1 0.5984375 0.20625 0.015625 0.03333333333333333
1 0.60078125 0.246875 0.0140625 0.027083333333333334
3 0.5859375 0.1875 0.01875 0.05
1 0.5734375 0.14270833333333333 0.015625 0.027083333333333334
1 0.38046875 0.07708333333333334 0.0328125 0.03333333333333333
1 0.38203125 0.06979166666666667 0.0296875 0.027083333333333334





5 0.63046875 0.078125 0.0109375 0.022916666666666665
1 0.6640625 0.12291666666666666 0.01875 0.025
1 0.65 0.090625 0.0125 0.014583333333333334
5 0.7625 0.30520833333333336 0.021875 0.027083333333333334
5 0.784375 0.31354166666666666 0.009375 0.014583333333333334

5 0.84296875 0.2125 0.0078125 0.008333333333333333
5 0.853125 0.2 0.009375 0.008333333333333333
5 0.84765625 0.20104166666666667 0.0203125 0.035416666666666666
1 0.81953125 0.2708333333333333 0.0265625 0.029166666666666667
1 0.8453125 0.246875 0.025 0.027083333333333334
1 0.86640625 0.22604166666666667 0.0203125 0.022916666666666665
1 0.88984375 0.20416666666666666 0.0203125 0.025
1 0.9078125 0.178125 0.021875 0.027083333333333334
3 0.9390625 0.140625 0.040625 0.05625
1 0.96328125 0.11458333333333333 0.0171875 0.016666666666666666
1 0.97109375 0.103125 0.0109375 0.014583333333333334
1 0.98359375 0.084375 0.0140625 0.014583333333333334
1 0.9875 0.115625 0.0125 0.014583333333333334
1 0.97265625 0.13541666666666666 0.0171875 0.025
1 0.9546875 0.1625 0.01875 0.025
1 0.92578125 0.19375 0.0171875 0.016666666666666666
1 0.9078125 0.215625 0.01875 0.027083333333333334
1 0.8859375 0.240625 0.021875 0.027083333333333334
1 0.8578125 0.265625 0.025 0.022916666666666665
1 0.83359375 0.28541666666666665 0.0296875 0.0375
1 0.8421875 0.3104166666666667 0.03125 0.0375
3 0.87734375 0.27395833333333336 0.0328125 0.03958333333333333
1 0.90859375 0.2520833333333333 0.0203125 0.025
3 0.94453125 0.19895833333333332 0.0484375 0.06041666666666667
1 0.971875 0.17395833333333333 0.0125 0.01875
1 0.98671875 0.15625 0.0171875 0.020833333333333332
1 0.8734375 0.3145833333333333 0.028125 0.029166666666666667
1 0.90703125 0.28125 0.0234375 0.025
1 0.925 0.25833333333333336 0.021875 0.020833333333333332
1 0.9453125 0.24270833333333333 0.01875 0.022916666666666665
1 0.97265625 0.209375 0.0234375 0.03125
1 0.9953125 0.16979166666666667 0.009375 0.022916666666666665
1 0.87578125 0.3458333333333333 0.0296875 0.0375
1 0.9109375 0.3125 0.025 0.029166666666666667
1 0.93359375 0.284375 0.0234375 0.027083333333333334
1 0.95625 0.25625 0.01875 0.020833333333333332
1 0.97734375 0.23958333333333334 0.0203125 0.025
1 0.90390625 0.35833333333333334 0.0265625 0.03333333333333333
1 0.92890625 0.328125 0.0265625 0.035416666666666666

1 0.95234375 0.30520833333333336 0.0234375 0.027083333333333334


5 0.846875 0.515625 0.021875 0.027083333333333334
4 0.746875 0.30416666666666664 0.015625 0.020833333333333332


5 0.43515625 0.6729166666666667 0.0171875 0.029166666666666667
4 0.42734375 0.6895833333333333 0.0109375 0.025
4 0.3703125 0.46458333333333335 0.00625 0.008333333333333333
4 0.4140625 0.234375 0.00625 0.014583333333333334
4 0.4078125 0.4895833333333333 0.00625 0.008333333333333333
4 0.4171875 0.47708333333333336 0.00625 0.0125
4 0.765625 0.13645833333333332 0.00625 0.00625
1 0.43671875 0.265625 0.0421875 0.027083333333333334
1 0.4375 0.24479166666666666 0.028125 0.01875
