1 0.5453125 0.18333333333333332 0.01875 0.029166666666666667
1 0.7328125 0.7520833333333333 0.03125 0.058333333333333334
1 0.65 0.3927083333333333 0.03125 0.035416666666666666
1 0.61875 0.340625 0.028125 0.035416666666666666
1 0.59375 0.303125 0.01875 0.03125
1 0.5609375 0.18645833333333334 0.0125 0.022916666666666665
1 0.69140625 0.39166666666666666 0.0359375 0.0375
1 0.64765625 0.33125 0.0296875 0.03333333333333333
1 0.5921875 0.20520833333333333 0.021875 0.03125
1 0.60078125 0.25104166666666666 0.0171875 0.027083333333333334
3 0.58671875 0.190625 0.0203125 0.04791666666666667
1 0.5734375 0.14583333333333334 0.015625 0.029166666666666667
1 0.38046875 0.078125 0.0328125 0.03125
1 0.38203125 0.06979166666666667 0.0296875 0.027083333333333334





5 0.63125 0.07708333333333334 0.015625 0.025
1 0.66484375 0.12291666666666666 0.0203125 0.025
1 0.65 0.090625 0.0125 0.014583333333333334
5 0.7625 0.30625 0.021875 0.025
5 0.7828125 0.3145833333333333 0.009375 0.016666666666666666

5 0.8453125 0.21145833333333333 0.009375 0.014583333333333334
5 0.853125 0.2 0.00625 0.008333333333333333
5 0.84765625 0.20104166666666667 0.0203125 0.035416666666666666
1 0.81953125 0.2708333333333333 0.0265625 0.029166666666666667
1 0.8453125 0.24791666666666667 0.025 0.029166666666666667
1 0.86640625 0.22604166666666667 0.0203125 0.022916666666666665
1 0.88984375 0.20416666666666666 0.0203125 0.025
1 0.9078125 0.17916666666666667 0.021875 0.025
3 0.9390625 0.140625 0.040625 0.05625
1 0.96328125 0.115625 0.0171875 0.01875
1 0.9703125 0.10416666666666667 0.0125 0.0125
1 0.98359375 0.08541666666666667 0.0140625 0.0125
1 0.9875 0.11666666666666667 0.0125 0.0125
1 0.9734375 0.13541666666666666 0.01875 0.025
1 0.95546875 0.1625 0.0203125 0.025
1 0.92578125 0.19479166666666667 0.0171875 0.01875
1 0.90859375 0.21666666666666667 0.0203125 0.025
1 0.8859375 0.240625 0.021875 0.027083333333333334
1 0.8578125 0.265625 0.025 0.022916666666666665
1 0.83359375 0.28541666666666665 0.0296875 0.0375
1 0.8421875 0.3104166666666667 0.03125 0.0375
3 0.87734375 0.275 0.0359375 0.041666666666666664
1 0.90859375 0.2520833333333333 0.0203125 0.025
3 0.94453125 0.19895833333333332 0.0484375 0.06041666666666667
1 0.971875 0.17604166666666668 0.0125 0.01875
1 0.98671875 0.15625 0.0171875 0.020833333333333332
1 0.8734375 0.3145833333333333 0.028125 0.029166666666666667
1 0.90625 0.28125 0.021875 0.025
1 0.925 0.259375 0.021875 0.022916666666666665
1 0.9453125 0.24375 0.01875 0.020833333333333332
1 0.97265625 0.21041666666666667 0.0234375 0.03333333333333333
1 0.99296875 0.17291666666666666 0.0140625 0.025
1 0.8765625 0.3458333333333333 0.03125 0.0375
1 0.91171875 0.3125 0.0265625 0.029166666666666667
1 0.93359375 0.284375 0.0234375 0.027083333333333334
1 0.95625 0.25729166666666664 0.01875 0.01875
1 0.9765625 0.23958333333333334 0.021875 0.025
1 0.90390625 0.35833333333333334 0.0265625 0.03333333333333333
1 0.92890625 0.328125 0.0265625 0.035416666666666666

1 0.95234375 0.30520833333333336 0.0234375 0.027083333333333334


5 0.85234375 0.5197916666666667 0.0203125 0.027083333333333334
4 0.746875 0.30520833333333336 0.015625 0.01875


5 0.4328125 0.6708333333333333 0.015625 0.029166666666666667
4 0.4265625 0.6875 0.009375 0.025
4 0.37265625 0.465625 0.0078125 0.00625
4 0.41484375 0.23333333333333334 0.0046875 0.0125
4 0.4078125 0.4895833333333333 0.00625 0.008333333333333333
4 0.41640625 0.47708333333333336 0.0046875 0.0125
4 0.765625 0.13645833333333332 0.00625 0.010416666666666666
1 0.43671875 0.26666666666666666 0.0421875 0.029166666666666667
1 0.4375 0.24479166666666666 0.028125 0.01875
