1 0.546875 0.1875 0.01875 0.029166666666666667
1 0.7375 0.7697916666666667 0.034375 0.06041666666666667
1 0.65390625 0.396875 0.0328125 0.035416666666666666
1 0.621875 0.34479166666666666 0.028125 0.035416666666666666
1 0.59609375 0.30833333333333335 0.0203125 0.03333333333333333
1 0.56171875 0.18958333333333333 0.0140625 0.025
1 0.69609375 0.39479166666666665 0.0359375 0.03958333333333333
1 0.65078125 0.334375 0.0296875 0.035416666666666666
1 0.59140625 0.20625 0.0234375 0.029166666666666667
1 0.60234375 0.25416666666666665 0.0171875 0.029166666666666667
3 0.58828125 0.19375 0.0203125 0.04583333333333333
1 0.57421875 0.15 0.0140625 0.029166666666666667
1 0.38125 0.078125 0.034375 0.03125
1 0.38203125 0.06979166666666667 0.0296875 0.027083333333333334





5 0.6328125 0.07708333333333334 0.015625 0.025
1 0.665625 0.12395833333333334 0.01875 0.027083333333333334
1 0.65 0.09166666666666666 0.0125 0.016666666666666666
5 0.76171875 0.30625 0.0203125 0.025
5 0.78203125 0.315625 0.0109375 0.014583333333333334

5 0.84453125 0.21354166666666666 0.0078125 0.010416666666666666
5 0.85390625 0.2 0.0078125 0.008333333333333333
5 0.84765625 0.20104166666666667 0.0203125 0.035416666666666666
1 0.81875 0.2708333333333333 0.028125 0.029166666666666667
1 0.8453125 0.24895833333333334 0.025 0.027083333333333334
1 0.86640625 0.22604166666666667 0.0203125 0.022916666666666665
1 0.88984375 0.20416666666666666 0.0203125 0.025
1 0.9078125 0.17916666666666667 0.021875 0.025
3 0.9390625 0.140625 0.040625 0.05625
1 0.9640625 0.11458333333333333 0.01875 0.016666666666666666
1 0.96953125 0.10416666666666667 0.0109375 0.0125
1 0.98359375 0.08645833333333333 0.0140625 0.014583333333333334
1 0.98671875 0.11666666666666667 0.0140625 0.0125
1 0.97265625 0.13541666666666666 0.0171875 0.025
1 0.95546875 0.16354166666666667 0.0203125 0.027083333333333334
1 0.9265625 0.19375 0.01875 0.020833333333333332
1 0.9078125 0.21770833333333334 0.01875 0.027083333333333334
1 0.8859375 0.240625 0.021875 0.027083333333333334
1 0.85859375 0.265625 0.0234375 0.022916666666666665
1 0.834375 0.28541666666666665 0.03125 0.0375
1 0.8421875 0.3104166666666667 0.03125 0.0375
3 0.87734375 0.275 0.0328125 0.041666666666666664
1 0.909375 0.2520833333333333 0.021875 0.025
3 0.94375 0.19895833333333332 0.046875 0.06041666666666667
1 0.971875 0.17604166666666668 0.0125 0.01875
1 0.98671875 0.15729166666666666 0.0171875 0.022916666666666665
1 0.8734375 0.3145833333333333 0.028125 0.029166666666666667
1 0.90625 0.28229166666666666 0.021875 0.027083333333333334
1 0.925 0.2604166666666667 0.021875 0.020833333333333332
1 0.9453125 0.24375 0.01875 0.020833333333333332
1 0.97265625 0.21145833333333333 0.0234375 0.03125
1 0.99453125 0.171875 0.0109375 0.027083333333333334
1 0.87578125 0.3458333333333333 0.0296875 0.0375
1 0.9109375 0.3125 0.025 0.029166666666666667
1 0.93359375 0.284375 0.0234375 0.027083333333333334
1 0.95625 0.25729166666666664 0.01875 0.01875
1 0.97578125 0.240625 0.0203125 0.022916666666666665
1 0.90390625 0.35833333333333334 0.0265625 0.03333333333333333
1 0.9296875 0.32916666666666666 0.028125 0.03333333333333333

1 0.95234375 0.30625 0.0234375 0.029166666666666667


5 0.85859375 0.525 0.0203125 0.025
4 0.746875 0.30625 0.015625 0.020833333333333332


5 0.43125 0.6677083333333333 0.015625 0.03125
4 0.425 0.6864583333333333 0.009375 0.022916666666666665
4 0.371875 0.465625 0.009375 0.00625
4 0.41484375 0.234375 0.0046875 0.014583333333333334
4 0.4015625 0.4895833333333333 0.0125 0.016666666666666666
4 0.4171875 0.47604166666666664 0.00625 0.014583333333333334
4 0.7625 0.134375 0.009375 0.014583333333333334
1 0.43671875 0.26666666666666666 0.0421875 0.029166666666666667
1 0.4375 0.24479166666666666 0.028125 0.01875
