1 0.54765625 0.18958333333333333 0.0171875 0.029166666666666667
1 0.74375 0.7916666666666666 0.034375 0.0625
1 0.65859375 0.40208333333333335 0.0328125 0.0375
1 0.6265625 0.3489583333333333 0.028125 0.035416666666666666
1 0.59765625 0.31354166666666666 0.0203125 0.035416666666666666
1 0.5625 0.19479166666666667 0.0125 0.022916666666666665
1 0.6984375 0.39791666666666664 0.0375 0.0375
1 0.65390625 0.3375 0.0328125 0.03333333333333333
1 0.59375 0.20833333333333334 0.025 0.029166666666666667
1 0.60390625 0.259375 0.0171875 0.027083333333333334
3 0.5890625 0.19791666666666666 0.021875 0.04583333333333333
1 0.575 0.15208333333333332 0.015625 0.029166666666666667
1 0.38125 0.078125 0.034375 0.03125
1 0.38203125 0.06979166666666667 0.0296875 0.027083333333333334





5 0.634375 0.07708333333333334 0.025 0.03333333333333333
1 0.665625 0.12395833333333334 0.01875 0.027083333333333334
1 0.65 0.09166666666666666 0.0125 0.016666666666666666
5 0.76171875 0.3072916666666667 0.0203125 0.027083333333333334
5 0.78203125 0.31666666666666665 0.0109375 0.0125

5 0.84453125 0.21354166666666666 0.0078125 0.010416666666666666
5 0.85390625 0.2 0.0078125 0.008333333333333333
5 0.84765625 0.20104166666666667 0.0203125 0.035416666666666666
1 0.81953125 0.271875 0.0265625 0.027083333333333334
1 0.8453125 0.24895833333333334 0.025 0.027083333333333334
1 0.86640625 0.22604166666666667 0.0203125 0.022916666666666665
1 0.88984375 0.20416666666666666 0.0203125 0.025
1 0.9078125 0.18020833333333333 0.021875 0.027083333333333334
3 0.9390625 0.14166666666666666 0.040625 0.058333333333333334
1 0.9640625 0.11458333333333333 0.01875 0.016666666666666666
1 0.9703125 0.10416666666666667 0.0125 0.0125
1 0.98359375 0.08645833333333333 0.0140625 0.014583333333333334
1 0.9875 0.11666666666666667 0.0125 0.0125
1 0.9734375 0.13541666666666666 0.01875 0.025
1 0.95546875 0.16354166666666667 0.0203125 0.027083333333333334
1 0.92578125 0.19479166666666667 0.0171875 0.01875
1 0.9078125 0.21770833333333334 0.01875 0.027083333333333334
1 0.8859375 0.240625 0.021875 0.027083333333333334
1 0.86015625 0.265625 0.0234375 0.022916666666666665
1 0.834375 0.28541666666666665 0.03125 0.0375
1 0.8421875 0.3104166666666667 0.03125 0.0375
3 0.87734375 0.275 0.0359375 0.041666666666666664
1 0.909375 0.2520833333333333 0.021875 0.025
3 0.94375 0.19895833333333332 0.046875 0.06041666666666667
1 0.97265625 0.175 0.0171875 0.020833333333333332
1 0.98671875 0.15729166666666666 0.0171875 0.022916666666666665
1 0.8734375 0.3145833333333333 0.028125 0.029166666666666667
1 0.90703125 0.28125 0.0234375 0.029166666666666667
1 0.925 0.2604166666666667 0.021875 0.020833333333333332
1 0.9453125 0.24375 0.01875 0.020833333333333332
1 0.97265625 0.21145833333333333 0.0234375 0.03125
1 0.9953125 0.17083333333333334 0.009375 0.025
1 0.87578125 0.346875 0.0296875 0.035416666666666666
1 0.91171875 0.31354166666666666 0.0265625 0.03125
1 0.93359375 0.28541666666666665 0.0234375 0.029166666666666667
1 0.95625 0.25729166666666664 0.01875 0.01875
1 0.97578125 0.240625 0.0203125 0.022916666666666665
1 0.903125 0.36041666666666666 0.028125 0.0375
1 0.9296875 0.32916666666666666 0.028125 0.0375

1 0.95234375 0.3072916666666667 0.0234375 0.027083333333333334


5 0.86328125 0.528125 0.0234375 0.027083333333333334
4 0.746875 0.30625 0.015625 0.020833333333333332


5 0.4296875 0.6635416666666667 0.015625 0.027083333333333334
4 0.425 0.684375 0.009375 0.022916666666666665
4 0.37109375 0.465625 0.0078125 0.00625
4 0.4171875 0.234375 0.00625 0.01875
4 0.4015625 0.4895833333333333 0.0125 0.016666666666666666
4 0.4171875 0.47708333333333336 0.00625 0.0125
4 0.76171875 0.134375 0.0078125 0.014583333333333334
1 0.4359375 0.26666666666666666 0.040625 0.029166666666666667
1 0.4375 0.24479166666666666 0.028125 0.01875
