1 0.54765625 0.19270833333333334 0.0171875 0.03125
1 0.7453125 0.803125 0.034375 0.06458333333333334
1 0.6609375 0.40520833333333334 0.034375 0.035416666666666666
1 0.62890625 0.353125 0.0296875 0.035416666666666666
1 0.59921875 0.31666666666666665 0.0203125 0.03333333333333333
1 0.5640625 0.196875 0.015625 0.027083333333333334
1 0.70234375 0.4010416666666667 0.0390625 0.03958333333333333
1 0.65546875 0.340625 0.0328125 0.035416666666666666
1 0.59296875 0.209375 0.0265625 0.03125
1 0.60390625 0.26145833333333335 0.0171875 0.027083333333333334
3 0.5890625 0.19895833333333332 0.021875 0.04791666666666667
1 0.575 0.15416666666666667 0.015625 0.029166666666666667
1 0.38125 0.078125 0.034375 0.03125
1 0.38203125 0.06979166666666667 0.0296875 0.027083333333333334





5 0.63515625 0.07708333333333334 0.0265625 0.0375
1 0.665625 0.12395833333333334 0.01875 0.027083333333333334
1 0.65 0.09166666666666666 0.0125 0.016666666666666666
5 0.7609375 0.3072916666666667 0.021875 0.027083333333333334
5 0.78125 0.31666666666666665 0.009375 0.0125

5 0.84453125 0.2125 0.0078125 0.0125
5 0.84765625 0.20520833333333333 0.0078125 0.010416666666666666
5 0.84765625 0.20208333333333334 0.0203125 0.03333333333333333
1 0.81875 0.271875 0.028125 0.027083333333333334
1 0.84453125 0.24895833333333334 0.0234375 0.027083333333333334
1 0.86640625 0.22604166666666667 0.0203125 0.022916666666666665
1 0.88984375 0.20416666666666666 0.0203125 0.025
1 0.9078125 0.18020833333333333 0.021875 0.027083333333333334
3 0.9390625 0.14166666666666666 0.040625 0.058333333333333334
1 0.9640625 0.11458333333333333 0.01875 0.016666666666666666
1 0.9703125 0.10416666666666667 0.0125 0.0125
1 0.98359375 0.08645833333333333 0.0140625 0.014583333333333334
1 0.9875 0.11666666666666667 0.0125 0.0125
1 0.9734375 0.13645833333333332 0.01875 0.022916666666666665
1 0.9546875 0.16354166666666667 0.01875 0.027083333333333334
1 0.92578125 0.19479166666666667 0.0171875 0.01875
1 0.9078125 0.21770833333333334 0.01875 0.027083333333333334
1 0.8859375 0.240625 0.021875 0.027083333333333334
1 0.85859375 0.265625 0.0234375 0.022916666666666665
1 0.834375 0.28541666666666665 0.03125 0.0375
1 0.8421875 0.3104166666666667 0.03125 0.0375
3 0.8765625 0.275 0.034375 0.041666666666666664
1 0.90859375 0.2520833333333333 0.0203125 0.025
3 0.94296875 0.2 0.0484375 0.0625
1 0.97265625 0.17604166666666668 0.0171875 0.022916666666666665
1 0.98671875 0.15729166666666666 0.0171875 0.022916666666666665
1 0.8734375 0.3145833333333333 0.028125 0.029166666666666667
1 0.90625 0.28229166666666666 0.021875 0.027083333333333334
1 0.925 0.2604166666666667 0.021875 0.020833333333333332
1 0.9453125 0.24375 0.01875 0.020833333333333332
1 0.97265625 0.21145833333333333 0.0234375 0.03125
1 0.9953125 0.171875 0.009375 0.027083333333333334
1 0.87578125 0.3458333333333333 0.0296875 0.0375
1 0.9109375 0.3125 0.025 0.029166666666666667
1 0.93359375 0.28541666666666665 0.0234375 0.029166666666666667
1 0.95625 0.25729166666666664 0.01875 0.01875
1 0.97578125 0.24166666666666667 0.0203125 0.025
1 0.9046875 0.359375 0.03125 0.03958333333333333
1 0.93046875 0.32916666666666666 0.0265625 0.03333333333333333

1 0.95234375 0.3072916666666667 0.0234375 0.027083333333333334


5 0.86796875 0.5302083333333333 0.0234375 0.027083333333333334
4 0.746875 0.30625 0.015625 0.020833333333333332


5 0.42890625 0.6625 0.0140625 0.029166666666666667
4 0.4234375 0.6822916666666666 0.009375 0.022916666666666665
4 0.37109375 0.465625 0.0078125 0.00625
4 0.41484375 0.23333333333333334 0.0046875 0.0125
4 0.4015625 0.4895833333333333 0.0125 0.016666666666666666
4 0.4171875 0.47708333333333336 0.00625 0.0125
4 0.76171875 0.13541666666666666 0.0078125 0.0125
1 0.4359375 0.26666666666666666 0.040625 0.029166666666666667
1 0.4375 0.24479166666666666 0.028125 0.01875
