1 0.54765625 0.19270833333333334 0.0171875 0.03125
1 0.7484375 0.8125 0.034375 0.0625
1 0.6625 0.40625 0.034375 0.0375
1 0.63046875 0.35520833333333335 0.0296875 0.035416666666666666
1 0.6 0.3177083333333333 0.021875 0.035416666666666666
1 0.5640625 0.19791666666666666 0.015625 0.029166666666666667
1 0.70390625 0.4010416666666667 0.0390625 0.03958333333333333
1 0.65703125 0.340625 0.0328125 0.035416666666666666
1 0.59375 0.209375 0.028125 0.03125
1 0.6046875 0.2625 0.01875 0.029166666666666667
3 0.58984375 0.2 0.0203125 0.04583333333333333
1 0.575 0.15520833333333334 0.015625 0.03125
1 0.38125 0.078125 0.034375 0.03125
1 0.38203125 0.06979166666666667 0.0296875 0.027083333333333334





5 0.634375 0.07604166666666666 0.028125 0.03958333333333333
1 0.665625 0.12395833333333334 0.01875 0.027083333333333334
1 0.65078125 0.09270833333333334 0.0140625 0.014583333333333334
5 0.7625 0.3072916666666667 0.021875 0.027083333333333334
5 0.78125 0.31666666666666665 0.009375 0.0125

5 0.8453125 0.2125 0.009375 0.0125
5 0.84765625 0.20520833333333333 0.0078125 0.010416666666666666
5 0.84765625 0.20208333333333334 0.0203125 0.03333333333333333
1 0.81875 0.271875 0.028125 0.027083333333333334
1 0.8453125 0.24895833333333334 0.025 0.027083333333333334
1 0.86640625 0.22604166666666667 0.0203125 0.022916666666666665
1 0.88984375 0.20416666666666666 0.0203125 0.025
1 0.90703125 0.18020833333333333 0.0234375 0.027083333333333334
3 0.9390625 0.14166666666666666 0.040625 0.058333333333333334
1 0.9640625 0.11458333333333333 0.01875 0.016666666666666666
1 0.9703125 0.10416666666666667 0.0125 0.0125
1 0.98359375 0.08645833333333333 0.0140625 0.014583333333333334
1 0.9875 0.11666666666666667 0.0125 0.0125
1 0.9734375 0.13541666666666666 0.01875 0.025
1 0.9546875 0.16354166666666667 0.01875 0.027083333333333334
1 0.92578125 0.19479166666666667 0.0171875 0.01875
1 0.9078125 0.21770833333333334 0.01875 0.027083333333333334
1 0.8859375 0.240625 0.021875 0.027083333333333334
1 0.859375 0.265625 0.025 0.022916666666666665
1 0.834375 0.28541666666666665 0.03125 0.0375
1 0.8421875 0.3104166666666667 0.03125 0.0375
3 0.8765625 0.275 0.034375 0.041666666666666664
1 0.909375 0.2520833333333333 0.021875 0.025
3 0.94296875 0.2 0.0484375 0.0625
1 0.97265625 0.175 0.0171875 0.020833333333333332
1 0.98671875 0.15729166666666666 0.0171875 0.022916666666666665
1 0.8734375 0.3145833333333333 0.028125 0.029166666666666667
1 0.9078125 0.28125 0.025 0.029166666666666667
1 0.925 0.2604166666666667 0.021875 0.020833333333333332
1 0.9453125 0.24375 0.01875 0.020833333333333332
1 0.971875 0.21145833333333333 0.021875 0.03125
1 0.9953125 0.171875 0.009375 0.022916666666666665
1 0.87578125 0.34791666666666665 0.0296875 0.0375
1 0.9109375 0.3145833333333333 0.025 0.029166666666666667
1 0.93359375 0.28541666666666665 0.0234375 0.029166666666666667
1 0.95625 0.25729166666666664 0.01875 0.01875
1 0.97578125 0.24166666666666667 0.0203125 0.025
1 0.903125 0.36041666666666666 0.03125 0.0375
1 0.93046875 0.328125 0.0265625 0.035416666666666666

1 0.95234375 0.3072916666666667 0.0234375 0.027083333333333334


5 0.87109375 0.5322916666666667 0.0203125 0.027083333333333334
4 0.746875 0.30625 0.015625 0.020833333333333332


5 0.4296875 0.659375 0.0125 0.027083333333333334
4 0.4234375 0.6822916666666666 0.009375 0.022916666666666665
4 0.37109375 0.465625 0.0078125 0.00625
4 0.4171875 0.23229166666666667 0.00625 0.014583333333333334
4 0.40078125 0.48854166666666665 0.0109375 0.014583333333333334
4 0.4171875 0.47604166666666664 0.00625 0.014583333333333334
4 0.76328125 0.13541666666666666 0.0046875 0.008333333333333333
1 0.4359375 0.26666666666666666 0.040625 0.029166666666666667
1 0.4375 0.24479166666666666 0.028125 0.01875
