1 0.5484375 0.19583333333333333 0.01875 0.029166666666666667
1 0.75234375 0.8239583333333333 0.0359375 0.06458333333333334
1 0.665625 0.409375 0.034375 0.035416666666666666
1 0.63203125 0.3572916666666667 0.0296875 0.035416666666666666
1 0.60078125 0.32083333333333336 0.0203125 0.03333333333333333
1 0.56484375 0.2 0.0140625 0.025
1 0.70625 0.40208333333333335 0.0375 0.0375
1 0.65859375 0.34375 0.0328125 0.0375
1 0.59375 0.209375 0.025 0.03125
1 0.60546875 0.26458333333333334 0.0171875 0.029166666666666667
3 0.58984375 0.20208333333333334 0.0203125 0.04583333333333333
1 0.57578125 0.15625 0.0171875 0.029166666666666667
1 0.38125 0.078125 0.034375 0.03125
1 0.38203125 0.06979166666666667 0.0296875 0.027083333333333334





5 0.6359375 0.078125 0.03125 0.04375
1 0.66484375 0.12395833333333334 0.0203125 0.027083333333333334
1 0.65 0.09270833333333334 0.0125 0.014583333333333334
5 0.7625 0.3072916666666667 0.021875 0.027083333333333334
5 0.78046875 0.31666666666666665 0.0109375 0.0125

5 0.84453125 0.2125 0.0078125 0.008333333333333333
5 0.853125 0.20208333333333334 0.009375 0.008333333333333333
5 0.84765625 0.20208333333333334 0.0203125 0.03333333333333333
1 0.81875 0.271875 0.028125 0.027083333333333334
1 0.8453125 0.24895833333333334 0.025 0.027083333333333334
1 0.86640625 0.22708333333333333 0.0203125 0.025
1 0.88984375 0.20416666666666666 0.0203125 0.025
1 0.90703125 0.18020833333333333 0.0234375 0.027083333333333334
3 0.93828125 0.14166666666666666 0.0421875 0.058333333333333334
1 0.9640625 0.115625 0.01875 0.01875
1 0.9703125 0.10416666666666667 0.0125 0.0125
1 0.98359375 0.08645833333333333 0.0140625 0.014583333333333334
1 0.9875 0.11666666666666667 0.0125 0.0125
1 0.97265625 0.13645833333333332 0.0171875 0.022916666666666665
1 0.9546875 0.16354166666666667 0.01875 0.027083333333333334
1 0.9265625 0.19375 0.01875 0.020833333333333332
1 0.90859375 0.21666666666666667 0.0203125 0.029166666666666667
1 0.8859375 0.24166666666666667 0.021875 0.029166666666666667
1 0.8578125 0.265625 0.025 0.022916666666666665
1 0.834375 0.28541666666666665 0.03125 0.0375
1 0.8421875 0.3104166666666667 0.03125 0.0375
3 0.8765625 0.2760416666666667 0.034375 0.03958333333333333
1 0.9078125 0.2520833333333333 0.021875 0.025
3 0.94296875 0.2 0.0484375 0.0625
1 0.97109375 0.17604166666666668 0.0140625 0.01875
1 0.9859375 0.15729166666666666 0.01875 0.022916666666666665
1 0.87421875 0.31666666666666665 0.0265625 0.029166666666666667
1 0.90625 0.28229166666666666 0.021875 0.027083333333333334
1 0.925 0.2604166666666667 0.021875 0.020833333333333332
1 0.9453125 0.24375 0.01875 0.020833333333333332
1 0.971875 0.2125 0.021875 0.029166666666666667
1 0.9953125 0.17083333333333334 0.009375 0.025
1 0.87578125 0.34791666666666665 0.0296875 0.0375
1 0.9109375 0.31354166666666666 0.025 0.027083333333333334
1 0.93359375 0.28541666666666665 0.0234375 0.029166666666666667
1 0.95625 0.25729166666666664 0.01875 0.01875
1 0.97578125 0.24166666666666667 0.0203125 0.025
1 0.903125 0.36041666666666666 0.03125 0.0375
1 0.93046875 0.328125 0.0265625 0.035416666666666666

1 0.95234375 0.3072916666666667 0.0234375 0.027083333333333334


5 0.8734375 0.5333333333333333 0.021875 0.025
4 0.74609375 0.30625 0.0171875 0.020833333333333332


5 0.428125 0.6583333333333333 0.0125 0.029166666666666667
4 0.4234375 0.6822916666666666 0.009375 0.022916666666666665
4 0.37109375 0.46458333333333335 0.0078125 0.008333333333333333
4 0.4171875 0.23229166666666667 0.00625 0.014583333333333334
4 0.39921875 0.48854166666666665 0.0109375 0.014583333333333334
4 0.4171875 0.47708333333333336 0.00625 0.0125
4 0.76328125 0.13541666666666666 0.0046875 0.008333333333333333
1 0.43671875 0.2677083333333333 0.0390625 0.027083333333333334
1 0.4375 0.24479166666666666 0.028125 0.01875
