1 0.5375 0.12604166666666666 0.015625 0.022916666666666665
1 0.5875 0.259375 0.01875 0.03125
1 0.5796875 0.23125 0.015625 0.025
1 0.571875 0.190625 0.015625 0.027083333333333334
1 0.56484375 0.16145833333333334 0.0109375 0.01875
1 0.55859375 0.14270833333333333 0.0109375 0.014583333333333334
1 0.6078125 0.246875 0.021875 0.035416666666666666
1 0.5984375 0.21354166666666666 0.01875 0.027083333333333334
1 0.59296875 0.1875 0.0171875 0.029166666666666667
1 0.58359375 0.16354166666666667 0.0140625 0.022916666666666665
3 0.57890625 0.12916666666666668 0.0203125 0.04583333333333333
1 0.56875 0.10729166666666666 0.01875 0.03125
1 0.38515625 0.07604166666666666 0.0328125 0.03125
1 0.384375 0.06875 0.03125 0.025
1 0.59609375 0.09895833333333333 0.0171875 0.027083333333333334
1 0.60546875 0.042708333333333334 0.0140625 0.01875
1 0.5671875 0.027083333333333334 0.0125 0.020833333333333332
1 0.58515625 0.022916666666666665 0.0140625 0.016666666666666666
1 0.56875 0.023958333333333335 0.015625 0.022916666666666665
5 0.63828125 0.090625 0.0078125 0.014583333333333334
1 0.66953125 0.11875 0.0171875 0.025
1 0.65625 0.08645833333333333 0.015625 0.01875
5 0.7609375 0.29375 0.015625 0.016666666666666666
5 0.78125 0.284375 0.015625 0.027083333333333334
5 0.796875 0.26458333333333334 0.00625 0.0125
5 0.828125 0.23645833333333333 0.0125 0.014583333333333334
5 0.85390625 0.19895833333333332 0.0078125 0.010416666666666666
5 0.8890625 0.16979166666666667 0.009375 0.01875
1 0.82578125 0.265625 0.0265625 0.027083333333333334
1 0.85078125 0.24270833333333333 0.0265625 0.027083333333333334
1 0.87265625 0.21979166666666666 0.0203125 0.022916666666666665
1 0.89609375 0.19791666666666666 0.0203125 0.025
1 0.9140625 0.171875 0.025 0.027083333333333334
3 0.94609375 0.13333333333333333 0.0421875 0.05416666666666667
1 0.9671875 0.11041666666666666 0.0125 0.016666666666666666
1 0.97734375 0.096875 0.0109375 0.014583333333333334
1 0.9921875 0.07708333333333334 0.015625 0.0125
1 0.99375 0.10729166666666666 0.0125 0.01875
1 0.9796875 0.12916666666666668 0.015625 0.020833333333333332
1 0.9625 0.15833333333333333 0.01875 0.029166666666666667
1 0.9375 0.18333333333333332 0.01875 0.020833333333333332
1 0.91484375 0.21145833333333333 0.0203125 0.027083333333333334
1 0.8921875 0.23333333333333334 0.021875 0.025
1 0.86640625 0.2604166666666667 0.0234375 0.029166666666666667
1 0.84296875 0.27708333333333335 0.0328125 0.0375
1 0.8484375 0.30520833333333336 0.03125 0.03958333333333333
3 0.88359375 0.26979166666666665 0.0359375 0.04375
1 0.915625 0.24583333333333332 0.021875 0.025
3 0.94921875 0.19375 0.0421875 0.058333333333333334
1 0.978125 0.16979166666666667 0.015625 0.022916666666666665
1 0.9921875 0.14895833333333333 0.015625 0.022916666666666665
1 0.88046875 0.3104166666666667 0.0265625 0.03333333333333333
1 0.91328125 0.2760416666666667 0.0234375 0.027083333333333334
1 0.93125 0.25416666666666665 0.021875 0.025
1 0.95390625 0.23645833333333333 0.0203125 0.022916666666666665
1 0.97890625 0.20416666666666666 0.0203125 0.029166666666666667
1 0.9921875 0.18229166666666666 0.015625 0.022916666666666665
1 0.884375 0.33958333333333335 0.03125 0.0375
1 0.91953125 0.30625 0.0265625 0.03333333333333333
1 0.940625 0.2791666666666667 0.021875 0.029166666666666667
1 0.96328125 0.25104166666666666 0.0171875 0.01875
1 0.984375 0.234375 0.021875 0.022916666666666665
1 0.91171875 0.3541666666666667 0.0296875 0.0375
1 0.93828125 0.32395833333333335 0.0265625 0.035416666666666666
1 0.99765625 0.32708333333333334 0.0046875 0.008333333333333333
1 0.98828125 0.2677083333333333 0.0234375 0.027083333333333334

5 0.93828125 0.74375 0.0203125 0.03333333333333333
5 0.7765625 0.415625 0.0125 0.022916666666666665
4 0.80859375 0.353125 0.0078125 0.01875
5 0.61796875 0.019791666666666666 0.0046875 0.010416666666666666
5 0.4390625 0.790625 0.01875 0.027083333333333334
5 0.49296875 0.7989583333333333 0.0203125 0.035416666666666666
4 0.465625 0.771875 0.0125 0.027083333333333334
4 0.378125 0.4625 0.009375 0.008333333333333333
4 0.421875 0.23541666666666666 0.00625 0.016666666666666666
4 0.41015625 0.4875 0.0078125 0.0125
4 0.40234375 0.4864583333333333 0.0046875 0.010416666666666666
4 0.82421875 0.13958333333333334 0.0078125 0.0125
1 0.4421875 0.26458333333333334 0.040625 0.029166666666666667
1 0.4421875 0.24166666666666667 0.034375 0.020833333333333332
