1 0.5484375 0.196875 0.01875 0.027083333333333334
1 0.753125 0.8322916666666667 0.0375 0.06458333333333334
1 0.6671875 0.4114583333333333 0.034375 0.035416666666666666
1 0.634375 0.359375 0.03125 0.035416666666666666
1 0.6015625 0.3229166666666667 0.021875 0.03333333333333333
1 0.565625 0.20104166666666667 0.0125 0.022916666666666665
1 0.70703125 0.4041666666666667 0.0390625 0.0375
1 0.66015625 0.34479166666666666 0.0359375 0.035416666666666666
1 0.59375 0.21145833333333333 0.025 0.03125
1 0.60546875 0.265625 0.0171875 0.027083333333333334
3 0.58984375 0.203125 0.0203125 0.04791666666666667
1 0.5765625 0.15625 0.015625 0.029166666666666667
1 0.38125 0.07916666666666666 0.034375 0.03333333333333333
1 0.38203125 0.07083333333333333 0.0296875 0.029166666666666667





5 0.63515625 0.07708333333333334 0.0328125 0.04583333333333333
1 0.665625 0.12395833333333334 0.01875 0.027083333333333334
1 0.65 0.09166666666666666 0.0125 0.016666666666666666
5 0.7625 0.3072916666666667 0.021875 0.027083333333333334
5 0.78046875 0.31666666666666665 0.0109375 0.0125

5 0.84453125 0.21145833333333333 0.0078125 0.010416666666666666
5 0.853125 0.20104166666666667 0.009375 0.010416666666666666
5 0.84765625 0.20208333333333334 0.0203125 0.03333333333333333
1 0.81875 0.27291666666666664 0.028125 0.029166666666666667
1 0.8453125 0.25 0.025 0.029166666666666667
1 0.86640625 0.22708333333333333 0.0203125 0.020833333333333332
1 0.8890625 0.20416666666666666 0.021875 0.025
1 0.90703125 0.18020833333333333 0.0234375 0.027083333333333334
3 0.9390625 0.14166666666666666 0.040625 0.058333333333333334
1 0.9640625 0.115625 0.01875 0.01875
1 0.9703125 0.10416666666666667 0.0125 0.0125
1 0.98359375 0.08645833333333333 0.0140625 0.014583333333333334
1 0.9875 0.11666666666666667 0.0125 0.0125
1 0.97265625 0.13645833333333332 0.0171875 0.022916666666666665
1 0.9546875 0.16354166666666667 0.01875 0.027083333333333334
1 0.92578125 0.19479166666666667 0.0171875 0.01875
1 0.9078125 0.21770833333333334 0.01875 0.027083333333333334
1 0.8859375 0.24166666666666667 0.021875 0.029166666666666667
1 0.859375 0.265625 0.025 0.022916666666666665
1 0.834375 0.2864583333333333 0.03125 0.035416666666666666
1 0.8421875 0.3104166666666667 0.03125 0.0375
3 0.87734375 0.2760416666666667 0.0359375 0.04375
1 0.9078125 0.2520833333333333 0.021875 0.025
3 0.9421875 0.2 0.046875 0.0625
1 0.97109375 0.17604166666666668 0.0171875 0.022916666666666665
1 0.9859375 0.15729166666666666 0.01875 0.022916666666666665
1 0.87421875 0.31666666666666665 0.0265625 0.029166666666666667
1 0.90703125 0.28229166666666666 0.0234375 0.027083333333333334
1 0.925 0.2604166666666667 0.021875 0.020833333333333332
1 0.9453125 0.24375 0.01875 0.020833333333333332
1 0.971875 0.2125 0.021875 0.029166666666666667
1 0.9953125 0.17083333333333334 0.009375 0.025
1 0.87578125 0.34791666666666665 0.0296875 0.0375
1 0.91171875 0.31354166666666666 0.0234375 0.027083333333333334
1 0.93359375 0.28541666666666665 0.0234375 0.029166666666666667
1 0.95703125 0.25729166666666664 0.0203125 0.01875
1 0.97578125 0.24166666666666667 0.0203125 0.025
1 0.90390625 0.36041666666666666 0.0296875 0.0375
1 0.93046875 0.32916666666666666 0.0265625 0.0375

1 0.95234375 0.30833333333333335 0.0234375 0.029166666666666667


5 0.8765625 0.5354166666666667 0.021875 0.025
4 0.746875 0.30625 0.015625 0.020833333333333332


5 0.428125 0.6572916666666667 0.0125 0.027083333333333334
4 0.4234375 0.68125 0.009375 0.025
4 0.3703125 0.46458333333333335 0.00625 0.008333333333333333
4 0.41484375 0.23333333333333334 0.0046875 0.0125
4 0.39765625 0.4895833333333333 0.0109375 0.016666666666666666
4 0.41796875 0.47604166666666664 0.0078125 0.014583333333333334
4 0.7625 0.13541666666666666 0.00625 0.008333333333333333
1 0.43671875 0.2677083333333333 0.0390625 0.027083333333333334
1 0.4375 0.24479166666666666 0.028125 0.01875
