1 0.5484375 0.19895833333333332 0.01875 0.027083333333333334
1 0.75625 0.8447916666666667 0.034375 0.06458333333333334
1 0.66953125 0.41354166666666664 0.0359375 0.035416666666666666
1 0.63671875 0.3625 0.0296875 0.0375
1 0.603125 0.32708333333333334 0.021875 0.03333333333333333
1 0.56484375 0.20416666666666666 0.0140625 0.025
1 0.71015625 0.40625 0.0390625 0.0375
1 0.6625 0.3458333333333333 0.034375 0.0375
1 0.59296875 0.209375 0.0234375 0.03125
1 0.60703125 0.2677083333333333 0.0171875 0.027083333333333334
3 0.590625 0.20208333333333334 0.025 0.05
1 0.5765625 0.15833333333333333 0.015625 0.029166666666666667
1 0.38125 0.07916666666666666 0.034375 0.03333333333333333
1 0.38203125 0.07083333333333333 0.0296875 0.029166666666666667





5 0.63828125 0.08541666666666667 0.0328125 0.05416666666666667
1 0.665625 0.125 0.01875 0.025
1 0.65 0.09270833333333334 0.0125 0.014583333333333334
5 0.7625 0.3072916666666667 0.021875 0.027083333333333334
5 0.78046875 0.31666666666666665 0.0109375 0.0125

5 0.84453125 0.21145833333333333 0.0078125 0.010416666666666666
5 0.85390625 0.2 0.0078125 0.008333333333333333
5 0.84765625 0.20208333333333334 0.0203125 0.03333333333333333
1 0.81796875 0.271875 0.0265625 0.027083333333333334
1 0.8453125 0.25 0.025 0.029166666666666667
1 0.86640625 0.228125 0.0203125 0.022916666666666665
1 0.8890625 0.20416666666666666 0.021875 0.025
1 0.90703125 0.18020833333333333 0.0234375 0.027083333333333334
3 0.9390625 0.14270833333333333 0.040625 0.05625
1 0.9640625 0.11458333333333333 0.01875 0.016666666666666666
1 0.9703125 0.10416666666666667 0.0125 0.0125
1 0.98359375 0.08645833333333333 0.0140625 0.014583333333333334
1 0.98671875 0.11666666666666667 0.0140625 0.0125
1 0.97265625 0.13645833333333332 0.0171875 0.022916666666666665
1 0.9546875 0.16458333333333333 0.01875 0.029166666666666667
1 0.925 0.19479166666666667 0.01875 0.01875
1 0.9078125 0.21875 0.01875 0.025
1 0.8859375 0.24270833333333333 0.021875 0.027083333333333334
1 0.85859375 0.265625 0.0234375 0.022916666666666665
1 0.834375 0.2864583333333333 0.03125 0.035416666666666666
1 0.8421875 0.31145833333333334 0.03125 0.035416666666666666
3 0.87578125 0.2760416666666667 0.0359375 0.04375
1 0.909375 0.2520833333333333 0.021875 0.025
3 0.94296875 0.20104166666666667 0.0484375 0.06041666666666667
1 0.97109375 0.17604166666666668 0.0140625 0.01875
1 0.9859375 0.15729166666666666 0.01875 0.022916666666666665
1 0.8734375 0.31666666666666665 0.028125 0.029166666666666667
1 0.90625 0.28229166666666666 0.021875 0.027083333333333334
1 0.925 0.2604166666666667 0.021875 0.020833333333333332
1 0.9453125 0.24375 0.01875 0.020833333333333332
1 0.971875 0.2125 0.021875 0.029166666666666667
1 0.9953125 0.171875 0.009375 0.022916666666666665
1 0.87578125 0.34791666666666665 0.0296875 0.0375
1 0.9109375 0.3145833333333333 0.025 0.029166666666666667
1 0.93359375 0.28541666666666665 0.0234375 0.029166666666666667
1 0.95625 0.25729166666666664 0.01875 0.01875
1 0.97578125 0.24270833333333333 0.0203125 0.027083333333333334
1 0.9046875 0.359375 0.03125 0.03958333333333333
1 0.93046875 0.3302083333333333 0.0265625 0.035416666666666666

1 0.95234375 0.30833333333333335 0.0234375 0.029166666666666667


5 0.88125 0.5385416666666667 0.021875 0.027083333333333334
4 0.746875 0.30625 0.015625 0.020833333333333332


5 0.42734375 0.65625 0.0109375 0.029166666666666667
4 0.4234375 0.6791666666666667 0.009375 0.025
4 0.37109375 0.465625 0.0078125 0.00625
4 0.415625 0.23333333333333334 0.00625 0.0125
4 0.39765625 0.4895833333333333 0.0109375 0.016666666666666666
4 0.4171875 0.47708333333333336 0.00625 0.0125
4 0.76171875 0.13541666666666666 0.0046875 0.008333333333333333
1 0.4359375 0.2677083333333333 0.040625 0.027083333333333334
1 0.4375 0.24479166666666666 0.028125 0.01875
