1 0.54921875 0.20520833333333333 0.0171875 0.027083333333333334
1 0.7671875 0.8875 0.0375 0.06666666666666667
1 0.68125 0.4239583333333333 0.0375 0.035416666666666666
1 0.64453125 0.37083333333333335 0.0328125 0.0375
1 0.6078125 0.33645833333333336 0.025 0.035416666666666666
1 0.56796875 0.21354166666666666 0.0171875 0.027083333333333334
1 0.71875 0.4125 0.040625 0.0375
1 0.66875 0.353125 0.034375 0.035416666666666666
1 0.590625 0.20520833333333333 0.021875 0.03125
1 0.609375 0.27708333333333335 0.01875 0.029166666666666667
3 0.59296875 0.21041666666666667 0.0234375 0.04583333333333333
1 0.578125 0.16458333333333333 0.015625 0.029166666666666667
1 0.38125 0.07916666666666666 0.034375 0.03333333333333333
1 0.38203125 0.07083333333333333 0.0296875 0.029166666666666667





5 0.64453125 0.09375 0.0234375 0.04583333333333333
1 0.6640625 0.12604166666666666 0.01875 0.027083333333333334
1 0.65 0.09270833333333334 0.0125 0.014583333333333334
5 0.76328125 0.30833333333333335 0.0234375 0.029166666666666667
5 0.7796875 0.31666666666666665 0.009375 0.0125

5 0.84375 0.21354166666666666 0.00625 0.010416666666666666
5 0.85390625 0.20208333333333334 0.0078125 0.008333333333333333
5 0.84765625 0.20208333333333334 0.0203125 0.03333333333333333
1 0.81796875 0.27291666666666664 0.0265625 0.029166666666666667
1 0.8453125 0.25 0.025 0.029166666666666667
1 0.86640625 0.228125 0.0203125 0.022916666666666665
1 0.8890625 0.20625 0.021875 0.025
1 0.90625 0.18020833333333333 0.021875 0.027083333333333334
3 0.93828125 0.14270833333333333 0.0421875 0.05625
1 0.9640625 0.115625 0.01875 0.01875
1 0.96953125 0.10416666666666667 0.0109375 0.0125
1 0.98359375 0.08645833333333333 0.0140625 0.014583333333333334
1 0.9875 0.11666666666666667 0.0125 0.0125
1 0.97265625 0.1375 0.0171875 0.025
1 0.95390625 0.165625 0.0203125 0.027083333333333334
1 0.925 0.19583333333333333 0.01875 0.020833333333333332
1 0.9078125 0.21875 0.01875 0.025
1 0.884375 0.24270833333333333 0.021875 0.027083333333333334
1 0.85859375 0.26666666666666666 0.0234375 0.025
1 0.834375 0.2864583333333333 0.03125 0.035416666666666666
1 0.840625 0.3125 0.03125 0.0375
3 0.8765625 0.2760416666666667 0.034375 0.03958333333333333
1 0.9078125 0.253125 0.021875 0.022916666666666665
3 0.9421875 0.20104166666666667 0.046875 0.06041666666666667
1 0.97109375 0.17604166666666668 0.0171875 0.022916666666666665
1 0.9859375 0.15833333333333333 0.01875 0.020833333333333332
1 0.87265625 0.31666666666666665 0.0265625 0.029166666666666667
1 0.90546875 0.28229166666666666 0.0234375 0.027083333333333334
1 0.925 0.26145833333333335 0.021875 0.022916666666666665
1 0.9453125 0.24375 0.01875 0.020833333333333332
1 0.971875 0.2125 0.021875 0.029166666666666667
1 0.9953125 0.17083333333333334 0.009375 0.020833333333333332
1 0.87578125 0.34791666666666665 0.0296875 0.0375
1 0.91015625 0.31354166666666666 0.0234375 0.027083333333333334
1 0.9328125 0.2864583333333333 0.021875 0.03125
1 0.95546875 0.25729166666666664 0.0203125 0.01875
1 0.97578125 0.24270833333333333 0.0203125 0.027083333333333334
1 0.90234375 0.36041666666666666 0.0296875 0.0375
1 0.9296875 0.33125 0.028125 0.03333333333333333

1 0.9515625 0.30833333333333335 0.021875 0.029166666666666667


5 0.89375 0.546875 0.021875 0.027083333333333334
4 0.74609375 0.30625 0.0171875 0.020833333333333332


5 0.42578125 0.65 0.0109375 0.029166666666666667
4 0.421875 0.6760416666666667 0.009375 0.022916666666666665
4 0.37109375 0.465625 0.0078125 0.00625
4 0.41640625 0.23125 0.0078125 0.0125
4 0.40078125 0.4895833333333333 0.0078125 0.0125
4 0.41796875 0.47604166666666664 0.0046875 0.014583333333333334
4 0.76171875 0.13645833333333332 0.0046875 0.00625
1 0.43515625 0.2677083333333333 0.0390625 0.027083333333333334
1 0.4375 0.24479166666666666 0.028125 0.01875
