1 0.55078125 0.21145833333333333 0.0171875 0.03125
1 0.77578125 0.9166666666666666 0.0359375 0.06666666666666667
1 0.68984375 0.42916666666666664 0.0390625 0.03333333333333333
1 0.6515625 0.3770833333333333 0.034375 0.0375
1 0.6125 0.34270833333333334 0.025 0.035416666666666666
1 0.56875 0.22083333333333333 0.015625 0.025
1 0.725 0.4166666666666667 0.040625 0.0375
1 0.67265625 0.3572916666666667 0.0359375 0.035416666666666666
1 0.59296875 0.20625 0.0234375 0.029166666666666667
1 0.61171875 0.2833333333333333 0.0203125 0.029166666666666667
3 0.5953125 0.21458333333333332 0.028125 0.05
1 0.578125 0.16875 0.015625 0.029166666666666667
1 0.38125 0.08020833333333334 0.034375 0.03125
1 0.38125 0.07083333333333333 0.03125 0.029166666666666667





5 0.6453125 0.09479166666666666 0.021875 0.04791666666666667
1 0.6640625 0.12604166666666666 0.01875 0.027083333333333334
1 0.65 0.09375 0.0125 0.016666666666666666
5 0.76328125 0.30833333333333335 0.0234375 0.029166666666666667
5 0.7796875 0.31666666666666665 0.009375 0.0125

5 0.84375 0.21354166666666666 0.00625 0.010416666666666666
5 0.85234375 0.20208333333333334 0.0078125 0.008333333333333333
5 0.84765625 0.203125 0.0203125 0.035416666666666666
1 0.81796875 0.27291666666666664 0.0265625 0.029166666666666667
1 0.8453125 0.25 0.025 0.029166666666666667
1 0.865625 0.228125 0.01875 0.022916666666666665
1 0.8890625 0.20625 0.021875 0.025
1 0.90625 0.18125 0.021875 0.029166666666666667
3 0.93828125 0.14270833333333333 0.0421875 0.05625
1 0.96328125 0.115625 0.0203125 0.01875
1 0.96875 0.10625 0.0125 0.0125
1 0.98203125 0.0875 0.0140625 0.0125
1 0.98671875 0.11770833333333333 0.0140625 0.014583333333333334
1 0.971875 0.1375 0.01875 0.025
1 0.95390625 0.165625 0.0203125 0.027083333333333334
1 0.925 0.196875 0.01875 0.01875
1 0.9078125 0.21875 0.01875 0.025
1 0.884375 0.24270833333333333 0.021875 0.027083333333333334
1 0.85859375 0.26666666666666666 0.0234375 0.025
1 0.83359375 0.2864583333333333 0.0296875 0.035416666666666666
1 0.840625 0.3125 0.03125 0.0375
3 0.87578125 0.2760416666666667 0.0328125 0.03958333333333333
1 0.90859375 0.253125 0.0234375 0.027083333333333334
3 0.9421875 0.20104166666666667 0.046875 0.06041666666666667
1 0.96875 0.17916666666666667 0.015625 0.020833333333333332
1 0.9859375 0.159375 0.01875 0.022916666666666665
1 0.87265625 0.31666666666666665 0.0265625 0.029166666666666667
1 0.90703125 0.2833333333333333 0.0234375 0.029166666666666667
1 0.925 0.2604166666666667 0.021875 0.020833333333333332
1 0.9453125 0.24479166666666666 0.01875 0.01875
1 0.971875 0.21458333333333332 0.021875 0.029166666666666667
1 0.99609375 0.17083333333333334 0.0078125 0.020833333333333332
1 0.87578125 0.34791666666666665 0.0296875 0.0375
1 0.909375 0.315625 0.025 0.03125
1 0.9328125 0.2864583333333333 0.021875 0.03125
1 0.95546875 0.25833333333333336 0.0203125 0.020833333333333332
1 0.975 0.24375 0.021875 0.025
1 0.903125 0.36041666666666666 0.03125 0.0375
1 0.9296875 0.33125 0.028125 0.03333333333333333

1 0.9515625 0.30833333333333335 0.025 0.029166666666666667


5 0.903125 0.5520833333333334 0.021875 0.025
4 0.74453125 0.30520833333333336 0.0171875 0.01875


5 0.42578125 0.6447916666666667 0.0109375 0.027083333333333334
4 0.42109375 0.6739583333333333 0.0078125 0.01875
4 0.37109375 0.4666666666666667 0.0078125 0.008333333333333333
4 0.4140625 0.23229166666666667 0.00625 0.010416666666666666
4 0.39921875 0.48854166666666665 0.0078125 0.014583333333333334
4 0.4171875 0.47708333333333336 0.00625 0.0125
4 0.76171875 0.1375 0.0046875 0.008333333333333333
1 0.43515625 0.2677083333333333 0.0390625 0.027083333333333334
1 0.4375 0.24479166666666666 0.028125 0.01875
