1 0.5515625 0.215625 0.01875 0.03125
1 0.78359375 0.940625 0.0390625 0.06875
1 0.69609375 0.434375 0.0390625 0.035416666666666666
1 0.65625 0.38229166666666664 0.034375 0.03958333333333333
1 0.615625 0.346875 0.025 0.035416666666666666
1 0.5703125 0.228125 0.015625 0.027083333333333334
1 0.73125 0.4197916666666667 0.040625 0.035416666666666666
1 0.6765625 0.3614583333333333 0.034375 0.035416666666666666
1 0.59375 0.20520833333333333 0.01875 0.022916666666666665
1 0.6140625 0.2864583333333333 0.021875 0.03125
3 0.59609375 0.215625 0.0296875 0.05625
1 0.5796875 0.171875 0.015625 0.027083333333333334
1 0.38046875 0.08020833333333334 0.0328125 0.03125
1 0.3796875 0.07291666666666667 0.03125 0.029166666666666667





5 0.65 0.10416666666666667 0.0125 0.03333333333333333
1 0.6640625 0.12604166666666666 0.01875 0.027083333333333334
1 0.65 0.09375 0.0125 0.016666666666666666
5 0.76328125 0.3072916666666667 0.0234375 0.03125
5 0.78046875 0.315625 0.0078125 0.010416666666666666

5 0.84375 0.21354166666666666 0.00625 0.010416666666666666
5 0.85390625 0.20104166666666667 0.0078125 0.010416666666666666
5 0.846875 0.203125 0.021875 0.035416666666666666
1 0.81796875 0.27291666666666664 0.0265625 0.029166666666666667
1 0.8453125 0.25104166666666666 0.025 0.027083333333333334
1 0.865625 0.228125 0.01875 0.022916666666666665
1 0.8890625 0.20625 0.021875 0.025
1 0.90703125 0.18125 0.0234375 0.029166666666666667
3 0.93828125 0.14270833333333333 0.0421875 0.05625
1 0.96328125 0.115625 0.0203125 0.01875
1 0.96875 0.10625 0.0125 0.0125
1 0.98203125 0.08854166666666667 0.0140625 0.014583333333333334
1 0.98671875 0.11770833333333333 0.0140625 0.014583333333333334
1 0.9734375 0.1375 0.015625 0.020833333333333332
1 0.95390625 0.165625 0.0203125 0.027083333333333334
1 0.925 0.196875 0.01875 0.01875
1 0.90703125 0.21875 0.0203125 0.025
1 0.884375 0.24270833333333333 0.021875 0.027083333333333334
1 0.85859375 0.2677083333333333 0.0234375 0.022916666666666665
1 0.834375 0.2864583333333333 0.03125 0.035416666666666666
1 0.840625 0.3125 0.03125 0.0375
3 0.87578125 0.2760416666666667 0.0328125 0.03958333333333333
1 0.9078125 0.25416666666666665 0.021875 0.025
3 0.9421875 0.203125 0.046875 0.06041666666666667
1 0.9703125 0.178125 0.015625 0.022916666666666665
1 0.9859375 0.159375 0.01875 0.022916666666666665
1 0.87265625 0.31666666666666665 0.0265625 0.029166666666666667
1 0.90546875 0.284375 0.0234375 0.027083333333333334
1 0.925 0.2625 0.021875 0.020833333333333332
1 0.9453125 0.24479166666666666 0.01875 0.01875
1 0.971875 0.21458333333333332 0.021875 0.029166666666666667
1 0.99609375 0.17083333333333334 0.0078125 0.020833333333333332
1 0.87578125 0.3489583333333333 0.0296875 0.035416666666666666
1 0.909375 0.315625 0.025 0.03125
1 0.93203125 0.2864583333333333 0.0234375 0.03125
1 0.95546875 0.259375 0.0203125 0.01875
1 0.975 0.24375 0.021875 0.025
1 0.90234375 0.3625 0.0296875 0.0375
1 0.92890625 0.33125 0.0265625 0.03333333333333333

1 0.9515625 0.309375 0.025 0.03125


5 0.9109375 0.55625 0.021875 0.025
4 0.7453125 0.30520833333333336 0.015625 0.01875


5 0.42578125 0.6416666666666667 0.0109375 0.029166666666666667
4 0.42109375 0.66875 0.0078125 0.016666666666666666
4 0.3703125 0.4666666666666667 0.00625 0.008333333333333333
4 0.415625 0.23229166666666667 0.00625 0.014583333333333334
4 0.39921875 0.48854166666666665 0.0078125 0.014583333333333334
4 0.4125 0.48020833333333335 0.009375 0.014583333333333334
4 0.76171875 0.13645833333333332 0.0046875 0.00625
1 0.43515625 0.2677083333333333 0.0390625 0.027083333333333334
1 0.4375 0.24583333333333332 0.028125 0.020833333333333332
