1 0.5515625 0.21979166666666666 0.01875 0.027083333333333334
1 0.7953125 0.9729166666666667 0.0375 0.05416666666666667
1 0.70625 0.4395833333333333 0.040625 0.03333333333333333
1 0.66328125 0.3875 0.0359375 0.0375
1 0.62109375 0.35520833333333335 0.0265625 0.035416666666666666
1 0.5734375 0.23541666666666666 0.015625 0.025
1 0.73984375 0.4239583333333333 0.0421875 0.035416666666666666
1 0.68203125 0.365625 0.0359375 0.035416666666666666
1 0.5953125 0.21041666666666667 0.021875 0.025
1 0.61640625 0.29375 0.0203125 0.029166666666666667
3 0.596875 0.21770833333333334 0.028125 0.06041666666666667
1 0.58125 0.17708333333333334 0.015625 0.029166666666666667
1 0.38046875 0.08020833333333334 0.0328125 0.03125
1 0.38046875 0.07395833333333333 0.0296875 0.027083333333333334





5 0.65078125 0.11770833333333333 0.0109375 0.022916666666666665
1 0.6640625 0.12604166666666666 0.01875 0.027083333333333334
1 0.65 0.09375 0.0125 0.016666666666666666
5 0.76328125 0.309375 0.0234375 0.03125
5 0.78046875 0.31666666666666665 0.0078125 0.008333333333333333

5 0.84296875 0.215625 0.0078125 0.010416666666666666
5 0.853125 0.20208333333333334 0.00625 0.008333333333333333
5 0.846875 0.20416666666666666 0.021875 0.03333333333333333
1 0.81796875 0.27395833333333336 0.0265625 0.03125
1 0.8453125 0.25104166666666666 0.025 0.027083333333333334
1 0.865625 0.228125 0.01875 0.022916666666666665
1 0.8890625 0.20625 0.021875 0.025
1 0.90703125 0.18125 0.0234375 0.029166666666666667
3 0.93828125 0.14270833333333333 0.0421875 0.05625
1 0.96328125 0.115625 0.0203125 0.01875
1 0.96875 0.10625 0.0125 0.0125
1 0.98203125 0.08854166666666667 0.0140625 0.014583333333333334
1 0.98671875 0.11770833333333333 0.0140625 0.014583333333333334
1 0.971875 0.1375 0.01875 0.025
1 0.953125 0.16666666666666666 0.01875 0.025
1 0.925 0.196875 0.01875 0.01875
1 0.9078125 0.21979166666666666 0.021875 0.027083333333333334
1 0.884375 0.24270833333333333 0.021875 0.027083333333333334
1 0.85703125 0.2677083333333333 0.0234375 0.022916666666666665
1 0.8328125 0.2875 0.03125 0.03333333333333333
1 0.840625 0.3125 0.03125 0.0375
3 0.87578125 0.2760416666666667 0.0328125 0.03958333333333333
1 0.9078125 0.25416666666666665 0.021875 0.025
3 0.94140625 0.203125 0.0453125 0.06041666666666667
1 0.9703125 0.17916666666666667 0.015625 0.025
1 0.9859375 0.159375 0.01875 0.022916666666666665
1 0.87265625 0.3177083333333333 0.0265625 0.03125
1 0.90546875 0.284375 0.0234375 0.027083333333333334
1 0.925 0.2625 0.021875 0.020833333333333332
1 0.94453125 0.24479166666666666 0.0171875 0.01875
1 0.97109375 0.21458333333333332 0.0234375 0.029166666666666667
1 0.99609375 0.17083333333333334 0.0078125 0.020833333333333332
1 0.87578125 0.35 0.0296875 0.0375
1 0.909375 0.315625 0.025 0.03125
1 0.9328125 0.2875 0.021875 0.029166666666666667
1 0.95546875 0.259375 0.0203125 0.01875
1 0.975 0.24375 0.021875 0.025
1 0.90234375 0.3614583333333333 0.0296875 0.035416666666666666
1 0.92890625 0.33125 0.0265625 0.03333333333333333

1 0.95234375 0.3104166666666667 0.0234375 0.029166666666666667


5 0.9234375 0.5645833333333333 0.021875 0.025
4 0.7453125 0.30625 0.015625 0.020833333333333332


5 0.42578125 0.6385416666666667 0.0140625 0.03125
4 0.41875 0.6677083333333333 0.009375 0.022916666666666665
4 0.37109375 0.4666666666666667 0.0078125 0.008333333333333333
4 0.415625 0.23125 0.00625 0.0125
4 0.39921875 0.4895833333333333 0.0078125 0.0125
4 0.40625 0.4864583333333333 0.021875 0.022916666666666665
4 0.76328125 0.1375 0.0046875 0.008333333333333333
1 0.43515625 0.2677083333333333 0.0390625 0.027083333333333334
1 0.4375 0.24583333333333332 0.028125 0.020833333333333332
