1 0.55234375 0.22083333333333333 0.0171875 0.029166666666666667
1 0.7984375 0.9770833333333333 0.0375 0.04583333333333333
1 0.709375 0.4427083333333333 0.04375 0.035416666666666666
1 0.665625 0.38958333333333334 0.034375 0.0375
1 0.62265625 0.3572916666666667 0.0265625 0.035416666666666666
1 0.57421875 0.23958333333333334 0.0171875 0.029166666666666667
1 0.74140625 0.4239583333333333 0.0421875 0.035416666666666666
1 0.68359375 0.36770833333333336 0.0359375 0.035416666666666666
1 0.59609375 0.21145833333333333 0.0234375 0.027083333333333334
1 0.6171875 0.2947916666666667 0.021875 0.03125
3 0.596875 0.21875 0.028125 0.0625
1 0.58125 0.178125 0.015625 0.027083333333333334
1 0.38125 0.08020833333333334 0.034375 0.03125
1 0.38046875 0.07395833333333333 0.0296875 0.027083333333333334





5 0.65078125 0.11770833333333333 0.0109375 0.022916666666666665
1 0.66484375 0.12604166666666666 0.0203125 0.027083333333333334
1 0.65 0.09375 0.0125 0.016666666666666666
5 0.76328125 0.30833333333333335 0.0234375 0.03333333333333333
5 0.78046875 0.315625 0.0078125 0.010416666666666666

5 0.84296875 0.21458333333333332 0.0078125 0.0125
5 0.853125 0.20104166666666667 0.00625 0.010416666666666666
5 0.846875 0.20416666666666666 0.021875 0.03333333333333333
1 0.81796875 0.27395833333333336 0.0265625 0.03125
1 0.8453125 0.25104166666666666 0.025 0.027083333333333334
1 0.865625 0.22916666666666666 0.01875 0.025
1 0.8890625 0.20625 0.021875 0.025
1 0.90625 0.18229166666666666 0.021875 0.027083333333333334
3 0.93828125 0.14270833333333333 0.0421875 0.05625
1 0.96328125 0.115625 0.0203125 0.01875
1 0.96875 0.10625 0.0125 0.0125
1 0.9828125 0.08854166666666667 0.0125 0.014583333333333334
1 0.990625 0.11666666666666667 0.0125 0.0125
1 0.9734375 0.13854166666666667 0.015625 0.022916666666666665
1 0.953125 0.16666666666666666 0.01875 0.025
1 0.925 0.196875 0.01875 0.01875
1 0.90703125 0.21979166666666666 0.0203125 0.027083333333333334
1 0.88515625 0.24270833333333333 0.0234375 0.027083333333333334
1 0.85859375 0.26875 0.0234375 0.025
1 0.8328125 0.28854166666666664 0.03125 0.035416666666666666
1 0.840625 0.31354166666666666 0.03125 0.035416666666666666
3 0.87578125 0.27708333333333335 0.0328125 0.041666666666666664
1 0.9078125 0.25416666666666665 0.021875 0.025
3 0.94140625 0.203125 0.0453125 0.06041666666666667
1 0.9703125 0.17916666666666667 0.015625 0.025
1 0.9859375 0.159375 0.01875 0.022916666666666665
1 0.87265625 0.31666666666666665 0.0265625 0.029166666666666667
1 0.90546875 0.284375 0.0234375 0.027083333333333334
1 0.925 0.2625 0.021875 0.020833333333333332
1 0.94453125 0.24479166666666666 0.0171875 0.01875
1 0.97109375 0.21458333333333332 0.0234375 0.029166666666666667
1 0.99609375 0.17083333333333334 0.0078125 0.020833333333333332
1 0.875 0.35 0.028125 0.0375
1 0.909375 0.315625 0.025 0.03125
1 0.93203125 0.28854166666666664 0.0234375 0.03125
1 0.95546875 0.259375 0.0203125 0.01875
1 0.975 0.24375 0.021875 0.025
1 0.90078125 0.3625 0.0296875 0.0375
1 0.92890625 0.33229166666666665 0.0265625 0.035416666666666666

1 0.9515625 0.309375 0.025 0.03125


5 0.92578125 0.5645833333333333 0.0203125 0.025
4 0.7453125 0.30625 0.015625 0.020833333333333332


5 0.42578125 0.6375 0.0140625 0.03333333333333333
4 0.41796875 0.6677083333333333 0.0109375 0.022916666666666665
4 0.37109375 0.4666666666666667 0.0078125 0.008333333333333333
4 0.41484375 0.23229166666666667 0.0078125 0.014583333333333334
4 0.3984375 0.4895833333333333 0.00625 0.0125
4 0.4125 0.4822916666666667 0.009375 0.010416666666666666
4 0.7625 0.1375 0.00625 0.008333333333333333
1 0.43515625 0.2677083333333333 0.0390625 0.027083333333333334
1 0.4375 0.24583333333333332 0.028125 0.020833333333333332
