1 0.53671875 0.12708333333333333 0.0171875 0.025
1 0.5875 0.2604166666666667 0.01875 0.029166666666666667
1 0.5796875 0.23125 0.015625 0.025
1 0.571875 0.190625 0.015625 0.027083333333333334
1 0.56484375 0.16145833333333334 0.0109375 0.01875
1 0.55859375 0.14270833333333333 0.0109375 0.014583333333333334
1 0.6078125 0.246875 0.021875 0.035416666666666666
1 0.5984375 0.21354166666666666 0.01875 0.027083333333333334
1 0.59296875 0.18854166666666666 0.0171875 0.03125
1 0.58359375 0.16458333333333333 0.0140625 0.020833333333333332
3 0.578125 0.13020833333333334 0.01875 0.04375
1 0.56875 0.10833333333333334 0.01875 0.03333333333333333
1 0.38515625 0.07604166666666666 0.0328125 0.03125
1 0.384375 0.06875 0.03125 0.025
1 0.59453125 0.09375 0.0171875 0.025
1 0.60234375 0.03854166666666667 0.0140625 0.022916666666666665
1 0.56640625 0.023958333333333335 0.0140625 0.01875
1 0.584375 0.020833333333333332 0.0125 0.016666666666666666
1 0.57578125 0.021875 0.0296875 0.01875
5 0.63671875 0.08645833333333333 0.0078125 0.014583333333333334
1 0.66953125 0.11875 0.0171875 0.025
1 0.65625 0.08645833333333333 0.015625 0.01875
5 0.7609375 0.29375 0.015625 0.016666666666666666
5 0.7921875 0.27708333333333335 0.0125 0.016666666666666666
5 0.79453125 0.27291666666666664 0.0078125 0.016666666666666666
5 0.82265625 0.240625 0.0109375 0.01875
5 0.85390625 0.2 0.0078125 0.008333333333333333
5 0.8859375 0.17083333333333334 0.009375 0.020833333333333332
1 0.82578125 0.26666666666666666 0.0265625 0.029166666666666667
1 0.85078125 0.24270833333333333 0.0265625 0.027083333333333334
1 0.87265625 0.22083333333333333 0.0203125 0.025
1 0.8953125 0.19895833333333332 0.021875 0.022916666666666665
1 0.91484375 0.171875 0.0234375 0.027083333333333334
3 0.94609375 0.13333333333333333 0.0421875 0.05416666666666667
1 0.9671875 0.11041666666666666 0.0125 0.016666666666666666
1 0.97734375 0.09791666666666667 0.0109375 0.0125
1 0.9921875 0.07708333333333334 0.015625 0.0125
1 0.99375 0.10833333333333334 0.0125 0.020833333333333332
1 0.9796875 0.12916666666666668 0.015625 0.020833333333333332
1 0.9625 0.15729166666666666 0.01875 0.027083333333333334
1 0.9375 0.18333333333333332 0.01875 0.020833333333333332
1 0.91484375 0.21145833333333333 0.0203125 0.027083333333333334
1 0.8921875 0.23333333333333334 0.021875 0.025
1 0.865625 0.2604166666666667 0.021875 0.025
1 0.84296875 0.278125 0.0328125 0.03958333333333333
1 0.8484375 0.30520833333333336 0.03125 0.03958333333333333
3 0.88203125 0.26979166666666665 0.0359375 0.04375
1 0.915625 0.24583333333333332 0.021875 0.025
3 0.94921875 0.19375 0.0421875 0.058333333333333334
1 0.978125 0.16979166666666667 0.015625 0.022916666666666665
1 0.9921875 0.14895833333333333 0.015625 0.022916666666666665
1 0.88125 0.3104166666666667 0.028125 0.03333333333333333
1 0.91328125 0.2760416666666667 0.0234375 0.027083333333333334
1 0.93125 0.25416666666666665 0.021875 0.025
1 0.95390625 0.23645833333333333 0.0203125 0.022916666666666665
1 0.97890625 0.20416666666666666 0.0203125 0.029166666666666667
1 0.9921875 0.18229166666666666 0.015625 0.022916666666666665
1 0.88515625 0.33958333333333335 0.0328125 0.0375
1 0.91953125 0.30625 0.0265625 0.03333333333333333
1 0.9421875 0.278125 0.025 0.03125
1 0.9625 0.2520833333333333 0.01875 0.025
1 0.984375 0.234375 0.021875 0.022916666666666665
1 0.91171875 0.35520833333333335 0.0296875 0.03958333333333333
1 0.93828125 0.32395833333333335 0.0265625 0.035416666666666666

1 0.9859375 0.26875 0.021875 0.025

5 0.9453125 0.753125 0.01875 0.03125
5 0.77421875 0.4083333333333333 0.0109375 0.020833333333333332
4 0.80625 0.35208333333333336 0.009375 0.016666666666666666
5 0.6171875 0.017708333333333333 0.00625 0.010416666666666666
5 0.43671875 0.7885416666666667 0.0203125 0.027083333333333334
5 0.49140625 0.796875 0.0171875 0.035416666666666666
4 0.4640625 0.7729166666666667 0.0125 0.025
4 0.378125 0.4625 0.009375 0.008333333333333333
4 0.421875 0.234375 0.00625 0.01875
4 0.4109375 0.4875 0.00625 0.0125
4 0.4 0.4875 0.009375 0.016666666666666666
4 0.825 0.13958333333333334 0.00625 0.0125
1 0.4421875 0.26458333333333334 0.040625 0.029166666666666667
1 0.4421875 0.24166666666666667 0.034375 0.020833333333333332
