1 0.55390625 0.234375 0.0171875 0.027083333333333334

1 0.7359375 0.45625 0.04375 0.03333333333333333
1 0.68515625 0.4041666666666667 0.0390625 0.0375
1 0.6375 0.37395833333333334 0.03125 0.03958333333333333
1 0.58046875 0.2635416666666667 0.0171875 0.03125
1 0.7625 0.4322916666666667 0.04375 0.035416666666666666
1 0.696875 0.3770833333333333 0.0375 0.03333333333333333
1 0.59375 0.20729166666666668 0.021875 0.027083333333333334
1 0.625 0.30833333333333335 0.021875 0.029166666666666667
3 0.6015625 0.23229166666666667 0.028125 0.07291666666666667
1 0.584375 0.18854166666666666 0.015625 0.027083333333333334
1 0.38125 0.08125 0.034375 0.03333333333333333
1 0.38046875 0.075 0.0296875 0.025





5 0.65234375 0.11875 0.0078125 0.020833333333333332
1 0.6625 0.12708333333333333 0.01875 0.025
1 0.65 0.09375 0.0125 0.016666666666666666
5 0.76328125 0.30833333333333335 0.0265625 0.03333333333333333
5 0.78125 0.315625 0.00625 0.010416666666666666

5 0.8421875 0.215625 0.009375 0.010416666666666666
5 0.85390625 0.20208333333333334 0.0078125 0.008333333333333333
5 0.84765625 0.20416666666666666 0.0203125 0.03333333333333333
1 0.81796875 0.275 0.0265625 0.029166666666666667
1 0.8453125 0.25104166666666666 0.025 0.027083333333333334
1 0.86640625 0.23020833333333332 0.0203125 0.022916666666666665
1 0.8890625 0.20729166666666668 0.021875 0.022916666666666665
1 0.90625 0.18229166666666666 0.021875 0.027083333333333334
3 0.93828125 0.14375 0.0421875 0.05416666666666667
1 0.96328125 0.115625 0.0203125 0.01875
1 0.96875 0.10625 0.0125 0.0125
1 0.98203125 0.08854166666666667 0.0140625 0.014583333333333334
1 0.9875 0.11770833333333333 0.015625 0.014583333333333334
1 0.9734375 0.13854166666666667 0.015625 0.022916666666666665
1 0.95390625 0.16770833333333332 0.0203125 0.027083333333333334
1 0.92578125 0.196875 0.0203125 0.01875
1 0.90859375 0.21979166666666666 0.0203125 0.027083333333333334
1 0.88515625 0.24375 0.0234375 0.025
1 0.85703125 0.26875 0.0234375 0.020833333333333332
1 0.834375 0.28854166666666664 0.03125 0.035416666666666666
1 0.84140625 0.3145833333333333 0.0296875 0.0375
3 0.8765625 0.278125 0.034375 0.03958333333333333
1 0.90859375 0.25416666666666665 0.0203125 0.025
3 0.94140625 0.203125 0.0453125 0.06041666666666667
1 0.96953125 0.17916666666666667 0.0171875 0.025
1 0.9859375 0.159375 0.01875 0.022916666666666665
1 0.87265625 0.3177083333333333 0.0265625 0.03125
1 0.90546875 0.28541666666666665 0.0234375 0.029166666666666667
1 0.925 0.2625 0.021875 0.020833333333333332
1 0.9453125 0.24583333333333332 0.01875 0.020833333333333332
1 0.971875 0.21458333333333332 0.021875 0.029166666666666667
1 0.99609375 0.171875 0.0078125 0.01875
1 0.87578125 0.35 0.0296875 0.0375
1 0.909375 0.31666666666666665 0.025 0.03333333333333333
1 0.9328125 0.28854166666666664 0.021875 0.03125
1 0.95546875 0.259375 0.0203125 0.01875
1 0.975 0.24375 0.021875 0.025
1 0.90234375 0.3625 0.0296875 0.0375
1 0.93046875 0.3333333333333333 0.0265625 0.03333333333333333

1 0.95234375 0.309375 0.0265625 0.03125


5 0.95078125 0.58125 0.0234375 0.025
4 0.7453125 0.3072916666666667 0.015625 0.022916666666666665


5 0.4296875 0.6239583333333333 0.0125 0.027083333333333334
4 0.41328125 0.6625 0.0109375 0.025
4 0.37109375 0.4666666666666667 0.0078125 0.008333333333333333
4 0.4140625 0.234375 0.00625 0.014583333333333334
4 0.4 0.4895833333333333 0.009375 0.0125
4 0.415625 0.478125 0.00625 0.010416666666666666
4 0.7625 0.13854166666666667 0.00625 0.010416666666666666
1 0.43515625 0.26875 0.0390625 0.025
1 0.4375 0.246875 0.028125 0.01875
