1 0.5546875 0.23854166666666668 0.01875 0.03125

1 0.73828125 0.4583333333333333 0.0453125 0.03333333333333333
1 0.68671875 0.40520833333333334 0.0390625 0.03958333333333333
1 0.6390625 0.37604166666666666 0.03125 0.03958333333333333
1 0.58125 0.26666666666666666 0.01875 0.03333333333333333
1 0.7640625 0.434375 0.04375 0.035416666666666666
1 0.6984375 0.378125 0.040625 0.035416666666666666
1 0.59375 0.20729166666666668 0.021875 0.027083333333333334
1 0.62578125 0.30833333333333335 0.0234375 0.029166666666666667
3 0.6015625 0.23333333333333334 0.028125 0.075
1 0.584375 0.18958333333333333 0.015625 0.029166666666666667
1 0.38125 0.08020833333333334 0.034375 0.03125
1 0.38046875 0.075 0.0296875 0.025





5 0.65234375 0.11979166666666667 0.0078125 0.022916666666666665
1 0.6625 0.12708333333333333 0.01875 0.025
1 0.65 0.09375 0.0125 0.016666666666666666
5 0.76328125 0.30833333333333335 0.0265625 0.03333333333333333
5 0.78125 0.315625 0.00625 0.010416666666666666

5 0.8421875 0.215625 0.009375 0.010416666666666666
5 0.85390625 0.20208333333333334 0.0078125 0.008333333333333333
5 0.84765625 0.20416666666666666 0.0203125 0.03333333333333333
1 0.81796875 0.275 0.0265625 0.029166666666666667
1 0.8453125 0.25104166666666666 0.025 0.027083333333333334
1 0.865625 0.23020833333333332 0.01875 0.022916666666666665
1 0.88828125 0.20729166666666668 0.0203125 0.022916666666666665
1 0.90625 0.18229166666666666 0.021875 0.027083333333333334
3 0.9375 0.14479166666666668 0.040625 0.05625
1 0.96328125 0.115625 0.0203125 0.01875
1 0.96875 0.10625 0.0125 0.0125
1 0.9828125 0.08854166666666667 0.0125 0.014583333333333334
1 0.9875 0.11770833333333333 0.015625 0.014583333333333334
1 0.9734375 0.13854166666666667 0.015625 0.022916666666666665
1 0.95390625 0.16770833333333332 0.0203125 0.027083333333333334
1 0.925 0.196875 0.01875 0.01875
1 0.9078125 0.21979166666666666 0.01875 0.027083333333333334
1 0.88515625 0.24270833333333333 0.0234375 0.027083333333333334
1 0.85703125 0.26875 0.0234375 0.020833333333333332
1 0.8328125 0.28854166666666664 0.03125 0.035416666666666666
1 0.83984375 0.31354166666666666 0.0296875 0.035416666666666666
3 0.8765625 0.278125 0.034375 0.03958333333333333
1 0.90859375 0.25416666666666665 0.0203125 0.025
3 0.94140625 0.203125 0.0453125 0.06041666666666667
1 0.96953125 0.17916666666666667 0.0171875 0.025
1 0.9859375 0.159375 0.01875 0.022916666666666665
1 0.87265625 0.31875 0.0265625 0.029166666666666667
1 0.90546875 0.28541666666666665 0.0234375 0.029166666666666667
1 0.925 0.2625 0.021875 0.020833333333333332
1 0.9453125 0.24583333333333332 0.01875 0.020833333333333332
1 0.971875 0.21458333333333332 0.021875 0.029166666666666667
1 0.99609375 0.171875 0.0078125 0.01875
1 0.87578125 0.35 0.0296875 0.0375
1 0.909375 0.31666666666666665 0.025 0.03333333333333333
1 0.9328125 0.28854166666666664 0.021875 0.03125
1 0.95546875 0.259375 0.0203125 0.01875
1 0.975 0.24375 0.021875 0.025
1 0.90234375 0.36354166666666665 0.0296875 0.035416666666666666
1 0.93046875 0.33229166666666665 0.0265625 0.035416666666666666

1 0.95234375 0.309375 0.0265625 0.03125


5 0.95390625 0.5822916666666667 0.0234375 0.027083333333333334
4 0.7453125 0.3072916666666667 0.015625 0.022916666666666665


5 0.4296875 0.621875 0.0125 0.027083333333333334
4 0.4125 0.6635416666666667 0.009375 0.027083333333333334
4 0.37109375 0.4666666666666667 0.0078125 0.008333333333333333
4 0.4140625 0.234375 0.009375 0.014583333333333334
4 0.4 0.4895833333333333 0.009375 0.016666666666666666
4 0.41484375 0.4791666666666667 0.0046875 0.008333333333333333
4 0.76171875 0.13854166666666667 0.0046875 0.010416666666666666
1 0.43515625 0.26979166666666665 0.0390625 0.027083333333333334
1 0.43828125 0.246875 0.0265625 0.01875
