1 0.5546875 0.240625 0.01875 0.03125

1 0.74375 0.459375 0.046875 0.03125
1 0.690625 0.40729166666666666 0.0375 0.03958333333333333
1 0.640625 0.37916666666666665 0.03125 0.041666666666666664
1 0.5828125 0.26979166666666665 0.01875 0.03125
1 0.7671875 0.4354166666666667 0.04375 0.03333333333333333
1 0.70078125 0.37916666666666665 0.0390625 0.0375
1 0.59765625 0.20833333333333334 0.0171875 0.025
1 0.62734375 0.31145833333333334 0.0234375 0.03125
3 0.6015625 0.23229166666666667 0.028125 0.07708333333333334
1 0.584375 0.19166666666666668 0.015625 0.029166666666666667
1 0.38125 0.08125 0.034375 0.03333333333333333
1 0.38046875 0.07708333333333334 0.0296875 0.025





5 0.65234375 0.11875 0.0078125 0.020833333333333332
1 0.6640625 0.12604166666666666 0.01875 0.027083333333333334
1 0.65 0.09375 0.0125 0.016666666666666666
5 0.76328125 0.30833333333333335 0.0265625 0.03333333333333333
5 0.78125 0.315625 0.00625 0.010416666666666666

5 0.8421875 0.215625 0.009375 0.010416666666666666
5 0.853125 0.20416666666666666 0.009375 0.008333333333333333
5 0.84765625 0.20416666666666666 0.0203125 0.03333333333333333
1 0.81796875 0.275 0.0265625 0.029166666666666667
1 0.8453125 0.25104166666666666 0.025 0.027083333333333334
1 0.865625 0.23020833333333332 0.01875 0.022916666666666665
1 0.8890625 0.20729166666666668 0.021875 0.022916666666666665
1 0.90625 0.18229166666666666 0.021875 0.027083333333333334
3 0.9375 0.14479166666666668 0.040625 0.05625
1 0.96328125 0.115625 0.0203125 0.01875
1 0.96875 0.10625 0.0125 0.0125
1 0.9828125 0.08958333333333333 0.0125 0.0125
1 0.9875 0.11770833333333333 0.015625 0.014583333333333334
1 0.9734375 0.13958333333333334 0.015625 0.020833333333333332
1 0.9546875 0.16770833333333332 0.01875 0.027083333333333334
1 0.92578125 0.196875 0.0203125 0.01875
1 0.90703125 0.21979166666666666 0.0203125 0.027083333333333334
1 0.88515625 0.24270833333333333 0.0234375 0.027083333333333334
1 0.85859375 0.26875 0.0234375 0.025
1 0.83359375 0.28854166666666664 0.0328125 0.035416666666666666
1 0.840625 0.3145833333333333 0.03125 0.0375
3 0.8765625 0.278125 0.034375 0.03958333333333333
1 0.90859375 0.25416666666666665 0.0203125 0.025
3 0.94140625 0.203125 0.0453125 0.06041666666666667
1 0.9703125 0.17916666666666667 0.015625 0.025
1 0.9859375 0.159375 0.01875 0.022916666666666665
1 0.87265625 0.31875 0.0265625 0.029166666666666667
1 0.90546875 0.28541666666666665 0.0234375 0.029166666666666667
1 0.925 0.2625 0.021875 0.020833333333333332
1 0.9453125 0.24583333333333332 0.01875 0.020833333333333332
1 0.971875 0.21458333333333332 0.021875 0.029166666666666667
1 0.99609375 0.171875 0.0078125 0.01875
1 0.87578125 0.35 0.0296875 0.0375
1 0.909375 0.31666666666666665 0.025 0.03333333333333333
1 0.93203125 0.28854166666666664 0.0234375 0.03125
1 0.95546875 0.259375 0.0203125 0.01875
1 0.975 0.24479166666666666 0.021875 0.027083333333333334
1 0.90234375 0.36354166666666665 0.0296875 0.035416666666666666
1 0.93046875 0.33229166666666665 0.0265625 0.035416666666666666

1 0.95234375 0.3104166666666667 0.0265625 0.03333333333333333


5 0.95859375 0.584375 0.0234375 0.027083333333333334
4 0.7453125 0.3072916666666667 0.015625 0.022916666666666665


5 0.4296875 0.6197916666666666 0.0125 0.027083333333333334
4 0.4125 0.6625 0.009375 0.029166666666666667
4 0.37109375 0.4666666666666667 0.0078125 0.008333333333333333
4 0.41484375 0.234375 0.0078125 0.014583333333333334
4 0.39921875 0.48854166666666665 0.0078125 0.014583333333333334
4 0.41328125 0.48125 0.0109375 0.0125
4 0.7625 0.13854166666666667 0.00625 0.010416666666666666
1 0.43515625 0.26979166666666665 0.0390625 0.027083333333333334
1 0.43828125 0.246875 0.0265625 0.01875
