1 0.55703125 0.24791666666666667 0.0171875 0.029166666666666667

1 0.7625 0.465625 0.046875 0.03125
1 0.7046875 0.4166666666666667 0.040625 0.0375
1 0.65234375 0.390625 0.0328125 0.03958333333333333
1 0.5875 0.2864583333333333 0.01875 0.03125
1 0.78203125 0.4395833333333333 0.0421875 0.03333333333333333
1 0.709375 0.38645833333333335 0.040625 0.03958333333333333
1 0.58671875 0.2 0.0171875 0.03333333333333333
1 0.63203125 0.31979166666666664 0.0234375 0.03125
3 0.60546875 0.253125 0.0265625 0.05625
1 0.5859375 0.19895833333333332 0.015625 0.03125
1 0.38125 0.08125 0.034375 0.03333333333333333
1 0.38046875 0.07604166666666666 0.0296875 0.022916666666666665





5 0.65234375 0.11979166666666667 0.0078125 0.022916666666666665
1 0.6640625 0.12708333333333333 0.01875 0.025
1 0.65 0.09479166666666666 0.0125 0.01875
5 0.76484375 0.309375 0.0296875 0.035416666666666666
5 0.78125 0.315625 0.00625 0.010416666666666666

5 0.8421875 0.215625 0.009375 0.010416666666666666
5 0.853125 0.203125 0.009375 0.010416666666666666
5 0.85390625 0.19375 0.0078125 0.016666666666666666
1 0.81796875 0.275 0.0265625 0.029166666666666667
1 0.8453125 0.25104166666666666 0.025 0.027083333333333334
1 0.865625 0.23020833333333332 0.01875 0.022916666666666665
1 0.88828125 0.20833333333333334 0.0203125 0.025
1 0.90625 0.18229166666666666 0.021875 0.027083333333333334
3 0.9375 0.14479166666666668 0.040625 0.05625
1 0.96328125 0.11666666666666667 0.0203125 0.020833333333333332
1 0.96875 0.10625 0.0125 0.0125
1 0.98203125 0.08958333333333333 0.0140625 0.0125
1 0.99375 0.11458333333333333 0.0125 0.0125
1 0.9734375 0.13958333333333334 0.015625 0.020833333333333332
1 0.95390625 0.16770833333333332 0.0203125 0.027083333333333334
1 0.925 0.19791666666666666 0.01875 0.016666666666666666
1 0.9078125 0.21979166666666666 0.021875 0.027083333333333334
1 0.884375 0.24375 0.021875 0.025
1 0.85703125 0.26875 0.0234375 0.020833333333333332
1 0.834375 0.28854166666666664 0.03125 0.035416666666666666
1 0.83984375 0.315625 0.0296875 0.035416666666666666
3 0.8765625 0.278125 0.034375 0.03958333333333333
1 0.90859375 0.2552083333333333 0.0203125 0.022916666666666665
3 0.9421875 0.20416666666666666 0.04375 0.058333333333333334
1 0.96875 0.18020833333333333 0.015625 0.022916666666666665
1 0.9859375 0.159375 0.01875 0.022916666666666665
1 0.87265625 0.31875 0.0265625 0.029166666666666667
1 0.90546875 0.28541666666666665 0.0234375 0.029166666666666667
1 0.925 0.2625 0.021875 0.020833333333333332
1 0.94453125 0.246875 0.0171875 0.01875
1 0.97109375 0.21458333333333332 0.0234375 0.029166666666666667
1 0.99609375 0.171875 0.0078125 0.01875
1 0.87578125 0.35 0.0296875 0.0375
1 0.91015625 0.3177083333333333 0.0265625 0.03125
1 0.93203125 0.28854166666666664 0.0234375 0.03125
1 0.95546875 0.259375 0.0203125 0.01875
1 0.97421875 0.24583333333333332 0.0203125 0.025
1 0.90234375 0.36354166666666665 0.0296875 0.035416666666666666
1 0.92890625 0.33229166666666665 0.0265625 0.035416666666666666

1 0.96484375 0.29375 0.0515625 0.0625


5 0.9734375 0.5958333333333333 0.021875 0.025
4 0.74609375 0.309375 0.0171875 0.022916666666666665


5 0.43203125 0.609375 0.0140625 0.03125
4 0.4078125 0.6510416666666666 0.009375 0.01875
4 0.3703125 0.4666666666666667 0.00625 0.008333333333333333
4 0.415625 0.23333333333333334 0.009375 0.016666666666666666
4 0.39921875 0.48854166666666665 0.0078125 0.014583333333333334
4 0.41328125 0.48125 0.0109375 0.0125
4 0.76328125 0.13854166666666667 0.0046875 0.010416666666666666
1 0.43515625 0.26979166666666665 0.0390625 0.027083333333333334
1 0.4375 0.246875 0.028125 0.01875
