1 0.5578125 0.25625 0.01875 0.03333333333333333

1 0.77109375 0.46875 0.0484375 0.029166666666666667
1 0.7109375 0.4197916666666667 0.040625 0.03958333333333333
1 0.6578125 0.3958333333333333 0.034375 0.041666666666666664
1 0.5890625 0.29375 0.01875 0.03333333333333333
1 0.7890625 0.44166666666666665 0.04375 0.03333333333333333
1 0.71328125 0.38958333333333334 0.0421875 0.0375
1 0.5875 0.20416666666666666 0.01875 0.03333333333333333
1 0.634375 0.321875 0.025 0.03125
3 0.6078125 0.25833333333333336 0.028125 0.05416666666666667
1 0.5859375 0.203125 0.015625 0.03125
1 0.38125 0.08125 0.034375 0.03333333333333333
1 0.38125 0.07604166666666666 0.028125 0.022916666666666665





5 0.653125 0.121875 0.00625 0.01875
1 0.6640625 0.12708333333333333 0.01875 0.025
1 0.65 0.09583333333333334 0.0125 0.016666666666666666
5 0.765625 0.309375 0.03125 0.035416666666666666
5 0.78125 0.315625 0.00625 0.010416666666666666

5 0.84140625 0.215625 0.0078125 0.010416666666666666
5 0.85234375 0.20416666666666666 0.0078125 0.008333333333333333
5 0.85390625 0.19375 0.0078125 0.016666666666666666
1 0.81796875 0.275 0.0265625 0.029166666666666667
1 0.8453125 0.25104166666666666 0.025 0.027083333333333334
1 0.865625 0.23020833333333332 0.01875 0.022916666666666665
1 0.88828125 0.20833333333333334 0.0203125 0.025
1 0.90625 0.18229166666666666 0.021875 0.027083333333333334
3 0.93828125 0.14479166666666668 0.0421875 0.05625
1 0.9640625 0.11666666666666667 0.021875 0.020833333333333332
1 0.96875 0.10625 0.0125 0.0125
1 0.98203125 0.08958333333333333 0.0140625 0.0125
1 0.9890625 0.115625 0.015625 0.014583333333333334
1 0.9734375 0.13958333333333334 0.015625 0.020833333333333332
1 0.953125 0.16770833333333332 0.01875 0.027083333333333334
1 0.925 0.19791666666666666 0.01875 0.016666666666666666
1 0.90703125 0.22083333333333333 0.0203125 0.025
1 0.884375 0.24375 0.021875 0.025
1 0.85703125 0.26875 0.0234375 0.020833333333333332
1 0.834375 0.28854166666666664 0.03125 0.035416666666666666
1 0.840625 0.3145833333333333 0.03125 0.0375
3 0.875 0.2791666666666667 0.034375 0.041666666666666664
1 0.90859375 0.2552083333333333 0.0203125 0.022916666666666665
3 0.94140625 0.203125 0.0453125 0.06041666666666667
1 0.96875 0.18020833333333333 0.015625 0.022916666666666665
1 0.9859375 0.16041666666666668 0.01875 0.025
1 0.87265625 0.31875 0.0265625 0.029166666666666667
1 0.90546875 0.28541666666666665 0.0234375 0.029166666666666667
1 0.925 0.2625 0.021875 0.020833333333333332
1 0.9453125 0.246875 0.01875 0.01875
1 0.97109375 0.21458333333333332 0.0234375 0.029166666666666667
1 0.99609375 0.171875 0.0078125 0.01875
1 0.87578125 0.35 0.0296875 0.0375
1 0.909375 0.3177083333333333 0.025 0.03125
1 0.93203125 0.28854166666666664 0.0234375 0.03125
1 0.95546875 0.259375 0.0203125 0.01875
1 0.97421875 0.24479166666666666 0.0203125 0.027083333333333334
1 0.90234375 0.36354166666666665 0.0296875 0.035416666666666666
1 0.9296875 0.3333333333333333 0.028125 0.03333333333333333

1 0.96484375 0.2947916666666667 0.0515625 0.06458333333333334


5 0.9796875 0.6010416666666667 0.021875 0.027083333333333334
4 0.74609375 0.309375 0.0171875 0.022916666666666665


5 0.43203125 0.603125 0.0140625 0.03125
4 0.40625 0.6510416666666666 0.0125 0.022916666666666665
4 0.37109375 0.4666666666666667 0.0078125 0.008333333333333333
4 0.415625 0.23333333333333334 0.009375 0.016666666666666666
4 0.3984375 0.48854166666666665 0.00625 0.014583333333333334
4 0.4125 0.48125 0.009375 0.0125
4 0.76328125 0.13854166666666667 0.0046875 0.010416666666666666
1 0.4359375 0.26875 0.040625 0.029166666666666667
1 0.4375 0.246875 0.028125 0.01875
