1 0.5578125 0.25833333333333336 0.01875 0.03333333333333333

1 0.7765625 0.46979166666666666 0.046875 0.027083333333333334
1 0.7140625 0.421875 0.040625 0.03958333333333333
1 0.66015625 0.39791666666666664 0.0359375 0.04583333333333333
1 0.590625 0.2989583333333333 0.021875 0.035416666666666666
1 0.79296875 0.4427083333333333 0.0453125 0.03125
1 0.71640625 0.39166666666666666 0.0421875 0.0375
1 0.5875 0.20625 0.01875 0.03333333333333333
1 0.6359375 0.32395833333333335 0.025 0.03125
3 0.609375 0.26145833333333335 0.028125 0.052083333333333336
1 0.5875 0.20520833333333333 0.015625 0.03125
1 0.38125 0.08125 0.034375 0.03333333333333333
1 0.38046875 0.07604166666666666 0.0296875 0.022916666666666665





5 0.65234375 0.12083333333333333 0.0078125 0.020833333333333332
1 0.6640625 0.12708333333333333 0.01875 0.025
1 0.65 0.09479166666666666 0.0125 0.01875
5 0.765625 0.309375 0.03125 0.035416666666666666
5 0.78125 0.31666666666666665 0.00625 0.0125

5 0.8421875 0.215625 0.009375 0.010416666666666666
5 0.853125 0.203125 0.009375 0.010416666666666666
5 0.85390625 0.19375 0.0078125 0.016666666666666666
1 0.81796875 0.275 0.0265625 0.029166666666666667
1 0.8453125 0.25104166666666666 0.025 0.027083333333333334
1 0.865625 0.23020833333333332 0.01875 0.022916666666666665
1 0.88828125 0.20833333333333334 0.0203125 0.025
1 0.90625 0.18333333333333332 0.021875 0.029166666666666667
3 0.93828125 0.14479166666666668 0.0421875 0.05625
1 0.96328125 0.11666666666666667 0.0203125 0.020833333333333332
1 0.96875 0.10625 0.0125 0.0125
1 0.9828125 0.08958333333333333 0.0125 0.0125
1 0.98984375 0.115625 0.0140625 0.014583333333333334
1 0.9734375 0.13958333333333334 0.015625 0.020833333333333332
1 0.953125 0.16770833333333332 0.01875 0.027083333333333334
1 0.925 0.19791666666666666 0.01875 0.016666666666666666
1 0.90859375 0.21979166666666666 0.0203125 0.027083333333333334
1 0.884375 0.24375 0.021875 0.025
1 0.85703125 0.26875 0.0234375 0.020833333333333332
1 0.83359375 0.28854166666666664 0.0296875 0.035416666666666666
1 0.840625 0.3145833333333333 0.03125 0.0375
3 0.875 0.278125 0.0375 0.04375
1 0.90859375 0.2552083333333333 0.0203125 0.022916666666666665
3 0.94140625 0.203125 0.0453125 0.06041666666666667
1 0.96953125 0.18020833333333333 0.0171875 0.022916666666666665
1 0.9859375 0.16041666666666668 0.01875 0.025
1 0.87265625 0.31875 0.0265625 0.029166666666666667
1 0.90546875 0.28541666666666665 0.0234375 0.029166666666666667
1 0.925 0.2625 0.021875 0.020833333333333332
1 0.94453125 0.246875 0.0171875 0.01875
1 0.971875 0.21458333333333332 0.021875 0.029166666666666667
1 0.99609375 0.171875 0.0078125 0.01875
1 0.87578125 0.35 0.0296875 0.0375
1 0.909375 0.3177083333333333 0.025 0.03125
1 0.93203125 0.28854166666666664 0.0234375 0.03125
1 0.9546875 0.2604166666666667 0.01875 0.016666666666666666
1 0.975 0.24583333333333332 0.021875 0.025
1 0.9015625 0.36354166666666665 0.028125 0.035416666666666666
1 0.9296875 0.3333333333333333 0.028125 0.03333333333333333

1 0.95234375 0.3104166666666667 0.0265625 0.03333333333333333


5 0.984375 0.603125 0.021875 0.027083333333333334
4 0.74609375 0.309375 0.0171875 0.022916666666666665


5 0.4328125 0.5979166666666667 0.015625 0.029166666666666667
4 0.4046875 0.6489583333333333 0.0125 0.022916666666666665
4 0.37109375 0.4666666666666667 0.0078125 0.008333333333333333
4 0.415625 0.23333333333333334 0.009375 0.016666666666666666
4 0.39921875 0.4895833333333333 0.0078125 0.0125
4 0.4015625 0.49270833333333336 0.021875 0.022916666666666665
4 0.76328125 0.13854166666666667 0.0046875 0.010416666666666666
1 0.4359375 0.26875 0.040625 0.029166666666666667
1 0.4375 0.246875 0.028125 0.01875
