1 0.56015625 0.2708333333333333 0.0203125 0.03333333333333333
1 0.5796875 0.4041666666666667 0.05 0.17916666666666667
1 0.79921875 0.47604166666666664 0.0484375 0.03125
1 0.73046875 0.43020833333333336 0.0421875 0.03958333333333333
1 0.67421875 0.4114583333333333 0.0390625 0.04375
1 0.5984375 0.3145833333333333 0.021875 0.03333333333333333
1 0.809375 0.44583333333333336 0.04375 0.029166666666666667
1 0.7265625 0.396875 0.04375 0.03958333333333333
1 0.58828125 0.21145833333333333 0.0171875 0.035416666666666666
1 0.6421875 0.33229166666666665 0.025 0.03125
3 0.61171875 0.26979166666666665 0.0296875 0.052083333333333336
1 0.5890625 0.21145833333333333 0.015625 0.03125
1 0.38125 0.08125 0.034375 0.03333333333333333
1 0.38046875 0.07708333333333334 0.0296875 0.025





5 0.6515625 0.12083333333333333 0.00625 0.020833333333333332
1 0.66484375 0.12708333333333333 0.0203125 0.025
1 0.65 0.09479166666666666 0.0125 0.01875
5 0.76640625 0.309375 0.0328125 0.035416666666666666
5 0.78125 0.31666666666666665 0.00625 0.0125

5 0.84140625 0.215625 0.0078125 0.010416666666666666
5 0.853125 0.20416666666666666 0.009375 0.008333333333333333
5 0.853125 0.19479166666666667 0.009375 0.01875
1 0.81796875 0.275 0.0265625 0.029166666666666667
1 0.8453125 0.25104166666666666 0.025 0.027083333333333334
1 0.865625 0.23020833333333332 0.01875 0.022916666666666665
1 0.8890625 0.20625 0.021875 0.025
1 0.90703125 0.18333333333333332 0.0234375 0.029166666666666667
3 0.93828125 0.14479166666666668 0.0421875 0.05625
1 0.96328125 0.11666666666666667 0.0203125 0.020833333333333332
1 0.97109375 0.10625 0.0109375 0.0125
1 0.9828125 0.08958333333333333 0.0125 0.0125
1 0.9953125 0.10729166666666666 0.009375 0.01875
1 0.9734375 0.13958333333333334 0.015625 0.020833333333333332
1 0.95546875 0.16666666666666666 0.0203125 0.029166666666666667
1 0.925 0.19791666666666666 0.01875 0.016666666666666666
1 0.90859375 0.21979166666666666 0.0203125 0.027083333333333334
1 0.884375 0.24375 0.021875 0.025
1 0.85703125 0.26875 0.0234375 0.020833333333333332
1 0.83359375 0.28854166666666664 0.0296875 0.035416666666666666
1 0.840625 0.3145833333333333 0.03125 0.0375
3 0.8734375 0.278125 0.040625 0.04375
1 0.90859375 0.2552083333333333 0.0203125 0.022916666666666665
3 0.94140625 0.203125 0.0453125 0.06041666666666667
1 0.96875 0.18229166666666666 0.015625 0.022916666666666665
1 0.9859375 0.16041666666666668 0.01875 0.025
1 0.87265625 0.31875 0.0265625 0.029166666666666667
1 0.90546875 0.28541666666666665 0.0234375 0.029166666666666667
1 0.925 0.2625 0.021875 0.020833333333333332
1 0.9453125 0.246875 0.01875 0.01875
1 0.97109375 0.21458333333333332 0.0234375 0.029166666666666667
1 0.99609375 0.171875 0.0078125 0.01875
1 0.87578125 0.35 0.0296875 0.0375
1 0.909375 0.3177083333333333 0.025 0.03125
1 0.93203125 0.28854166666666664 0.0234375 0.03125
1 0.95546875 0.2604166666666667 0.0203125 0.016666666666666666
1 0.975 0.24583333333333332 0.021875 0.025
1 0.90234375 0.3645833333333333 0.0296875 0.0375
1 0.9296875 0.3333333333333333 0.025 0.03333333333333333

1 0.96484375 0.2947916666666667 0.0515625 0.06458333333333334


5 0.99375 0.6135416666666667 0.0125 0.027083333333333334
4 0.74609375 0.309375 0.0171875 0.022916666666666665


5 0.43359375 0.5864583333333333 0.0140625 0.03125
4 0.4 0.6447916666666667 0.0125 0.022916666666666665
4 0.3703125 0.4666666666666667 0.00625 0.008333333333333333
4 0.41484375 0.234375 0.0078125 0.014583333333333334
4 0.3984375 0.4895833333333333 0.00625 0.0125
4 0.4015625 0.49270833333333336 0.021875 0.022916666666666665
4 0.7625 0.13854166666666667 0.00625 0.010416666666666666
1 0.43671875 0.26875 0.0421875 0.029166666666666667
1 0.4375 0.246875 0.028125 0.01875
