1 0.53671875 0.12708333333333333 0.0171875 0.025
1 0.5875 0.2604166666666667 0.01875 0.029166666666666667
1 0.5796875 0.23125 0.015625 0.025
1 0.5703125 0.190625 0.015625 0.027083333333333334
1 0.56484375 0.16145833333333334 0.0109375 0.01875
1 0.55859375 0.14270833333333333 0.0109375 0.014583333333333334
1 0.60703125 0.246875 0.0203125 0.035416666666666666
1 0.596875 0.21458333333333332 0.015625 0.025
1 0.59296875 0.18958333333333333 0.0171875 0.029166666666666667
1 0.58359375 0.16458333333333333 0.0140625 0.020833333333333332
3 0.578125 0.13020833333333334 0.01875 0.04375
1 0.56875 0.10833333333333334 0.01875 0.03333333333333333
1 0.38515625 0.07604166666666666 0.0328125 0.03125
1 0.384375 0.06875 0.03125 0.025
1 0.59296875 0.08958333333333333 0.0140625 0.025
1 0.6015625 0.03333333333333333 0.0125 0.020833333333333332
1 0.565625 0.019791666666666666 0.0125 0.01875
1 0.58359375 0.016666666666666666 0.0109375 0.016666666666666666
1 0.57421875 0.019791666666666666 0.0296875 0.022916666666666665
5 0.63671875 0.08229166666666667 0.0078125 0.014583333333333334
1 0.66953125 0.11875 0.0171875 0.025
1 0.65546875 0.08645833333333333 0.0140625 0.01875
5 0.7609375 0.29375 0.015625 0.016666666666666666
5 0.79140625 0.278125 0.0109375 0.014583333333333334
5 0.79296875 0.2760416666666667 0.0109375 0.01875
5 0.8203125 0.240625 0.0125 0.01875
5 0.8546875 0.2 0.00625 0.008333333333333333
5 0.884375 0.17604166666666668 0.009375 0.014583333333333334
1 0.825 0.26666666666666666 0.025 0.029166666666666667
1 0.85 0.24270833333333333 0.025 0.027083333333333334
1 0.87265625 0.21979166666666666 0.0203125 0.022916666666666665
1 0.8953125 0.19895833333333332 0.021875 0.022916666666666665
1 0.91484375 0.171875 0.0234375 0.027083333333333334
3 0.94609375 0.134375 0.0421875 0.052083333333333336
1 0.9671875 0.109375 0.0125 0.014583333333333334
1 0.9765625 0.09791666666666667 0.0125 0.0125
1 0.9921875 0.07708333333333334 0.015625 0.0125
1 0.99375 0.10833333333333334 0.0125 0.020833333333333332
1 0.9796875 0.12916666666666668 0.015625 0.020833333333333332
1 0.9625 0.15729166666666666 0.01875 0.027083333333333334
1 0.9375 0.18333333333333332 0.01875 0.020833333333333332
1 0.91484375 0.21145833333333333 0.0203125 0.027083333333333334
1 0.8921875 0.234375 0.021875 0.027083333333333334
1 0.86484375 0.2604166666666667 0.0234375 0.025
1 0.84296875 0.2791666666666667 0.0328125 0.0375
1 0.84765625 0.30520833333333336 0.0328125 0.03958333333333333
3 0.88203125 0.26979166666666665 0.0359375 0.04375
1 0.915625 0.24583333333333332 0.021875 0.025
3 0.94921875 0.19375 0.0421875 0.058333333333333334
1 0.978125 0.17083333333333334 0.015625 0.020833333333333332
1 0.9921875 0.15 0.015625 0.025
1 0.88125 0.3104166666666667 0.028125 0.03333333333333333
1 0.91328125 0.2760416666666667 0.0234375 0.027083333333333334
1 0.93125 0.2552083333333333 0.021875 0.022916666666666665
1 0.95390625 0.23645833333333333 0.0203125 0.022916666666666665
1 0.97890625 0.20416666666666666 0.0203125 0.029166666666666667
1 0.9921875 0.18333333333333332 0.015625 0.020833333333333332
1 0.884375 0.33958333333333335 0.03125 0.0375
1 0.91875 0.3072916666666667 0.025 0.03125
1 0.940625 0.2791666666666667 0.021875 0.029166666666666667
1 0.9625 0.253125 0.01875 0.022916666666666665
1 0.984375 0.234375 0.021875 0.022916666666666665
1 0.91171875 0.3541666666666667 0.0296875 0.0375
1 0.93828125 0.32395833333333335 0.0265625 0.035416666666666666

1 0.984375 0.27291666666666664 0.021875 0.029166666666666667

5 0.95078125 0.7635416666666667 0.0203125 0.03125
5 0.7703125 0.40208333333333335 0.009375 0.020833333333333332
4 0.8046875 0.35 0.009375 0.016666666666666666
5 0.61640625 0.016666666666666666 0.0046875 0.008333333333333333
5 0.43515625 0.7864583333333334 0.0203125 0.027083333333333334
5 0.490625 0.796875 0.01875 0.035416666666666666
4 0.4625 0.7729166666666667 0.0125 0.025
4 0.378125 0.4625 0.009375 0.008333333333333333
4 0.42109375 0.23541666666666666 0.0046875 0.016666666666666666
4 0.4109375 0.48854166666666665 0.00625 0.010416666666666666
4 0.4046875 0.4875 0.015625 0.016666666666666666
4 0.82421875 0.13958333333333334 0.0078125 0.008333333333333333
1 0.4421875 0.26458333333333334 0.040625 0.029166666666666667
1 0.4421875 0.24166666666666667 0.034375 0.020833333333333332
