1 0.5625 0.284375 0.021875 0.035416666666666666
1 0.6078125 0.3333333333333333 0.025 0.03333333333333333
1 0.82421875 0.48125 0.0484375 0.029166666666666667
1 0.74921875 0.4395833333333333 0.0453125 0.0375
1 0.69375 0.425 0.0375 0.041666666666666664
1 0.6078125 0.334375 0.025 0.035416666666666666
1 0.828125 0.44895833333333335 0.04375 0.027083333333333334
1 0.7390625 0.403125 0.04375 0.035416666666666666
1 0.5921875 0.21770833333333334 0.01875 0.035416666666666666
1 0.64765625 0.33958333333333335 0.0265625 0.03333333333333333
3 0.615625 0.2791666666666667 0.03125 0.05416666666666667
1 0.59140625 0.21979166666666666 0.0171875 0.03125
1 0.38125 0.08125 0.034375 0.03333333333333333
1 0.38046875 0.07708333333333334 0.0296875 0.025





5 0.65234375 0.12083333333333333 0.0078125 0.020833333333333332
1 0.6625 0.12708333333333333 0.01875 0.025
1 0.65 0.09583333333333334 0.0125 0.016666666666666666
5 0.7671875 0.31145833333333334 0.034375 0.035416666666666666
5 0.78125 0.3177083333333333 0.00625 0.010416666666666666

5 0.8421875 0.21666666666666667 0.009375 0.008333333333333333
5 0.853125 0.20416666666666666 0.009375 0.008333333333333333
5 0.853125 0.19583333333333333 0.009375 0.020833333333333332
1 0.81796875 0.275 0.0265625 0.029166666666666667
1 0.8453125 0.25104166666666666 0.025 0.027083333333333334
1 0.86640625 0.23020833333333332 0.0203125 0.022916666666666665
1 0.8890625 0.20833333333333334 0.021875 0.025
1 0.90703125 0.18333333333333332 0.0234375 0.029166666666666667
3 0.93828125 0.14583333333333334 0.0421875 0.05416666666666667
1 0.9625 0.11666666666666667 0.021875 0.020833333333333332
1 0.96953125 0.10833333333333334 0.0109375 0.0125
1 0.9828125 0.08958333333333333 0.0125 0.0125
1 0.99609375 0.10520833333333333 0.0078125 0.01875
1 0.9734375 0.13958333333333334 0.015625 0.020833333333333332
1 0.9546875 0.16770833333333332 0.01875 0.027083333333333334
1 0.92578125 0.19791666666666666 0.0203125 0.016666666666666666
1 0.9078125 0.22083333333333333 0.01875 0.025
1 0.88515625 0.24375 0.0234375 0.025
1 0.8578125 0.26875 0.021875 0.020833333333333332
1 0.834375 0.28854166666666664 0.03125 0.035416666666666666
1 0.83984375 0.3145833333333333 0.0296875 0.03333333333333333
3 0.87421875 0.2791666666666667 0.0390625 0.041666666666666664
1 0.90859375 0.2552083333333333 0.0203125 0.022916666666666665
3 0.9421875 0.203125 0.046875 0.06041666666666667
1 0.97109375 0.18020833333333333 0.0171875 0.022916666666666665
1 0.9859375 0.16145833333333334 0.01875 0.022916666666666665
1 0.87265625 0.31875 0.0265625 0.029166666666666667
1 0.90546875 0.28541666666666665 0.0234375 0.029166666666666667
1 0.925 0.2625 0.021875 0.020833333333333332
1 0.9453125 0.246875 0.01875 0.01875
1 0.971875 0.21458333333333332 0.021875 0.029166666666666667
1 0.99609375 0.17291666666666666 0.0078125 0.016666666666666666
1 0.87578125 0.35 0.0296875 0.0375
1 0.909375 0.3177083333333333 0.025 0.03125
1 0.9328125 0.28854166666666664 0.021875 0.03125
1 0.95625 0.2604166666666667 0.01875 0.016666666666666666
1 0.975 0.24583333333333332 0.021875 0.025
1 0.90234375 0.36354166666666665 0.0296875 0.035416666666666666
1 0.9296875 0.3333333333333333 0.028125 0.03333333333333333

1 0.953125 0.3104166666666667 0.028125 0.03333333333333333



4 0.74609375 0.309375 0.0171875 0.022916666666666665


5 0.43671875 0.5697916666666667 0.0140625 0.03125
4 0.39375 0.640625 0.0125 0.027083333333333334
4 0.3703125 0.4666666666666667 0.00625 0.008333333333333333
4 0.41484375 0.234375 0.0078125 0.014583333333333334
4 0.3984375 0.4895833333333333 0.00625 0.0125
4 0.403125 0.4895833333333333 0.021875 0.016666666666666666
4 0.76328125 0.13854166666666667 0.0046875 0.010416666666666666
1 0.43671875 0.26875 0.0421875 0.029166666666666667
1 0.4375 0.246875 0.028125 0.01875
