1 0.56328125 0.2864583333333333 0.0203125 0.035416666666666666
1 0.609375 0.33645833333333336 0.025 0.035416666666666666
1 0.828125 0.4822916666666667 0.046875 0.027083333333333334
1 0.75078125 0.4395833333333333 0.0453125 0.0375
1 0.69609375 0.428125 0.0390625 0.04375
1 0.6109375 0.33645833333333336 0.025 0.035416666666666666
1 0.8296875 0.45 0.04375 0.029166666666666667
1 0.74140625 0.4041666666666667 0.0421875 0.03333333333333333
1 0.5921875 0.21875 0.01875 0.0375
1 0.64921875 0.340625 0.0265625 0.03125
3 0.6171875 0.28125 0.03125 0.05416666666666667
1 0.59140625 0.22083333333333333 0.0171875 0.029166666666666667
1 0.38125 0.08125 0.034375 0.03333333333333333
1 0.38046875 0.07708333333333334 0.0296875 0.025





5 0.65234375 0.12083333333333333 0.0078125 0.020833333333333332
1 0.6625 0.12708333333333333 0.01875 0.025
1 0.65 0.09583333333333334 0.0125 0.016666666666666666
5 0.7671875 0.31145833333333334 0.034375 0.035416666666666666
5 0.78125 0.3177083333333333 0.00625 0.010416666666666666

5 0.84140625 0.21666666666666667 0.0078125 0.008333333333333333
5 0.85234375 0.20416666666666666 0.0078125 0.008333333333333333
5 0.853125 0.196875 0.009375 0.022916666666666665
1 0.81796875 0.275 0.0265625 0.029166666666666667
1 0.8453125 0.25104166666666666 0.025 0.027083333333333334
1 0.865625 0.23020833333333332 0.01875 0.022916666666666665
1 0.8890625 0.20833333333333334 0.021875 0.025
1 0.90703125 0.18333333333333332 0.0234375 0.029166666666666667
3 0.93828125 0.14583333333333334 0.0421875 0.05416666666666667
1 0.9625 0.11666666666666667 0.021875 0.020833333333333332
1 0.96875 0.10729166666666666 0.0125 0.010416666666666666
1 0.9828125 0.08958333333333333 0.0125 0.0125
1 0.99609375 0.10416666666666667 0.0078125 0.016666666666666666
1 0.9734375 0.140625 0.015625 0.022916666666666665
1 0.9546875 0.16770833333333332 0.01875 0.027083333333333334
1 0.925 0.19791666666666666 0.01875 0.016666666666666666
1 0.909375 0.22083333333333333 0.021875 0.029166666666666667
1 0.88515625 0.24375 0.0234375 0.025
1 0.8578125 0.26875 0.021875 0.020833333333333332
1 0.834375 0.28854166666666664 0.03125 0.035416666666666666
1 0.840625 0.3145833333333333 0.03125 0.0375
3 0.875 0.2791666666666667 0.0375 0.041666666666666664
1 0.90859375 0.2552083333333333 0.0203125 0.022916666666666665
3 0.9421875 0.203125 0.046875 0.06041666666666667
1 0.9703125 0.18020833333333333 0.015625 0.022916666666666665
1 0.9859375 0.16145833333333334 0.01875 0.022916666666666665
1 0.87265625 0.31875 0.0265625 0.029166666666666667
1 0.90546875 0.28541666666666665 0.0234375 0.029166666666666667
1 0.925 0.2625 0.021875 0.020833333333333332
1 0.9453125 0.246875 0.01875 0.01875
1 0.971875 0.21458333333333332 0.021875 0.029166666666666667
1 0.99609375 0.17291666666666666 0.0078125 0.016666666666666666
1 0.87578125 0.35 0.0296875 0.0375
1 0.909375 0.31875 0.025 0.03333333333333333
1 0.9328125 0.28854166666666664 0.021875 0.03125
1 0.95625 0.2604166666666667 0.01875 0.016666666666666666
1 0.975 0.24583333333333332 0.021875 0.025
1 0.90234375 0.36354166666666665 0.0296875 0.035416666666666666
1 0.9296875 0.3333333333333333 0.028125 0.03333333333333333

1 0.953125 0.3104166666666667 0.028125 0.03333333333333333



4 0.74609375 0.309375 0.0171875 0.022916666666666665


5 0.4375 0.5666666666666667 0.015625 0.029166666666666667
4 0.39296875 0.6395833333333333 0.0109375 0.025
4 0.3703125 0.4666666666666667 0.00625 0.008333333333333333
4 0.41484375 0.234375 0.0078125 0.014583333333333334
4 0.3984375 0.4895833333333333 0.00625 0.0125
4 0.39453125 0.4947916666666667 0.0078125 0.010416666666666666
4 0.76328125 0.13854166666666667 0.0046875 0.010416666666666666
1 0.43671875 0.26875 0.0421875 0.029166666666666667
1 0.4375 0.246875 0.028125 0.01875
