1 0.5671875 0.303125 0.021875 0.035416666666666666
1 0.625 0.35833333333333334 0.028125 0.0375
1 0.8578125 0.48541666666666666 0.05 0.029166666666666667
1 0.775 0.446875 0.04375 0.035416666666666666
1 0.72265625 0.44583333333333336 0.0421875 0.04583333333333333
1 0.62578125 0.35833333333333334 0.0296875 0.0375
1 0.853125 0.4510416666666667 0.04375 0.027083333333333334
1 0.7578125 0.41041666666666665 0.04375 0.03333333333333333
1 0.5953125 0.23020833333333332 0.01875 0.035416666666666666
1 0.65703125 0.346875 0.0265625 0.03125
3 0.62109375 0.28958333333333336 0.0359375 0.058333333333333334
1 0.5953125 0.23229166666666667 0.01875 0.03125
1 0.38125 0.08020833333333334 0.034375 0.03125
1 0.38046875 0.075 0.0296875 0.029166666666666667





5 0.65234375 0.12083333333333333 0.0078125 0.020833333333333332
1 0.66328125 0.12708333333333333 0.0171875 0.025
1 0.65 0.09479166666666666 0.0125 0.01875
5 0.7671875 0.3104166666666667 0.034375 0.03333333333333333
5 0.7796875 0.3177083333333333 0.009375 0.010416666666666666

5 0.84296875 0.215625 0.0078125 0.010416666666666666
5 0.85234375 0.20416666666666666 0.0078125 0.008333333333333333
5 0.853125 0.196875 0.009375 0.022916666666666665
1 0.81796875 0.275 0.0265625 0.029166666666666667
1 0.84609375 0.25104166666666666 0.0234375 0.027083333333333334
1 0.86640625 0.23020833333333332 0.0203125 0.022916666666666665
1 0.890625 0.20625 0.021875 0.025
1 0.90703125 0.18333333333333332 0.0234375 0.029166666666666667
3 0.9390625 0.14479166666666668 0.04375 0.05625
1 0.96328125 0.11666666666666667 0.0203125 0.020833333333333332
1 0.9703125 0.10625 0.0125 0.0125
1 0.98359375 0.08958333333333333 0.0140625 0.0125
1 0.99609375 0.10416666666666667 0.0078125 0.016666666666666666
1 0.97421875 0.13958333333333334 0.0171875 0.020833333333333332
1 0.9546875 0.16770833333333332 0.01875 0.027083333333333334
1 0.9265625 0.196875 0.01875 0.01875
1 0.909375 0.21979166666666666 0.021875 0.027083333333333334
1 0.8859375 0.24375 0.021875 0.025
1 0.85859375 0.26979166666666665 0.0234375 0.022916666666666665
1 0.834375 0.28854166666666664 0.03125 0.035416666666666666
1 0.84140625 0.3145833333333333 0.0296875 0.0375
3 0.875 0.278125 0.0375 0.04375
1 0.90859375 0.2552083333333333 0.0203125 0.022916666666666665
3 0.94453125 0.20416666666666666 0.0421875 0.058333333333333334
1 0.97109375 0.18020833333333333 0.0171875 0.022916666666666665
1 0.9859375 0.16041666666666668 0.01875 0.020833333333333332
1 0.87421875 0.31875 0.0265625 0.029166666666666667
1 0.90625 0.2833333333333333 0.021875 0.025
1 0.925 0.2625 0.021875 0.020833333333333332
1 0.9453125 0.24583333333333332 0.01875 0.020833333333333332
1 0.971875 0.21458333333333332 0.021875 0.029166666666666667
1 0.996875 0.17291666666666666 0.00625 0.016666666666666666
1 0.87578125 0.35 0.0296875 0.0375
1 0.9109375 0.3177083333333333 0.025 0.03125
1 0.93359375 0.2875 0.0234375 0.029166666666666667
1 0.95625 0.259375 0.01875 0.01875
1 0.97578125 0.24479166666666666 0.0203125 0.027083333333333334
1 0.903125 0.36354166666666665 0.028125 0.035416666666666666
1 0.93046875 0.3333333333333333 0.0265625 0.03333333333333333

1 0.95390625 0.3104166666666667 0.0265625 0.03333333333333333



4 0.74609375 0.309375 0.0171875 0.022916666666666665


5 0.44453125 0.5479166666666667 0.0140625 0.029166666666666667
4 0.3859375 0.6385416666666667 0.015625 0.027083333333333334
4 0.3703125 0.4666666666666667 0.00625 0.008333333333333333
4 0.41484375 0.234375 0.0078125 0.014583333333333334
4 0.3984375 0.48854166666666665 0.00625 0.014583333333333334
4 0.39375 0.49583333333333335 0.009375 0.0125
4 0.7625 0.1375 0.00625 0.008333333333333333
1 0.43671875 0.26875 0.0421875 0.029166666666666667
1 0.43828125 0.246875 0.0265625 0.01875
