1 0.5703125 0.315625 0.021875 0.03958333333333333
1 0.63828125 0.371875 0.0296875 0.035416666666666666
1 0.87734375 0.48541666666666666 0.0484375 0.029166666666666667
1 0.790625 0.4510416666666667 0.04375 0.035416666666666666
1 0.74453125 0.45729166666666665 0.0421875 0.03958333333333333
1 0.6390625 0.3729166666666667 0.03125 0.0375
1 0.86796875 0.4510416666666667 0.0453125 0.027083333333333334
1 0.76875 0.415625 0.046875 0.03125
1 0.596875 0.23854166666666668 0.01875 0.035416666666666666
1 0.66171875 0.35208333333333336 0.0265625 0.03333333333333333
3 0.625 0.2947916666666667 0.0375 0.06041666666666667
1 0.596875 0.23854166666666668 0.01875 0.03125
1 0.38125 0.08020833333333334 0.034375 0.03125
1 0.3796875 0.075 0.03125 0.029166666666666667





5 0.653125 0.11979166666666667 0.00625 0.022916666666666665
1 0.6640625 0.12604166666666666 0.015625 0.022916666666666665
1 0.65 0.09479166666666666 0.0125 0.01875
5 0.7671875 0.3104166666666667 0.034375 0.03333333333333333
5 0.7796875 0.31875 0.009375 0.0125

5 0.84296875 0.215625 0.0078125 0.010416666666666666
5 0.853125 0.20416666666666666 0.009375 0.008333333333333333
5 0.8546875 0.19479166666666667 0.009375 0.01875
1 0.81875 0.275 0.028125 0.029166666666666667
1 0.846875 0.25104166666666666 0.025 0.027083333333333334
1 0.86640625 0.23020833333333332 0.0203125 0.022916666666666665
1 0.890625 0.20625 0.021875 0.025
1 0.9078125 0.18229166666666666 0.021875 0.027083333333333334
3 0.93828125 0.14479166666666668 0.0421875 0.05625
1 0.96328125 0.115625 0.0203125 0.01875
1 0.9703125 0.10625 0.0125 0.0125
1 0.98359375 0.08958333333333333 0.0140625 0.0125
1 0.99609375 0.10520833333333333 0.0078125 0.01875
1 0.97421875 0.13958333333333334 0.0171875 0.020833333333333332
1 0.95546875 0.16770833333333332 0.0203125 0.027083333333333334
1 0.9265625 0.196875 0.01875 0.01875
1 0.909375 0.21979166666666666 0.021875 0.027083333333333334
1 0.8859375 0.24270833333333333 0.021875 0.027083333333333334
1 0.85859375 0.26875 0.0234375 0.025
1 0.834375 0.28854166666666664 0.03125 0.035416666666666666
1 0.8421875 0.31354166666666666 0.03125 0.035416666666666666
3 0.8765625 0.27708333333333335 0.034375 0.041666666666666664
1 0.90859375 0.25416666666666665 0.0203125 0.025
3 0.94375 0.20416666666666666 0.04375 0.058333333333333334
1 0.97109375 0.18020833333333333 0.0171875 0.022916666666666665
1 0.9859375 0.16041666666666668 0.01875 0.020833333333333332
1 0.87421875 0.31875 0.0265625 0.029166666666666667
1 0.90703125 0.284375 0.0234375 0.027083333333333334
1 0.925 0.2625 0.021875 0.020833333333333332
1 0.9453125 0.24583333333333332 0.01875 0.020833333333333332
1 0.971875 0.21458333333333332 0.021875 0.029166666666666667
1 0.996875 0.17291666666666666 0.00625 0.016666666666666666
1 0.8765625 0.35 0.03125 0.0375
1 0.9109375 0.31666666666666665 0.025 0.03333333333333333
1 0.93359375 0.2875 0.0234375 0.029166666666666667
1 0.95625 0.259375 0.01875 0.01875
1 0.97578125 0.24479166666666666 0.0203125 0.027083333333333334
1 0.90234375 0.36354166666666665 0.0296875 0.035416666666666666
1 0.93046875 0.3333333333333333 0.0265625 0.03333333333333333

1 0.9546875 0.3104166666666667 0.028125 0.03333333333333333



4 0.746875 0.309375 0.015625 0.022916666666666665


5 0.44921875 0.5302083333333333 0.0140625 0.035416666666666666
4 0.37890625 0.6354166666666666 0.0109375 0.025
4 0.37109375 0.4666666666666667 0.0078125 0.008333333333333333
4 0.4140625 0.234375 0.00625 0.010416666666666666
4 0.3984375 0.4864583333333333 0.00625 0.010416666666666666
4 0.390625 0.4895833333333333 0.009375 0.016666666666666666
4 0.76328125 0.13854166666666667 0.0046875 0.010416666666666666
1 0.43671875 0.26875 0.0421875 0.029166666666666667
1 0.43828125 0.24583333333333332 0.0265625 0.020833333333333332
