1 0.571875 0.325 0.021875 0.0375
1 0.64921875 0.384375 0.0296875 0.035416666666666666
1 0.89296875 0.484375 0.0484375 0.027083333333333334
1 0.8046875 0.45416666666666666 0.04375 0.03333333333333333
1 0.7640625 0.46770833333333334 0.046875 0.04375
1 0.64921875 0.384375 0.0328125 0.03958333333333333
1 0.87890625 0.4510416666666667 0.0453125 0.027083333333333334
1 0.778125 0.41875 0.046875 0.03333333333333333
1 0.5984375 0.24166666666666667 0.01875 0.0375
1 0.66640625 0.3572916666666667 0.0296875 0.03125
3 0.628125 0.30104166666666665 0.0375 0.05625
1 0.59921875 0.24270833333333333 0.0171875 0.035416666666666666
1 0.38125 0.08020833333333334 0.034375 0.03125
1 0.38046875 0.07291666666666667 0.0328125 0.029166666666666667





5 0.653125 0.11875 0.009375 0.025
1 0.66328125 0.12708333333333333 0.0171875 0.025
1 0.65078125 0.09479166666666666 0.0140625 0.01875
5 0.76640625 0.3104166666666667 0.0359375 0.03333333333333333
5 0.7796875 0.31875 0.009375 0.0125

5 0.84296875 0.215625 0.0078125 0.010416666666666666
5 0.853125 0.20208333333333334 0.009375 0.008333333333333333
5 0.8546875 0.19479166666666667 0.009375 0.01875
1 0.81875 0.275 0.028125 0.029166666666666667
1 0.846875 0.25104166666666666 0.025 0.027083333333333334
1 0.86640625 0.23020833333333332 0.0203125 0.022916666666666665
1 0.890625 0.20625 0.021875 0.025
1 0.9078125 0.18229166666666666 0.021875 0.027083333333333334
3 0.9390625 0.14479166666666668 0.040625 0.05625
1 0.9640625 0.115625 0.01875 0.01875
1 0.9703125 0.10625 0.0125 0.0125
1 0.984375 0.08958333333333333 0.0125 0.0125
1 0.99609375 0.10520833333333333 0.0078125 0.01875
1 0.97421875 0.13958333333333334 0.0171875 0.020833333333333332
1 0.9546875 0.16770833333333332 0.01875 0.027083333333333334
1 0.9265625 0.196875 0.01875 0.01875
1 0.909375 0.21979166666666666 0.021875 0.027083333333333334
1 0.88515625 0.24270833333333333 0.0234375 0.027083333333333334
1 0.859375 0.26875 0.021875 0.025
1 0.834375 0.28854166666666664 0.03125 0.035416666666666666
1 0.8421875 0.3145833333333333 0.03125 0.0375
3 0.87734375 0.27708333333333335 0.0328125 0.041666666666666664
1 0.90859375 0.25416666666666665 0.0203125 0.025
3 0.94375 0.203125 0.04375 0.06041666666666667
1 0.97109375 0.18020833333333333 0.0171875 0.022916666666666665
1 0.98671875 0.16041666666666668 0.0203125 0.020833333333333332
1 0.87421875 0.31875 0.0265625 0.029166666666666667
1 0.9078125 0.2833333333333333 0.021875 0.025
1 0.925 0.2625 0.021875 0.020833333333333332
1 0.9453125 0.24583333333333332 0.01875 0.020833333333333332
1 0.971875 0.21458333333333332 0.021875 0.029166666666666667
1 0.996875 0.17291666666666666 0.00625 0.016666666666666666
1 0.8765625 0.35 0.03125 0.0375
1 0.9109375 0.31666666666666665 0.025 0.03333333333333333
1 0.93359375 0.28854166666666664 0.0234375 0.03125
1 0.95625 0.259375 0.01875 0.01875
1 0.97578125 0.24375 0.0203125 0.025
1 0.903125 0.36354166666666665 0.028125 0.035416666666666666
1 0.93046875 0.3333333333333333 0.0265625 0.03333333333333333

1 0.9546875 0.3104166666666667 0.028125 0.03333333333333333



4 0.746875 0.30833333333333335 0.015625 0.020833333333333332


5 0.45234375 0.525 0.0140625 0.029166666666666667
4 0.37421875 0.634375 0.0140625 0.022916666666666665
4 0.37109375 0.465625 0.0078125 0.00625
4 0.41328125 0.23645833333333333 0.0046875 0.010416666666666666
4 0.396875 0.48854166666666665 0.009375 0.01875
4 0.3921875 0.49375 0.015625 0.025
4 0.76328125 0.1375 0.0046875 0.008333333333333333
1 0.4359375 0.2677083333333333 0.040625 0.027083333333333334
1 0.43828125 0.24583333333333332 0.0265625 0.020833333333333332
