1 0.571875 0.32708333333333334 0.021875 0.0375
1 0.6515625 0.3875 0.03125 0.0375
1 0.896875 0.484375 0.046875 0.027083333333333334
1 0.8078125 0.4552083333333333 0.04375 0.035416666666666666
1 0.76953125 0.46770833333333334 0.0453125 0.03958333333333333
1 0.6515625 0.3875 0.034375 0.041666666666666664
1 0.88203125 0.45 0.0453125 0.025
1 0.78125 0.4197916666666667 0.046875 0.03125
1 0.5984375 0.24270833333333333 0.01875 0.035416666666666666
1 0.6671875 0.3572916666666667 0.028125 0.03125
3 0.62890625 0.3020833333333333 0.0390625 0.058333333333333334
1 0.59921875 0.24375 0.0171875 0.03333333333333333
1 0.38125 0.08020833333333334 0.034375 0.03125
1 0.38125 0.071875 0.03125 0.03125





5 0.65234375 0.11875 0.0078125 0.025
1 0.66328125 0.12708333333333333 0.0171875 0.025
1 0.65078125 0.09479166666666666 0.0140625 0.01875
5 0.76640625 0.3104166666666667 0.0359375 0.03333333333333333
5 0.7796875 0.31875 0.009375 0.0125

5 0.84296875 0.215625 0.0078125 0.010416666666666666
5 0.853125 0.203125 0.009375 0.00625
5 0.85390625 0.19479166666666667 0.0078125 0.01875
1 0.81953125 0.275 0.0265625 0.029166666666666667
1 0.846875 0.25104166666666666 0.025 0.027083333333333334
1 0.86640625 0.23020833333333332 0.0203125 0.022916666666666665
1 0.88984375 0.20729166666666668 0.0203125 0.022916666666666665
1 0.9078125 0.18229166666666666 0.021875 0.027083333333333334
3 0.9390625 0.14479166666666668 0.040625 0.05625
1 0.9640625 0.11666666666666667 0.01875 0.020833333333333332
1 0.9703125 0.10625 0.0125 0.0125
1 0.984375 0.08958333333333333 0.0125 0.0125
1 0.99609375 0.10520833333333333 0.0078125 0.01875
1 0.97421875 0.13958333333333334 0.0171875 0.020833333333333332
1 0.95546875 0.16770833333333332 0.0203125 0.027083333333333334
1 0.9265625 0.19791666666666666 0.01875 0.016666666666666666
1 0.90859375 0.22083333333333333 0.0203125 0.025
1 0.8859375 0.24270833333333333 0.021875 0.027083333333333334
1 0.86015625 0.26875 0.0234375 0.025
1 0.834375 0.28854166666666664 0.03125 0.035416666666666666
1 0.8421875 0.3145833333333333 0.03125 0.0375
3 0.8765625 0.278125 0.034375 0.04375
1 0.90859375 0.2552083333333333 0.0203125 0.022916666666666665
3 0.94375 0.20416666666666666 0.04375 0.058333333333333334
1 0.97109375 0.18020833333333333 0.0171875 0.022916666666666665
1 0.9875 0.16041666666666668 0.01875 0.020833333333333332
1 0.87421875 0.31875 0.0265625 0.029166666666666667
1 0.9078125 0.2833333333333333 0.021875 0.025
1 0.925 0.2625 0.021875 0.020833333333333332
1 0.9453125 0.24583333333333332 0.01875 0.020833333333333332
1 0.971875 0.21458333333333332 0.021875 0.029166666666666667
1 0.996875 0.17395833333333333 0.00625 0.014583333333333334
1 0.8765625 0.35 0.03125 0.0375
1 0.9109375 0.31666666666666665 0.025 0.03333333333333333
1 0.93359375 0.28854166666666664 0.0234375 0.03125
1 0.95625 0.259375 0.01875 0.01875
1 0.97578125 0.24375 0.0203125 0.025
1 0.903125 0.36354166666666665 0.028125 0.035416666666666666
1 0.93046875 0.3333333333333333 0.0265625 0.03333333333333333

1 0.9546875 0.3104166666666667 0.028125 0.03333333333333333



4 0.746875 0.30833333333333335 0.015625 0.020833333333333332


5 0.45234375 0.5229166666666667 0.0140625 0.029166666666666667
4 0.3734375 0.6333333333333333 0.0125 0.025
4 0.37109375 0.465625 0.0078125 0.00625
4 0.4140625 0.234375 0.00625 0.010416666666666666
4 0.3984375 0.4864583333333333 0.00625 0.010416666666666666
4 0.390625 0.4895833333333333 0.009375 0.016666666666666666
4 0.76328125 0.13854166666666667 0.0046875 0.010416666666666666
1 0.4359375 0.2677083333333333 0.040625 0.027083333333333334
1 0.43828125 0.24583333333333332 0.0265625 0.020833333333333332
