1 0.575 0.3385416666666667 0.021875 0.035416666666666666
1 0.6671875 0.4010416666666667 0.034375 0.03958333333333333
1 0.91640625 0.48125 0.0453125 0.029166666666666667
1 0.8265625 0.4583333333333333 0.046875 0.03333333333333333
1 0.79765625 0.4791666666666667 0.0484375 0.041666666666666664
1 0.6671875 0.4010416666666667 0.0375 0.04375
1 0.896875 0.446875 0.04375 0.027083333333333334
1 0.79140625 0.42291666666666666 0.0484375 0.029166666666666667
1 0.60078125 0.25104166666666666 0.0203125 0.03958333333333333
1 0.67421875 0.36354166666666665 0.0328125 0.035416666666666666
3 0.63359375 0.309375 0.0390625 0.05625
1 0.6 0.25 0.01875 0.0375
1 0.38125 0.08020833333333334 0.034375 0.03125
1 0.38046875 0.07395833333333333 0.0328125 0.027083333333333334





5 0.65234375 0.11875 0.0078125 0.025
1 0.66328125 0.12708333333333333 0.0171875 0.025
1 0.6515625 0.09479166666666666 0.0125 0.01875
5 0.76640625 0.3104166666666667 0.0359375 0.03333333333333333
5 0.7796875 0.31875 0.009375 0.0125

5 0.84296875 0.215625 0.0078125 0.010416666666666666
5 0.853125 0.203125 0.009375 0.00625
5 0.8546875 0.19479166666666667 0.009375 0.01875
1 0.81953125 0.275 0.0265625 0.029166666666666667
1 0.846875 0.2520833333333333 0.025 0.029166666666666667
1 0.8671875 0.23020833333333332 0.01875 0.022916666666666665
1 0.890625 0.20625 0.021875 0.025
1 0.9078125 0.18229166666666666 0.021875 0.027083333333333334
3 0.93828125 0.14479166666666668 0.0421875 0.05625
1 0.96328125 0.115625 0.0171875 0.01875
1 0.9703125 0.10729166666666666 0.0125 0.010416666666666666
1 0.984375 0.08958333333333333 0.0125 0.0125
1 0.99609375 0.10520833333333333 0.0078125 0.01875
1 0.975 0.13958333333333334 0.015625 0.020833333333333332
1 0.95546875 0.16770833333333332 0.0203125 0.027083333333333334
1 0.9265625 0.196875 0.01875 0.01875
1 0.909375 0.21979166666666666 0.021875 0.027083333333333334
1 0.88515625 0.24375 0.0234375 0.029166666666666667
1 0.86015625 0.26979166666666665 0.0234375 0.022916666666666665
1 0.834375 0.28854166666666664 0.03125 0.035416666666666666
1 0.8421875 0.31354166666666666 0.03125 0.035416666666666666
3 0.87578125 0.278125 0.0359375 0.04375
1 0.90859375 0.2552083333333333 0.0203125 0.022916666666666665
3 0.94453125 0.20416666666666666 0.0453125 0.058333333333333334
1 0.96953125 0.18020833333333333 0.0171875 0.022916666666666665
1 0.9875 0.16041666666666668 0.01875 0.020833333333333332
1 0.87421875 0.31875 0.0265625 0.029166666666666667
1 0.9078125 0.2833333333333333 0.021875 0.025
1 0.925 0.2625 0.021875 0.020833333333333332
1 0.9453125 0.246875 0.01875 0.01875
1 0.971875 0.21458333333333332 0.021875 0.029166666666666667
1 0.996875 0.175 0.00625 0.016666666666666666
1 0.8765625 0.35 0.03125 0.0375
1 0.9109375 0.31666666666666665 0.025 0.03333333333333333
1 0.93359375 0.2875 0.0234375 0.029166666666666667
1 0.95703125 0.259375 0.0203125 0.01875
1 0.9765625 0.24479166666666666 0.01875 0.027083333333333334
1 0.90234375 0.3625 0.0296875 0.0375
1 0.93046875 0.33229166666666665 0.0265625 0.035416666666666666

1 0.95390625 0.309375 0.0265625 0.03125



4 0.746875 0.30833333333333335 0.015625 0.020833333333333332


5 0.45390625 0.5166666666666667 0.0171875 0.029166666666666667
4 0.36796875 0.63125 0.0140625 0.025
4 0.37109375 0.465625 0.0078125 0.00625
4 0.41328125 0.23541666666666666 0.0046875 0.008333333333333333
4 0.396875 0.490625 0.009375 0.01875
4 0.39375 0.49375 0.015625 0.025
4 0.76171875 0.13854166666666667 0.0046875 0.00625
1 0.4359375 0.2677083333333333 0.040625 0.027083333333333334
1 0.43828125 0.24583333333333332 0.0265625 0.016666666666666666
