1 0.57578125 0.34791666666666665 0.0234375 0.041666666666666664
1 0.67578125 0.40729166666666666 0.0359375 0.03958333333333333
1 0.92578125 0.4791666666666667 0.0421875 0.029166666666666667
1 0.834375 0.459375 0.046875 0.03125
1 0.81171875 0.48125 0.0484375 0.0375
1 0.67578125 0.40729166666666666 0.0359375 0.03958333333333333
1 0.9046875 0.44479166666666664 0.04375 0.027083333333333334
1 0.796875 0.42291666666666666 0.046875 0.029166666666666667
1 0.60078125 0.253125 0.0203125 0.03958333333333333
1 0.67734375 0.36770833333333336 0.0328125 0.035416666666666666
3 0.63515625 0.3125 0.0390625 0.058333333333333334
1 0.6015625 0.253125 0.01875 0.035416666666666666
1 0.38203125 0.08020833333333334 0.0328125 0.03125
1 0.38046875 0.07395833333333333 0.0328125 0.027083333333333334





5 0.65234375 0.11770833333333333 0.0078125 0.022916666666666665
1 0.66328125 0.12708333333333333 0.0171875 0.025
1 0.6515625 0.09479166666666666 0.0125 0.01875
5 0.76640625 0.3104166666666667 0.0359375 0.03333333333333333
5 0.77890625 0.31875 0.0109375 0.0125

5 0.84296875 0.21666666666666667 0.0078125 0.008333333333333333
5 0.853125 0.203125 0.009375 0.00625
5 0.8546875 0.19479166666666667 0.009375 0.01875
1 0.81953125 0.275 0.0265625 0.029166666666666667
1 0.846875 0.25104166666666666 0.025 0.027083333333333334
1 0.8671875 0.22916666666666666 0.01875 0.025
1 0.890625 0.20625 0.021875 0.025
1 0.9078125 0.18229166666666666 0.021875 0.027083333333333334
3 0.93828125 0.14479166666666668 0.0421875 0.05625
1 0.9640625 0.115625 0.01875 0.01875
1 0.9703125 0.10729166666666666 0.0125 0.010416666666666666
1 0.984375 0.08854166666666667 0.0125 0.014583333333333334
1 0.99609375 0.10520833333333333 0.0078125 0.01875
1 0.975 0.13958333333333334 0.015625 0.020833333333333332
1 0.95546875 0.16770833333333332 0.0203125 0.027083333333333334
1 0.9265625 0.196875 0.01875 0.01875
1 0.90859375 0.21979166666666666 0.0203125 0.027083333333333334
1 0.8859375 0.24479166666666666 0.021875 0.027083333333333334
1 0.86015625 0.26875 0.0234375 0.025
1 0.834375 0.28854166666666664 0.03125 0.035416666666666666
1 0.8421875 0.31354166666666666 0.03125 0.035416666666666666
3 0.87734375 0.27708333333333335 0.0328125 0.041666666666666664
1 0.90859375 0.25416666666666665 0.0203125 0.025
3 0.9453125 0.203125 0.04375 0.06041666666666667
1 0.97109375 0.18020833333333333 0.0171875 0.022916666666666665
1 0.9875 0.16041666666666668 0.01875 0.020833333333333332
1 0.87421875 0.31875 0.0265625 0.029166666666666667
1 0.9078125 0.2833333333333333 0.021875 0.025
1 0.925 0.2625 0.021875 0.020833333333333332
1 0.94609375 0.24583333333333332 0.0171875 0.020833333333333332
1 0.97265625 0.21458333333333332 0.0203125 0.029166666666666667
1 0.996875 0.175 0.00625 0.016666666666666666
1 0.8765625 0.35 0.03125 0.0375
1 0.9109375 0.3177083333333333 0.025 0.035416666666666666
1 0.934375 0.2875 0.021875 0.029166666666666667
1 0.95703125 0.259375 0.0203125 0.01875
1 0.9765625 0.24375 0.01875 0.025
1 0.903125 0.3625 0.028125 0.0375
1 0.93046875 0.33229166666666665 0.0265625 0.035416666666666666

1 0.9546875 0.309375 0.028125 0.03125



4 0.746875 0.30833333333333335 0.015625 0.020833333333333332


5 0.45234375 0.5197916666666667 0.0109375 0.022916666666666665
4 0.365625 0.6302083333333334 0.009375 0.022916666666666665
4 0.3703125 0.46458333333333335 0.00625 0.008333333333333333
4 0.4140625 0.23541666666666666 0.00625 0.0125
4 0.403125 0.4895833333333333 0.009375 0.0125
4 0.39453125 0.49375 0.0140625 0.025
4 0.7625 0.1375 0.00625 0.008333333333333333
1 0.4359375 0.2677083333333333 0.040625 0.027083333333333334
1 0.43828125 0.24479166666666666 0.0265625 0.01875
