1 0.58125 0.36770833333333336 0.021875 0.035416666666666666
1 0.703125 0.4270833333333333 0.040625 0.0375
1 0.9515625 0.46979166666666666 0.0375 0.027083333333333334
1 0.8609375 0.46145833333333336 0.046875 0.03125
1 0.85625 0.48854166666666665 0.05 0.035416666666666666
1 0.703125 0.4270833333333333 0.040625 0.0375
1 0.92421875 0.4395833333333333 0.0421875 0.03333333333333333
1 0.8140625 0.42604166666666665 0.046875 0.022916666666666665
1 0.60546875 0.2625 0.0203125 0.03333333333333333
1 0.690625 0.3770833333333333 0.03125 0.03333333333333333
3 0.64140625 0.31979166666666664 0.0421875 0.05625
1 0.6046875 0.2625 0.01875 0.03333333333333333
1 0.38203125 0.07916666666666666 0.0328125 0.03333333333333333
1 0.38125 0.07395833333333333 0.03125 0.027083333333333334





5 0.65234375 0.11979166666666667 0.0078125 0.022916666666666665
1 0.6640625 0.12708333333333333 0.01875 0.025
1 0.6515625 0.09479166666666666 0.0125 0.01875
5 0.7671875 0.3104166666666667 0.034375 0.03333333333333333
5 0.7796875 0.31875 0.009375 0.0125

5 0.84296875 0.21666666666666667 0.0078125 0.008333333333333333
5 0.853125 0.203125 0.009375 0.00625
5 0.8546875 0.19375 0.009375 0.016666666666666666
1 0.81953125 0.275 0.0265625 0.029166666666666667
1 0.846875 0.25104166666666666 0.025 0.027083333333333334
1 0.86796875 0.23020833333333332 0.0203125 0.022916666666666665
1 0.89140625 0.20625 0.0234375 0.025
1 0.90859375 0.18229166666666666 0.0234375 0.027083333333333334
3 0.93984375 0.14479166666666668 0.0421875 0.05625
1 0.9640625 0.115625 0.01875 0.01875
1 0.9703125 0.10729166666666666 0.0125 0.010416666666666666
1 0.984375 0.08958333333333333 0.0125 0.0125
1 0.996875 0.10520833333333333 0.00625 0.01875
1 0.975 0.13958333333333334 0.015625 0.020833333333333332
1 0.95625 0.16666666666666666 0.01875 0.025
1 0.9265625 0.196875 0.01875 0.01875
1 0.909375 0.21979166666666666 0.021875 0.027083333333333334
1 0.8859375 0.24375 0.021875 0.029166666666666667
1 0.85859375 0.26875 0.0234375 0.020833333333333332
1 0.834375 0.2875 0.03125 0.03333333333333333
1 0.8421875 0.31354166666666666 0.03125 0.035416666666666666
3 0.87734375 0.27708333333333335 0.0359375 0.041666666666666664
1 0.909375 0.25416666666666665 0.021875 0.025
3 0.94609375 0.203125 0.0453125 0.06041666666666667
1 0.971875 0.18125 0.01875 0.025
1 0.9875 0.16041666666666668 0.01875 0.020833333333333332
1 0.87421875 0.31875 0.0265625 0.029166666666666667
1 0.9078125 0.2833333333333333 0.021875 0.025
1 0.925 0.2625 0.021875 0.020833333333333332
1 0.946875 0.24583333333333332 0.01875 0.020833333333333332
1 0.97265625 0.21458333333333332 0.0203125 0.029166666666666667
1 0.996875 0.175 0.00625 0.016666666666666666
1 0.878125 0.3489583333333333 0.03125 0.035416666666666666
1 0.91171875 0.31666666666666665 0.0265625 0.03333333333333333
1 0.934375 0.2875 0.021875 0.029166666666666667
1 0.95703125 0.259375 0.0203125 0.01875
1 0.97734375 0.24479166666666666 0.0203125 0.027083333333333334
1 0.903125 0.3625 0.028125 0.0375
1 0.93046875 0.3333333333333333 0.0265625 0.03333333333333333

1 0.9546875 0.3104166666666667 0.028125 0.03333333333333333



4 0.746875 0.30833333333333335 0.015625 0.020833333333333332


5 0.453125 0.5197916666666667 0.009375 0.022916666666666665
4 0.35546875 0.6302083333333334 0.0140625 0.027083333333333334
4 0.3703125 0.46458333333333335 0.00625 0.008333333333333333
4 0.415625 0.23541666666666666 0.00625 0.0125
4 0.4 0.4895833333333333 0.0125 0.016666666666666666
4 0.39453125 0.4947916666666667 0.0140625 0.027083333333333334
4 0.7625 0.1375 0.00625 0.008333333333333333
1 0.43671875 0.2677083333333333 0.0390625 0.027083333333333334
1 0.43828125 0.24479166666666666 0.0265625 0.01875
