1 0.53671875 0.128125 0.0171875 0.022916666666666665
1 0.5875 0.2604166666666667 0.01875 0.029166666666666667
1 0.5796875 0.23229166666666667 0.015625 0.022916666666666665
1 0.5703125 0.190625 0.015625 0.027083333333333334
1 0.5640625 0.16354166666666667 0.0125 0.022916666666666665
1 0.55859375 0.14270833333333333 0.0109375 0.014583333333333334
1 0.60703125 0.246875 0.0203125 0.035416666666666666
1 0.596875 0.21458333333333332 0.015625 0.025
1 0.5921875 0.18958333333333333 0.01875 0.029166666666666667
1 0.5828125 0.165625 0.0125 0.022916666666666665
3 0.57734375 0.13020833333333334 0.0203125 0.04375
1 0.56875 0.10833333333333334 0.01875 0.03333333333333333
1 0.38515625 0.07604166666666666 0.0328125 0.03125
1 0.384375 0.06875 0.03125 0.025
1 0.58984375 0.08125 0.0171875 0.025
1 0.59921875 0.028125 0.0140625 0.022916666666666665
1 0.56328125 0.014583333333333334 0.0140625 0.020833333333333332
1 0.58125 0.0125 0.0125 0.016666666666666666
1 0.5796875 0.016666666666666666 0.04375 0.029166666666666667
5 0.634375 0.07604166666666666 0.009375 0.014583333333333334
1 0.66875 0.11875 0.01875 0.025
1 0.65625 0.08645833333333333 0.015625 0.01875
5 0.7609375 0.29375 0.015625 0.016666666666666666
5 0.79140625 0.28229166666666666 0.0078125 0.014583333333333334
5 0.79140625 0.2791666666666667 0.0109375 0.025
5 0.82265625 0.23854166666666668 0.0078125 0.014583333333333334
5 0.85234375 0.20208333333333334 0.0078125 0.0125
5 0.8828125 0.17708333333333334 0.0125 0.020833333333333332
1 0.825 0.26666666666666666 0.025 0.029166666666666667
1 0.85 0.24270833333333333 0.025 0.027083333333333334
1 0.87265625 0.22083333333333333 0.0203125 0.025
1 0.8953125 0.19895833333333332 0.021875 0.022916666666666665
1 0.9140625 0.17291666666666666 0.021875 0.029166666666666667
3 0.94609375 0.134375 0.0421875 0.052083333333333336
1 0.9671875 0.11041666666666666 0.0125 0.016666666666666666
1 0.9765625 0.09791666666666667 0.0125 0.0125
1 0.9921875 0.07604166666666666 0.015625 0.014583333333333334
1 0.99296875 0.10833333333333334 0.0140625 0.020833333333333332
1 0.9796875 0.12916666666666668 0.015625 0.020833333333333332
1 0.96171875 0.15833333333333333 0.0203125 0.029166666666666667
1 0.9375 0.18333333333333332 0.01875 0.020833333333333332
1 0.91484375 0.21145833333333333 0.0203125 0.027083333333333334
1 0.8921875 0.23541666666666666 0.021875 0.025
1 0.86484375 0.2604166666666667 0.0234375 0.025
1 0.84140625 0.28020833333333334 0.0328125 0.03958333333333333
1 0.846875 0.30520833333333336 0.03125 0.03958333333333333
3 0.88203125 0.2708333333333333 0.0359375 0.04583333333333333
1 0.9140625 0.24583333333333332 0.021875 0.025
3 0.94921875 0.19375 0.0421875 0.058333333333333334
1 0.97734375 0.17083333333333334 0.0140625 0.020833333333333332
1 0.9921875 0.15104166666666666 0.015625 0.022916666666666665
1 0.8796875 0.31145833333333334 0.028125 0.03125
1 0.9125 0.2760416666666667 0.021875 0.027083333333333334
1 0.93125 0.2552083333333333 0.021875 0.022916666666666665
1 0.95390625 0.23645833333333333 0.0203125 0.022916666666666665
1 0.97890625 0.20416666666666666 0.0203125 0.029166666666666667
1 0.99140625 0.18333333333333332 0.0171875 0.020833333333333332
1 0.884375 0.340625 0.03125 0.035416666666666666
1 0.91875 0.3072916666666667 0.025 0.03125
1 0.94140625 0.278125 0.0234375 0.03125
1 0.96328125 0.25104166666666666 0.0171875 0.01875
1 0.98359375 0.234375 0.0203125 0.022916666666666665
1 0.91171875 0.3541666666666667 0.0296875 0.0375
1 0.9375 0.32395833333333335 0.025 0.035416666666666666

1 0.98125 0.27708333333333335 0.021875 0.029166666666666667

5 0.9625 0.7760416666666666 0.01875 0.035416666666666666
5 0.76484375 0.39166666666666666 0.0109375 0.025
4 0.803125 0.34791666666666665 0.009375 0.020833333333333332
5 0.61484375 0.013541666666666667 0.0046875 0.010416666666666666
5 0.43046875 0.7854166666666667 0.0203125 0.029166666666666667
5 0.490625 0.7958333333333333 0.01875 0.0375
4 0.46171875 0.771875 0.0109375 0.022916666666666665
4 0.378125 0.46458333333333335 0.009375 0.008333333333333333
4 0.4203125 0.23541666666666666 0.00625 0.016666666666666666
4 0.4109375 0.48854166666666665 0.00625 0.010416666666666666
4 0.40078125 0.48854166666666665 0.0109375 0.014583333333333334
4 0.81796875 0.13854166666666667 0.0171875 0.010416666666666666
1 0.44140625 0.26458333333333334 0.0390625 0.029166666666666667
1 0.44140625 0.24166666666666667 0.0328125 0.020833333333333332
