1 0.58515625 0.38333333333333336 0.0234375 0.041666666666666664
1 0.72421875 0.4375 0.0421875 0.0375
1 0.9671875 0.46041666666666664 0.03125 0.029166666666666667
1 0.87890625 0.46041666666666664 0.0453125 0.029166666666666667
1 0.88671875 0.4895833333333333 0.0484375 0.03333333333333333
1 0.72421875 0.4375 0.0421875 0.0375
1 0.9375 0.43333333333333335 0.040625 0.029166666666666667
1 0.8265625 0.4270833333333333 0.046875 0.025
1 0.60703125 0.26875 0.0203125 0.0375
1 0.70078125 0.38333333333333336 0.0328125 0.03333333333333333
3 0.646875 0.3260416666666667 0.04375 0.05625
1 0.6078125 0.26875 0.01875 0.03333333333333333
1 0.38203125 0.07916666666666666 0.0328125 0.03333333333333333
1 0.38203125 0.07083333333333333 0.0328125 0.029166666666666667





5 0.653125 0.11770833333333333 0.00625 0.01875
1 0.66328125 0.12708333333333333 0.0171875 0.025
1 0.6515625 0.09375 0.0125 0.016666666666666666
5 0.7671875 0.3104166666666667 0.0375 0.03333333333333333
5 0.78046875 0.3177083333333333 0.0109375 0.010416666666666666

5 0.84296875 0.215625 0.0078125 0.010416666666666666
5 0.85390625 0.203125 0.0078125 0.00625
5 0.8546875 0.19270833333333334 0.00625 0.014583333333333334
1 0.81953125 0.27395833333333336 0.0265625 0.03125
1 0.846875 0.25 0.025 0.029166666666666667
1 0.86796875 0.22916666666666666 0.0203125 0.025
1 0.8921875 0.20625 0.021875 0.025
1 0.90859375 0.18229166666666666 0.0234375 0.027083333333333334
3 0.940625 0.14270833333333333 0.040625 0.05625
1 0.9640625 0.115625 0.01875 0.01875
1 0.97109375 0.10625 0.0109375 0.0125
1 0.984375 0.0875 0.0125 0.0125
1 0.996875 0.10520833333333333 0.00625 0.01875
1 0.975 0.13854166666666667 0.015625 0.022916666666666665
1 0.95625 0.16666666666666666 0.01875 0.025
1 0.9265625 0.196875 0.01875 0.01875
1 0.909375 0.21979166666666666 0.021875 0.027083333333333334
1 0.8859375 0.24270833333333333 0.021875 0.027083333333333334
1 0.86015625 0.2677083333333333 0.0234375 0.022916666666666665
1 0.83515625 0.2864583333333333 0.0296875 0.035416666666666666
1 0.8421875 0.3125 0.03125 0.0375
3 0.878125 0.27708333333333335 0.034375 0.041666666666666664
1 0.909375 0.25416666666666665 0.021875 0.025
3 0.94609375 0.203125 0.0453125 0.06041666666666667
1 0.97109375 0.18020833333333333 0.0171875 0.022916666666666665
1 0.9875 0.16041666666666668 0.01875 0.020833333333333332
1 0.87421875 0.3177083333333333 0.0265625 0.03125
1 0.9078125 0.284375 0.025 0.027083333333333334
1 0.9265625 0.2625 0.021875 0.020833333333333332
1 0.946875 0.24583333333333332 0.01875 0.020833333333333332
1 0.97265625 0.21458333333333332 0.0203125 0.029166666666666667
1 0.996875 0.175 0.00625 0.016666666666666666
1 0.878125 0.34791666666666665 0.03125 0.0375
1 0.91171875 0.31666666666666665 0.0265625 0.03333333333333333
1 0.934375 0.2875 0.021875 0.029166666666666667
1 0.95703125 0.259375 0.0203125 0.01875
1 0.97734375 0.24479166666666666 0.0203125 0.027083333333333334
1 0.90390625 0.3614583333333333 0.0296875 0.035416666666666666
1 0.93046875 0.33229166666666665 0.0265625 0.035416666666666666

1 0.9546875 0.3104166666666667 0.028125 0.03333333333333333



4 0.746875 0.3072916666666667 0.015625 0.01875


5 0.45390625 0.5177083333333333 0.0109375 0.022916666666666665
4 0.35 0.628125 0.0125 0.022916666666666665
4 0.3703125 0.4635416666666667 0.00625 0.00625
4 0.4140625 0.234375 0.00625 0.010416666666666666
4 0.39921875 0.4875 0.0140625 0.020833333333333332
4 0.403125 0.48854166666666665 0.028125 0.03125
4 0.7640625 0.13645833333333332 0.003125 0.00625
1 0.4375 0.26666666666666666 0.040625 0.029166666666666667
1 0.43828125 0.24479166666666666 0.0265625 0.01875
