1 0.5875 0.3958333333333333 0.025 0.041666666666666664
1 0.740625 0.44479166666666664 0.040625 0.035416666666666666
1 0.97890625 0.45625 0.0296875 0.029166666666666667
1 0.89140625 0.459375 0.0453125 0.027083333333333334
1 0.90859375 0.4895833333333333 0.0484375 0.03333333333333333
1 0.74140625 0.44479166666666664 0.0421875 0.035416666666666666
1 0.9453125 0.4270833333333333 0.0375 0.029166666666666667
1 0.83515625 0.428125 0.0453125 0.022916666666666665
1 0.61015625 0.27395833333333336 0.0203125 0.03958333333333333
1 0.70859375 0.3875 0.0328125 0.03333333333333333
3 0.65 0.33125 0.046875 0.058333333333333334
1 0.61015625 0.27395833333333336 0.0203125 0.035416666666666666
1 0.38203125 0.07916666666666666 0.0328125 0.03333333333333333
1 0.3828125 0.071875 0.03125 0.03125





5 0.653125 0.11458333333333333 0.00625 0.0125
1 0.6640625 0.12708333333333333 0.01875 0.025
1 0.6515625 0.09375 0.0125 0.016666666666666666
5 0.76796875 0.3104166666666667 0.0359375 0.03333333333333333
5 0.78046875 0.3177083333333333 0.0109375 0.014583333333333334

5 0.84296875 0.21458333333333332 0.0078125 0.008333333333333333
5 0.85390625 0.203125 0.0078125 0.00625
5 0.85625 0.19270833333333334 0.00625 0.014583333333333334
1 0.81953125 0.27291666666666664 0.0265625 0.029166666666666667
1 0.846875 0.25 0.025 0.029166666666666667
1 0.86796875 0.22916666666666666 0.0203125 0.025
1 0.89140625 0.20625 0.0203125 0.025
1 0.909375 0.18229166666666666 0.021875 0.027083333333333334
3 0.940625 0.14270833333333333 0.040625 0.05625
1 0.9640625 0.115625 0.01875 0.01875
1 0.971875 0.10625 0.0125 0.0125
1 0.98515625 0.0875 0.0140625 0.0125
1 0.996875 0.10520833333333333 0.00625 0.01875
1 0.975 0.1375 0.015625 0.020833333333333332
1 0.95703125 0.165625 0.0203125 0.027083333333333334
1 0.9265625 0.196875 0.01875 0.01875
1 0.909375 0.21979166666666666 0.01875 0.027083333333333334
1 0.88671875 0.24270833333333333 0.0234375 0.027083333333333334
1 0.86015625 0.2677083333333333 0.0234375 0.022916666666666665
1 0.8359375 0.2864583333333333 0.03125 0.035416666666666666
1 0.84296875 0.3125 0.0296875 0.0375
3 0.87734375 0.27708333333333335 0.0359375 0.041666666666666664
1 0.909375 0.25416666666666665 0.021875 0.025
3 0.94609375 0.203125 0.0453125 0.06041666666666667
1 0.97109375 0.18020833333333333 0.0171875 0.022916666666666665
1 0.98828125 0.159375 0.0203125 0.022916666666666665
1 0.87421875 0.31666666666666665 0.0265625 0.029166666666666667
1 0.9078125 0.2833333333333333 0.021875 0.025
1 0.9265625 0.2625 0.021875 0.020833333333333332
1 0.946875 0.24583333333333332 0.01875 0.020833333333333332
1 0.9734375 0.21458333333333332 0.021875 0.029166666666666667
1 0.996875 0.175 0.00625 0.016666666666666666
1 0.878125 0.34791666666666665 0.03125 0.0375
1 0.91171875 0.315625 0.0265625 0.03125
1 0.93515625 0.2875 0.0234375 0.029166666666666667
1 0.9578125 0.25833333333333336 0.01875 0.020833333333333332
1 0.97734375 0.24479166666666666 0.0203125 0.027083333333333334
1 0.90390625 0.3614583333333333 0.0296875 0.035416666666666666
1 0.93203125 0.33125 0.0265625 0.03333333333333333

1 0.95546875 0.30833333333333335 0.0265625 0.03333333333333333



4 0.74765625 0.3072916666666667 0.0171875 0.01875


5 0.4546875 0.5177083333333333 0.009375 0.022916666666666665
4 0.3453125 0.6291666666666667 0.0125 0.025
4 0.371875 0.46458333333333335 0.00625 0.008333333333333333
4 0.4140625 0.23333333333333334 0.00625 0.0125
4 0.4 0.4875 0.015625 0.020833333333333332
4 0.40546875 0.484375 0.0203125 0.022916666666666665
4 0.7640625 0.1375 0.003125 0.004166666666666667
1 0.43671875 0.2677083333333333 0.0390625 0.027083333333333334
1 0.4390625 0.24479166666666666 0.028125 0.01875
