1 0.58984375 0.40208333333333335 0.0265625 0.04583333333333333
1 0.74765625 0.44895833333333335 0.0421875 0.035416666666666666
1 0.984375 0.453125 0.03125 0.027083333333333334
1 0.896875 0.459375 0.04375 0.027083333333333334
1 0.9171875 0.4895833333333333 0.046875 0.03333333333333333
1 0.74765625 0.44895833333333335 0.0421875 0.035416666666666666
1 0.94921875 0.425 0.0390625 0.029166666666666667
1 0.83828125 0.428125 0.0484375 0.027083333333333334
1 0.6109375 0.2760416666666667 0.021875 0.03958333333333333
1 0.7109375 0.38958333333333334 0.034375 0.03333333333333333
3 0.65234375 0.33125 0.0453125 0.058333333333333334
1 0.6109375 0.2760416666666667 0.01875 0.035416666666666666
1 0.38203125 0.07916666666666666 0.0328125 0.03333333333333333
1 0.38203125 0.07083333333333333 0.0328125 0.029166666666666667





5 0.653125 0.11979166666666667 0.00625 0.022916666666666665
1 0.6640625 0.12708333333333333 0.015625 0.025
1 0.6515625 0.09375 0.0125 0.016666666666666666
5 0.7671875 0.3104166666666667 0.0375 0.03333333333333333
5 0.78046875 0.3177083333333333 0.0109375 0.014583333333333334

5 0.84375 0.21458333333333332 0.00625 0.008333333333333333
5 0.85390625 0.203125 0.0078125 0.00625
5 0.85546875 0.19166666666666668 0.0046875 0.0125
1 0.81953125 0.27291666666666664 0.0265625 0.029166666666666667
1 0.846875 0.25 0.025 0.029166666666666667
1 0.86796875 0.22916666666666666 0.0203125 0.025
1 0.8921875 0.20625 0.021875 0.025
1 0.90859375 0.18125 0.0234375 0.025
3 0.940625 0.14270833333333333 0.040625 0.05625
1 0.9640625 0.115625 0.01875 0.01875
1 0.971875 0.10625 0.0125 0.0125
1 0.98515625 0.0875 0.0140625 0.0125
1 0.996875 0.10520833333333333 0.00625 0.01875
1 0.975 0.1375 0.015625 0.020833333333333332
1 0.95703125 0.165625 0.0203125 0.027083333333333334
1 0.9265625 0.196875 0.01875 0.01875
1 0.90859375 0.21979166666666666 0.0203125 0.027083333333333334
1 0.88671875 0.24375 0.0234375 0.029166666666666667
1 0.86015625 0.2677083333333333 0.0234375 0.022916666666666665
1 0.8359375 0.2864583333333333 0.03125 0.035416666666666666
1 0.84296875 0.3125 0.0296875 0.0375
3 0.87734375 0.27708333333333335 0.0359375 0.041666666666666664
1 0.909375 0.25416666666666665 0.021875 0.025
3 0.94609375 0.203125 0.0453125 0.06041666666666667
1 0.97109375 0.18020833333333333 0.0171875 0.022916666666666665
1 0.9875 0.159375 0.01875 0.022916666666666665
1 0.875 0.31666666666666665 0.028125 0.029166666666666667
1 0.90859375 0.2833333333333333 0.0234375 0.025
1 0.9265625 0.2625 0.021875 0.020833333333333332
1 0.946875 0.24583333333333332 0.01875 0.020833333333333332
1 0.9734375 0.21458333333333332 0.021875 0.029166666666666667
1 0.996875 0.175 0.00625 0.016666666666666666
1 0.878125 0.34791666666666665 0.03125 0.0375
1 0.91171875 0.315625 0.0265625 0.03125
1 0.93515625 0.2875 0.0234375 0.029166666666666667
1 0.9578125 0.25833333333333336 0.01875 0.020833333333333332
1 0.97734375 0.24479166666666666 0.0203125 0.027083333333333334
1 0.90390625 0.3614583333333333 0.0328125 0.035416666666666666
1 0.93203125 0.33125 0.0265625 0.03333333333333333

1 0.95546875 0.30833333333333335 0.0265625 0.03333333333333333



4 0.74765625 0.3072916666666667 0.0171875 0.01875


5 0.4546875 0.5177083333333333 0.009375 0.022916666666666665
4 0.34375 0.628125 0.0125 0.022916666666666665
4 0.371875 0.46458333333333335 0.00625 0.008333333333333333
4 0.41484375 0.234375 0.0046875 0.010416666666666666
4 0.40078125 0.48854166666666665 0.0140625 0.01875
4 0.40703125 0.484375 0.0171875 0.022916666666666665
4 0.7625 0.13541666666666666 0.00625 0.0125
1 0.4375 0.26666666666666666 0.040625 0.029166666666666667
1 0.4390625 0.24375 0.028125 0.020833333333333332
