1 0.59296875 0.4114583333333333 0.0265625 0.04375
1 0.76484375 0.4552083333333333 0.0453125 0.035416666666666666
1 0.990625 0.44375 0.01875 0.029166666666666667
1 0.909375 0.45729166666666665 0.04375 0.03125
1 0.93828125 0.4864583333333333 0.0453125 0.03125
1 0.76484375 0.4552083333333333 0.0453125 0.035416666666666666
1 0.95703125 0.42083333333333334 0.0359375 0.03333333333333333
1 0.84765625 0.428125 0.0484375 0.027083333333333334
1 0.6125 0.28020833333333334 0.021875 0.03958333333333333
1 0.71953125 0.3958333333333333 0.0359375 0.03333333333333333
3 0.65546875 0.33645833333333336 0.0484375 0.05625
1 0.61328125 0.28020833333333334 0.0203125 0.035416666666666666
1 0.38203125 0.078125 0.0328125 0.03125
1 0.3828125 0.07083333333333333 0.03125 0.029166666666666667





5 0.653125 0.11979166666666667 0.00625 0.022916666666666665
1 0.66328125 0.12604166666666666 0.0171875 0.027083333333333334
1 0.6515625 0.09375 0.0125 0.016666666666666666
5 0.76796875 0.3104166666666667 0.0359375 0.03333333333333333
5 0.78046875 0.3177083333333333 0.0109375 0.014583333333333334

5 0.84375 0.21458333333333332 0.00625 0.008333333333333333
5 0.85390625 0.203125 0.0078125 0.00625
5 0.85703125 0.190625 0.0046875 0.010416666666666666
1 0.81953125 0.27291666666666664 0.0265625 0.029166666666666667
1 0.846875 0.25104166666666666 0.025 0.03125
1 0.86796875 0.22916666666666666 0.0203125 0.025
1 0.8921875 0.20625 0.021875 0.025
1 0.909375 0.18125 0.021875 0.025
3 0.93984375 0.14270833333333333 0.0421875 0.05625
1 0.96328125 0.11770833333333333 0.0171875 0.014583333333333334
1 0.971875 0.10625 0.0125 0.0125
1 0.98515625 0.0875 0.0140625 0.0125
1 0.996875 0.10520833333333333 0.00625 0.01875
1 0.975 0.1375 0.015625 0.020833333333333332
1 0.95703125 0.16666666666666666 0.0203125 0.025
1 0.92734375 0.196875 0.0171875 0.01875
1 0.90859375 0.21979166666666666 0.0203125 0.027083333333333334
1 0.8875 0.24375 0.021875 0.029166666666666667
1 0.86171875 0.2677083333333333 0.0234375 0.022916666666666665
1 0.8359375 0.2864583333333333 0.03125 0.035416666666666666
1 0.84375 0.3125 0.03125 0.0375
3 0.878125 0.27708333333333335 0.0375 0.04583333333333333
1 0.909375 0.25416666666666665 0.021875 0.025
3 0.9453125 0.203125 0.04375 0.06041666666666667
1 0.97109375 0.18020833333333333 0.0171875 0.022916666666666665
1 0.98828125 0.159375 0.0203125 0.022916666666666665
1 0.875 0.31666666666666665 0.028125 0.029166666666666667
1 0.909375 0.2833333333333333 0.021875 0.025
1 0.9265625 0.26145833333333335 0.021875 0.022916666666666665
1 0.946875 0.24583333333333332 0.01875 0.020833333333333332
1 0.9734375 0.21458333333333332 0.021875 0.029166666666666667
1 0.996875 0.175 0.00625 0.016666666666666666
1 0.878125 0.34791666666666665 0.03125 0.0375
1 0.91171875 0.315625 0.0265625 0.03125
1 0.93515625 0.2864583333333333 0.0234375 0.027083333333333334
1 0.9578125 0.25833333333333336 0.01875 0.020833333333333332
1 0.97734375 0.24479166666666666 0.0203125 0.027083333333333334
1 0.903125 0.3625 0.03125 0.0375
1 0.93203125 0.33125 0.0265625 0.03333333333333333

1 0.95546875 0.30833333333333335 0.0265625 0.03333333333333333



4 0.74765625 0.3072916666666667 0.0171875 0.01875


5 0.4546875 0.5177083333333333 0.009375 0.022916666666666665
4 0.33984375 0.628125 0.0078125 0.022916666666666665
4 0.37109375 0.4635416666666667 0.0078125 0.00625
4 0.4140625 0.23333333333333334 0.00625 0.0125
4 0.4015625 0.48854166666666665 0.015625 0.01875
4 0.4140625 0.47708333333333336 0.00625 0.0125
4 0.76484375 0.13645833333333332 0.0046875 0.00625
1 0.43671875 0.26666666666666666 0.0390625 0.029166666666666667
1 0.4390625 0.24375 0.028125 0.020833333333333332
