1 0.59921875 0.44375 0.0265625 0.04583333333333333
1 0.81640625 0.46770833333333334 0.0453125 0.03125

1 0.9375 0.4510416666666667 0.034375 0.03125
1 0.98515625 0.46770833333333334 0.0296875 0.03125
1 0.81640625 0.46770833333333334 0.0453125 0.03125
1 0.97890625 0.403125 0.0328125 0.035416666666666666
1 0.87109375 0.428125 0.0453125 0.027083333333333334
1 0.61953125 0.2947916666666667 0.0234375 0.035416666666666666
1 0.74296875 0.40625 0.0359375 0.03333333333333333
3 0.66875 0.35 0.053125 0.058333333333333334
1 0.6203125 0.2947916666666667 0.021875 0.035416666666666666
1 0.38203125 0.07916666666666666 0.0328125 0.03333333333333333
1 0.3828125 0.07083333333333333 0.03125 0.029166666666666667





5 0.653125 0.12083333333333333 0.00625 0.020833333333333332
1 0.66484375 0.12395833333333334 0.0140625 0.01875
1 0.6515625 0.09375 0.0125 0.016666666666666666
5 0.76796875 0.3104166666666667 0.0359375 0.03333333333333333
5 0.78125 0.31666666666666665 0.009375 0.0125

5 0.84453125 0.21458333333333332 0.0078125 0.008333333333333333
5 0.8546875 0.203125 0.00625 0.00625
5 0.85703125 0.19270833333333334 0.0078125 0.014583333333333334
1 0.81953125 0.271875 0.0265625 0.027083333333333334
1 0.84765625 0.25 0.0234375 0.029166666666666667
1 0.86796875 0.228125 0.0203125 0.022916666666666665
1 0.8921875 0.20625 0.021875 0.025
1 0.90859375 0.18125 0.0234375 0.025
3 0.93984375 0.14270833333333333 0.0421875 0.05625
1 0.96171875 0.11875 0.0140625 0.0125
1 0.971875 0.10625 0.0125 0.0125
1 0.984375 0.0875 0.0125 0.0125
1 0.996875 0.10520833333333333 0.00625 0.01875
1 0.975 0.1375 0.015625 0.020833333333333332
1 0.95703125 0.16666666666666666 0.0203125 0.025
1 0.92734375 0.196875 0.0171875 0.01875
1 0.909375 0.21979166666666666 0.01875 0.027083333333333334
1 0.8875 0.24270833333333333 0.021875 0.027083333333333334
1 0.8609375 0.26666666666666666 0.025 0.025
1 0.8359375 0.2864583333333333 0.03125 0.035416666666666666
1 0.84375 0.31145833333333334 0.03125 0.035416666666666666
3 0.87890625 0.27708333333333335 0.0359375 0.04583333333333333
1 0.909375 0.25416666666666665 0.021875 0.025
3 0.94609375 0.20208333333333334 0.0453125 0.0625
1 0.97109375 0.18020833333333333 0.0171875 0.022916666666666665
1 0.98828125 0.159375 0.0203125 0.022916666666666665
1 0.875 0.31666666666666665 0.028125 0.029166666666666667
1 0.909375 0.28229166666666666 0.021875 0.022916666666666665
1 0.9265625 0.2604166666666667 0.021875 0.020833333333333332
1 0.94765625 0.24479166666666666 0.0171875 0.01875
1 0.9734375 0.21458333333333332 0.021875 0.029166666666666667
1 0.996875 0.17395833333333333 0.00625 0.01875
1 0.878125 0.346875 0.03125 0.035416666666666666
1 0.9125 0.315625 0.025 0.03125
1 0.93515625 0.28541666666666665 0.0234375 0.029166666666666667
1 0.9578125 0.25833333333333336 0.01875 0.020833333333333332
1 0.97734375 0.24479166666666666 0.0203125 0.027083333333333334
1 0.9046875 0.359375 0.03125 0.035416666666666666
1 0.93203125 0.33125 0.0265625 0.03333333333333333

1 0.95546875 0.30833333333333335 0.0265625 0.03333333333333333


5 0.81640625 0.46770833333333334 0.0453125 0.03125
4 0.7484375 0.3072916666666667 0.015625 0.01875


5 0.4546875 0.5177083333333333 0.009375 0.022916666666666665
4 0.32734375 0.6270833333333333 0.0140625 0.025
4 0.3703125 0.4625 0.00625 0.008333333333333333
4 0.415625 0.234375 0.00625 0.014583333333333334
4 0.409375 0.4895833333333333 0.00625 0.008333333333333333
4 0.4140625 0.478125 0.00625 0.010416666666666666
4 0.76640625 0.13854166666666667 0.0046875 0.00625
1 0.4375 0.26458333333333334 0.040625 0.029166666666666667
1 0.4390625 0.24375 0.028125 0.020833333333333332
