1 0.60546875 0.4708333333333333 0.0265625 0.05
1 0.84921875 0.4708333333333333 0.0453125 0.029166666666666667

1 0.95703125 0.4395833333333333 0.0328125 0.029166666666666667

1 0.84921875 0.4708333333333333 0.0453125 0.029166666666666667
1 0.98828125 0.39166666666666666 0.0234375 0.03333333333333333
1 0.8828125 0.4239583333333333 0.0375 0.027083333333333334
1 0.625 0.30416666666666664 0.025 0.0375
1 0.7578125 0.4125 0.0375 0.03333333333333333
3 0.67890625 0.3572916666666667 0.0546875 0.05625
1 0.62578125 0.30416666666666664 0.0234375 0.0375
1 0.38203125 0.078125 0.0328125 0.03125
1 0.3828125 0.07083333333333333 0.03125 0.029166666666666667





5 0.6546875 0.12395833333333334 0.00625 0.014583333333333334
1 0.66328125 0.12395833333333334 0.0171875 0.022916666666666665
1 0.6515625 0.09375 0.0125 0.016666666666666666
5 0.76796875 0.3104166666666667 0.0359375 0.03333333333333333
5 0.78125 0.31666666666666665 0.009375 0.0125

5 0.84453125 0.21458333333333332 0.0078125 0.008333333333333333
5 0.85546875 0.20208333333333334 0.0078125 0.008333333333333333
5 0.85625 0.19270833333333334 0.009375 0.01875
1 0.82109375 0.271875 0.0265625 0.027083333333333334
1 0.8484375 0.25 0.025 0.029166666666666667
1 0.86796875 0.22916666666666666 0.0203125 0.025
1 0.8921875 0.20625 0.021875 0.025
1 0.909375 0.18020833333333333 0.021875 0.027083333333333334
3 0.940625 0.14270833333333333 0.040625 0.05625
1 0.9625 0.11875 0.015625 0.0125
1 0.971875 0.10625 0.0125 0.0125
1 0.9859375 0.0875 0.0125 0.0125
1 0.996875 0.10625 0.00625 0.016666666666666666
1 0.97578125 0.1375 0.0171875 0.020833333333333332
1 0.95703125 0.16666666666666666 0.0203125 0.025
1 0.928125 0.19583333333333333 0.01875 0.020833333333333332
1 0.909375 0.21979166666666666 0.01875 0.027083333333333334
1 0.8875 0.24270833333333333 0.021875 0.027083333333333334
1 0.8609375 0.26666666666666666 0.025 0.025
1 0.8359375 0.2864583333333333 0.03125 0.035416666666666666
1 0.84375 0.31145833333333334 0.03125 0.035416666666666666
3 0.87890625 0.2760416666666667 0.0359375 0.04375
1 0.91015625 0.253125 0.0234375 0.027083333333333334
3 0.946875 0.20208333333333334 0.046875 0.0625
1 0.9734375 0.178125 0.015625 0.022916666666666665
1 0.9890625 0.15833333333333333 0.021875 0.020833333333333332
1 0.875 0.31666666666666665 0.028125 0.029166666666666667
1 0.909375 0.28229166666666666 0.021875 0.022916666666666665
1 0.9265625 0.2604166666666667 0.021875 0.020833333333333332
1 0.94765625 0.24375 0.0171875 0.020833333333333332
1 0.9734375 0.21458333333333332 0.021875 0.029166666666666667
1 0.996875 0.17395833333333333 0.00625 0.01875
1 0.878125 0.346875 0.03125 0.035416666666666666
1 0.9125 0.315625 0.025 0.03125
1 0.93515625 0.28541666666666665 0.0234375 0.029166666666666667
1 0.95859375 0.25833333333333336 0.0203125 0.020833333333333332
1 0.97734375 0.24375 0.0203125 0.025
1 0.90546875 0.359375 0.0296875 0.035416666666666666
1 0.93203125 0.33125 0.0265625 0.03333333333333333

1 0.95546875 0.30833333333333335 0.0265625 0.03333333333333333


5 0.85 0.4708333333333333 0.04375 0.029166666666666667
4 0.746875 0.3072916666666667 0.015625 0.01875


5 0.4546875 0.5177083333333333 0.009375 0.022916666666666665
4 0.31875 0.6270833333333333 0.0125 0.025
4 0.37109375 0.4625 0.0078125 0.008333333333333333
4 0.41640625 0.234375 0.0078125 0.014583333333333334
4 0.40390625 0.4875 0.0171875 0.0125
4 0.4140625 0.47708333333333336 0.00625 0.0125
4 0.76640625 0.13958333333333334 0.0046875 0.008333333333333333
1 0.43828125 0.26458333333333334 0.0421875 0.029166666666666667
1 0.4390625 0.24270833333333333 0.028125 0.022916666666666665
