1 0.60703125 0.48020833333333335 0.0265625 0.052083333333333336
1 0.8609375 0.4708333333333333 0.04375 0.029166666666666667

1 0.965625 0.434375 0.028125 0.027083333333333334

1 0.86171875 0.4708333333333333 0.0453125 0.029166666666666667
1 0.990625 0.3854166666666667 0.01875 0.03333333333333333
1 0.8890625 0.421875 0.0375 0.027083333333333334
1 0.628125 0.3072916666666667 0.025 0.03958333333333333
1 0.7609375 0.41458333333333336 0.0375 0.03333333333333333
3 0.6828125 0.36041666666666666 0.05625 0.058333333333333334
1 0.628125 0.30833333333333335 0.025 0.0375
1 0.38203125 0.078125 0.0328125 0.03125
1 0.38359375 0.06979166666666667 0.0296875 0.027083333333333334





5 0.6546875 0.125 0.003125 0.0125
1 0.66328125 0.125 0.0171875 0.025
1 0.65234375 0.09375 0.0140625 0.016666666666666666
5 0.76796875 0.3104166666666667 0.0359375 0.03333333333333333
5 0.78125 0.315625 0.009375 0.014583333333333334

5 0.84609375 0.21354166666666666 0.0078125 0.010416666666666666
5 0.853125 0.20520833333333333 0.009375 0.010416666666666666
5 0.85546875 0.19270833333333334 0.0078125 0.01875
1 0.82109375 0.271875 0.0265625 0.027083333333333334
1 0.8484375 0.25 0.025 0.029166666666666667
1 0.86796875 0.228125 0.0203125 0.022916666666666665
1 0.8921875 0.20520833333333333 0.021875 0.022916666666666665
1 0.909375 0.18020833333333333 0.021875 0.027083333333333334
3 0.940625 0.14270833333333333 0.040625 0.05625
1 0.96171875 0.11770833333333333 0.0140625 0.014583333333333334
1 0.971875 0.10625 0.0125 0.0125
1 0.9859375 0.0875 0.0125 0.0125
1 0.996875 0.10625 0.00625 0.016666666666666666
1 0.9765625 0.1375 0.015625 0.020833333333333332
1 0.95703125 0.165625 0.0203125 0.027083333333333334
1 0.9265625 0.19583333333333333 0.01875 0.020833333333333332
1 0.909375 0.21979166666666666 0.01875 0.027083333333333334
1 0.8875 0.24270833333333333 0.021875 0.027083333333333334
1 0.8609375 0.26666666666666666 0.025 0.025
1 0.83515625 0.28541666666666665 0.0296875 0.03333333333333333
1 0.84375 0.31145833333333334 0.03125 0.035416666666666666
3 0.87890625 0.2760416666666667 0.0359375 0.04375
1 0.909375 0.253125 0.021875 0.022916666666666665
3 0.946875 0.20208333333333334 0.046875 0.0625
1 0.97265625 0.17916666666666667 0.0140625 0.020833333333333332
1 0.9890625 0.15833333333333333 0.021875 0.020833333333333332
1 0.8765625 0.315625 0.025 0.027083333333333334
1 0.909375 0.28229166666666666 0.021875 0.022916666666666665
1 0.9265625 0.2604166666666667 0.021875 0.020833333333333332
1 0.94765625 0.24375 0.0171875 0.020833333333333332
1 0.9734375 0.21458333333333332 0.021875 0.029166666666666667
1 0.996875 0.17395833333333333 0.00625 0.01875
1 0.878125 0.346875 0.03125 0.035416666666666666
1 0.9125 0.3145833333333333 0.025 0.03333333333333333
1 0.93515625 0.28541666666666665 0.0234375 0.029166666666666667
1 0.95859375 0.25833333333333336 0.0203125 0.020833333333333332
1 0.97734375 0.24375 0.0203125 0.025
1 0.90546875 0.359375 0.0296875 0.035416666666666666
1 0.93203125 0.33125 0.0265625 0.03333333333333333

1 0.95546875 0.30833333333333335 0.0265625 0.03333333333333333


5 0.8609375 0.4708333333333333 0.04375 0.029166666666666667
4 0.7484375 0.3072916666666667 0.015625 0.01875


5 0.4546875 0.51875 0.009375 0.025
4 0.315625 0.625 0.0125 0.029166666666666667
4 0.371875 0.4625 0.00625 0.008333333333333333
4 0.41484375 0.23333333333333334 0.0046875 0.0125
4 0.403125 0.4875 0.015625 0.016666666666666666
4 0.41484375 0.47708333333333336 0.0078125 0.0125
4 0.76875 0.140625 0.00625 0.00625
1 0.43828125 0.26458333333333334 0.0421875 0.029166666666666667
1 0.4390625 0.24166666666666667 0.028125 0.020833333333333332
