1 0.60859375 0.48333333333333334 0.0265625 0.05
1 0.86640625 0.4708333333333333 0.0453125 0.029166666666666667

1 0.96875 0.43020833333333336 0.028125 0.022916666666666665

1 0.86640625 0.4708333333333333 0.0453125 0.029166666666666667
1 0.99140625 0.38333333333333336 0.0171875 0.03333333333333333
1 0.890625 0.421875 0.0375 0.027083333333333334
1 0.62890625 0.309375 0.0234375 0.03958333333333333
1 0.7640625 0.415625 0.040625 0.035416666666666666
3 0.684375 0.3625 0.05625 0.058333333333333334
1 0.62890625 0.30833333333333335 0.0234375 0.0375
1 0.38203125 0.078125 0.0328125 0.03125
1 0.38359375 0.06979166666666667 0.0296875 0.027083333333333334





5 0.65390625 0.125 0.0046875 0.0125
1 0.66484375 0.12395833333333334 0.0203125 0.027083333333333334
1 0.65234375 0.09270833333333334 0.0140625 0.01875
5 0.76796875 0.3104166666666667 0.0359375 0.03333333333333333
5 0.78125 0.31666666666666665 0.009375 0.0125

5 0.84609375 0.21354166666666666 0.0078125 0.010416666666666666
5 0.85390625 0.20208333333333334 0.0109375 0.0125
5 0.85546875 0.19270833333333334 0.0078125 0.01875
1 0.82109375 0.271875 0.0265625 0.027083333333333334
1 0.8484375 0.25 0.025 0.029166666666666667
1 0.86796875 0.228125 0.0203125 0.022916666666666665
1 0.8921875 0.20520833333333333 0.021875 0.022916666666666665
1 0.909375 0.18020833333333333 0.021875 0.027083333333333334
3 0.940625 0.14270833333333333 0.040625 0.05625
1 0.96171875 0.11875 0.0140625 0.0125
1 0.971875 0.10625 0.0125 0.0125
1 0.9859375 0.0875 0.0125 0.0125
1 0.996875 0.10520833333333333 0.00625 0.01875
1 0.9765625 0.1375 0.015625 0.020833333333333332
1 0.95703125 0.165625 0.0203125 0.027083333333333334
1 0.9265625 0.19583333333333333 0.01875 0.020833333333333332
1 0.909375 0.21979166666666666 0.01875 0.027083333333333334
1 0.8875 0.24166666666666667 0.021875 0.029166666666666667
1 0.86015625 0.26666666666666666 0.0234375 0.020833333333333332
1 0.8359375 0.2864583333333333 0.03125 0.035416666666666666
1 0.84375 0.3104166666666667 0.03125 0.0375
3 0.87890625 0.2760416666666667 0.0359375 0.04375
1 0.91015625 0.2520833333333333 0.0234375 0.025
3 0.946875 0.20104166666666667 0.046875 0.06041666666666667
1 0.9734375 0.178125 0.015625 0.022916666666666665
1 0.9890625 0.15833333333333333 0.021875 0.020833333333333332
1 0.87578125 0.315625 0.0265625 0.027083333333333334
1 0.909375 0.28229166666666666 0.021875 0.022916666666666665
1 0.9265625 0.2604166666666667 0.021875 0.020833333333333332
1 0.94765625 0.24375 0.0171875 0.020833333333333332
1 0.9734375 0.21458333333333332 0.021875 0.029166666666666667
1 0.996875 0.17395833333333333 0.00625 0.01875
1 0.878125 0.346875 0.03125 0.035416666666666666
1 0.9125 0.315625 0.025 0.03125
1 0.9359375 0.284375 0.021875 0.027083333333333334
1 0.95859375 0.25729166666666664 0.0203125 0.01875
1 0.97734375 0.24375 0.0203125 0.025
1 0.90703125 0.35833333333333334 0.0265625 0.03333333333333333
1 0.93203125 0.33125 0.0265625 0.03333333333333333

1 0.95546875 0.30833333333333335 0.0265625 0.03333333333333333


5 0.86640625 0.471875 0.0421875 0.027083333333333334
4 0.74765625 0.3072916666666667 0.0140625 0.01875


5 0.4546875 0.5177083333333333 0.009375 0.022916666666666665
4 0.3140625 0.625 0.0125 0.029166666666666667
4 0.371875 0.4625 0.00625 0.008333333333333333
4 0.415625 0.23333333333333334 0.00625 0.0125
4 0.403125 0.4875 0.015625 0.016666666666666666
4 0.41484375 0.47708333333333336 0.0078125 0.0125
4 0.76875 0.140625 0.00625 0.00625
1 0.4390625 0.2635416666666667 0.040625 0.027083333333333334
1 0.4390625 0.24166666666666667 0.028125 0.020833333333333332
