1 0.6109375 0.49375 0.028125 0.05
1 0.878125 0.4708333333333333 0.04375 0.029166666666666667

1 0.975 0.42604166666666665 0.028125 0.022916666666666665

1 0.878125 0.4708333333333333 0.04375 0.029166666666666667
1 0.99375 0.38229166666666664 0.0125 0.035416666666666666
1 0.8953125 0.41770833333333335 0.03125 0.027083333333333334
1 0.63046875 0.31354166666666666 0.0265625 0.03958333333333333
1 0.76875 0.4166666666666667 0.0375 0.03333333333333333
3 0.68984375 0.365625 0.0578125 0.06041666666666667
1 0.63125 0.3125 0.025 0.0375
1 0.38203125 0.078125 0.0328125 0.03125
1 0.38359375 0.07083333333333333 0.0296875 0.029166666666666667





5 0.6546875 0.125 0.00625 0.008333333333333333
1 0.665625 0.12395833333333334 0.01875 0.027083333333333334
1 0.65234375 0.09270833333333334 0.0140625 0.01875
5 0.76796875 0.3104166666666667 0.0359375 0.03333333333333333
5 0.78203125 0.31666666666666665 0.0078125 0.0125

5 0.8453125 0.21458333333333332 0.00625 0.008333333333333333
5 0.86875 0.19895833333333332 0.009375 0.014583333333333334
5 0.85546875 0.19375 0.0078125 0.020833333333333332
1 0.82109375 0.271875 0.0265625 0.027083333333333334
1 0.8484375 0.25 0.025 0.029166666666666667
1 0.86796875 0.228125 0.0203125 0.022916666666666665
1 0.8921875 0.20520833333333333 0.021875 0.022916666666666665
1 0.909375 0.18020833333333333 0.021875 0.027083333333333334
3 0.940625 0.14270833333333333 0.040625 0.05625
1 0.9640625 0.11770833333333333 0.01875 0.014583333333333334
1 0.97265625 0.10625 0.0140625 0.0125
1 0.9859375 0.0875 0.0125 0.0125
1 0.996875 0.10416666666666667 0.00625 0.016666666666666666
1 0.9765625 0.1375 0.015625 0.020833333333333332
1 0.95703125 0.16666666666666666 0.0203125 0.025
1 0.928125 0.19583333333333333 0.01875 0.020833333333333332
1 0.909375 0.21875 0.01875 0.025
1 0.8875 0.24270833333333333 0.021875 0.027083333333333334
1 0.86171875 0.26666666666666666 0.0234375 0.025
1 0.8359375 0.28541666666666665 0.03125 0.03333333333333333
1 0.84375 0.3104166666666667 0.03125 0.0375
3 0.87890625 0.2760416666666667 0.0359375 0.04375
1 0.91015625 0.2520833333333333 0.0234375 0.025
3 0.946875 0.20104166666666667 0.046875 0.06041666666666667
1 0.97265625 0.17916666666666667 0.0140625 0.020833333333333332
1 0.9890625 0.15833333333333333 0.021875 0.020833333333333332
1 0.87578125 0.315625 0.0265625 0.027083333333333334
1 0.90859375 0.28229166666666666 0.0234375 0.027083333333333334
1 0.9265625 0.2604166666666667 0.021875 0.020833333333333332
1 0.94765625 0.24375 0.0171875 0.020833333333333332
1 0.9734375 0.21458333333333332 0.021875 0.029166666666666667
1 0.996875 0.17395833333333333 0.00625 0.01875
1 0.878125 0.346875 0.03125 0.035416666666666666
1 0.9125 0.315625 0.025 0.03125
1 0.93515625 0.28541666666666665 0.0234375 0.029166666666666667
1 0.95859375 0.25729166666666664 0.0203125 0.01875
1 0.97734375 0.24375 0.0203125 0.025
1 0.90546875 0.359375 0.0296875 0.035416666666666666
1 0.93125 0.33125 0.025 0.03333333333333333

1 0.95546875 0.30833333333333335 0.0265625 0.03333333333333333


5 0.878125 0.4708333333333333 0.04375 0.029166666666666667
4 0.7484375 0.30625 0.015625 0.020833333333333332


5 0.4546875 0.51875 0.009375 0.025
4 0.31015625 0.625 0.0140625 0.029166666666666667
4 0.371875 0.4625 0.00625 0.008333333333333333
4 0.4171875 0.23333333333333334 0.00625 0.0125
4 0.403125 0.4875 0.015625 0.016666666666666666
4 0.4140625 0.47708333333333336 0.00625 0.0125
4 0.76875 0.13958333333333334 0.00625 0.008333333333333333
1 0.4375 0.26458333333333334 0.040625 0.029166666666666667
1 0.4390625 0.24166666666666667 0.028125 0.020833333333333332
