1 0.6125 0.5010416666666667 0.028125 0.052083333333333336
1 0.88671875 0.46979166666666666 0.0453125 0.027083333333333334

1 0.9796875 0.4239583333333333 0.028125 0.022916666666666665

1 0.88671875 0.4708333333333333 0.0453125 0.029166666666666667
1 0.9953125 0.378125 0.009375 0.027083333333333334
1 0.89921875 0.415625 0.0328125 0.027083333333333334
1 0.63203125 0.315625 0.0265625 0.03958333333333333
1 0.77109375 0.41770833333333335 0.0390625 0.03125
3 0.69296875 0.36770833333333336 0.0578125 0.06041666666666667
1 0.6328125 0.315625 0.025 0.03958333333333333
1 0.38203125 0.078125 0.0328125 0.03125
1 0.38359375 0.06875 0.0296875 0.029166666666666667





5 0.6546875 0.125 0.00625 0.0125
1 0.665625 0.12395833333333334 0.01875 0.027083333333333334
1 0.6515625 0.09270833333333334 0.0125 0.01875
5 0.76796875 0.3104166666666667 0.0359375 0.03333333333333333
5 0.78125 0.31666666666666665 0.009375 0.0125

5 0.84609375 0.21354166666666666 0.0078125 0.010416666666666666
5 0.86796875 0.20104166666666667 0.0078125 0.010416666666666666
5 0.85546875 0.19270833333333334 0.0078125 0.01875
1 0.82109375 0.271875 0.0265625 0.027083333333333334
1 0.8484375 0.25 0.025 0.029166666666666667
1 0.86796875 0.228125 0.0203125 0.022916666666666665
1 0.8921875 0.20520833333333333 0.021875 0.022916666666666665
1 0.909375 0.18020833333333333 0.021875 0.027083333333333334
3 0.940625 0.14270833333333333 0.040625 0.05625
1 0.96328125 0.11770833333333333 0.0171875 0.014583333333333334
1 0.97265625 0.10520833333333333 0.0140625 0.014583333333333334
1 0.9859375 0.0875 0.0125 0.0125
1 0.996875 0.10520833333333333 0.00625 0.01875
1 0.9765625 0.1375 0.015625 0.020833333333333332
1 0.95703125 0.165625 0.0203125 0.027083333333333334
1 0.928125 0.19583333333333333 0.01875 0.020833333333333332
1 0.909375 0.21875 0.01875 0.025
1 0.8875 0.24270833333333333 0.021875 0.027083333333333334
1 0.86171875 0.265625 0.0234375 0.022916666666666665
1 0.8359375 0.284375 0.03125 0.035416666666666666
1 0.84375 0.3104166666666667 0.03125 0.0375
3 0.87890625 0.2760416666666667 0.0359375 0.04375
1 0.91015625 0.2520833333333333 0.0234375 0.025
3 0.946875 0.20104166666666667 0.046875 0.06041666666666667
1 0.97265625 0.17916666666666667 0.0140625 0.020833333333333332
1 0.9890625 0.15833333333333333 0.021875 0.020833333333333332
1 0.8765625 0.3145833333333333 0.025 0.025
1 0.909375 0.28125 0.021875 0.025
1 0.9265625 0.2604166666666667 0.021875 0.020833333333333332
1 0.94765625 0.24375 0.0171875 0.020833333333333332
1 0.9734375 0.21458333333333332 0.021875 0.029166666666666667
1 0.996875 0.17395833333333333 0.00625 0.01875
1 0.878125 0.346875 0.03125 0.035416666666666666
1 0.9125 0.315625 0.025 0.03125
1 0.9359375 0.28541666666666665 0.021875 0.029166666666666667
1 0.95859375 0.25729166666666664 0.0203125 0.01875
1 0.978125 0.24375 0.021875 0.025
1 0.90703125 0.35833333333333334 0.0265625 0.03333333333333333
1 0.93203125 0.33125 0.0265625 0.03333333333333333

1 0.95546875 0.30833333333333335 0.0265625 0.03333333333333333


5 0.8859375 0.46979166666666666 0.04375 0.027083333333333334
4 0.74765625 0.30625 0.0140625 0.020833333333333332


5 0.4546875 0.5177083333333333 0.009375 0.022916666666666665
4 0.30859375 0.625 0.0140625 0.029166666666666667
4 0.37109375 0.4625 0.0046875 0.008333333333333333
4 0.4171875 0.23333333333333334 0.00625 0.0125
4 0.40390625 0.4864583333333333 0.0171875 0.014583333333333334
4 0.4140625 0.478125 0.00625 0.010416666666666666
4 0.76875 0.140625 0.00625 0.00625
1 0.4390625 0.2635416666666667 0.040625 0.027083333333333334
1 0.43984375 0.24166666666666667 0.0265625 0.020833333333333332
