1 0.53671875 0.128125 0.0171875 0.022916666666666665
1 0.5875 0.26145833333333335 0.01875 0.03125
1 0.5796875 0.23229166666666667 0.015625 0.022916666666666665
1 0.5703125 0.19166666666666668 0.015625 0.029166666666666667
1 0.56328125 0.16354166666666667 0.0140625 0.022916666666666665
1 0.55859375 0.14375 0.0109375 0.0125
1 0.60703125 0.24791666666666667 0.0203125 0.0375
1 0.59609375 0.21458333333333332 0.0171875 0.025
1 0.5921875 0.18958333333333333 0.01875 0.029166666666666667
1 0.5828125 0.165625 0.0125 0.022916666666666665
3 0.57734375 0.13020833333333334 0.0203125 0.04375
1 0.56875 0.10833333333333334 0.01875 0.03333333333333333
1 0.384375 0.07604166666666666 0.034375 0.03125
1 0.384375 0.06875 0.03125 0.025
1 0.58671875 0.075 0.0171875 0.025
1 0.596875 0.019791666666666666 0.0125 0.01875
1 0.56171875 0.010416666666666666 0.0140625 0.020833333333333332
1 0.57734375 0.008333333333333333 0.0140625 0.016666666666666666
1 0.596875 0.01875 0.015625 0.025
5 0.6328125 0.07083333333333333 0.009375 0.0125
1 0.66875 0.11875 0.01875 0.025
1 0.65546875 0.0875 0.0140625 0.016666666666666666
5 0.76015625 0.29375 0.0140625 0.016666666666666666
5 0.78828125 0.2833333333333333 0.0109375 0.016666666666666666
5 0.8109375 0.25416666666666665 0.015625 0.020833333333333332
5 0.82265625 0.2375 0.0078125 0.016666666666666666
5 0.8546875 0.20104166666666667 0.00625 0.00625
5 0.88046875 0.17916666666666667 0.0171875 0.025
1 0.825 0.26666666666666666 0.025 0.029166666666666667
1 0.85 0.24270833333333333 0.025 0.027083333333333334
1 0.87265625 0.22083333333333333 0.0203125 0.025
1 0.8953125 0.19895833333333332 0.021875 0.022916666666666665
1 0.9140625 0.17291666666666666 0.021875 0.029166666666666667
3 0.9453125 0.13541666666666666 0.04375 0.05416666666666667
1 0.96640625 0.109375 0.0140625 0.014583333333333334
1 0.9765625 0.09791666666666667 0.0125 0.0125
1 0.9921875 0.07708333333333334 0.015625 0.016666666666666666
1 0.99296875 0.10729166666666666 0.0140625 0.01875
1 0.9796875 0.12916666666666668 0.015625 0.020833333333333332
1 0.96171875 0.15729166666666666 0.0203125 0.027083333333333334
1 0.93828125 0.18229166666666666 0.0203125 0.022916666666666665
1 0.91484375 0.21145833333333333 0.0203125 0.027083333333333334
1 0.8921875 0.23541666666666666 0.021875 0.025
1 0.86484375 0.26145833333333335 0.0234375 0.022916666666666665
1 0.84140625 0.28020833333333334 0.0328125 0.03958333333333333
1 0.846875 0.30520833333333336 0.03125 0.03958333333333333
3 0.88203125 0.2708333333333333 0.0359375 0.04583333333333333
1 0.9140625 0.24583333333333332 0.021875 0.025
3 0.94921875 0.19375 0.0421875 0.058333333333333334
1 0.97578125 0.17083333333333334 0.0140625 0.020833333333333332
1 0.99140625 0.15104166666666666 0.0171875 0.022916666666666665
1 0.87890625 0.31145833333333334 0.0265625 0.03125
1 0.9125 0.2760416666666667 0.021875 0.027083333333333334
1 0.93125 0.2552083333333333 0.021875 0.022916666666666665
1 0.953125 0.23854166666666668 0.01875 0.022916666666666665
1 0.97890625 0.20520833333333333 0.0203125 0.03125
1 0.99140625 0.18333333333333332 0.0171875 0.020833333333333332
1 0.884375 0.3416666666666667 0.03125 0.0375
1 0.91875 0.3072916666666667 0.025 0.03125
1 0.93984375 0.28020833333333334 0.0234375 0.03125
1 0.96328125 0.25104166666666666 0.0171875 0.01875
1 0.98359375 0.23541666666666666 0.0203125 0.025
1 0.91171875 0.3541666666666667 0.0296875 0.0375
1 0.93671875 0.32395833333333335 0.0265625 0.035416666666666666

1 0.978125 0.28020833333333334 0.021875 0.03125

5 0.97265625 0.7895833333333333 0.0203125 0.03333333333333333
5 0.76015625 0.38125 0.0109375 0.020833333333333332
4 0.80234375 0.3458333333333333 0.0078125 0.016666666666666666
5 0.6125 0.011458333333333333 0.00625 0.014583333333333334
5 0.4265625 0.7822916666666667 0.021875 0.027083333333333334
5 0.4890625 0.796875 0.01875 0.03958333333333333
4 0.4609375 0.771875 0.0125 0.022916666666666665
4 0.3765625 0.4635416666666667 0.009375 0.010416666666666666
4 0.42109375 0.23645833333333333 0.0078125 0.01875
4 0.41015625 0.48854166666666665 0.0078125 0.010416666666666666
4 0.4 0.48854166666666665 0.009375 0.014583333333333334
4 0.81796875 0.13854166666666667 0.0171875 0.010416666666666666
1 0.4421875 0.26458333333333334 0.040625 0.029166666666666667
1 0.4421875 0.24270833333333333 0.03125 0.01875
