1 0.6171875 0.5208333333333334 0.028125 0.05416666666666667
1 0.909375 0.46770833333333334 0.040625 0.027083333333333334

1 0.9875 0.41770833333333335 0.025 0.035416666666666666

1 0.909375 0.46770833333333334 0.040625 0.027083333333333334

1 0.9125 0.40729166666666666 0.034375 0.027083333333333334
1 0.6375 0.3229166666666667 0.025 0.041666666666666664
1 0.78046875 0.4197916666666667 0.0390625 0.03125
3 0.7015625 0.375 0.059375 0.058333333333333334
1 0.63671875 0.321875 0.0234375 0.03958333333333333
1 0.38203125 0.078125 0.0328125 0.03125
1 0.38359375 0.06979166666666667 0.0296875 0.027083333333333334





5 0.653125 0.125 0.00625 0.0125
1 0.665625 0.12291666666666666 0.01875 0.025
1 0.6515625 0.09166666666666666 0.0125 0.016666666666666666
5 0.76875 0.3104166666666667 0.034375 0.03333333333333333
5 0.78125 0.31666666666666665 0.009375 0.0125

5 0.846875 0.21354166666666666 0.00625 0.010416666666666666
5 0.86171875 0.20625 0.0078125 0.0125
5 0.85546875 0.19270833333333334 0.0078125 0.01875
1 0.8203125 0.271875 0.028125 0.027083333333333334
1 0.84765625 0.25 0.0265625 0.029166666666666667
1 0.86796875 0.228125 0.0203125 0.022916666666666665
1 0.8921875 0.20520833333333333 0.021875 0.022916666666666665
1 0.909375 0.18020833333333333 0.021875 0.027083333333333334
3 0.940625 0.14270833333333333 0.040625 0.05625
1 0.96328125 0.11666666666666667 0.0171875 0.0125
1 0.971875 0.10520833333333333 0.0125 0.014583333333333334
1 0.9859375 0.0875 0.0125 0.0125
1 0.996875 0.10520833333333333 0.00625 0.01875
1 0.9765625 0.1375 0.015625 0.020833333333333332
1 0.95703125 0.165625 0.0203125 0.027083333333333334
1 0.9265625 0.19583333333333333 0.01875 0.020833333333333332
1 0.91015625 0.21770833333333334 0.0203125 0.027083333333333334
1 0.8875 0.24166666666666667 0.021875 0.029166666666666667
1 0.86171875 0.26666666666666666 0.0234375 0.025
1 0.8359375 0.284375 0.03125 0.035416666666666666
1 0.84296875 0.31145833333333334 0.0296875 0.035416666666666666
3 0.87890625 0.2760416666666667 0.0359375 0.04375
1 0.91015625 0.2520833333333333 0.0234375 0.025
3 0.946875 0.20104166666666667 0.046875 0.06041666666666667
1 0.9734375 0.178125 0.015625 0.022916666666666665
1 0.98984375 0.15833333333333333 0.0203125 0.020833333333333332
1 0.87578125 0.315625 0.0265625 0.027083333333333334
1 0.90859375 0.28229166666666666 0.0234375 0.027083333333333334
1 0.9265625 0.2604166666666667 0.021875 0.020833333333333332
1 0.94765625 0.24375 0.0171875 0.020833333333333332
1 0.9734375 0.21354166666666666 0.021875 0.027083333333333334
1 0.996875 0.17395833333333333 0.00625 0.01875
1 0.878125 0.3458333333333333 0.03125 0.0375
1 0.9125 0.3145833333333333 0.025 0.03333333333333333
1 0.93515625 0.28541666666666665 0.0234375 0.029166666666666667
1 0.95859375 0.25729166666666664 0.0203125 0.01875
1 0.97734375 0.24270833333333333 0.0203125 0.027083333333333334
1 0.90703125 0.3572916666666667 0.0265625 0.03125
1 0.93203125 0.3302083333333333 0.0265625 0.035416666666666666

1 0.95546875 0.30833333333333335 0.0265625 0.03333333333333333


5 0.91015625 0.4666666666666667 0.0390625 0.025
4 0.746875 0.30625 0.015625 0.020833333333333332


5 0.45390625 0.5166666666666667 0.0109375 0.025
4 0.30390625 0.6270833333333333 0.0109375 0.025
4 0.3734375 0.46145833333333336 0.00625 0.00625
4 0.41796875 0.23333333333333334 0.0078125 0.0125
4 0.40703125 0.4864583333333333 0.0109375 0.010416666666666666
4 0.41328125 0.47604166666666664 0.0046875 0.010416666666666666
4 0.7703125 0.13958333333333334 0.00625 0.008333333333333333
1 0.43828125 0.2635416666666667 0.0390625 0.027083333333333334
1 0.4390625 0.24166666666666667 0.028125 0.020833333333333332
