1 0.62109375 0.5354166666666667 0.0296875 0.05416666666666667
1 0.925 0.46458333333333335 0.0375 0.029166666666666667

1 0.99296875 0.4083333333333333 0.0140625 0.029166666666666667

1 0.925 0.46458333333333335 0.0375 0.029166666666666667

1 0.92109375 0.403125 0.0328125 0.027083333333333334
1 0.640625 0.3260416666666667 0.028125 0.03958333333333333
1 0.78671875 0.421875 0.0390625 0.03125
3 0.709375 0.37916666666666665 0.0625 0.058333333333333334
1 0.64140625 0.325 0.0265625 0.0375
1 0.38203125 0.07708333333333334 0.0328125 0.03333333333333333
1 0.3828125 0.06875 0.03125 0.029166666666666667





5 0.653125 0.12395833333333334 0.00625 0.010416666666666666
1 0.66640625 0.12291666666666666 0.0171875 0.025
1 0.6515625 0.09166666666666666 0.0125 0.016666666666666666
5 0.76875 0.309375 0.034375 0.03125
5 0.78125 0.31666666666666665 0.009375 0.0125

5 0.85 0.215625 0.009375 0.010416666666666666
5 0.85546875 0.21041666666666667 0.0078125 0.016666666666666666
5 0.85546875 0.19270833333333334 0.0078125 0.01875
1 0.82109375 0.2708333333333333 0.0265625 0.029166666666666667
1 0.8484375 0.24895833333333334 0.025 0.03125
1 0.86875 0.228125 0.01875 0.022916666666666665
1 0.8921875 0.20520833333333333 0.021875 0.022916666666666665
1 0.909375 0.18020833333333333 0.021875 0.027083333333333334
3 0.940625 0.14270833333333333 0.040625 0.05625
1 0.96328125 0.11666666666666667 0.0171875 0.0125
1 0.971875 0.10520833333333333 0.0125 0.014583333333333334
1 0.9859375 0.0875 0.0125 0.0125
1 0.996875 0.10416666666666667 0.00625 0.016666666666666666
1 0.9765625 0.13645833333333332 0.015625 0.01875
1 0.9578125 0.165625 0.01875 0.027083333333333334
1 0.928125 0.19479166666666667 0.01875 0.022916666666666665
1 0.91015625 0.21770833333333334 0.0203125 0.027083333333333334
1 0.8875 0.24166666666666667 0.021875 0.029166666666666667
1 0.86015625 0.26458333333333334 0.0234375 0.020833333333333332
1 0.83671875 0.284375 0.0296875 0.035416666666666666
1 0.84375 0.309375 0.03125 0.035416666666666666
3 0.87890625 0.275 0.0359375 0.04583333333333333
1 0.9109375 0.2520833333333333 0.021875 0.025
3 0.946875 0.20104166666666667 0.046875 0.06041666666666667
1 0.9734375 0.178125 0.015625 0.022916666666666665
1 0.9890625 0.15833333333333333 0.021875 0.020833333333333332
1 0.87578125 0.3145833333333333 0.0265625 0.029166666666666667
1 0.90859375 0.28229166666666666 0.0234375 0.027083333333333334
1 0.9265625 0.2604166666666667 0.021875 0.020833333333333332
1 0.94765625 0.24375 0.0171875 0.020833333333333332
1 0.9734375 0.2125 0.021875 0.029166666666666667
1 0.996875 0.17291666666666666 0.00625 0.020833333333333332
1 0.878125 0.3458333333333333 0.03125 0.0375
1 0.91328125 0.3145833333333333 0.0265625 0.03333333333333333
1 0.93515625 0.284375 0.0234375 0.027083333333333334
1 0.95859375 0.25729166666666664 0.0203125 0.01875
1 0.97734375 0.24270833333333333 0.0203125 0.027083333333333334
1 0.90546875 0.35833333333333334 0.0296875 0.03333333333333333
1 0.93203125 0.3302083333333333 0.0265625 0.035416666666666666

1 0.95625 0.30833333333333335 0.025 0.03333333333333333


5 0.92578125 0.4635416666666667 0.0390625 0.03125
4 0.74765625 0.30625 0.0140625 0.020833333333333332


5 0.4546875 0.515625 0.009375 0.022916666666666665
4 0.29921875 0.6260416666666667 0.0140625 0.027083333333333334
4 0.371875 0.46145833333333336 0.00625 0.00625
4 0.4171875 0.23333333333333334 0.00625 0.0125
4 0.403125 0.48541666666666666 0.015625 0.016666666666666666
4 0.41328125 0.47604166666666664 0.0046875 0.010416666666666666
4 0.76953125 0.140625 0.0046875 0.00625
1 0.4375 0.2635416666666667 0.0375 0.027083333333333334
1 0.43984375 0.240625 0.0265625 0.01875
