1 0.62578125 0.5520833333333334 0.0296875 0.05416666666666667
1 0.94296875 0.4583333333333333 0.0359375 0.029166666666666667

1 0.996875 0.40208333333333335 0.00625 0.020833333333333332

1 0.94375 0.4583333333333333 0.0375 0.029166666666666667

1 0.9296875 0.3958333333333333 0.03125 0.025
1 0.64609375 0.3333333333333333 0.0296875 0.041666666666666664
1 0.7953125 0.4239583333333333 0.040625 0.03125
3 0.7171875 0.384375 0.0625 0.06041666666666667
1 0.64609375 0.3333333333333333 0.0265625 0.0375
1 0.38203125 0.07708333333333334 0.0328125 0.03333333333333333
1 0.38359375 0.06875 0.0296875 0.029166666666666667





5 0.653125 0.12395833333333334 0.00625 0.010416666666666666
1 0.66484375 0.12395833333333334 0.0171875 0.027083333333333334
1 0.65234375 0.09166666666666666 0.0140625 0.016666666666666666
5 0.76953125 0.30833333333333335 0.0328125 0.03333333333333333
5 0.78125 0.31666666666666665 0.009375 0.0125

5 0.84765625 0.21875 0.0078125 0.0125
5 0.85078125 0.21041666666666667 0.0078125 0.016666666666666666
5 0.85546875 0.19166666666666668 0.0078125 0.016666666666666666
1 0.82109375 0.2708333333333333 0.0265625 0.029166666666666667
1 0.8484375 0.24895833333333334 0.025 0.03125
1 0.86796875 0.228125 0.0203125 0.022916666666666665
1 0.8921875 0.20520833333333333 0.021875 0.022916666666666665
1 0.909375 0.17916666666666667 0.021875 0.025
3 0.940625 0.14270833333333333 0.040625 0.05625
1 0.96171875 0.11666666666666667 0.0140625 0.0125
1 0.97265625 0.10520833333333333 0.0140625 0.014583333333333334
1 0.9859375 0.0875 0.0125 0.0125
1 0.996875 0.10416666666666667 0.00625 0.016666666666666666
1 0.9765625 0.13645833333333332 0.015625 0.01875
1 0.9578125 0.16458333333333333 0.01875 0.025
1 0.92890625 0.19479166666666667 0.0203125 0.022916666666666665
1 0.91015625 0.21770833333333334 0.0203125 0.027083333333333334
1 0.8875 0.24166666666666667 0.021875 0.029166666666666667
1 0.86015625 0.26458333333333334 0.0234375 0.020833333333333332
1 0.8359375 0.284375 0.03125 0.035416666666666666
1 0.84375 0.3104166666666667 0.03125 0.0375
3 0.87890625 0.27395833333333336 0.0359375 0.04375
1 0.9109375 0.2520833333333333 0.021875 0.025
3 0.94765625 0.20104166666666667 0.0484375 0.06041666666666667
1 0.9734375 0.178125 0.015625 0.022916666666666665
1 0.98984375 0.15833333333333333 0.0203125 0.020833333333333332
1 0.87578125 0.3145833333333333 0.0265625 0.029166666666666667
1 0.90859375 0.28125 0.0234375 0.025
1 0.92734375 0.259375 0.0234375 0.022916666666666665
1 0.94765625 0.24375 0.0171875 0.020833333333333332
1 0.9734375 0.2125 0.021875 0.029166666666666667
1 0.996875 0.171875 0.00625 0.01875
1 0.87890625 0.34479166666666666 0.0296875 0.035416666666666666
1 0.91328125 0.31354166666666666 0.0265625 0.03125
1 0.9359375 0.284375 0.025 0.027083333333333334
1 0.95859375 0.25729166666666664 0.0203125 0.01875
1 0.97734375 0.24270833333333333 0.0203125 0.027083333333333334
1 0.90546875 0.35833333333333334 0.0296875 0.03333333333333333
1 0.93125 0.32916666666666666 0.028125 0.03333333333333333

1 0.95546875 0.3072916666666667 0.0234375 0.03125


5 0.94375 0.4583333333333333 0.0375 0.029166666666666667
4 0.746875 0.30520833333333336 0.015625 0.01875


5 0.4546875 0.515625 0.009375 0.022916666666666665
4 0.29375 0.6260416666666667 0.0125 0.027083333333333334
4 0.371875 0.46145833333333336 0.00625 0.00625
4 0.41796875 0.234375 0.0078125 0.014583333333333334
4 0.403125 0.48541666666666666 0.015625 0.016666666666666666
4 0.41328125 0.475 0.0046875 0.008333333333333333
4 0.76953125 0.13958333333333334 0.0046875 0.008333333333333333
1 0.4375 0.2625 0.040625 0.029166666666666667
1 0.43984375 0.23958333333333334 0.0265625 0.020833333333333332
