1 0.63515625 0.5885416666666666 0.0328125 0.05625
1 0.9734375 0.45 0.040625 0.0375



1 0.971875 0.44895833333333335 0.034375 0.035416666666666666

1 0.9453125 0.384375 0.03125 0.03125
1 0.6546875 0.34375 0.028125 0.041666666666666664
1 0.8125 0.428125 0.040625 0.027083333333333334
3 0.7328125 0.3927083333333333 0.065625 0.05625
1 0.65546875 0.3458333333333333 0.0296875 0.04583333333333333
1 0.38203125 0.07708333333333334 0.0328125 0.03333333333333333
1 0.38359375 0.06875 0.0296875 0.029166666666666667





5 0.65390625 0.12291666666666666 0.0078125 0.0125
1 0.66484375 0.12291666666666666 0.0171875 0.025
1 0.65234375 0.09166666666666666 0.0140625 0.016666666666666666
5 0.76953125 0.309375 0.0328125 0.03125
5 0.78203125 0.31666666666666665 0.0109375 0.0125

5 0.84375 0.22083333333333333 0.00625 0.0125
5 0.85234375 0.20416666666666666 0.0109375 0.008333333333333333
5 0.85703125 0.19166666666666668 0.0078125 0.016666666666666666
1 0.82109375 0.2708333333333333 0.0265625 0.029166666666666667
1 0.8484375 0.24895833333333334 0.025 0.03125
1 0.86796875 0.228125 0.0203125 0.022916666666666665
1 0.8921875 0.20520833333333333 0.021875 0.022916666666666665
1 0.909375 0.17916666666666667 0.021875 0.025
3 0.940625 0.14270833333333333 0.040625 0.05625
1 0.9625 0.11770833333333333 0.0125 0.014583333333333334
1 0.97265625 0.10520833333333333 0.0140625 0.014583333333333334
1 0.9859375 0.0875 0.0125 0.0125
1 0.996875 0.10416666666666667 0.00625 0.016666666666666666
1 0.9765625 0.13541666666666666 0.015625 0.020833333333333332
1 0.9578125 0.165625 0.01875 0.027083333333333334
1 0.928125 0.19479166666666667 0.01875 0.01875
1 0.91015625 0.21770833333333334 0.0203125 0.027083333333333334
1 0.8875 0.24166666666666667 0.021875 0.029166666666666667
1 0.8609375 0.265625 0.025 0.022916666666666665
1 0.83671875 0.284375 0.0296875 0.035416666666666666
1 0.84375 0.3104166666666667 0.03125 0.0375
3 0.87890625 0.27395833333333336 0.0359375 0.04375
1 0.91171875 0.2520833333333333 0.0234375 0.025
3 0.94765625 0.20104166666666667 0.0484375 0.06041666666666667
1 0.97421875 0.17604166666666668 0.0140625 0.01875
1 0.98984375 0.15833333333333333 0.0203125 0.020833333333333332
1 0.87578125 0.3145833333333333 0.0265625 0.029166666666666667
1 0.909375 0.28020833333333334 0.021875 0.022916666666666665
1 0.92734375 0.259375 0.0203125 0.022916666666666665
1 0.94765625 0.24375 0.0171875 0.020833333333333332
1 0.9734375 0.2125 0.021875 0.029166666666666667
1 0.996875 0.171875 0.00625 0.01875
1 0.878125 0.3458333333333333 0.03125 0.0375
1 0.91328125 0.31354166666666666 0.0265625 0.03125
1 0.93671875 0.28541666666666665 0.0234375 0.029166666666666667
1 0.959375 0.25729166666666664 0.01875 0.01875
1 0.97890625 0.24270833333333333 0.0203125 0.027083333333333334
1 0.90703125 0.3572916666666667 0.0265625 0.03125
1 0.93125 0.32916666666666666 0.028125 0.03333333333333333

1 0.95625 0.30833333333333335 0.025 0.03333333333333333


5 0.97421875 0.45 0.0390625 0.0375
4 0.746875 0.30520833333333336 0.015625 0.01875


5 0.4546875 0.515625 0.009375 0.027083333333333334
4 0.284375 0.6270833333333333 0.0125 0.025
4 0.371875 0.46041666666666664 0.00625 0.008333333333333333
4 0.41171875 0.23333333333333334 0.0078125 0.016666666666666666
4 0.40703125 0.4864583333333333 0.0109375 0.010416666666666666
4 0.41328125 0.475 0.0046875 0.008333333333333333
4 0.7703125 0.140625 0.00625 0.00625
1 0.4375 0.26458333333333334 0.040625 0.029166666666666667
1 0.440625 0.23958333333333334 0.028125 0.020833333333333332
