1 0.64140625 0.6052083333333333 0.0328125 0.05625
1 0.98515625 0.43854166666666666 0.0296875 0.027083333333333334



1 0.98515625 0.43854166666666666 0.0296875 0.027083333333333334

1 0.95234375 0.37916666666666665 0.0296875 0.029166666666666667
1 0.659375 0.35 0.03125 0.041666666666666664
1 0.82265625 0.43020833333333336 0.0421875 0.027083333333333334
3 0.73984375 0.39791666666666664 0.0671875 0.058333333333333334
1 0.659375 0.35208333333333336 0.034375 0.04583333333333333
1 0.3828125 0.07708333333333334 0.034375 0.03333333333333333
1 0.38359375 0.06875 0.0296875 0.029166666666666667





5 0.653125 0.121875 0.00625 0.010416666666666666
1 0.66484375 0.12291666666666666 0.0171875 0.025
1 0.65234375 0.09166666666666666 0.0140625 0.016666666666666666
5 0.76953125 0.309375 0.0328125 0.03125
5 0.78203125 0.31666666666666665 0.0109375 0.0125

5 0.84375 0.21770833333333334 0.00625 0.010416666666666666
5 0.85234375 0.20416666666666666 0.0109375 0.008333333333333333
5 0.85703125 0.19270833333333334 0.0078125 0.01875
1 0.82109375 0.2708333333333333 0.0265625 0.029166666666666667
1 0.8484375 0.24895833333333334 0.025 0.03125
1 0.86796875 0.22708333333333333 0.0203125 0.025
1 0.89375 0.20416666666666666 0.021875 0.025
1 0.909375 0.18020833333333333 0.021875 0.027083333333333334
3 0.940625 0.14270833333333333 0.040625 0.05625
1 0.9625 0.11666666666666667 0.0125 0.0125
1 0.97265625 0.10520833333333333 0.0140625 0.014583333333333334
1 0.9859375 0.0875 0.0125 0.0125
1 0.996875 0.10416666666666667 0.00625 0.016666666666666666
1 0.9765625 0.13541666666666666 0.015625 0.020833333333333332
1 0.9578125 0.165625 0.01875 0.027083333333333334
1 0.92890625 0.19479166666666667 0.0171875 0.01875
1 0.91015625 0.21770833333333334 0.0203125 0.027083333333333334
1 0.8875 0.24166666666666667 0.021875 0.029166666666666667
1 0.8609375 0.265625 0.025 0.022916666666666665
1 0.83671875 0.284375 0.0296875 0.035416666666666666
1 0.84375 0.3104166666666667 0.03125 0.0375
3 0.87890625 0.27395833333333336 0.0359375 0.04375
1 0.91171875 0.2520833333333333 0.0234375 0.025
3 0.9484375 0.20104166666666667 0.046875 0.06041666666666667
1 0.97421875 0.17604166666666668 0.0140625 0.01875
1 0.98984375 0.15833333333333333 0.0203125 0.020833333333333332
1 0.87578125 0.3145833333333333 0.0265625 0.029166666666666667
1 0.90859375 0.28229166666666666 0.0234375 0.027083333333333334
1 0.928125 0.2604166666666667 0.021875 0.020833333333333332
1 0.9484375 0.24375 0.01875 0.020833333333333332
1 0.97421875 0.2125 0.0203125 0.029166666666666667
1 0.996875 0.17291666666666666 0.00625 0.020833333333333332
1 0.87890625 0.3458333333333333 0.0296875 0.0375
1 0.91328125 0.31354166666666666 0.0265625 0.03125
1 0.93671875 0.28541666666666665 0.0234375 0.029166666666666667
1 0.959375 0.25729166666666664 0.01875 0.01875
1 0.97890625 0.24270833333333333 0.0203125 0.027083333333333334
1 0.90703125 0.3572916666666667 0.0265625 0.03125
1 0.93125 0.32916666666666666 0.028125 0.03333333333333333

1 0.95625 0.3072916666666667 0.025 0.03125


5 0.98515625 0.43854166666666666 0.0296875 0.027083333333333334
4 0.74765625 0.30520833333333336 0.0140625 0.01875


5 0.4546875 0.515625 0.009375 0.027083333333333334
4 0.28046875 0.6270833333333333 0.0140625 0.025
4 0.37265625 0.46041666666666664 0.0078125 0.008333333333333333
4 0.41328125 0.23229166666666667 0.0046875 0.010416666666666666
4 0.403125 0.48541666666666666 0.015625 0.016666666666666666
4 0.41328125 0.475 0.0046875 0.008333333333333333
4 0.7703125 0.13958333333333334 0.00625 0.008333333333333333
1 0.43828125 0.2625 0.0390625 0.029166666666666667
1 0.43984375 0.23958333333333334 0.0265625 0.020833333333333332
