1 0.6453125 0.61875 0.034375 0.058333333333333334
1 0.98828125 0.434375 0.0234375 0.035416666666666666



1 0.98828125 0.4354166666666667 0.0234375 0.03333333333333333

1 0.9578125 0.3729166666666667 0.03125 0.029166666666666667
1 0.6640625 0.35208333333333336 0.03125 0.041666666666666664
1 0.82890625 0.43125 0.0390625 0.025
3 0.74609375 0.4 0.0703125 0.058333333333333334
1 0.6640625 0.353125 0.03125 0.03958333333333333
1 0.3828125 0.07708333333333334 0.034375 0.03333333333333333
1 0.38359375 0.06875 0.0296875 0.029166666666666667





5 0.65390625 0.121875 0.0078125 0.014583333333333334
1 0.66484375 0.12291666666666666 0.0171875 0.025
1 0.653125 0.09166666666666666 0.0125 0.016666666666666666
5 0.7703125 0.309375 0.03125 0.03125
5 0.78203125 0.315625 0.0109375 0.014583333333333334
5 0.828125 0.23958333333333334 0.015625 0.016666666666666666
5 0.84453125 0.215625 0.0078125 0.010416666666666666
5 0.853125 0.203125 0.009375 0.00625
5 0.85703125 0.19270833333333334 0.0078125 0.01875
1 0.82109375 0.2708333333333333 0.0265625 0.029166666666666667
1 0.8484375 0.24895833333333334 0.025 0.03125
1 0.86875 0.228125 0.021875 0.022916666666666665
1 0.8921875 0.20520833333333333 0.021875 0.022916666666666665
1 0.91015625 0.18020833333333333 0.0234375 0.027083333333333334
3 0.940625 0.14270833333333333 0.040625 0.05625
1 0.96328125 0.11666666666666667 0.0140625 0.0125
1 0.97265625 0.10520833333333333 0.0140625 0.014583333333333334
1 0.98671875 0.0875 0.0140625 0.0125
1 0.996875 0.10625 0.00625 0.016666666666666666
1 0.97734375 0.1375 0.0140625 0.020833333333333332
1 0.9578125 0.165625 0.01875 0.027083333333333334
1 0.928125 0.19479166666666667 0.01875 0.01875
1 0.91015625 0.21770833333333334 0.0203125 0.027083333333333334
1 0.8875 0.24166666666666667 0.021875 0.029166666666666667
1 0.86171875 0.265625 0.0234375 0.022916666666666665
1 0.83671875 0.284375 0.0296875 0.035416666666666666
1 0.84375 0.309375 0.03125 0.035416666666666666
3 0.87890625 0.27395833333333336 0.0359375 0.04375
1 0.91171875 0.2520833333333333 0.0234375 0.025
3 0.9484375 0.20104166666666667 0.046875 0.06041666666666667
1 0.97421875 0.178125 0.0171875 0.022916666666666665
1 0.98984375 0.15833333333333333 0.0203125 0.020833333333333332
1 0.8765625 0.31354166666666666 0.025 0.027083333333333334
1 0.91015625 0.28125 0.0203125 0.025
1 0.928125 0.2604166666666667 0.021875 0.020833333333333332
1 0.9484375 0.24375 0.01875 0.020833333333333332
1 0.97421875 0.2125 0.0203125 0.029166666666666667
1 0.996875 0.17395833333333333 0.00625 0.01875
1 0.87890625 0.3458333333333333 0.0296875 0.0375
1 0.91328125 0.31354166666666666 0.0265625 0.03125
1 0.93671875 0.28541666666666665 0.0234375 0.029166666666666667
1 0.959375 0.25729166666666664 0.01875 0.01875
1 0.97890625 0.24270833333333333 0.0203125 0.027083333333333334
1 0.90625 0.35833333333333334 0.028125 0.03333333333333333
1 0.93203125 0.32916666666666666 0.0265625 0.03333333333333333

1 0.95625 0.3072916666666667 0.025 0.03125


5 0.98828125 0.434375 0.0234375 0.035416666666666666
4 0.746875 0.30520833333333336 0.015625 0.01875


5 0.4546875 0.515625 0.009375 0.027083333333333334
4 0.2765625 0.628125 0.009375 0.022916666666666665
4 0.37265625 0.46041666666666664 0.0078125 0.008333333333333333
4 0.4140625 0.23229166666666667 0.00625 0.010416666666666666
4 0.4078125 0.4864583333333333 0.009375 0.010416666666666666
4 0.4125 0.47604166666666664 0.003125 0.010416666666666666
4 0.7703125 0.140625 0.00625 0.00625
1 0.43828125 0.2625 0.0390625 0.029166666666666667
1 0.440625 0.23958333333333334 0.028125 0.020833333333333332
