1 0.646875 0.6260416666666667 0.034375 0.05625
1 0.99296875 0.4322916666666667 0.0140625 0.03125



1 0.99296875 0.4322916666666667 0.0140625 0.03125

1 0.96171875 0.3697916666666667 0.0296875 0.03125
1 0.665625 0.3541666666666667 0.03125 0.041666666666666664
1 0.8328125 0.43125 0.040625 0.025
3 0.7484375 0.4010416666666667 0.06875 0.05625
1 0.665625 0.35520833333333335 0.03125 0.03958333333333333
1 0.3828125 0.07708333333333334 0.034375 0.03333333333333333
1 0.38359375 0.06875 0.0296875 0.029166666666666667





5 0.65390625 0.12291666666666666 0.0078125 0.0125
1 0.66484375 0.12291666666666666 0.0171875 0.025
1 0.653125 0.09166666666666666 0.0125 0.016666666666666666
5 0.7703125 0.309375 0.03125 0.03125
5 0.78203125 0.315625 0.0109375 0.014583333333333334
5 0.8265625 0.240625 0.009375 0.010416666666666666
5 0.84375 0.215625 0.00625 0.010416666666666666
5 0.8546875 0.20208333333333334 0.009375 0.008333333333333333
5 0.85625 0.19270833333333334 0.009375 0.01875
1 0.82109375 0.2708333333333333 0.0265625 0.029166666666666667
1 0.84765625 0.24895833333333334 0.0234375 0.027083333333333334
1 0.86875 0.228125 0.021875 0.022916666666666665
1 0.89375 0.20416666666666666 0.021875 0.025
1 0.9109375 0.17916666666666667 0.021875 0.025
3 0.940625 0.14270833333333333 0.040625 0.05625
1 0.9625 0.11666666666666667 0.0125 0.0125
1 0.97265625 0.10520833333333333 0.0140625 0.014583333333333334
1 0.98671875 0.0875 0.0140625 0.0125
1 0.996875 0.10625 0.00625 0.016666666666666666
1 0.97734375 0.1375 0.0140625 0.020833333333333332
1 0.9578125 0.165625 0.01875 0.027083333333333334
1 0.928125 0.19479166666666667 0.01875 0.01875
1 0.91015625 0.21770833333333334 0.0203125 0.027083333333333334
1 0.8875 0.24166666666666667 0.021875 0.029166666666666667
1 0.86171875 0.265625 0.0234375 0.022916666666666665
1 0.83671875 0.284375 0.0296875 0.035416666666666666
1 0.84375 0.3104166666666667 0.03125 0.0375
3 0.87890625 0.2760416666666667 0.0359375 0.04375
1 0.91171875 0.2520833333333333 0.0234375 0.025
3 0.9484375 0.20104166666666667 0.046875 0.06041666666666667
1 0.975 0.17708333333333334 0.015625 0.020833333333333332
1 0.98984375 0.15833333333333333 0.0203125 0.020833333333333332
1 0.87578125 0.3145833333333333 0.0265625 0.029166666666666667
1 0.91015625 0.28125 0.0203125 0.025
1 0.928125 0.2604166666666667 0.021875 0.020833333333333332
1 0.9484375 0.24375 0.01875 0.020833333333333332
1 0.97421875 0.21354166666666666 0.0203125 0.027083333333333334
1 0.996875 0.17291666666666666 0.00625 0.016666666666666666
1 0.8796875 0.3458333333333333 0.03125 0.0375
1 0.91328125 0.31354166666666666 0.0265625 0.03125
1 0.93671875 0.28541666666666665 0.0234375 0.029166666666666667
1 0.959375 0.25729166666666664 0.01875 0.01875
1 0.97890625 0.24270833333333333 0.0203125 0.027083333333333334
1 0.90625 0.35833333333333334 0.028125 0.03333333333333333
1 0.9328125 0.32916666666666666 0.028125 0.03333333333333333

1 0.95625 0.3072916666666667 0.025 0.03125


5 0.99296875 0.4322916666666667 0.0140625 0.03125
4 0.74765625 0.30520833333333336 0.0171875 0.01875


5 0.4546875 0.5166666666666667 0.009375 0.025
4 0.275 0.6270833333333333 0.009375 0.020833333333333332
4 0.3734375 0.46145833333333336 0.00625 0.00625
4 0.4140625 0.23333333333333334 0.00625 0.008333333333333333
4 0.40390625 0.48541666666666666 0.0140625 0.016666666666666666
4 0.41171875 0.47604166666666664 0.0046875 0.010416666666666666
4 0.771875 0.140625 0.00625 0.00625
1 0.4390625 0.2625 0.040625 0.029166666666666667
1 0.440625 0.240625 0.028125 0.022916666666666665
