1 0.65546875 0.6552083333333333 0.0359375 0.06458333333333334






1 0.97265625 0.35833333333333334 0.0296875 0.029166666666666667
1 0.67421875 0.3625 0.0328125 0.041666666666666664
1 0.846875 0.43333333333333335 0.04375 0.029166666666666667
3 0.7609375 0.40625 0.071875 0.05416666666666667
1 0.67421875 0.3625 0.0328125 0.0375
1 0.3828125 0.07604166666666666 0.034375 0.03125
1 0.38359375 0.06875 0.0296875 0.029166666666666667





5 0.653125 0.11875 0.00625 0.008333333333333333
1 0.66484375 0.12291666666666666 0.0171875 0.025
1 0.653125 0.09166666666666666 0.0125 0.016666666666666666
5 0.77109375 0.3104166666666667 0.0328125 0.03333333333333333
5 0.78203125 0.315625 0.0109375 0.014583333333333334
5 0.81796875 0.24791666666666667 0.0109375 0.016666666666666666
5 0.84453125 0.21458333333333332 0.0046875 0.008333333333333333
5 0.85625 0.20208333333333334 0.00625 0.008333333333333333
5 0.85625 0.19270833333333334 0.009375 0.01875
1 0.821875 0.2708333333333333 0.025 0.029166666666666667
1 0.84765625 0.24895833333333334 0.0234375 0.027083333333333334
1 0.86953125 0.228125 0.0203125 0.022916666666666665
1 0.89296875 0.20520833333333333 0.0203125 0.022916666666666665
1 0.9109375 0.18020833333333333 0.021875 0.027083333333333334
3 0.940625 0.14270833333333333 0.040625 0.05625
1 0.9625 0.11666666666666667 0.0125 0.0125
1 0.97265625 0.10520833333333333 0.0140625 0.014583333333333334
1 0.9875 0.0875 0.0125 0.0125
1 0.996875 0.10625 0.00625 0.016666666666666666
1 0.97734375 0.13645833333333332 0.0140625 0.022916666666666665
1 0.9578125 0.165625 0.01875 0.027083333333333334
1 0.928125 0.19583333333333333 0.01875 0.020833333333333332
1 0.9109375 0.21770833333333334 0.021875 0.027083333333333334
1 0.8875 0.24166666666666667 0.021875 0.029166666666666667
1 0.86171875 0.265625 0.0234375 0.022916666666666665
1 0.8375 0.284375 0.03125 0.035416666666666666
1 0.84375 0.3104166666666667 0.03125 0.0375
3 0.87890625 0.2760416666666667 0.0359375 0.04375
1 0.9125 0.2520833333333333 0.01875 0.025
3 0.9484375 0.20104166666666667 0.046875 0.06041666666666667
1 0.975 0.17708333333333334 0.015625 0.025
1 0.98984375 0.15833333333333333 0.0203125 0.020833333333333332
1 0.8765625 0.3145833333333333 0.028125 0.029166666666666667
1 0.909375 0.28229166666666666 0.021875 0.027083333333333334
1 0.928125 0.2604166666666667 0.021875 0.020833333333333332
1 0.9484375 0.24375 0.01875 0.020833333333333332
1 0.975 0.2125 0.021875 0.029166666666666667
1 0.996875 0.17395833333333333 0.00625 0.01875
1 0.8796875 0.3458333333333333 0.03125 0.0375
1 0.91328125 0.31354166666666666 0.0265625 0.03125
1 0.93671875 0.284375 0.0234375 0.027083333333333334
1 0.959375 0.25833333333333336 0.01875 0.020833333333333332
1 0.97890625 0.24270833333333333 0.0203125 0.027083333333333334
1 0.90625 0.359375 0.028125 0.035416666666666666
1 0.9328125 0.32916666666666666 0.028125 0.03333333333333333

1 0.95625 0.3072916666666667 0.025 0.03125



4 0.746875 0.30520833333333336 0.015625 0.01875


5 0.4546875 0.5177083333333333 0.009375 0.027083333333333334
4 0.26796875 0.628125 0.0109375 0.027083333333333334
4 0.37265625 0.46041666666666664 0.0078125 0.008333333333333333
4 0.41484375 0.23333333333333334 0.0046875 0.008333333333333333
4 0.4046875 0.48541666666666666 0.015625 0.016666666666666666
4 0.4125 0.47604166666666664 0.003125 0.010416666666666666
4 0.7703125 0.13854166666666667 0.00625 0.010416666666666666
1 0.4390625 0.2625 0.040625 0.029166666666666667
1 0.440625 0.23958333333333334 0.028125 0.020833333333333332
