1 0.53671875 0.128125 0.0171875 0.022916666666666665
1 0.5875 0.2604166666666667 0.01875 0.029166666666666667
1 0.5796875 0.23229166666666667 0.015625 0.022916666666666665
1 0.5703125 0.19166666666666668 0.015625 0.029166666666666667
1 0.56328125 0.16354166666666667 0.0140625 0.022916666666666665
1 0.55859375 0.14375 0.0109375 0.0125
1 0.60703125 0.246875 0.0203125 0.035416666666666666
1 0.59609375 0.21458333333333332 0.0171875 0.025
1 0.5921875 0.18958333333333333 0.01875 0.029166666666666667
1 0.5828125 0.165625 0.0125 0.022916666666666665
3 0.57734375 0.13020833333333334 0.0203125 0.04375
1 0.56796875 0.10833333333333334 0.0203125 0.03333333333333333
1 0.384375 0.07604166666666666 0.034375 0.03125
1 0.384375 0.06875 0.03125 0.025
1 0.58515625 0.06458333333333334 0.0140625 0.020833333333333332
1 0.59453125 0.013541666666666667 0.0140625 0.022916666666666665
1 0.5609375 0.00625 0.015625 0.0125
1 0.5765625 0.005208333333333333 0.0125 0.010416666666666666
1 0.59375 0.011458333333333333 0.015625 0.022916666666666665
5 0.63046875 0.065625 0.0078125 0.014583333333333334
1 0.66875 0.11875 0.01875 0.025
1 0.6546875 0.0875 0.0125 0.016666666666666666
5 0.759375 0.2947916666666667 0.015625 0.014583333333333334
5 0.78984375 0.2864583333333333 0.0078125 0.01875
5 0.80390625 0.2604166666666667 0.0109375 0.020833333333333332
5 0.81953125 0.240625 0.0140625 0.01875
5 0.85234375 0.203125 0.0109375 0.014583333333333334
5 0.9 0.1625 0.009375 0.0125
1 0.82421875 0.26666666666666666 0.0265625 0.029166666666666667
1 0.85 0.24375 0.025 0.029166666666666667
1 0.87265625 0.22083333333333333 0.0203125 0.025
1 0.8953125 0.19895833333333332 0.021875 0.022916666666666665
1 0.91328125 0.17291666666666666 0.0234375 0.029166666666666667
3 0.9453125 0.13541666666666666 0.04375 0.05416666666666667
1 0.9671875 0.11145833333333334 0.015625 0.01875
1 0.97578125 0.09791666666666667 0.0109375 0.0125
1 0.99140625 0.07708333333333334 0.0171875 0.016666666666666666
1 0.99296875 0.10833333333333334 0.0140625 0.020833333333333332
1 0.9796875 0.12916666666666668 0.015625 0.020833333333333332
1 0.96171875 0.15729166666666666 0.0203125 0.027083333333333334
1 0.9359375 0.18333333333333332 0.01875 0.020833333333333332
1 0.91484375 0.21145833333333333 0.0203125 0.027083333333333334
1 0.89140625 0.23541666666666666 0.0203125 0.025
1 0.8640625 0.26145833333333335 0.021875 0.022916666666666665
1 0.84140625 0.28020833333333334 0.0328125 0.03958333333333333
1 0.846875 0.30520833333333336 0.03125 0.03958333333333333
3 0.88203125 0.26979166666666665 0.0359375 0.04375
1 0.9140625 0.24583333333333332 0.021875 0.025
3 0.94921875 0.19375 0.0421875 0.058333333333333334
1 0.9765625 0.17083333333333334 0.015625 0.020833333333333332
1 0.99140625 0.15104166666666666 0.0171875 0.022916666666666665
1 0.88046875 0.31145833333333334 0.0265625 0.03125
1 0.9125 0.2760416666666667 0.021875 0.027083333333333334
1 0.93046875 0.2552083333333333 0.0203125 0.022916666666666665
1 0.95234375 0.23854166666666668 0.0203125 0.022916666666666665
1 0.97734375 0.20520833333333333 0.0203125 0.03125
1 0.99140625 0.18333333333333332 0.0171875 0.020833333333333332
1 0.884375 0.3416666666666667 0.03125 0.0375
1 0.91796875 0.3072916666666667 0.0265625 0.03125
1 0.93984375 0.2791666666666667 0.0234375 0.029166666666666667
1 0.96328125 0.25104166666666666 0.0171875 0.01875
1 0.98359375 0.23541666666666666 0.0203125 0.025
1 0.9109375 0.35520833333333335 0.03125 0.03958333333333333
1 0.9375 0.32395833333333335 0.025 0.035416666666666666

1 0.97578125 0.2833333333333333 0.0234375 0.029166666666666667

5 0.98359375 0.803125 0.0234375 0.03125
5 0.75546875 0.371875 0.0109375 0.022916666666666665
4 0.79921875 0.34479166666666666 0.0078125 0.01875
5 0.6125 0.00625 0.00625 0.0125
5 0.421875 0.7791666666666667 0.025 0.029166666666666667
5 0.48984375 0.796875 0.0203125 0.03958333333333333
4 0.46015625 0.7708333333333334 0.0109375 0.025
4 0.3765625 0.46458333333333335 0.009375 0.008333333333333333
4 0.4203125 0.23645833333333333 0.00625 0.01875
4 0.41015625 0.4875 0.0078125 0.0125
4 0.4 0.48854166666666665 0.009375 0.014583333333333334
4 0.81796875 0.13854166666666667 0.0203125 0.010416666666666666
1 0.440625 0.26458333333333334 0.040625 0.029166666666666667
1 0.440625 0.24166666666666667 0.034375 0.020833333333333332
