1 0.66875 0.6989583333333333 0.0375 0.06875






1 0.9875 0.3416666666666667 0.025 0.029166666666666667
1 0.6859375 0.3729166666666667 0.034375 0.041666666666666664
1 0.86875 0.434375 0.040625 0.027083333333333334
3 0.778125 0.41354166666666664 0.071875 0.052083333333333336
1 0.68671875 0.375 0.0359375 0.04583333333333333
1 0.38359375 0.07708333333333334 0.0328125 0.03333333333333333
1 0.38359375 0.06979166666666667 0.0296875 0.027083333333333334





5 0.653125 0.12083333333333333 0.00625 0.0125
1 0.66484375 0.12291666666666666 0.0171875 0.025
1 0.653125 0.09166666666666666 0.0125 0.016666666666666666
5 0.77109375 0.3104166666666667 0.0328125 0.03333333333333333
5 0.78203125 0.31666666666666665 0.0109375 0.0125
5 0.80859375 0.25625 0.0109375 0.016666666666666666
5 0.84609375 0.21354166666666666 0.0078125 0.010416666666666666
5 0.85625 0.20104166666666667 0.00625 0.010416666666666666
5 0.85625 0.19270833333333334 0.009375 0.01875
1 0.821875 0.2708333333333333 0.025 0.029166666666666667
1 0.8484375 0.25 0.025 0.029166666666666667
1 0.86875 0.228125 0.021875 0.022916666666666665
1 0.8921875 0.20520833333333333 0.021875 0.022916666666666665
1 0.9109375 0.18020833333333333 0.021875 0.027083333333333334
3 0.94140625 0.14166666666666666 0.0421875 0.058333333333333334
1 0.9640625 0.11666666666666667 0.015625 0.0125
1 0.97265625 0.10520833333333333 0.0140625 0.014583333333333334
1 0.98828125 0.0875 0.0140625 0.0125
1 0.996875 0.10625 0.00625 0.016666666666666666
1 0.97734375 0.13645833333333332 0.0140625 0.022916666666666665
1 0.95859375 0.165625 0.0171875 0.027083333333333334
1 0.928125 0.19583333333333333 0.01875 0.020833333333333332
1 0.9109375 0.21770833333333334 0.021875 0.027083333333333334
1 0.8875 0.24166666666666667 0.021875 0.029166666666666667
1 0.86171875 0.265625 0.0234375 0.022916666666666665
1 0.8375 0.284375 0.03125 0.035416666666666666
1 0.84375 0.3104166666666667 0.03125 0.0375
3 0.87890625 0.2760416666666667 0.0359375 0.04375
1 0.9125 0.2520833333333333 0.01875 0.025
3 0.9484375 0.20104166666666667 0.046875 0.06041666666666667
1 0.97421875 0.17708333333333334 0.0140625 0.020833333333333332
1 0.98984375 0.159375 0.0203125 0.022916666666666665
1 0.87578125 0.3145833333333333 0.0265625 0.029166666666666667
1 0.909375 0.28229166666666666 0.021875 0.027083333333333334
1 0.928125 0.2604166666666667 0.021875 0.020833333333333332
1 0.9484375 0.24375 0.01875 0.020833333333333332
1 0.97421875 0.21458333333333332 0.0203125 0.029166666666666667
1 0.99609375 0.17291666666666666 0.0078125 0.020833333333333332
1 0.8796875 0.3458333333333333 0.03125 0.0375
1 0.91328125 0.31354166666666666 0.0265625 0.03125
1 0.93671875 0.284375 0.0234375 0.027083333333333334
1 0.959375 0.25833333333333336 0.01875 0.020833333333333332
1 0.97890625 0.24270833333333333 0.0203125 0.027083333333333334
1 0.90546875 0.36041666666666666 0.0296875 0.0375
1 0.9328125 0.3302083333333333 0.028125 0.03125

1 0.95625 0.3072916666666667 0.025 0.03125



4 0.746875 0.30625 0.015625 0.016666666666666666


5 0.48125 0.6729166666666667 0.0625 0.3375
4 0.2578125 0.6291666666666667 0.0125 0.025
4 0.37265625 0.46041666666666664 0.0078125 0.008333333333333333
4 0.41484375 0.234375 0.0078125 0.010416666666666666
4 0.40703125 0.4864583333333333 0.0109375 0.014583333333333334
4 0.41328125 0.47708333333333336 0.0046875 0.008333333333333333
4 0.765625 0.13645833333333332 0.0125 0.014583333333333334
1 0.43828125 0.2625 0.0390625 0.029166666666666667
1 0.440625 0.24166666666666667 0.028125 0.020833333333333332
