1 0.67734375 0.7229166666666667 0.0421875 0.075






1 0.99140625 0.33229166666666665 0.0171875 0.027083333333333334
1 0.6921875 0.37916666666666665 0.034375 0.041666666666666664
1 0.8796875 0.434375 0.040625 0.027083333333333334
3 0.78828125 0.4166666666666667 0.0734375 0.05
1 0.6921875 0.3802083333333333 0.0375 0.04375
1 0.3828125 0.07708333333333334 0.034375 0.03333333333333333
1 0.38359375 0.06979166666666667 0.0296875 0.027083333333333334





5 0.65390625 0.11666666666666667 0.0046875 0.008333333333333333
1 0.66484375 0.12291666666666666 0.0171875 0.025
1 0.653125 0.09166666666666666 0.0125 0.016666666666666666
5 0.77109375 0.3104166666666667 0.0328125 0.03333333333333333
5 0.78203125 0.31666666666666665 0.0109375 0.016666666666666666
5 0.8046875 0.2625 0.009375 0.016666666666666666
5 0.84609375 0.21354166666666666 0.0078125 0.010416666666666666
5 0.85625 0.2 0.00625 0.008333333333333333
5 0.85703125 0.19270833333333334 0.0078125 0.01875
1 0.821875 0.2708333333333333 0.025 0.025
1 0.8484375 0.25 0.025 0.029166666666666667
1 0.86953125 0.228125 0.0203125 0.022916666666666665
1 0.89296875 0.20520833333333333 0.0203125 0.022916666666666665
1 0.9109375 0.18020833333333333 0.021875 0.027083333333333334
3 0.940625 0.14270833333333333 0.040625 0.05625
1 0.9625 0.11770833333333333 0.0125 0.010416666666666666
1 0.97265625 0.10625 0.0140625 0.0125
1 0.9875 0.0875 0.0125 0.0125
1 0.996875 0.10625 0.00625 0.016666666666666666
1 0.97734375 0.1375 0.0140625 0.020833333333333332
1 0.95859375 0.16666666666666666 0.0171875 0.025
1 0.928125 0.19583333333333333 0.01875 0.020833333333333332
1 0.91015625 0.21875 0.0203125 0.025
1 0.8875 0.24166666666666667 0.021875 0.029166666666666667
1 0.8609375 0.265625 0.021875 0.022916666666666665
1 0.83671875 0.28541666666666665 0.0296875 0.03333333333333333
1 0.84453125 0.3104166666666667 0.0296875 0.0375
3 0.87890625 0.2760416666666667 0.0359375 0.04375
1 0.9125 0.2520833333333333 0.01875 0.025
3 0.94921875 0.20104166666666667 0.0453125 0.06041666666666667
1 0.975 0.17708333333333334 0.0125 0.016666666666666666
1 0.98984375 0.159375 0.0203125 0.022916666666666665
1 0.87734375 0.3145833333333333 0.0265625 0.025
1 0.91015625 0.28229166666666666 0.0203125 0.022916666666666665
1 0.928125 0.2604166666666667 0.021875 0.020833333333333332
1 0.9484375 0.24375 0.01875 0.020833333333333332
1 0.97421875 0.21458333333333332 0.0203125 0.029166666666666667
1 0.996875 0.175 0.00625 0.016666666666666666
1 0.8796875 0.3458333333333333 0.03125 0.0375
1 0.91328125 0.31354166666666666 0.0265625 0.03125
1 0.93671875 0.284375 0.0234375 0.027083333333333334
1 0.959375 0.25833333333333336 0.01875 0.020833333333333332
1 0.97890625 0.24270833333333333 0.0203125 0.027083333333333334
1 0.90546875 0.36041666666666666 0.0296875 0.0375
1 0.9328125 0.3302083333333333 0.028125 0.03125

1 0.95546875 0.309375 0.0234375 0.03125



4 0.746875 0.30625 0.015625 0.016666666666666666


5 0.50703125 0.83125 0.0109375 0.025
4 0.25390625 0.6291666666666667 0.0078125 0.020833333333333332
4 0.37421875 0.46145833333333336 0.0078125 0.00625
4 0.4109375 0.23541666666666666 0.015625 0.016666666666666666
4 0.40703125 0.4875 0.0109375 0.0125
4 0.4140625 0.47604166666666664 0.00625 0.010416666666666666
4 0.77109375 0.13958333333333334 0.0078125 0.008333333333333333
1 0.43828125 0.2625 0.0390625 0.029166666666666667
1 0.440625 0.24166666666666667 0.028125 0.020833333333333332
