1 0.6859375 0.7479166666666667 0.04375 0.07916666666666666






1 0.9953125 0.32708333333333334 0.009375 0.020833333333333332
1 0.69921875 0.384375 0.0359375 0.04375
1 0.890625 0.43333333333333335 0.0375 0.029166666666666667
3 0.79921875 0.4197916666666667 0.0734375 0.04791666666666667
1 0.69921875 0.3854166666666667 0.0359375 0.041666666666666664
1 0.38359375 0.07708333333333334 0.0328125 0.03333333333333333
1 0.38359375 0.06979166666666667 0.0296875 0.027083333333333334





5 0.6546875 0.12291666666666666 0.00625 0.0125
1 0.665625 0.12395833333333334 0.01875 0.022916666666666665
1 0.653125 0.09166666666666666 0.0125 0.016666666666666666
5 0.77109375 0.3104166666666667 0.0328125 0.03333333333333333
5 0.78203125 0.3177083333333333 0.0109375 0.014583333333333334
5 0.80234375 0.26666666666666666 0.0078125 0.016666666666666666
5 0.84609375 0.21354166666666666 0.0078125 0.010416666666666666
5 0.85625 0.2 0.00625 0.008333333333333333
5 0.85703125 0.19270833333333334 0.0078125 0.01875
1 0.821875 0.271875 0.025 0.027083333333333334
1 0.8484375 0.25 0.025 0.029166666666666667
1 0.86953125 0.22916666666666666 0.0203125 0.025
1 0.89375 0.20520833333333333 0.021875 0.022916666666666665
1 0.9109375 0.18020833333333333 0.021875 0.027083333333333334
3 0.940625 0.14270833333333333 0.040625 0.05625
1 0.96328125 0.11770833333333333 0.0140625 0.010416666666666666
1 0.97265625 0.10625 0.0140625 0.0125
1 0.9875 0.0875 0.0125 0.0125
1 0.996875 0.10625 0.00625 0.016666666666666666
1 0.97734375 0.1375 0.0140625 0.020833333333333332
1 0.9578125 0.16666666666666666 0.01875 0.025
1 0.928125 0.19583333333333333 0.01875 0.020833333333333332
1 0.91015625 0.21875 0.0203125 0.025
1 0.8875 0.24166666666666667 0.021875 0.029166666666666667
1 0.8625 0.26666666666666666 0.025 0.025
1 0.8375 0.28541666666666665 0.03125 0.03333333333333333
1 0.84453125 0.3104166666666667 0.0296875 0.0375
3 0.8796875 0.2760416666666667 0.0375 0.04375
1 0.9125 0.253125 0.01875 0.022916666666666665
3 0.9484375 0.20104166666666667 0.046875 0.06041666666666667
1 0.975 0.17708333333333334 0.0125 0.016666666666666666
1 0.98984375 0.159375 0.0203125 0.022916666666666665
1 0.8765625 0.315625 0.028125 0.027083333333333334
1 0.91015625 0.28229166666666666 0.0203125 0.022916666666666665
1 0.928125 0.2604166666666667 0.021875 0.020833333333333332
1 0.9484375 0.24375 0.01875 0.020833333333333332
1 0.97421875 0.21458333333333332 0.0203125 0.029166666666666667
1 0.996875 0.175 0.00625 0.016666666666666666
1 0.8796875 0.3458333333333333 0.03125 0.0375
1 0.91328125 0.3145833333333333 0.0265625 0.03333333333333333
1 0.93671875 0.28541666666666665 0.0234375 0.029166666666666667
1 0.959375 0.25833333333333336 0.01875 0.020833333333333332
1 0.97890625 0.24375 0.0203125 0.029166666666666667
1 0.90546875 0.36041666666666666 0.0296875 0.0375
1 0.93203125 0.3302083333333333 0.0265625 0.03125

1 0.95546875 0.309375 0.0234375 0.03125



4 0.746875 0.30625 0.015625 0.016666666666666666


5 0.509375 0.8375 0.0125 0.025
4 0.25 0.6322916666666667 0.0125 0.022916666666666665
4 0.375 0.46145833333333336 0.00625 0.00625
4 0.4171875 0.234375 0.0125 0.014583333333333334
4 0.40703125 0.4864583333333333 0.0109375 0.014583333333333334
4 0.41328125 0.47604166666666664 0.0046875 0.010416666666666666
4 0.76953125 0.13958333333333334 0.0078125 0.008333333333333333
1 0.4390625 0.2625 0.040625 0.029166666666666667
1 0.440625 0.24166666666666667 0.028125 0.020833333333333332
