1 0.53828125 0.12083333333333333 0.0171875 0.029166666666666667
1 0.590625 0.25833333333333336 0.01875 0.029166666666666667
1 0.58203125 0.23020833333333332 0.0171875 0.027083333333333334
1 0.57265625 0.18958333333333333 0.0171875 0.029166666666666667
1 0.565625 0.16041666666666668 0.0125 0.020833333333333332
1 0.5609375 0.14270833333333333 0.0125 0.01875
1 0.60859375 0.24479166666666666 0.0203125 0.035416666666666666
1 0.6 0.2125 0.01875 0.029166666666666667
1 0.59375 0.1875 0.015625 0.029166666666666667
1 0.584375 0.1625 0.0125 0.020833333333333332
3 0.5796875 0.128125 0.01875 0.04375
1 0.56953125 0.10520833333333333 0.0171875 0.03125
1 0.38515625 0.07604166666666666 0.0328125 0.03125
1 0.3859375 0.06875 0.03125 0.025
1 0.60625 0.13125 0.015625 0.025
1 0.61640625 0.07604166666666666 0.0140625 0.022916666666666665
1 0.57890625 0.053125 0.0140625 0.01875
1 0.5953125 0.04895833333333333 0.015625 0.022916666666666665
1 0.56328125 0.008333333333333333 0.0140625 0.016666666666666666
5 0.6515625 0.11666666666666667 0.009375 0.016666666666666666
1 0.66953125 0.11770833333333333 0.0171875 0.022916666666666665
1 0.65703125 0.084375 0.0140625 0.01875
5 0.76328125 0.29375 0.0171875 0.020833333333333332
5 0.78828125 0.28229166666666666 0.0109375 0.01875
5 0.80859375 0.2552083333333333 0.0109375 0.014583333333333334
5 0.8484375 0.21979166666666666 0.009375 0.014583333333333334
5 0.85390625 0.203125 0.0078125 0.014583333333333334
5 0.9046875 0.15625 0.009375 0.0125
1 0.82734375 0.26458333333333334 0.0265625 0.029166666666666667
1 0.85234375 0.24166666666666667 0.0265625 0.029166666666666667
1 0.87578125 0.21875 0.0203125 0.025
1 0.896875 0.19583333333333333 0.021875 0.025
1 0.91640625 0.17083333333333334 0.0234375 0.029166666666666667
3 0.94609375 0.13333333333333333 0.0421875 0.05416666666666667
1 0.96796875 0.11041666666666666 0.0140625 0.020833333333333332
1 0.97890625 0.09583333333333334 0.0140625 0.016666666666666666
1 0.9921875 0.07708333333333334 0.015625 0.0125
1 0.99453125 0.109375 0.0109375 0.014583333333333334
1 0.98125 0.128125 0.015625 0.022916666666666665
1 0.9640625 0.15625 0.01875 0.029166666666666667
1 0.93828125 0.18125 0.0203125 0.020833333333333332
1 0.91640625 0.209375 0.0203125 0.027083333333333334
1 0.89375 0.23333333333333334 0.021875 0.025
1 0.86640625 0.259375 0.0234375 0.027083333333333334
1 0.84375 0.278125 0.03125 0.035416666666666666
1 0.8484375 0.303125 0.03125 0.03958333333333333
3 0.88359375 0.26875 0.0359375 0.04583333333333333
1 0.91640625 0.24375 0.0203125 0.025
3 0.95078125 0.19270833333333334 0.0421875 0.05625
1 0.97890625 0.16875 0.0171875 0.020833333333333332
1 0.99296875 0.14895833333333333 0.0140625 0.022916666666666665
1 0.88203125 0.309375 0.0296875 0.035416666666666666
1 0.91484375 0.27395833333333336 0.0234375 0.027083333333333334
1 0.934375 0.2520833333333333 0.021875 0.025
1 0.95625 0.234375 0.021875 0.022916666666666665
1 0.98046875 0.20416666666666666 0.0203125 0.029166666666666667
1 0.99296875 0.18020833333333333 0.0140625 0.022916666666666665
1 0.88671875 0.33958333333333335 0.0296875 0.0375
1 0.9203125 0.30625 0.028125 0.03333333333333333
1 0.94375 0.27708333333333335 0.025 0.03333333333333333
1 0.965625 0.25104166666666666 0.01875 0.027083333333333334
1 0.984375 0.23229166666666667 0.021875 0.022916666666666665
1 0.91328125 0.353125 0.0296875 0.03958333333333333
1 0.9390625 0.3229166666666667 0.025 0.03333333333333333
1 0.98671875 0.315625 0.0265625 0.03958333333333333
1 0.99609375 0.2520833333333333 0.0078125 0.020833333333333332
1 0.97265625 0.509375 0.0296875 0.03958333333333333
5 0.89375 0.6875 0.021875 0.025
5 0.79765625 0.46458333333333335 0.0109375 0.020833333333333332
4 0.81875 0.3625 0.009375 0.020833333333333332
5 0.6234375 0.03333333333333333 0.00625 0.0125
5 0.45703125 0.8114583333333333 0.0203125 0.027083333333333334
5 0.5 0.8072916666666666 0.01875 0.035416666666666666
4 0.465625 0.7791666666666667 0.0125 0.025
4 0.37890625 0.46041666666666664 0.0078125 0.008333333333333333
4 0.421875 0.23229166666666667 0.00625 0.014583333333333334
4 0.4109375 0.4864583333333333 0.00625 0.010416666666666666
4 0.4015625 0.4864583333333333 0.00625 0.014583333333333334
4 0.82578125 0.13541666666666666 0.0078125 0.016666666666666666
1 0.44296875 0.2635416666666667 0.0390625 0.027083333333333334
1 0.44296875 0.240625 0.0328125 0.01875
