1 0.69921875 0.78125 0.0453125 0.07916666666666666







1 0.709375 0.39166666666666666 0.0375 0.041666666666666664
1 0.90625 0.43125 0.034375 0.029166666666666667
3 0.81484375 0.42083333333333334 0.0734375 0.04583333333333333
1 0.709375 0.39166666666666666 0.0375 0.041666666666666664
1 0.38359375 0.078125 0.0328125 0.03125
1 0.384375 0.06979166666666667 0.03125 0.027083333333333334





5 0.65546875 0.11770833333333333 0.0046875 0.00625
1 0.665625 0.12395833333333334 0.015625 0.022916666666666665
1 0.653125 0.09166666666666666 0.0125 0.016666666666666666
5 0.7734375 0.3145833333333333 0.028125 0.025
5 0.78203125 0.3177083333333333 0.0109375 0.014583333333333334
5 0.79921875 0.2760416666666667 0.0078125 0.014583333333333334
5 0.84609375 0.21354166666666666 0.0078125 0.010416666666666666
5 0.85625 0.20208333333333334 0.00625 0.008333333333333333
5 0.8578125 0.19375 0.009375 0.016666666666666666
1 0.821875 0.271875 0.025 0.027083333333333334
1 0.84921875 0.25 0.0265625 0.029166666666666667
1 0.86953125 0.22916666666666666 0.0203125 0.025
1 0.89375 0.20625 0.021875 0.025
1 0.9109375 0.18020833333333333 0.021875 0.027083333333333334
3 0.94140625 0.14270833333333333 0.0421875 0.05625
1 0.9640625 0.11770833333333333 0.0125 0.010416666666666666
1 0.97265625 0.10625 0.0140625 0.0125
1 0.98828125 0.0875 0.0140625 0.0125
1 0.996875 0.10625 0.00625 0.016666666666666666
1 0.978125 0.1375 0.015625 0.020833333333333332
1 0.95859375 0.16666666666666666 0.0203125 0.025
1 0.928125 0.19583333333333333 0.01875 0.020833333333333332
1 0.91015625 0.21979166666666666 0.0203125 0.027083333333333334
1 0.88828125 0.24166666666666667 0.0234375 0.029166666666666667
1 0.8625 0.26666666666666666 0.025 0.025
1 0.8375 0.28541666666666665 0.03125 0.03333333333333333
1 0.84453125 0.31145833333333334 0.0296875 0.035416666666666666
3 0.88046875 0.2760416666666667 0.0359375 0.04375
1 0.91328125 0.253125 0.0203125 0.022916666666666665
3 0.9484375 0.20104166666666667 0.046875 0.06041666666666667
1 0.97421875 0.17916666666666667 0.0140625 0.020833333333333332
1 0.98984375 0.159375 0.0203125 0.022916666666666665
1 0.87734375 0.3145833333333333 0.0265625 0.025
1 0.91015625 0.28229166666666666 0.0203125 0.022916666666666665
1 0.92890625 0.2604166666666667 0.0203125 0.020833333333333332
1 0.9484375 0.24375 0.01875 0.020833333333333332
1 0.975 0.21458333333333332 0.021875 0.029166666666666667
1 0.996875 0.17708333333333334 0.00625 0.016666666666666666
1 0.8796875 0.346875 0.03125 0.035416666666666666
1 0.91328125 0.3145833333333333 0.0265625 0.03333333333333333
1 0.9375 0.2864583333333333 0.025 0.027083333333333334
1 0.959375 0.25833333333333336 0.01875 0.020833333333333332
1 0.97890625 0.24479166666666666 0.0203125 0.027083333333333334
1 0.90625 0.359375 0.028125 0.035416666666666666
1 0.93359375 0.33125 0.0265625 0.03333333333333333

1 0.95625 0.30833333333333335 0.025 0.029166666666666667



4 0.74765625 0.30625 0.0140625 0.016666666666666666


5 0.5125 0.8427083333333333 0.0125 0.027083333333333334
4 0.2421875 0.6322916666666667 0.0125 0.022916666666666665
4 0.37421875 0.4625 0.0078125 0.008333333333333333
4 0.41953125 0.23645833333333333 0.0140625 0.01875
4 0.40703125 0.4875 0.0109375 0.0125
4 0.41328125 0.47708333333333336 0.0046875 0.008333333333333333
4 0.76953125 0.13854166666666667 0.0078125 0.010416666666666666
1 0.440625 0.2625 0.040625 0.029166666666666667
1 0.4421875 0.24166666666666667 0.028125 0.020833333333333332
