1 0.73046875 0.8604166666666667 0.0515625 0.09166666666666666







1 0.7328125 0.40625 0.040625 0.041666666666666664
1 0.940625 0.42083333333333334 0.034375 0.025
3 0.85078125 0.42291666666666666 0.0734375 0.0375
1 0.73359375 0.40625 0.0390625 0.041666666666666664
1 0.38359375 0.07708333333333334 0.0328125 0.03333333333333333
1 0.384375 0.06979166666666667 0.03125 0.027083333333333334





5 0.65625 0.121875 0.00625 0.014583333333333334
1 0.6671875 0.12291666666666666 0.01875 0.025
1 0.653125 0.09270833333333334 0.0125 0.01875
5 0.7734375 0.315625 0.028125 0.022916666666666665
5 0.78203125 0.3177083333333333 0.0109375 0.014583333333333334
5 0.79765625 0.29270833333333335 0.0078125 0.01875
5 0.84609375 0.21354166666666666 0.0078125 0.010416666666666666
5 0.85625 0.203125 0.00625 0.00625
5 0.8578125 0.19375 0.009375 0.016666666666666666
1 0.821875 0.27291666666666664 0.025 0.029166666666666667
1 0.85 0.25104166666666666 0.025 0.03125
1 0.8703125 0.228125 0.01875 0.022916666666666665
1 0.89375 0.20520833333333333 0.021875 0.022916666666666665
1 0.9109375 0.18020833333333333 0.021875 0.027083333333333334
3 0.94140625 0.14270833333333333 0.0421875 0.05625
1 0.9640625 0.11875 0.0125 0.0125
1 0.97421875 0.10625 0.0140625 0.0125
1 0.98828125 0.0875 0.0140625 0.0125
1 0.996875 0.10729166666666666 0.00625 0.01875
1 0.978125 0.13854166666666667 0.015625 0.022916666666666665
1 0.959375 0.16770833333333332 0.01875 0.027083333333333334
1 0.9296875 0.196875 0.01875 0.022916666666666665
1 0.91015625 0.21979166666666666 0.0203125 0.027083333333333334
1 0.88828125 0.24166666666666667 0.0234375 0.029166666666666667
1 0.86328125 0.26666666666666666 0.0234375 0.025
1 0.83828125 0.28541666666666665 0.0296875 0.03333333333333333
1 0.8453125 0.31145833333333334 0.03125 0.035416666666666666
3 0.88046875 0.2760416666666667 0.0359375 0.04375
1 0.91328125 0.253125 0.0203125 0.022916666666666665
3 0.95 0.20104166666666667 0.046875 0.06041666666666667
1 0.975 0.18020833333333333 0.015625 0.022916666666666665
1 0.990625 0.159375 0.01875 0.022916666666666665
1 0.878125 0.3145833333333333 0.025 0.025
1 0.9109375 0.2833333333333333 0.021875 0.025
1 0.92890625 0.2604166666666667 0.0203125 0.020833333333333332
1 0.95 0.24375 0.01875 0.020833333333333332
1 0.975 0.21458333333333332 0.021875 0.029166666666666667
1 0.996875 0.178125 0.00625 0.01875
1 0.88125 0.346875 0.03125 0.035416666666666666
1 0.9140625 0.3145833333333333 0.028125 0.03333333333333333
1 0.93828125 0.28541666666666665 0.0234375 0.029166666666666667
1 0.959375 0.25833333333333336 0.01875 0.020833333333333332
1 0.97890625 0.24479166666666666 0.0203125 0.027083333333333334
1 0.9078125 0.359375 0.028125 0.035416666666666666
1 0.934375 0.3302083333333333 0.028125 0.035416666666666666

1 0.95703125 0.30833333333333335 0.0234375 0.029166666666666667



4 0.74765625 0.3072916666666667 0.0171875 0.01875


5 0.5171875 0.8583333333333333 0.0125 0.029166666666666667
4 0.22890625 0.6322916666666667 0.0109375 0.022916666666666665
4 0.375 0.4625 0.00625 0.008333333333333333
4 0.41796875 0.23854166666666668 0.0140625 0.022916666666666665
4 0.409375 0.4875 0.00625 0.008333333333333333
4 0.4140625 0.47708333333333336 0.00625 0.008333333333333333
4 0.771875 0.140625 0.009375 0.00625
1 0.440625 0.26458333333333334 0.040625 0.029166666666666667
1 0.4421875 0.24166666666666667 0.028125 0.020833333333333332
