1 0.7375 0.878125 0.05 0.08958333333333333
1 0.546875 0.35833333333333334 0.053125 0.0875






1 0.7390625 0.4083333333333333 0.040625 0.041666666666666664
1 0.9484375 0.4166666666666667 0.034375 0.025
3 0.85859375 0.42291666666666666 0.0703125 0.0375
1 0.7390625 0.4083333333333333 0.040625 0.0375
1 0.38359375 0.07708333333333334 0.0328125 0.03333333333333333
1 0.384375 0.06979166666666667 0.03125 0.027083333333333334





5 0.65703125 0.12083333333333333 0.0046875 0.0125
1 0.66796875 0.12291666666666666 0.0171875 0.025
1 0.65390625 0.09270833333333334 0.0140625 0.01875
5 0.77421875 0.315625 0.0265625 0.022916666666666665
5 0.78125 0.31875 0.0125 0.016666666666666666
5 0.79921875 0.29791666666666666 0.0078125 0.016666666666666666
5 0.84609375 0.21354166666666666 0.0078125 0.010416666666666666
5 0.85625 0.203125 0.00625 0.00625
5 0.859375 0.19270833333333334 0.00625 0.014583333333333334
1 0.821875 0.271875 0.025 0.027083333333333334
1 0.85 0.25104166666666666 0.025 0.03125
1 0.86953125 0.228125 0.0203125 0.022916666666666665
1 0.89375 0.20520833333333333 0.021875 0.022916666666666665
1 0.91171875 0.18020833333333333 0.0234375 0.027083333333333334
3 0.9421875 0.14270833333333333 0.040625 0.05625
1 0.9640625 0.11770833333333333 0.0125 0.010416666666666666
1 0.97421875 0.10625 0.0140625 0.0125
1 0.98828125 0.0875 0.0140625 0.0125
1 0.996875 0.10729166666666666 0.00625 0.01875
1 0.978125 0.13854166666666667 0.015625 0.022916666666666665
1 0.959375 0.16770833333333332 0.01875 0.027083333333333334
1 0.9296875 0.19583333333333333 0.01875 0.020833333333333332
1 0.91015625 0.21979166666666666 0.0203125 0.027083333333333334
1 0.88828125 0.24166666666666667 0.0234375 0.029166666666666667
1 0.86328125 0.26666666666666666 0.0234375 0.025
1 0.83828125 0.28541666666666665 0.0296875 0.03333333333333333
1 0.8453125 0.31145833333333334 0.03125 0.035416666666666666
3 0.88046875 0.2760416666666667 0.0359375 0.04375
1 0.91328125 0.253125 0.0203125 0.022916666666666665
3 0.94921875 0.20104166666666667 0.0453125 0.06041666666666667
1 0.97421875 0.18020833333333333 0.0171875 0.022916666666666665
1 0.990625 0.159375 0.01875 0.022916666666666665
1 0.87734375 0.31666666666666665 0.0265625 0.029166666666666667
1 0.9109375 0.28229166666666666 0.021875 0.022916666666666665
1 0.92890625 0.26145833333333335 0.0203125 0.022916666666666665
1 0.95 0.24375 0.01875 0.020833333333333332
1 0.975 0.21458333333333332 0.021875 0.029166666666666667
1 0.996875 0.178125 0.00625 0.01875
1 0.88046875 0.346875 0.0296875 0.035416666666666666
1 0.9140625 0.315625 0.028125 0.03125
1 0.93828125 0.28541666666666665 0.0234375 0.029166666666666667
1 0.959375 0.25833333333333336 0.01875 0.020833333333333332
1 0.97890625 0.24479166666666666 0.0203125 0.027083333333333334
1 0.9078125 0.359375 0.028125 0.035416666666666666
1 0.93359375 0.3302083333333333 0.0265625 0.03125

1 0.95703125 0.309375 0.0234375 0.03125



4 0.746875 0.3072916666666667 0.015625 0.014583333333333334


5 0.51796875 0.859375 0.0140625 0.027083333333333334
4 0.225 0.63125 0.009375 0.020833333333333332
4 0.375 0.4625 0.00625 0.008333333333333333
4 0.41953125 0.23854166666666668 0.0171875 0.022916666666666665
4 0.409375 0.4875 0.00625 0.008333333333333333
4 0.41328125 0.4791666666666667 0.0046875 0.008333333333333333
4 0.77109375 0.140625 0.0078125 0.00625
1 0.440625 0.265625 0.040625 0.027083333333333334
1 0.4421875 0.24270833333333333 0.028125 0.022916666666666665
