1 0.76328125 0.934375 0.0546875 0.09791666666666667
1 0.5640625 0.38333333333333336 0.025 0.07916666666666666






1 0.759375 0.4166666666666667 0.04375 0.041666666666666664
1 0.9703125 0.40729166666666666 0.03125 0.027083333333333334
3 0.87890625 0.42291666666666666 0.0578125 0.0375
1 0.759375 0.4166666666666667 0.04375 0.0375
1 0.38359375 0.07708333333333334 0.0328125 0.03333333333333333
1 0.384375 0.06979166666666667 0.03125 0.027083333333333334





5 0.65625 0.11979166666666667 0.00625 0.014583333333333334
1 0.66796875 0.12291666666666666 0.0171875 0.025
1 0.65390625 0.09166666666666666 0.0140625 0.016666666666666666
5 0.77578125 0.315625 0.0234375 0.022916666666666665
5 0.78203125 0.3177083333333333 0.0109375 0.014583333333333334
5 0.803125 0.31145833333333334 0.009375 0.01875
5 0.84765625 0.21354166666666666 0.0078125 0.010416666666666666
5 0.85703125 0.20208333333333334 0.0078125 0.008333333333333333
5 0.86015625 0.19166666666666668 0.0078125 0.0125
1 0.82265625 0.271875 0.0265625 0.027083333333333334
1 0.85 0.25104166666666666 0.025 0.03125
1 0.8703125 0.228125 0.01875 0.022916666666666665
1 0.89375 0.20625 0.021875 0.025
1 0.91171875 0.18020833333333333 0.0234375 0.027083333333333334
3 0.9421875 0.14270833333333333 0.040625 0.05625
1 0.9640625 0.11770833333333333 0.0125 0.010416666666666666
1 0.97421875 0.10625 0.0140625 0.0125
1 0.98828125 0.0875 0.0140625 0.0125
1 0.996875 0.10729166666666666 0.00625 0.01875
1 0.978125 0.1375 0.015625 0.020833333333333332
1 0.959375 0.16770833333333332 0.01875 0.027083333333333334
1 0.9296875 0.196875 0.01875 0.022916666666666665
1 0.9109375 0.21875 0.021875 0.025
1 0.8890625 0.24166666666666667 0.021875 0.029166666666666667
1 0.86328125 0.26666666666666666 0.0234375 0.025
1 0.8390625 0.28541666666666665 0.03125 0.03333333333333333
1 0.8453125 0.3104166666666667 0.03125 0.0375
3 0.88046875 0.2760416666666667 0.0359375 0.04375
1 0.91328125 0.253125 0.0203125 0.022916666666666665
3 0.94921875 0.20104166666666667 0.0453125 0.06041666666666667
1 0.97578125 0.178125 0.0140625 0.01875
1 0.990625 0.159375 0.01875 0.022916666666666665
1 0.878125 0.3145833333333333 0.025 0.025
1 0.9109375 0.28229166666666666 0.021875 0.022916666666666665
1 0.9296875 0.26145833333333335 0.021875 0.022916666666666665
1 0.95 0.24375 0.01875 0.020833333333333332
1 0.97578125 0.21458333333333332 0.0203125 0.029166666666666667
1 0.996875 0.178125 0.00625 0.01875
1 0.88125 0.346875 0.03125 0.035416666666666666
1 0.91484375 0.3145833333333333 0.0265625 0.03333333333333333
1 0.93828125 0.28541666666666665 0.0234375 0.029166666666666667
1 0.96015625 0.25833333333333336 0.0171875 0.020833333333333332
1 0.97890625 0.24375 0.0203125 0.025
1 0.9078125 0.359375 0.028125 0.035416666666666666
1 0.93359375 0.33125 0.0265625 0.03333333333333333

1 0.9578125 0.30833333333333335 0.025 0.03333333333333333



4 0.74765625 0.3072916666666667 0.0171875 0.01875


5 0.52109375 0.8677083333333333 0.0140625 0.027083333333333334
4 0.21328125 0.6302083333333334 0.0109375 0.022916666666666665
4 0.375 0.4625 0.00625 0.008333333333333333
4 0.41953125 0.23854166666666668 0.0171875 0.022916666666666665
4 0.409375 0.4875 0.00625 0.008333333333333333
4 0.41328125 0.4791666666666667 0.0046875 0.008333333333333333
4 0.77265625 0.140625 0.0078125 0.00625
1 0.440625 0.265625 0.040625 0.027083333333333334
1 0.4421875 0.24166666666666667 0.028125 0.020833333333333332
