1 0.53671875 0.128125 0.0171875 0.022916666666666665
1 0.5875 0.26145833333333335 0.01875 0.03125
1 0.5796875 0.23229166666666667 0.015625 0.022916666666666665
1 0.5703125 0.19166666666666668 0.015625 0.029166666666666667
1 0.56328125 0.16354166666666667 0.0140625 0.022916666666666665
1 0.5578125 0.14375 0.0125 0.016666666666666666
1 0.60703125 0.246875 0.0203125 0.035416666666666666
1 0.596875 0.21458333333333332 0.015625 0.025
1 0.59140625 0.18958333333333333 0.0171875 0.029166666666666667
1 0.58203125 0.165625 0.0140625 0.022916666666666665
3 0.57734375 0.13020833333333334 0.0203125 0.04375
1 0.56796875 0.10833333333333334 0.0203125 0.03333333333333333
1 0.38359375 0.07604166666666666 0.0328125 0.03125
1 0.384375 0.06875 0.03125 0.025
1 0.58203125 0.06041666666666667 0.0140625 0.025
1 0.59296875 0.009375 0.0140625 0.01875
1 0.5609375 0.004166666666666667 0.015625 0.008333333333333333
1 0.575 0.003125 0.0125 0.00625
1 0.59296875 0.008333333333333333 0.0140625 0.016666666666666666
5 0.6296875 0.06041666666666667 0.00625 0.008333333333333333
1 0.66875 0.11875 0.01875 0.025
1 0.6546875 0.0875 0.0125 0.016666666666666666
5 0.759375 0.2947916666666667 0.015625 0.01875
5 0.7890625 0.28854166666666664 0.009375 0.022916666666666665
5 0.80859375 0.2552083333333333 0.0140625 0.01875
5 0.803125 0.2625 0.015625 0.029166666666666667
5 0.8515625 0.203125 0.0125 0.014583333333333334
5 0.896875 0.16354166666666667 0.009375 0.014583333333333334
1 0.825 0.26666666666666666 0.025 0.029166666666666667
1 0.85 0.24375 0.025 0.029166666666666667
1 0.87265625 0.22083333333333333 0.0203125 0.025
1 0.8953125 0.19895833333333332 0.021875 0.022916666666666665
1 0.91328125 0.17395833333333333 0.0234375 0.027083333333333334
3 0.9453125 0.13541666666666666 0.04375 0.05416666666666667
1 0.9671875 0.11145833333333334 0.015625 0.01875
1 0.97578125 0.09791666666666667 0.0109375 0.0125
1 0.99140625 0.07708333333333334 0.0171875 0.016666666666666666
1 0.99296875 0.10729166666666666 0.0140625 0.01875
1 0.9796875 0.12916666666666668 0.015625 0.020833333333333332
1 0.96171875 0.15833333333333333 0.0203125 0.029166666666666667
1 0.9359375 0.18333333333333332 0.01875 0.020833333333333332
1 0.91484375 0.21145833333333333 0.0203125 0.027083333333333334
1 0.890625 0.23541666666666666 0.021875 0.025
1 0.8640625 0.26145833333333335 0.021875 0.022916666666666665
1 0.84140625 0.28020833333333334 0.0328125 0.03958333333333333
1 0.846875 0.30520833333333336 0.03125 0.03958333333333333
3 0.88203125 0.26979166666666665 0.0359375 0.04375
1 0.9140625 0.24583333333333332 0.021875 0.025
3 0.94921875 0.19375 0.0421875 0.058333333333333334
1 0.9765625 0.17083333333333334 0.015625 0.020833333333333332
1 0.99140625 0.15104166666666666 0.0171875 0.022916666666666665
1 0.87890625 0.31145833333333334 0.0265625 0.03125
1 0.9125 0.2760416666666667 0.021875 0.027083333333333334
1 0.93125 0.2552083333333333 0.021875 0.022916666666666665
1 0.95234375 0.2375 0.0203125 0.020833333333333332
1 0.978125 0.20520833333333333 0.021875 0.03125
1 0.99140625 0.18333333333333332 0.0171875 0.020833333333333332
1 0.884375 0.3416666666666667 0.03125 0.0375
1 0.91796875 0.3072916666666667 0.0265625 0.03125
1 0.94140625 0.28020833333333334 0.0234375 0.03125
1 0.96328125 0.25104166666666666 0.0171875 0.01875
1 0.98359375 0.23541666666666666 0.0203125 0.025
1 0.91171875 0.3541666666666667 0.0296875 0.0375
1 0.93671875 0.325 0.0265625 0.03333333333333333

1 0.97265625 0.28541666666666665 0.0234375 0.029166666666666667

5 0.9921875 0.815625 0.015625 0.027083333333333334
5 0.7515625 0.3625 0.009375 0.020833333333333332
4 0.7953125 0.3458333333333333 0.009375 0.020833333333333332
5 0.6125 0.004166666666666667 0.00625 0.008333333333333333
5 0.4171875 0.775 0.025 0.025
5 0.48828125 0.7947916666666667 0.0203125 0.03958333333333333
4 0.459375 0.76875 0.009375 0.025
4 0.3765625 0.46458333333333335 0.009375 0.008333333333333333
4 0.42109375 0.23541666666666666 0.0078125 0.020833333333333332
4 0.4109375 0.48854166666666665 0.00625 0.010416666666666666
4 0.40078125 0.4895833333333333 0.0078125 0.016666666666666666
4 0.8171875 0.13854166666666667 0.021875 0.010416666666666666
1 0.44140625 0.26458333333333334 0.0390625 0.029166666666666667
1 0.4421875 0.24270833333333333 0.03125 0.01875
