1 0.80390625 0.9947916666666666 0.0234375 0.010416666666666666
1 0.5609375 0.4375 0.01875 0.029166666666666667






1 0.7953125 0.42604166666666665 0.046875 0.035416666666666666
1 0.99609375 0.3885416666666667 0.0078125 0.022916666666666665
3 0.92578125 0.4125 0.0609375 0.04583333333333333
1 0.79609375 0.4270833333333333 0.0453125 0.03333333333333333
1 0.38359375 0.07708333333333334 0.0328125 0.03333333333333333
1 0.384375 0.06979166666666667 0.03125 0.027083333333333334





5 0.65703125 0.11875 0.0078125 0.025
1 0.66796875 0.12291666666666666 0.0171875 0.025
1 0.65390625 0.09166666666666666 0.0140625 0.016666666666666666
5 0.77734375 0.31666666666666665 0.0203125 0.020833333333333332
5 0.7828125 0.3177083333333333 0.009375 0.014583333333333334
5 0.81796875 0.334375 0.0109375 0.01875
5 0.846875 0.21354166666666666 0.00625 0.010416666666666666
5 0.85625 0.203125 0.00625 0.00625
5 0.859375 0.19270833333333334 0.009375 0.01875
1 0.8234375 0.271875 0.025 0.027083333333333334
1 0.85 0.25104166666666666 0.025 0.03125
1 0.87109375 0.22916666666666666 0.0203125 0.025
1 0.8953125 0.20520833333333333 0.021875 0.022916666666666665
1 0.91171875 0.18020833333333333 0.0234375 0.027083333333333334
3 0.9421875 0.14270833333333333 0.040625 0.05625
1 0.96484375 0.11875 0.0140625 0.0125
1 0.975 0.10729166666666666 0.0125 0.014583333333333334
1 0.98828125 0.0875 0.0140625 0.0125
1 0.996875 0.109375 0.00625 0.01875
1 0.978125 0.1375 0.015625 0.020833333333333332
1 0.959375 0.16770833333333332 0.01875 0.027083333333333334
1 0.9296875 0.19583333333333333 0.01875 0.020833333333333332
1 0.91171875 0.21875 0.0203125 0.025
1 0.88984375 0.24166666666666667 0.0234375 0.029166666666666667
1 0.86328125 0.2677083333333333 0.0234375 0.027083333333333334
1 0.8390625 0.28541666666666665 0.03125 0.03333333333333333
1 0.8453125 0.3104166666666667 0.03125 0.0375
3 0.88125 0.2760416666666667 0.034375 0.04375
1 0.91328125 0.253125 0.0203125 0.022916666666666665
3 0.94921875 0.20104166666666667 0.0453125 0.06041666666666667
1 0.975 0.18020833333333333 0.015625 0.022916666666666665
1 0.990625 0.159375 0.01875 0.022916666666666665
1 0.87890625 0.3145833333333333 0.0265625 0.025
1 0.9109375 0.28229166666666666 0.021875 0.022916666666666665
1 0.9296875 0.2604166666666667 0.021875 0.020833333333333332
1 0.95 0.24479166666666666 0.01875 0.01875
1 0.97578125 0.21458333333333332 0.0203125 0.029166666666666667
1 0.996875 0.17708333333333334 0.00625 0.016666666666666666
1 0.88203125 0.346875 0.0296875 0.035416666666666666
1 0.91484375 0.3145833333333333 0.0265625 0.03333333333333333
1 0.93828125 0.28541666666666665 0.0234375 0.029166666666666667
1 0.9609375 0.25833333333333336 0.01875 0.020833333333333332
1 0.98046875 0.24479166666666666 0.0203125 0.027083333333333334
1 0.9078125 0.359375 0.028125 0.035416666666666666
1 0.934375 0.33125 0.028125 0.03333333333333333

1 0.95703125 0.3072916666666667 0.0234375 0.03125



4 0.74921875 0.30625 0.0171875 0.016666666666666666


5 0.52890625 0.8833333333333333 0.0140625 0.029166666666666667
4 0.2 0.625 0.009375 0.020833333333333332
4 0.375 0.4625 0.00625 0.008333333333333333
4 0.40234375 0.2520833333333333 0.0109375 0.020833333333333332
4 0.409375 0.4875 0.00625 0.008333333333333333
4 0.41328125 0.48020833333333335 0.0046875 0.00625
4 0.771875 0.13958333333333334 0.009375 0.008333333333333333
1 0.440625 0.26666666666666666 0.040625 0.029166666666666667
1 0.4421875 0.24270833333333333 0.03125 0.022916666666666665
