
1 0.56171875 0.44166666666666665 0.0234375 0.0375






1 0.803125 0.42916666666666664 0.046875 0.03333333333333333
1 0.9984375 0.38958333333333334 0.003125 0.016666666666666666
3 0.934375 0.4083333333333333 0.059375 0.05
1 0.80234375 0.428125 0.0453125 0.03125
1 0.384375 0.07708333333333334 0.03125 0.03333333333333333
1 0.384375 0.06979166666666667 0.03125 0.027083333333333334





5 0.6578125 0.121875 0.009375 0.01875
1 0.66875 0.121875 0.01875 0.027083333333333334
1 0.65390625 0.09166666666666666 0.0140625 0.016666666666666666
5 0.77734375 0.31666666666666665 0.0203125 0.020833333333333332
5 0.7828125 0.3177083333333333 0.009375 0.014583333333333334
5 0.8203125 0.3385416666666667 0.0125 0.01875
5 0.846875 0.21354166666666666 0.00625 0.010416666666666666
5 0.85703125 0.203125 0.0078125 0.00625
5 0.85859375 0.19270833333333334 0.0109375 0.01875
1 0.8234375 0.27291666666666664 0.025 0.029166666666666667
1 0.85 0.25104166666666666 0.025 0.03125
1 0.87109375 0.22916666666666666 0.0203125 0.025
1 0.8953125 0.20520833333333333 0.021875 0.022916666666666665
1 0.91171875 0.18020833333333333 0.0234375 0.027083333333333334
3 0.94296875 0.14270833333333333 0.0421875 0.05625
1 0.96484375 0.11875 0.0140625 0.0125
1 0.975 0.10729166666666666 0.0125 0.014583333333333334
1 0.9890625 0.0875 0.0125 0.0125
1 0.996875 0.10833333333333334 0.00625 0.016666666666666666
1 0.978125 0.1375 0.01875 0.025
1 0.959375 0.16770833333333332 0.01875 0.027083333333333334
1 0.93046875 0.19583333333333333 0.0203125 0.020833333333333332
1 0.91171875 0.21770833333333334 0.0203125 0.027083333333333334
1 0.88984375 0.24270833333333333 0.0234375 0.027083333333333334
1 0.86328125 0.2677083333333333 0.0234375 0.027083333333333334
1 0.83984375 0.28541666666666665 0.0328125 0.03333333333333333
1 0.8453125 0.31145833333333334 0.03125 0.035416666666666666
3 0.88125 0.2760416666666667 0.034375 0.04375
1 0.9140625 0.253125 0.01875 0.022916666666666665
3 0.94921875 0.20104166666666667 0.0453125 0.06041666666666667
1 0.97578125 0.18020833333333333 0.0171875 0.022916666666666665
1 0.990625 0.159375 0.01875 0.022916666666666665
1 0.878125 0.31666666666666665 0.028125 0.029166666666666667
1 0.9109375 0.2833333333333333 0.021875 0.025
1 0.9296875 0.26145833333333335 0.021875 0.022916666666666665
1 0.95 0.24479166666666666 0.01875 0.01875
1 0.9765625 0.21458333333333332 0.021875 0.029166666666666667
1 0.9921875 0.18854166666666666 0.015625 0.027083333333333334
1 0.88125 0.3458333333333333 0.03125 0.0375
1 0.91484375 0.3145833333333333 0.0265625 0.03333333333333333
1 0.93828125 0.2864583333333333 0.0234375 0.03125
1 0.9609375 0.25833333333333336 0.01875 0.020833333333333332
1 0.98046875 0.24479166666666666 0.0203125 0.027083333333333334
1 0.90703125 0.359375 0.0296875 0.035416666666666666
1 0.93515625 0.33125 0.0265625 0.03333333333333333

1 0.9578125 0.3072916666666667 0.021875 0.027083333333333334



4 0.74921875 0.3072916666666667 0.0203125 0.01875


5 0.52890625 0.8854166666666666 0.0171875 0.029166666666666667
4 0.1953125 0.625 0.0125 0.025
4 0.37578125 0.4625 0.0078125 0.008333333333333333
4 0.4015625 0.2520833333333333 0.009375 0.020833333333333332
4 0.41015625 0.4864583333333333 0.0078125 0.010416666666666666
4 0.4125 0.48020833333333335 0.00625 0.00625
4 0.771875 0.13958333333333334 0.009375 0.008333333333333333
1 0.440625 0.265625 0.040625 0.027083333333333334
1 0.4421875 0.24270833333333333 0.03125 0.022916666666666665
