1 0.5359375 0.128125 0.01875 0.022916666666666665
1 0.5875 0.26145833333333335 0.01875 0.03125
1 0.5796875 0.23229166666666667 0.015625 0.022916666666666665
1 0.56953125 0.19166666666666668 0.0140625 0.029166666666666667
1 0.56328125 0.16354166666666667 0.0140625 0.022916666666666665
1 0.559375 0.14479166666666668 0.0125 0.01875
1 0.60703125 0.24791666666666667 0.0203125 0.0375
1 0.59609375 0.215625 0.0171875 0.027083333333333334
1 0.5921875 0.190625 0.01875 0.03125
1 0.58203125 0.165625 0.0140625 0.022916666666666665
3 0.57734375 0.13020833333333334 0.0203125 0.04375
1 0.56796875 0.10833333333333334 0.0203125 0.03333333333333333
1 0.384375 0.07604166666666666 0.034375 0.03125
1 0.384375 0.06875 0.03125 0.025
1 0.58125 0.058333333333333334 0.015625 0.025
1 0.5921875 0.00625 0.0125 0.0125
1 0.559375 0.003125 0.0125 0.00625
1 0.575 0.0020833333333333333 0.009375 0.004166666666666667
1 0.59140625 0.007291666666666667 0.0140625 0.014583333333333334
5 0.62890625 0.058333333333333334 0.0078125 0.0125
1 0.66875 0.11875 0.01875 0.025
1 0.6546875 0.08854166666666667 0.0125 0.01875
5 0.76171875 0.2947916666666667 0.0203125 0.01875
5 0.78984375 0.28958333333333336 0.0078125 0.020833333333333332
5 0.80703125 0.2552083333333333 0.0109375 0.01875
5 0.7953125 0.27708333333333335 0.021875 0.04583333333333333
5 0.8515625 0.203125 0.0125 0.014583333333333334
5 0.8953125 0.1625 0.009375 0.016666666666666666
1 0.825 0.26666666666666666 0.025 0.029166666666666667
1 0.84921875 0.24375 0.0265625 0.029166666666666667
1 0.87265625 0.22083333333333333 0.0203125 0.025
1 0.8953125 0.19895833333333332 0.021875 0.022916666666666665
1 0.91328125 0.17291666666666666 0.0234375 0.029166666666666667
3 0.9453125 0.13541666666666666 0.04375 0.05416666666666667
1 0.9671875 0.11145833333333334 0.015625 0.01875
1 0.97578125 0.09791666666666667 0.0109375 0.0125
1 0.99140625 0.07708333333333334 0.0171875 0.016666666666666666
1 0.99296875 0.10729166666666666 0.0140625 0.01875
1 0.97890625 0.12916666666666668 0.0171875 0.020833333333333332
1 0.96171875 0.15729166666666666 0.0203125 0.027083333333333334
1 0.9359375 0.18333333333333332 0.01875 0.020833333333333332
1 0.91484375 0.21145833333333333 0.0203125 0.027083333333333334
1 0.890625 0.23541666666666666 0.021875 0.025
1 0.8640625 0.26145833333333335 0.021875 0.022916666666666665
1 0.84140625 0.28020833333333334 0.0328125 0.03958333333333333
1 0.846875 0.30520833333333336 0.03125 0.03958333333333333
3 0.88203125 0.26979166666666665 0.0359375 0.04375
1 0.9140625 0.246875 0.021875 0.027083333333333334
3 0.94921875 0.19375 0.0421875 0.058333333333333334
1 0.9765625 0.17083333333333334 0.015625 0.020833333333333332
1 0.99140625 0.15104166666666666 0.0171875 0.022916666666666665
1 0.87890625 0.31145833333333334 0.0265625 0.03125
1 0.9125 0.2760416666666667 0.021875 0.027083333333333334
1 0.93125 0.2552083333333333 0.021875 0.022916666666666665
1 0.9515625 0.2375 0.01875 0.020833333333333332
1 0.97734375 0.20520833333333333 0.0203125 0.03125
1 0.99140625 0.18333333333333332 0.0171875 0.020833333333333332
1 0.884375 0.3416666666666667 0.03125 0.0375
1 0.91796875 0.3072916666666667 0.0265625 0.03125
1 0.940625 0.28020833333333334 0.025 0.03125
1 0.96328125 0.25104166666666666 0.0171875 0.01875
1 0.98359375 0.23541666666666666 0.0203125 0.025
1 0.91171875 0.35520833333333335 0.0296875 0.03958333333333333
1 0.93671875 0.325 0.0265625 0.03333333333333333

1 0.971875 0.28541666666666665 0.021875 0.029166666666666667

5 0.99296875 0.8197916666666667 0.0140625 0.027083333333333334
5 0.7484375 0.359375 0.0125 0.022916666666666665
4 0.7953125 0.34479166666666666 0.009375 0.022916666666666665
5 0.6109375 0.004166666666666667 0.00625 0.008333333333333333
5 0.4140625 0.7729166666666667 0.025 0.025
5 0.4875 0.7958333333333333 0.01875 0.0375
4 0.45859375 0.7677083333333333 0.0109375 0.027083333333333334
4 0.3765625 0.4635416666666667 0.009375 0.010416666666666666
4 0.42109375 0.2375 0.0078125 0.020833333333333332
4 0.4109375 0.48854166666666665 0.00625 0.010416666666666666
4 0.4015625 0.4895833333333333 0.009375 0.016666666666666666
4 0.81796875 0.13854166666666667 0.0203125 0.010416666666666666
1 0.440625 0.26458333333333334 0.040625 0.029166666666666667
1 0.440625 0.24166666666666667 0.034375 0.020833333333333332
