
1 0.5734375 0.4791666666666667 0.0125 0.025






1 0.83046875 0.43125 0.0453125 0.03333333333333333

3 0.96015625 0.396875 0.0640625 0.052083333333333336
1 0.83046875 0.43125 0.0453125 0.029166666666666667
1 0.38515625 0.07708333333333334 0.0328125 0.03333333333333333
1 0.38515625 0.06979166666666667 0.0296875 0.027083333333333334





5 0.65859375 0.12395833333333334 0.0109375 0.01875
1 0.66875 0.121875 0.01875 0.027083333333333334
1 0.6546875 0.09166666666666666 0.0125 0.016666666666666666
5 0.7796875 0.3177083333333333 0.01875 0.01875
5 0.78359375 0.3177083333333333 0.0109375 0.014583333333333334
5 0.8359375 0.35520833333333335 0.0125 0.01875
5 0.846875 0.21354166666666666 0.00625 0.010416666666666666
5 0.85703125 0.203125 0.0078125 0.00625
5 0.859375 0.19375 0.0125 0.016666666666666666
1 0.82421875 0.271875 0.0265625 0.03125
1 0.85078125 0.25 0.0265625 0.029166666666666667
1 0.87109375 0.22916666666666666 0.0203125 0.025
1 0.89453125 0.20520833333333333 0.0203125 0.022916666666666665
1 0.9125 0.18020833333333333 0.021875 0.027083333333333334
3 0.94375 0.14270833333333333 0.040625 0.05625
1 0.965625 0.11875 0.0125 0.0125
1 0.975 0.10729166666666666 0.0125 0.014583333333333334
1 0.98984375 0.0875 0.0140625 0.0125
1 0.99609375 0.109375 0.0078125 0.01875
1 0.97890625 0.1375 0.0171875 0.025
1 0.959375 0.16770833333333332 0.01875 0.027083333333333334
1 0.93046875 0.19583333333333333 0.0203125 0.020833333333333332
1 0.91171875 0.21875 0.0203125 0.025
1 0.890625 0.24166666666666667 0.021875 0.029166666666666667
1 0.8640625 0.2677083333333333 0.021875 0.027083333333333334
1 0.840625 0.28541666666666665 0.03125 0.03333333333333333
1 0.84609375 0.3104166666666667 0.0296875 0.0375
3 0.88125 0.2760416666666667 0.034375 0.04375
1 0.9140625 0.2520833333333333 0.01875 0.025
3 0.94921875 0.20208333333333334 0.0453125 0.0625
1 0.97734375 0.178125 0.0140625 0.01875
1 0.990625 0.159375 0.01875 0.022916666666666665
1 0.878125 0.315625 0.028125 0.03125
1 0.91171875 0.28229166666666666 0.0203125 0.022916666666666665
1 0.9296875 0.26145833333333335 0.021875 0.022916666666666665
1 0.95 0.24479166666666666 0.01875 0.01875
1 0.9765625 0.21458333333333332 0.021875 0.029166666666666667
1 0.990625 0.190625 0.01875 0.027083333333333334
1 0.88125 0.346875 0.03125 0.03958333333333333
1 0.915625 0.3145833333333333 0.028125 0.03333333333333333
1 0.9390625 0.28541666666666665 0.025 0.029166666666666667
1 0.9609375 0.25833333333333336 0.01875 0.020833333333333332
1 0.98046875 0.24479166666666666 0.0203125 0.027083333333333334
1 0.9078125 0.36041666666666666 0.028125 0.0375
1 0.93515625 0.33125 0.0265625 0.03333333333333333

1 0.9578125 0.3072916666666667 0.021875 0.027083333333333334


5 0.82578125 0.38645833333333335 0.0328125 0.08541666666666667
4 0.83671875 0.3541666666666667 0.0109375 0.016666666666666666


5 0.53359375 0.8916666666666667 0.0171875 0.03333333333333333
4 0.18671875 0.628125 0.0078125 0.01875
4 0.37578125 0.4625 0.0078125 0.008333333333333333
4 0.4 0.24791666666666667 0.009375 0.025
4 0.4109375 0.4864583333333333 0.00625 0.010416666666666666
4 0.4 0.48854166666666665 0.009375 0.014583333333333334
4 0.77109375 0.13958333333333334 0.0078125 0.008333333333333333
1 0.440625 0.265625 0.040625 0.027083333333333334
1 0.4421875 0.24270833333333333 0.03125 0.022916666666666665
