1 0.5359375 0.128125 0.01875 0.022916666666666665
1 0.5875 0.26145833333333335 0.01875 0.03125
1 0.5796875 0.23229166666666667 0.015625 0.022916666666666665
1 0.56953125 0.19166666666666668 0.0140625 0.029166666666666667
1 0.56328125 0.16354166666666667 0.0140625 0.022916666666666665
1 0.559375 0.14375 0.0125 0.016666666666666666
1 0.60625 0.246875 0.021875 0.035416666666666666
1 0.59609375 0.215625 0.0171875 0.027083333333333334
1 0.5921875 0.18958333333333333 0.01875 0.029166666666666667
1 0.58203125 0.165625 0.0140625 0.022916666666666665
3 0.57734375 0.13020833333333334 0.0203125 0.04375
1 0.56796875 0.10833333333333334 0.0203125 0.03333333333333333
1 0.38359375 0.07604166666666666 0.0328125 0.03125
1 0.384375 0.06875 0.03125 0.025
1 0.58046875 0.05625 0.0171875 0.025
1 0.590625 0.00625 0.015625 0.0125
1 0.5578125 0.003125 0.0125 0.00625

1 0.59140625 0.00625 0.0140625 0.0125
5 0.62890625 0.058333333333333334 0.0046875 0.0125
1 0.66875 0.11875 0.01875 0.025
1 0.6546875 0.08854166666666667 0.0125 0.01875
5 0.759375 0.2947916666666667 0.015625 0.01875
5 0.78828125 0.290625 0.0078125 0.01875
5 0.80703125 0.25416666666666665 0.0109375 0.016666666666666666
5 0.79375 0.2791666666666667 0.01875 0.04583333333333333
5 0.8515625 0.203125 0.0125 0.014583333333333334
5 0.8953125 0.16354166666666667 0.009375 0.014583333333333334
1 0.825 0.26666666666666666 0.025 0.029166666666666667
1 0.84921875 0.24375 0.0265625 0.029166666666666667
1 0.87265625 0.22083333333333333 0.0203125 0.025
1 0.8953125 0.19895833333333332 0.021875 0.022916666666666665
1 0.91328125 0.17395833333333333 0.0234375 0.027083333333333334
3 0.94453125 0.13541666666666666 0.0421875 0.05416666666666667
1 0.9671875 0.11145833333333334 0.015625 0.01875
1 0.97578125 0.09791666666666667 0.0109375 0.0125
1 0.99140625 0.07708333333333334 0.0171875 0.016666666666666666
1 0.99296875 0.10729166666666666 0.0140625 0.01875
1 0.97890625 0.12916666666666668 0.0171875 0.020833333333333332
1 0.96171875 0.15729166666666666 0.0203125 0.027083333333333334
1 0.9359375 0.18333333333333332 0.01875 0.020833333333333332
1 0.91328125 0.21145833333333333 0.0203125 0.027083333333333334
1 0.890625 0.23541666666666666 0.021875 0.025
1 0.8640625 0.26145833333333335 0.021875 0.022916666666666665
1 0.84140625 0.28020833333333334 0.0328125 0.03958333333333333
1 0.846875 0.30520833333333336 0.03125 0.03958333333333333
3 0.88203125 0.2708333333333333 0.0359375 0.04583333333333333
1 0.9140625 0.24583333333333332 0.021875 0.025
3 0.94921875 0.19375 0.0421875 0.058333333333333334
1 0.9765625 0.17083333333333334 0.015625 0.020833333333333332
1 0.99140625 0.15104166666666666 0.0171875 0.022916666666666665
1 0.88046875 0.31145833333333334 0.0265625 0.03125
1 0.91171875 0.2760416666666667 0.0234375 0.027083333333333334
1 0.93046875 0.2552083333333333 0.0203125 0.022916666666666665
1 0.95234375 0.2375 0.0203125 0.020833333333333332
1 0.97734375 0.20520833333333333 0.0203125 0.03125
1 0.99140625 0.18333333333333332 0.0171875 0.020833333333333332
1 0.884375 0.3416666666666667 0.03125 0.0375
1 0.91796875 0.3072916666666667 0.0265625 0.03125
1 0.93984375 0.2791666666666667 0.0234375 0.029166666666666667
1 0.96328125 0.25104166666666666 0.0171875 0.01875
1 0.98359375 0.23541666666666666 0.0203125 0.025
1 0.9109375 0.35520833333333335 0.03125 0.03958333333333333
1 0.93671875 0.325 0.0265625 0.03333333333333333

1 0.97109375 0.2864583333333333 0.0234375 0.03125

5 0.9953125 0.8229166666666666 0.009375 0.025
5 0.746875 0.35625 0.0125 0.020833333333333332
4 0.7953125 0.34270833333333334 0.009375 0.01875
5 0.6109375 0.003125 0.00625 0.00625
5 0.4125 0.7729166666666667 0.025 0.025
5 0.4875 0.7958333333333333 0.01875 0.0375
4 0.45859375 0.7666666666666667 0.0109375 0.025
4 0.3765625 0.4635416666666667 0.009375 0.010416666666666666
4 0.42109375 0.23645833333333333 0.0078125 0.01875
4 0.4109375 0.48854166666666665 0.00625 0.010416666666666666
4 0.40078125 0.4895833333333333 0.0078125 0.016666666666666666
4 0.8171875 0.13854166666666667 0.021875 0.010416666666666666
1 0.440625 0.26458333333333334 0.040625 0.029166666666666667
1 0.4421875 0.24270833333333333 0.03125 0.01875
