
1 0.603125 0.48854166666666665 0.0125 0.022916666666666665






1 0.84921875 0.43125 0.0453125 0.029166666666666667

3 0.9765625 0.384375 0.046875 0.04791666666666667
1 0.85 0.43020833333333336 0.04375 0.027083333333333334
1 0.38515625 0.07708333333333334 0.0328125 0.03333333333333333
1 0.384375 0.06979166666666667 0.03125 0.027083333333333334





5 0.659375 0.125 0.0125 0.020833333333333332
1 0.66875 0.121875 0.01875 0.027083333333333334
1 0.6546875 0.09166666666666666 0.0125 0.016666666666666666
5 0.78203125 0.3177083333333333 0.0140625 0.01875
5 0.7828125 0.3177083333333333 0.0125 0.014583333333333334
5 0.8484375 0.3645833333333333 0.015625 0.020833333333333332
5 0.846875 0.215625 0.00625 0.010416666666666666
5 0.85703125 0.203125 0.0078125 0.00625
5 0.86015625 0.19375 0.0109375 0.016666666666666666
1 0.8234375 0.27291666666666664 0.025 0.029166666666666667
1 0.85078125 0.25 0.0265625 0.029166666666666667
1 0.87109375 0.22916666666666666 0.0203125 0.025
1 0.89453125 0.20520833333333333 0.0203125 0.022916666666666665
1 0.9125 0.18020833333333333 0.021875 0.027083333333333334
3 0.94375 0.14270833333333333 0.040625 0.05625
1 0.965625 0.11875 0.0125 0.0125
1 0.97578125 0.10729166666666666 0.0140625 0.014583333333333334
1 0.98984375 0.0875 0.0140625 0.0125
1 0.99609375 0.11041666666666666 0.0078125 0.016666666666666666
1 0.978125 0.13645833333333332 0.015625 0.022916666666666665
1 0.96015625 0.16770833333333332 0.0203125 0.027083333333333334
1 0.93125 0.19583333333333333 0.01875 0.020833333333333332
1 0.91171875 0.21875 0.0203125 0.025
1 0.890625 0.240625 0.021875 0.027083333333333334
1 0.8640625 0.2677083333333333 0.021875 0.027083333333333334
1 0.840625 0.284375 0.03125 0.03125
1 0.846875 0.3104166666666667 0.03125 0.0375
3 0.88125 0.2760416666666667 0.034375 0.04375
1 0.9140625 0.253125 0.01875 0.022916666666666665
3 0.94921875 0.20208333333333334 0.0453125 0.058333333333333334
1 0.9765625 0.17916666666666667 0.015625 0.020833333333333332
1 0.990625 0.159375 0.01875 0.022916666666666665
1 0.878125 0.315625 0.028125 0.03125
1 0.9125 0.28229166666666666 0.021875 0.022916666666666665
1 0.9296875 0.26145833333333335 0.021875 0.022916666666666665
1 0.9515625 0.24479166666666666 0.01875 0.01875
1 0.9765625 0.21458333333333332 0.021875 0.029166666666666667
1 0.99140625 0.18958333333333333 0.0171875 0.025
1 0.8828125 0.346875 0.03125 0.03958333333333333
1 0.915625 0.3145833333333333 0.028125 0.03333333333333333
1 0.9390625 0.28541666666666665 0.025 0.029166666666666667
1 0.9609375 0.25833333333333336 0.01875 0.020833333333333332
1 0.98046875 0.24479166666666666 0.0203125 0.027083333333333334
1 0.9078125 0.36041666666666666 0.028125 0.0375
1 0.93515625 0.33125 0.0265625 0.03333333333333333

1 0.95859375 0.30625 0.0234375 0.029166666666666667


5 0.8484375 0.3645833333333333 0.015625 0.020833333333333332
4 0.84765625 0.3645833333333333 0.0140625 0.020833333333333332


5 0.5375 0.8989583333333333 0.021875 0.03958333333333333
4 0.178125 0.6260416666666667 0.009375 0.022916666666666665
4 0.37578125 0.4625 0.0078125 0.008333333333333333
4 0.39921875 0.24479166666666666 0.0078125 0.01875
4 0.4109375 0.4875 0.00625 0.008333333333333333
4 0.40703125 0.48541666666666666 0.0203125 0.020833333333333332
4 0.771875 0.13958333333333334 0.009375 0.008333333333333333
1 0.44140625 0.265625 0.0421875 0.027083333333333334
1 0.4421875 0.24166666666666667 0.03125 0.020833333333333332
