
1 0.61015625 0.5177083333333333 0.0140625 0.027083333333333334




1 0.584375 0.5270833333333333 0.015625 0.029166666666666667

1 0.86640625 0.43125 0.0453125 0.03333333333333333

3 0.984375 0.37916666666666665 0.03125 0.0375
1 0.86640625 0.43020833333333336 0.0421875 0.027083333333333334
1 0.38515625 0.07708333333333334 0.0328125 0.03333333333333333
1 0.38515625 0.06979166666666667 0.0296875 0.027083333333333334





5 0.6609375 0.125 0.0125 0.020833333333333332
1 0.66875 0.121875 0.015625 0.027083333333333334
1 0.6546875 0.09166666666666666 0.0125 0.016666666666666666
5 0.78203125 0.3177083333333333 0.0140625 0.01875
5 0.78203125 0.31875 0.0140625 0.016666666666666666
5 0.85703125 0.371875 0.0140625 0.01875
5 0.846875 0.21354166666666666 0.00625 0.010416666666666666
5 0.85703125 0.203125 0.0078125 0.00625
5 0.86015625 0.19270833333333334 0.0140625 0.01875
1 0.8234375 0.271875 0.025 0.027083333333333334
1 0.85078125 0.25 0.0265625 0.029166666666666667
1 0.87109375 0.22916666666666666 0.0203125 0.025
1 0.89453125 0.20520833333333333 0.0203125 0.022916666666666665
1 0.9125 0.18020833333333333 0.021875 0.027083333333333334
3 0.94375 0.14270833333333333 0.040625 0.05625
1 0.9640625 0.12083333333333333 0.015625 0.016666666666666666
1 0.97578125 0.10520833333333333 0.0140625 0.014583333333333334
1 0.98984375 0.0875 0.0140625 0.0125
1 0.996875 0.11041666666666666 0.00625 0.016666666666666666
1 0.97890625 0.13645833333333332 0.0171875 0.027083333333333334
1 0.9609375 0.16770833333333332 0.01875 0.027083333333333334
1 0.93125 0.19583333333333333 0.01875 0.020833333333333332
1 0.91171875 0.21770833333333334 0.0203125 0.027083333333333334
1 0.890625 0.240625 0.021875 0.027083333333333334
1 0.8640625 0.2677083333333333 0.021875 0.027083333333333334
1 0.840625 0.284375 0.03125 0.03125
1 0.846875 0.3104166666666667 0.03125 0.0375
3 0.88125 0.2760416666666667 0.034375 0.04375
1 0.9140625 0.253125 0.01875 0.022916666666666665
3 0.95 0.20104166666666667 0.04375 0.06041666666666667
1 0.97578125 0.178125 0.0171875 0.022916666666666665
1 0.99140625 0.159375 0.0171875 0.022916666666666665
1 0.87890625 0.315625 0.0265625 0.03125
1 0.9125 0.28125 0.021875 0.025
1 0.93046875 0.26145833333333335 0.0203125 0.022916666666666665
1 0.9515625 0.24479166666666666 0.01875 0.01875
1 0.9765625 0.21458333333333332 0.021875 0.029166666666666667
1 0.99140625 0.18958333333333333 0.0171875 0.025
1 0.88203125 0.346875 0.0328125 0.03958333333333333
1 0.915625 0.3145833333333333 0.028125 0.03333333333333333
1 0.93984375 0.2833333333333333 0.0234375 0.025
1 0.9609375 0.25833333333333336 0.01875 0.020833333333333332
1 0.98046875 0.24375 0.0203125 0.025
1 0.9078125 0.36041666666666666 0.028125 0.0375
1 0.93515625 0.33125 0.0265625 0.03333333333333333

1 0.95859375 0.30625 0.0234375 0.029166666666666667


5 0.8625 0.403125 0.0375 0.08125
4 0.8578125 0.371875 0.0125 0.01875


5 0.53984375 0.896875 0.0171875 0.052083333333333336
4 0.17265625 0.6291666666666667 0.0078125 0.020833333333333332
4 0.37578125 0.4625 0.0078125 0.008333333333333333
4 0.39921875 0.24166666666666667 0.0078125 0.016666666666666666
4 0.40859375 0.4875 0.0078125 0.0125
4 0.41484375 0.47708333333333336 0.0046875 0.0125
4 0.77109375 0.13958333333333334 0.0078125 0.008333333333333333
1 0.44140625 0.265625 0.0421875 0.027083333333333334
1 0.4421875 0.24166666666666667 0.03125 0.020833333333333332
