
1 0.6296875 0.5916666666666667 0.0125 0.025




1 0.6296875 0.5916666666666667 0.0125 0.025

1 0.903125 0.425 0.040625 0.03333333333333333


1 0.903125 0.4239583333333333 0.040625 0.03125
1 0.38515625 0.07708333333333334 0.0328125 0.03333333333333333
1 0.3859375 0.06875 0.03125 0.029166666666666667





5 0.65859375 0.12395833333333334 0.0109375 0.01875
1 0.66875 0.12291666666666666 0.01875 0.025
1 0.6546875 0.09166666666666666 0.015625 0.016666666666666666
5 0.7828125 0.3177083333333333 0.0125 0.01875
5 0.78203125 0.31875 0.0140625 0.016666666666666666
5 0.884375 0.38645833333333335 0.009375 0.014583333333333334
5 0.84765625 0.21458333333333332 0.0046875 0.0125
5 0.85859375 0.20208333333333334 0.0046875 0.008333333333333333
5 0.86171875 0.19270833333333334 0.0140625 0.01875
1 0.82421875 0.271875 0.0265625 0.03125
1 0.85078125 0.25104166666666666 0.0265625 0.03125
1 0.87265625 0.228125 0.0203125 0.022916666666666665
1 0.8953125 0.20520833333333333 0.021875 0.022916666666666665
1 0.91328125 0.18020833333333333 0.0234375 0.027083333333333334
3 0.94375 0.14270833333333333 0.040625 0.05625
1 0.96328125 0.121875 0.0171875 0.01875
1 0.97578125 0.10625 0.0140625 0.016666666666666666
1 0.98984375 0.0875 0.0140625 0.0125
1 0.99609375 0.11145833333333334 0.0078125 0.014583333333333334
1 0.97890625 0.13645833333333332 0.0171875 0.027083333333333334
1 0.9609375 0.16770833333333332 0.01875 0.027083333333333334
1 0.93125 0.19583333333333333 0.01875 0.020833333333333332
1 0.9125 0.21770833333333334 0.021875 0.027083333333333334
1 0.890625 0.240625 0.021875 0.027083333333333334
1 0.86484375 0.2677083333333333 0.0234375 0.027083333333333334
1 0.840625 0.28541666666666665 0.03125 0.03333333333333333
1 0.846875 0.3104166666666667 0.03125 0.0375
3 0.88203125 0.2760416666666667 0.0359375 0.04375
1 0.9140625 0.253125 0.01875 0.022916666666666665
3 0.95 0.20104166666666667 0.04375 0.06041666666666667
1 0.97578125 0.17916666666666667 0.0171875 0.025
1 0.99140625 0.159375 0.0171875 0.022916666666666665
1 0.8796875 0.3145833333333333 0.025 0.029166666666666667
1 0.9125 0.2833333333333333 0.021875 0.025
1 0.93046875 0.26145833333333335 0.0203125 0.022916666666666665
1 0.9515625 0.24375 0.01875 0.020833333333333332
1 0.9765625 0.21458333333333332 0.021875 0.029166666666666667
1 0.99140625 0.18958333333333333 0.0171875 0.020833333333333332
1 0.8828125 0.3458333333333333 0.03125 0.0375
1 0.91640625 0.3145833333333333 0.0265625 0.03333333333333333
1 0.93984375 0.28541666666666665 0.0234375 0.029166666666666667
1 0.96171875 0.25833333333333336 0.0171875 0.020833333333333332
1 0.98046875 0.24375 0.0203125 0.025
1 0.90859375 0.36041666666666666 0.0296875 0.0375
1 0.9359375 0.33125 0.025 0.03333333333333333

1 0.95859375 0.30625 0.0203125 0.025


5 0.903125 0.4239583333333333 0.040625 0.03125
4 0.884375 0.38645833333333335 0.009375 0.01875


5 0.55078125 0.9125 0.0140625 0.0375
4 0.15703125 0.6354166666666666 0.0109375 0.025
4 0.37578125 0.4625 0.0078125 0.008333333333333333
4 0.40390625 0.22916666666666666 0.0046875 0.008333333333333333
4 0.4109375 0.4875 0.00625 0.008333333333333333
4 0.41484375 0.47708333333333336 0.0046875 0.0125
4 0.77109375 0.13958333333333334 0.0078125 0.008333333333333333
1 0.4421875 0.265625 0.040625 0.027083333333333334
1 0.44140625 0.24270833333333333 0.0328125 0.022916666666666665
