1 0.53828125 0.12083333333333333 0.0171875 0.029166666666666667
1 0.58984375 0.25833333333333336 0.0203125 0.029166666666666667
1 0.58203125 0.23020833333333332 0.0171875 0.027083333333333334
1 0.57265625 0.18958333333333333 0.0171875 0.029166666666666667
1 0.565625 0.16041666666666668 0.0125 0.020833333333333332
1 0.5609375 0.14270833333333333 0.0125 0.01875
1 0.60859375 0.24583333333333332 0.0203125 0.0375
1 0.59921875 0.2125 0.0171875 0.029166666666666667
1 0.59296875 0.1875 0.0171875 0.029166666666666667
1 0.584375 0.1625 0.0125 0.020833333333333332
3 0.5796875 0.128125 0.01875 0.04375
1 0.56953125 0.10520833333333333 0.0171875 0.03125
1 0.38515625 0.07604166666666666 0.0328125 0.03125
1 0.3859375 0.06875 0.03125 0.025
1 0.60546875 0.12916666666666668 0.0171875 0.025
1 0.61640625 0.07395833333333333 0.0140625 0.022916666666666665
1 0.57890625 0.051041666666666666 0.0140625 0.01875
1 0.59453125 0.046875 0.0140625 0.022916666666666665
1 0.5640625 0.008333333333333333 0.0125 0.016666666666666666
5 0.65 0.115625 0.009375 0.014583333333333334
1 0.66953125 0.11770833333333333 0.0171875 0.022916666666666665
1 0.65703125 0.084375 0.0140625 0.01875
5 0.7625 0.29375 0.01875 0.020833333333333332
5 0.7875 0.28229166666666666 0.009375 0.01875
5 0.8078125 0.25625 0.009375 0.016666666666666666
5 0.8484375 0.22083333333333333 0.009375 0.0125
5 0.85390625 0.203125 0.0078125 0.014583333333333334
5 0.90390625 0.15729166666666666 0.0109375 0.014583333333333334
1 0.8265625 0.26458333333333334 0.025 0.029166666666666667
1 0.85234375 0.24166666666666667 0.0265625 0.029166666666666667
1 0.875 0.21875 0.021875 0.025
1 0.896875 0.19583333333333333 0.021875 0.025
1 0.91484375 0.17083333333333334 0.0234375 0.029166666666666667
3 0.94609375 0.13333333333333333 0.0421875 0.05416666666666667
1 0.9671875 0.11041666666666666 0.015625 0.020833333333333332
1 0.97890625 0.09583333333333334 0.0140625 0.016666666666666666
1 0.9921875 0.07604166666666666 0.015625 0.010416666666666666
1 0.99453125 0.109375 0.0109375 0.014583333333333334
1 0.98046875 0.12916666666666668 0.0171875 0.025
1 0.9640625 0.15625 0.01875 0.029166666666666667
1 0.93984375 0.18020833333333333 0.0203125 0.022916666666666665
1 0.91640625 0.209375 0.0203125 0.027083333333333334
1 0.89375 0.23333333333333334 0.021875 0.025
1 0.86796875 0.2604166666666667 0.0234375 0.029166666666666667
1 0.84375 0.27708333333333335 0.03125 0.0375
1 0.8484375 0.30416666666666664 0.03125 0.041666666666666664
3 0.88359375 0.26875 0.0359375 0.04583333333333333
1 0.915625 0.24375 0.021875 0.025
3 0.95078125 0.19270833333333334 0.0421875 0.05625
1 0.97890625 0.16875 0.0171875 0.020833333333333332
1 0.99296875 0.14895833333333333 0.0140625 0.022916666666666665
1 0.88203125 0.309375 0.0265625 0.035416666666666666
1 0.91484375 0.27395833333333336 0.0234375 0.027083333333333334
1 0.934375 0.253125 0.021875 0.022916666666666665
1 0.95546875 0.23333333333333334 0.0203125 0.020833333333333332
1 0.98046875 0.20416666666666666 0.0203125 0.029166666666666667
1 0.99296875 0.18020833333333333 0.0140625 0.022916666666666665
1 0.88671875 0.33958333333333335 0.0296875 0.0375
1 0.9203125 0.30625 0.028125 0.03333333333333333
1 0.94375 0.27708333333333335 0.025 0.03333333333333333
1 0.965625 0.25104166666666666 0.01875 0.027083333333333334
1 0.98515625 0.23229166666666667 0.0203125 0.022916666666666665
1 0.91328125 0.353125 0.0296875 0.03958333333333333
1 0.93828125 0.3229166666666667 0.0265625 0.03333333333333333
1 0.9875 0.315625 0.025 0.035416666666666666
1 0.9953125 0.25416666666666665 0.009375 0.020833333333333332
1 0.975 0.503125 0.028125 0.035416666666666666
5 0.896875 0.690625 0.021875 0.027083333333333334
5 0.79765625 0.46145833333333336 0.0140625 0.022916666666666665
4 0.8203125 0.36041666666666666 0.009375 0.016666666666666666
5 0.621875 0.03229166666666667 0.00625 0.010416666666666666
5 0.45546875 0.809375 0.0203125 0.027083333333333334
5 0.49921875 0.80625 0.0203125 0.03333333333333333
4 0.46640625 0.7791666666666667 0.0140625 0.025
4 0.37890625 0.4625 0.0078125 0.008333333333333333
4 0.421875 0.23229166666666667 0.00625 0.014583333333333334
4 0.41015625 0.4875 0.0078125 0.0125
4 0.4015625 0.4864583333333333 0.00625 0.014583333333333334
4 0.82578125 0.13541666666666666 0.0078125 0.016666666666666666
1 0.44296875 0.2635416666666667 0.0390625 0.027083333333333334
1 0.44296875 0.240625 0.0328125 0.01875
