1 0.5359375 0.128125 0.01875 0.022916666666666665
1 0.5875 0.2625 0.01875 0.029166666666666667
1 0.578125 0.23333333333333334 0.015625 0.025
1 0.56953125 0.19166666666666668 0.0140625 0.029166666666666667
1 0.56328125 0.16354166666666667 0.0140625 0.022916666666666665
1 0.5578125 0.14375 0.0125 0.016666666666666666
1 0.60625 0.24791666666666667 0.021875 0.0375
1 0.59609375 0.215625 0.0171875 0.027083333333333334
1 0.59140625 0.190625 0.0171875 0.03125
1 0.5828125 0.16458333333333333 0.0125 0.020833333333333332
3 0.57734375 0.13020833333333334 0.0203125 0.04375
1 0.56796875 0.10833333333333334 0.0203125 0.03333333333333333
1 0.38359375 0.07604166666666666 0.0328125 0.03125
1 0.38359375 0.06875 0.0296875 0.025
1 0.57578125 0.04375 0.0171875 0.025




5 0.62265625 0.046875 0.0109375 0.014583333333333334
1 0.66875 0.11979166666666667 0.01875 0.022916666666666665
1 0.65390625 0.08854166666666667 0.0140625 0.01875
5 0.75859375 0.29583333333333334 0.0140625 0.016666666666666666
5 0.78671875 0.29583333333333334 0.0078125 0.016666666666666666
5 0.80078125 0.259375 0.0078125 0.014583333333333334
5 0.78984375 0.28541666666666665 0.0203125 0.04583333333333333
5 0.86328125 0.2 0.0078125 0.0125
5 0.88671875 0.16875 0.0140625 0.020833333333333332
1 0.8234375 0.26666666666666666 0.025 0.029166666666666667
1 0.84921875 0.24375 0.0265625 0.029166666666666667
1 0.871875 0.22083333333333333 0.021875 0.025
1 0.89453125 0.19895833333333332 0.0203125 0.022916666666666665
1 0.91328125 0.17395833333333333 0.0234375 0.027083333333333334
3 0.94453125 0.13541666666666666 0.0421875 0.05416666666666667
1 0.965625 0.11041666666666666 0.0125 0.016666666666666666
1 0.97578125 0.09895833333333333 0.0109375 0.014583333333333334
1 0.99140625 0.078125 0.0171875 0.01875
1 0.99296875 0.10729166666666666 0.0140625 0.01875
1 0.97890625 0.13020833333333334 0.0171875 0.022916666666666665
1 0.959375 0.15833333333333333 0.01875 0.025
1 0.93671875 0.184375 0.0203125 0.022916666666666665
1 0.91328125 0.21145833333333333 0.0203125 0.027083333333333334
1 0.890625 0.23541666666666666 0.021875 0.025
1 0.86328125 0.26145833333333335 0.0234375 0.022916666666666665
1 0.84140625 0.28020833333333334 0.0328125 0.03958333333333333
1 0.846875 0.30520833333333336 0.03125 0.03958333333333333
3 0.88203125 0.2708333333333333 0.0359375 0.04583333333333333
1 0.91328125 0.24791666666666667 0.0203125 0.025
3 0.9484375 0.19375 0.04375 0.058333333333333334
1 0.9765625 0.17083333333333334 0.015625 0.020833333333333332
1 0.99140625 0.15104166666666666 0.0171875 0.022916666666666665
1 0.87890625 0.31145833333333334 0.0265625 0.03125
1 0.91171875 0.2760416666666667 0.0234375 0.027083333333333334
1 0.9296875 0.2552083333333333 0.021875 0.022916666666666665
1 0.95078125 0.2375 0.0203125 0.020833333333333332
1 0.97734375 0.20625 0.0203125 0.029166666666666667
1 0.990625 0.18333333333333332 0.01875 0.020833333333333332
1 0.884375 0.3416666666666667 0.03125 0.0375
1 0.9171875 0.30833333333333335 0.025 0.029166666666666667
1 0.93828125 0.28020833333333334 0.0234375 0.027083333333333334
1 0.96171875 0.253125 0.0203125 0.022916666666666665
1 0.98203125 0.23541666666666666 0.0203125 0.025
1 0.9109375 0.35520833333333335 0.03125 0.03958333333333333
1 0.93671875 0.32395833333333335 0.0265625 0.035416666666666666

1 0.9671875 0.29270833333333335 0.025 0.03125


5 0.73828125 0.33541666666666664 0.0109375 0.020833333333333332
4 0.790625 0.3375 0.009375 0.016666666666666666
5 0.625 0.04375 0.00625 0.008333333333333333
5 0.3953125 0.7677083333333333 0.028125 0.022916666666666665
5 0.48671875 0.79375 0.0171875 0.041666666666666664
4 0.45234375 0.7645833333333333 0.0140625 0.025
4 0.37578125 0.4625 0.0078125 0.008333333333333333
4 0.42109375 0.23541666666666666 0.0078125 0.020833333333333332
4 0.4109375 0.48854166666666665 0.00625 0.010416666666666666
4 0.40625 0.4864583333333333 0.01875 0.01875
4 0.825 0.1375 0.00625 0.0125
1 0.440625 0.26458333333333334 0.040625 0.029166666666666667
1 0.440625 0.24166666666666667 0.03125 0.020833333333333332
