1 0.5359375 0.128125 0.01875 0.022916666666666665
1 0.58671875 0.2635416666666667 0.0171875 0.03125
1 0.578125 0.23333333333333334 0.015625 0.025
1 0.56953125 0.19166666666666668 0.0140625 0.029166666666666667
1 0.56328125 0.16354166666666667 0.0140625 0.022916666666666665
1 0.5578125 0.14375 0.0125 0.016666666666666666
1 0.60625 0.24791666666666667 0.021875 0.0375
1 0.5953125 0.21354166666666666 0.015625 0.022916666666666665
1 0.58984375 0.18958333333333333 0.0171875 0.029166666666666667
1 0.5828125 0.16458333333333333 0.0125 0.020833333333333332
3 0.57734375 0.13020833333333334 0.0203125 0.04375
1 0.56796875 0.10833333333333334 0.0203125 0.03333333333333333
1 0.38359375 0.07708333333333334 0.0328125 0.03333333333333333
1 0.38359375 0.06979166666666667 0.0296875 0.027083333333333334
1 0.57421875 0.03958333333333333 0.0171875 0.025




5 0.621875 0.04375 0.009375 0.016666666666666666
1 0.66796875 0.11875 0.0171875 0.025
1 0.65390625 0.08854166666666667 0.0140625 0.01875
5 0.7578125 0.29583333333333334 0.0125 0.016666666666666666
5 0.78828125 0.290625 0.0109375 0.027083333333333334
5 0.79921875 0.26145833333333335 0.0078125 0.014583333333333334
5 0.81328125 0.25833333333333336 0.0671875 0.1
5 0.86171875 0.20208333333333334 0.0078125 0.0125
5 0.88359375 0.17291666666666666 0.0109375 0.020833333333333332
1 0.8234375 0.26666666666666666 0.025 0.029166666666666667
1 0.8484375 0.24479166666666666 0.025 0.027083333333333334
1 0.87109375 0.221875 0.0203125 0.022916666666666665
1 0.89375 0.2 0.021875 0.025
1 0.91328125 0.17395833333333333 0.0234375 0.027083333333333334
3 0.94453125 0.13541666666666666 0.0421875 0.05416666666666667
1 0.965625 0.11041666666666666 0.0125 0.016666666666666666
1 0.97578125 0.09895833333333333 0.0140625 0.01875
1 0.990625 0.07916666666666666 0.01875 0.016666666666666666
1 0.99296875 0.10729166666666666 0.0140625 0.01875
1 0.97890625 0.13020833333333334 0.0171875 0.022916666666666665
1 0.959375 0.15833333333333333 0.01875 0.025
1 0.93671875 0.184375 0.0203125 0.022916666666666665
1 0.91328125 0.21145833333333333 0.0203125 0.027083333333333334
1 0.890625 0.23541666666666666 0.021875 0.025
1 0.86328125 0.26145833333333335 0.0234375 0.022916666666666665
1 0.84140625 0.28020833333333334 0.0328125 0.03958333333333333
1 0.846875 0.30625 0.03125 0.0375
3 0.88125 0.2708333333333333 0.034375 0.04583333333333333
1 0.9125 0.24791666666666667 0.021875 0.025
3 0.9484375 0.19375 0.04375 0.058333333333333334
1 0.9765625 0.171875 0.015625 0.022916666666666665
1 0.990625 0.15104166666666666 0.01875 0.022916666666666665
1 0.87890625 0.31145833333333334 0.0265625 0.03125
1 0.9109375 0.2760416666666667 0.021875 0.027083333333333334
1 0.9296875 0.2552083333333333 0.021875 0.022916666666666665
1 0.95234375 0.23854166666666668 0.0203125 0.022916666666666665
1 0.97734375 0.20625 0.0203125 0.029166666666666667
1 0.990625 0.18333333333333332 0.01875 0.020833333333333332
1 0.884375 0.3416666666666667 0.03125 0.0375
1 0.9171875 0.30833333333333335 0.025 0.029166666666666667
1 0.93984375 0.28020833333333334 0.0234375 0.03125
1 0.9625 0.25104166666666666 0.01875 0.01875
1 0.98203125 0.23541666666666666 0.0203125 0.025
1 0.9109375 0.35520833333333335 0.03125 0.03958333333333333
1 0.93671875 0.325 0.0265625 0.03333333333333333

1 0.965625 0.29375 0.025 0.029166666666666667


5 0.7359375 0.32916666666666666 0.009375 0.016666666666666666
4 0.7875 0.33541666666666664 0.009375 0.016666666666666666
5 0.6234375 0.040625 0.00625 0.010416666666666666
5 0.38828125 0.7677083333333333 0.0265625 0.022916666666666665
5 0.48671875 0.790625 0.0171875 0.03958333333333333
4 0.4515625 0.7645833333333333 0.0125 0.025
4 0.37578125 0.46145833333333336 0.0078125 0.010416666666666666
4 0.42109375 0.234375 0.0078125 0.01875
4 0.4109375 0.48854166666666665 0.00625 0.010416666666666666
4 0.415625 0.48020833333333335 0.00625 0.00625
4 0.825 0.1375 0.00625 0.0125
1 0.440625 0.26458333333333334 0.040625 0.029166666666666667
1 0.440625 0.24270833333333333 0.03125 0.01875
