1 0.5359375 0.128125 0.01875 0.022916666666666665
1 0.58671875 0.26458333333333334 0.0171875 0.029166666666666667
1 0.578125 0.23229166666666667 0.015625 0.027083333333333334
1 0.56953125 0.19166666666666668 0.0140625 0.029166666666666667
1 0.5625 0.16354166666666667 0.0125 0.022916666666666665
1 0.5578125 0.14375 0.0125 0.016666666666666666
1 0.60625 0.24791666666666667 0.021875 0.0375
1 0.59609375 0.21354166666666666 0.0171875 0.027083333333333334
1 0.590625 0.190625 0.01875 0.03125
1 0.58203125 0.16458333333333333 0.0109375 0.020833333333333332
3 0.5765625 0.13020833333333334 0.01875 0.04375
1 0.56796875 0.10833333333333334 0.0203125 0.03333333333333333
1 0.38359375 0.07604166666666666 0.0328125 0.03125
1 0.38359375 0.06875 0.0296875 0.025
1 0.57265625 0.035416666666666666 0.0171875 0.025




5 0.621875 0.040625 0.009375 0.01875
1 0.6671875 0.11875 0.01875 0.025
1 0.653125 0.08854166666666667 0.0125 0.01875
5 0.7578125 0.29583333333333334 0.0125 0.016666666666666666
5 0.78828125 0.28958333333333336 0.0109375 0.025
5 0.79765625 0.2625 0.0046875 0.0125
5 0.81484375 0.25729166666666664 0.0734375 0.10208333333333333
5 0.859375 0.20208333333333334 0.00625 0.0125
5 0.88125 0.17708333333333334 0.009375 0.016666666666666666
1 0.8234375 0.26666666666666666 0.025 0.029166666666666667
1 0.8484375 0.24479166666666666 0.025 0.027083333333333334
1 0.87109375 0.221875 0.0203125 0.022916666666666665
1 0.89375 0.2 0.021875 0.025
1 0.91328125 0.17291666666666666 0.0234375 0.029166666666666667
3 0.94296875 0.13541666666666666 0.0421875 0.05416666666666667
1 0.965625 0.11145833333333334 0.0125 0.01875
1 0.97578125 0.09895833333333333 0.0109375 0.014583333333333334
1 0.99140625 0.07916666666666666 0.0171875 0.020833333333333332
1 0.9921875 0.10625 0.015625 0.020833333333333332
1 0.978125 0.13020833333333334 0.015625 0.022916666666666665
1 0.95859375 0.15833333333333333 0.0203125 0.025
1 0.9359375 0.18333333333333332 0.01875 0.020833333333333332
1 0.91328125 0.2125 0.0203125 0.029166666666666667
1 0.890625 0.23541666666666666 0.021875 0.025
1 0.86328125 0.26145833333333335 0.0234375 0.022916666666666665
1 0.840625 0.28020833333333334 0.034375 0.03958333333333333
1 0.846875 0.30520833333333336 0.03125 0.03958333333333333
3 0.88125 0.26979166666666665 0.034375 0.04375
1 0.9125 0.246875 0.021875 0.027083333333333334
3 0.94765625 0.19375 0.0421875 0.058333333333333334
1 0.9765625 0.171875 0.015625 0.022916666666666665
1 0.990625 0.15104166666666666 0.01875 0.022916666666666665
1 0.878125 0.31145833333333334 0.025 0.03125
1 0.9109375 0.2760416666666667 0.021875 0.027083333333333334
1 0.9296875 0.2552083333333333 0.021875 0.022916666666666665
1 0.95 0.23854166666666668 0.01875 0.022916666666666665
1 0.9765625 0.20520833333333333 0.021875 0.03125
1 0.990625 0.18333333333333332 0.01875 0.020833333333333332
1 0.8828125 0.3416666666666667 0.03125 0.0375
1 0.91640625 0.3072916666666667 0.0265625 0.03125
1 0.93828125 0.28020833333333334 0.0234375 0.027083333333333334
1 0.96171875 0.25104166666666666 0.0171875 0.01875
1 0.98359375 0.23541666666666666 0.0203125 0.025
1 0.91015625 0.35520833333333335 0.0296875 0.03958333333333333
1 0.93671875 0.32395833333333335 0.0265625 0.035416666666666666

1 0.9640625 0.2947916666666667 0.025 0.03125


5 0.73125 0.321875 0.009375 0.01875
4 0.78671875 0.334375 0.0078125 0.01875
5 0.621875 0.03854166666666667 0.00625 0.010416666666666666
5 0.38125 0.765625 0.028125 0.022916666666666665
5 0.48515625 0.7916666666666666 0.0171875 0.041666666666666664
4 0.45 0.7645833333333333 0.0125 0.029166666666666667
4 0.375 0.46041666666666664 0.00625 0.0125
4 0.4203125 0.234375 0.00625 0.01875
4 0.41015625 0.4875 0.0046875 0.008333333333333333
4 0.415625 0.4791666666666667 0.00625 0.008333333333333333
4 0.82421875 0.13645833333333332 0.0078125 0.014583333333333334
1 0.440625 0.26458333333333334 0.040625 0.029166666666666667
1 0.440625 0.24270833333333333 0.03125 0.01875
