1 0.5359375 0.12708333333333333 0.01875 0.025
1 0.58828125 0.26979166666666665 0.0171875 0.027083333333333334
1 0.578125 0.23229166666666667 0.015625 0.027083333333333334
1 0.56875 0.190625 0.015625 0.027083333333333334
1 0.56171875 0.16354166666666667 0.0140625 0.022916666666666665
1 0.5578125 0.14270833333333333 0.0125 0.01875
1 0.60546875 0.24791666666666667 0.0203125 0.0375
1 0.5953125 0.21458333333333332 0.01875 0.025
1 0.58984375 0.18958333333333333 0.0171875 0.029166666666666667
1 0.58203125 0.16458333333333333 0.0109375 0.020833333333333332
3 0.5765625 0.13020833333333334 0.01875 0.04375
1 0.56484375 0.10729166666666666 0.0171875 0.03125
1 0.3828125 0.07604166666666666 0.034375 0.03125
1 0.38359375 0.06875 0.0296875 0.025
1 0.56953125 0.028125 0.0140625 0.022916666666666665




5 0.61875 0.034375 0.009375 0.01875
1 0.6671875 0.11875 0.01875 0.025
1 0.653125 0.08854166666666667 0.0125 0.01875
5 0.7578125 0.2947916666666667 0.015625 0.01875
5 0.7875 0.2875 0.009375 0.020833333333333332
5 0.7921875 0.265625 0.009375 0.01875
5 0.81328125 0.25833333333333336 0.0765625 0.1
5 0.8546875 0.20625 0.009375 0.016666666666666666
5 0.87734375 0.17916666666666667 0.0109375 0.020833333333333332
1 0.82265625 0.26666666666666666 0.0265625 0.029166666666666667
1 0.84765625 0.24375 0.0265625 0.029166666666666667
1 0.87109375 0.22083333333333333 0.0203125 0.025
1 0.89375 0.19895833333333332 0.021875 0.022916666666666665
1 0.91328125 0.171875 0.0234375 0.027083333333333334
3 0.94375 0.13541666666666666 0.04375 0.05416666666666667
1 0.965625 0.11041666666666666 0.0125 0.016666666666666666
1 0.97578125 0.09895833333333333 0.0140625 0.01875
1 0.99140625 0.07916666666666666 0.0171875 0.020833333333333332
1 0.99140625 0.10625 0.0171875 0.020833333333333332
1 0.978125 0.13020833333333334 0.015625 0.022916666666666665
1 0.95859375 0.15833333333333333 0.0203125 0.025
1 0.9359375 0.184375 0.01875 0.022916666666666665
1 0.91171875 0.21145833333333333 0.0203125 0.027083333333333334
1 0.8890625 0.234375 0.021875 0.027083333333333334
1 0.86171875 0.2604166666666667 0.0234375 0.020833333333333332
1 0.83984375 0.28020833333333334 0.0328125 0.03958333333333333
1 0.84609375 0.30625 0.0328125 0.0375
3 0.88046875 0.2708333333333333 0.0359375 0.04583333333333333
1 0.9125 0.24791666666666667 0.021875 0.025
3 0.94765625 0.19375 0.0421875 0.058333333333333334
1 0.97578125 0.17083333333333334 0.0171875 0.025
1 0.990625 0.15104166666666666 0.01875 0.022916666666666665
1 0.878125 0.31145833333333334 0.025 0.03125
1 0.9109375 0.2760416666666667 0.021875 0.027083333333333334
1 0.928125 0.2552083333333333 0.021875 0.022916666666666665
1 0.95 0.23854166666666668 0.01875 0.022916666666666665
1 0.9765625 0.20625 0.021875 0.029166666666666667
1 0.990625 0.18333333333333332 0.01875 0.020833333333333332
1 0.8828125 0.33958333333333335 0.03125 0.0375
1 0.91484375 0.3072916666666667 0.0265625 0.03125
1 0.93828125 0.28020833333333334 0.0234375 0.027083333333333334
1 0.96171875 0.25104166666666666 0.0171875 0.01875
1 0.98125 0.23541666666666666 0.01875 0.025
1 0.91015625 0.3541666666666667 0.0296875 0.0375
1 0.934375 0.325 0.025 0.03333333333333333

1 0.96171875 0.296875 0.0234375 0.03125


5 0.72578125 0.3104166666666667 0.0109375 0.016666666666666666
4 0.78359375 0.33229166666666665 0.0078125 0.01875
5 0.6203125 0.03125 0.00625 0.0125
5 0.36640625 0.7635416666666667 0.0265625 0.022916666666666665
5 0.48359375 0.7833333333333333 0.0171875 0.03333333333333333
4 0.45 0.7645833333333333 0.0125 0.029166666666666667
4 0.37578125 0.46145833333333336 0.0078125 0.010416666666666666
4 0.41953125 0.234375 0.0078125 0.01875
4 0.409375 0.48854166666666665 0.00625 0.010416666666666666
4 0.40859375 0.48125 0.0171875 0.0125
4 0.79140625 0.13333333333333333 0.0046875 0.0125
1 0.440625 0.26458333333333334 0.040625 0.029166666666666667
1 0.43984375 0.24166666666666667 0.0328125 0.020833333333333332
