1 0.53515625 0.12708333333333333 0.0171875 0.025
1 0.58828125 0.2708333333333333 0.0171875 0.029166666666666667
1 0.57890625 0.23333333333333334 0.0171875 0.029166666666666667
1 0.56953125 0.190625 0.0140625 0.027083333333333334
1 0.56171875 0.16354166666666667 0.0140625 0.022916666666666665
1 0.5578125 0.14270833333333333 0.0125 0.01875
1 0.60546875 0.24791666666666667 0.0203125 0.0375
1 0.59453125 0.21458333333333332 0.0171875 0.025
1 0.58984375 0.18854166666666666 0.0171875 0.027083333333333334
1 0.58125 0.16458333333333333 0.0125 0.020833333333333332
3 0.5765625 0.13020833333333334 0.01875 0.04375
1 0.56484375 0.10729166666666666 0.0171875 0.03125
1 0.38203125 0.07604166666666666 0.0328125 0.03125
1 0.38359375 0.06875 0.0296875 0.025
1 0.56875 0.023958333333333335 0.015625 0.022916666666666665




5 0.61875 0.03125 0.009375 0.016666666666666666
1 0.6671875 0.11875 0.01875 0.025
1 0.653125 0.08854166666666667 0.0125 0.01875
5 0.7578125 0.2947916666666667 0.015625 0.01875
5 0.78671875 0.2864583333333333 0.0078125 0.022916666666666665
5 0.79296875 0.265625 0.0078125 0.014583333333333334
5 0.8203125 0.25104166666666666 0.06875 0.08958333333333333
5 0.85234375 0.20833333333333334 0.0109375 0.016666666666666666
5 0.87265625 0.18125 0.0171875 0.025
1 0.82265625 0.26666666666666666 0.0265625 0.029166666666666667
1 0.84765625 0.24375 0.0265625 0.029166666666666667
1 0.87109375 0.22083333333333333 0.0203125 0.025
1 0.89375 0.19895833333333332 0.021875 0.022916666666666665
1 0.91171875 0.171875 0.0234375 0.027083333333333334
3 0.94296875 0.13541666666666666 0.0421875 0.05416666666666667
1 0.96484375 0.11145833333333334 0.0140625 0.01875
1 0.97578125 0.09895833333333333 0.0140625 0.01875
1 0.99140625 0.078125 0.0171875 0.01875
1 0.990625 0.10416666666666667 0.01875 0.020833333333333332
1 0.978125 0.13020833333333334 0.015625 0.022916666666666665
1 0.96015625 0.15729166666666666 0.0203125 0.027083333333333334
1 0.9359375 0.184375 0.01875 0.022916666666666665
1 0.91171875 0.21145833333333333 0.0203125 0.027083333333333334
1 0.8890625 0.23541666666666666 0.021875 0.025
1 0.86171875 0.2604166666666667 0.0234375 0.020833333333333332
1 0.83984375 0.28020833333333334 0.0328125 0.03958333333333333
1 0.8453125 0.30625 0.03125 0.0375
3 0.88046875 0.2708333333333333 0.0359375 0.04583333333333333
1 0.9125 0.24583333333333332 0.021875 0.025
3 0.94765625 0.19375 0.0421875 0.058333333333333334
1 0.97578125 0.17083333333333334 0.0171875 0.025
1 0.990625 0.15104166666666666 0.01875 0.022916666666666665
1 0.87734375 0.31145833333333334 0.0265625 0.03125
1 0.9109375 0.2760416666666667 0.021875 0.027083333333333334
1 0.928125 0.2552083333333333 0.021875 0.022916666666666665
1 0.95 0.23854166666666668 0.01875 0.022916666666666665
1 0.97734375 0.20520833333333333 0.0203125 0.027083333333333334
1 0.990625 0.18333333333333332 0.01875 0.020833333333333332
1 0.8828125 0.340625 0.03125 0.035416666666666666
1 0.91640625 0.3072916666666667 0.0265625 0.03125
1 0.93828125 0.28020833333333334 0.0234375 0.027083333333333334
1 0.96171875 0.25104166666666666 0.0171875 0.01875
1 0.98125 0.23541666666666666 0.01875 0.025
1 0.91015625 0.35520833333333335 0.0296875 0.03958333333333333
1 0.934375 0.32395833333333335 0.025 0.03125

1 0.96015625 0.29791666666666666 0.0234375 0.029166666666666667


5 0.7234375 0.303125 0.009375 0.01875
4 0.7828125 0.33229166666666665 0.009375 0.014583333333333334
5 0.61875 0.029166666666666667 0.00625 0.0125
5 0.35703125 0.7625 0.0265625 0.020833333333333332
5 0.4828125 0.7822916666666667 0.01875 0.03125
4 0.44921875 0.7635416666666667 0.0140625 0.03125
4 0.375 0.46145833333333336 0.00625 0.010416666666666666
4 0.41953125 0.234375 0.0078125 0.01875
4 0.41015625 0.48854166666666665 0.0078125 0.010416666666666666
4 0.40859375 0.484375 0.0171875 0.014583333333333334
4 0.7890625 0.13229166666666667 0.00625 0.010416666666666666
1 0.43984375 0.2635416666666667 0.0421875 0.027083333333333334
1 0.43984375 0.24166666666666667 0.0328125 0.020833333333333332
