1 0.53515625 0.128125 0.0171875 0.022916666666666665
1 0.58828125 0.275 0.0171875 0.029166666666666667
1 0.57734375 0.234375 0.0171875 0.03125
1 0.56953125 0.190625 0.0140625 0.027083333333333334
1 0.56171875 0.16354166666666667 0.0140625 0.022916666666666665
1 0.55703125 0.14375 0.0140625 0.020833333333333332
1 0.60546875 0.24895833333333334 0.0203125 0.03958333333333333
1 0.5953125 0.21354166666666666 0.01875 0.027083333333333334
1 0.58828125 0.1875 0.0171875 0.029166666666666667
1 0.58125 0.16458333333333333 0.0125 0.020833333333333332
3 0.5765625 0.13020833333333334 0.01875 0.04375
1 0.56484375 0.10729166666666666 0.0171875 0.03125
1 0.3828125 0.07604166666666666 0.034375 0.03125
1 0.38359375 0.06875 0.0296875 0.025
1 0.565625 0.015625 0.015625 0.022916666666666665




5 0.6171875 0.023958333333333335 0.00625 0.010416666666666666
1 0.6671875 0.11875 0.01875 0.025
1 0.653125 0.08854166666666667 0.0125 0.01875
5 0.75625 0.2947916666666667 0.015625 0.01875
5 0.78515625 0.2875 0.0078125 0.025
5 0.784375 0.271875 0.009375 0.01875
5 0.84609375 0.215625 0.0109375 0.014583333333333334
5 0.84921875 0.20520833333333333 0.0109375 0.014583333333333334
5 0.86796875 0.18958333333333333 0.0078125 0.016666666666666666
1 0.82265625 0.26666666666666666 0.0265625 0.029166666666666667
1 0.84765625 0.24375 0.0265625 0.029166666666666667
1 0.86953125 0.221875 0.0203125 0.022916666666666665
1 0.89296875 0.19895833333333332 0.0203125 0.022916666666666665
1 0.91171875 0.17395833333333333 0.0234375 0.027083333333333334
3 0.94296875 0.13541666666666666 0.0421875 0.05416666666666667
1 0.96484375 0.11145833333333334 0.0140625 0.01875
1 0.97421875 0.09895833333333333 0.0109375 0.014583333333333334
1 0.990625 0.078125 0.01875 0.01875
1 0.9921875 0.109375 0.015625 0.014583333333333334
1 0.978125 0.13020833333333334 0.015625 0.022916666666666665
1 0.959375 0.15729166666666666 0.01875 0.022916666666666665
1 0.93515625 0.184375 0.0203125 0.022916666666666665
1 0.91171875 0.2125 0.0203125 0.029166666666666667
1 0.8890625 0.234375 0.021875 0.027083333333333334
1 0.8609375 0.26145833333333335 0.025 0.022916666666666665
1 0.83984375 0.28125 0.0328125 0.041666666666666664
1 0.8453125 0.30625 0.03125 0.0375
3 0.88046875 0.2708333333333333 0.0359375 0.04583333333333333
1 0.91171875 0.246875 0.0234375 0.027083333333333334
3 0.94765625 0.19479166666666667 0.0421875 0.06041666666666667
1 0.97578125 0.17083333333333334 0.0140625 0.020833333333333332
1 0.990625 0.15104166666666666 0.01875 0.022916666666666665
1 0.87734375 0.31145833333333334 0.0265625 0.03125
1 0.91015625 0.2760416666666667 0.0234375 0.027083333333333334
1 0.928125 0.2552083333333333 0.021875 0.022916666666666665
1 0.94921875 0.23854166666666668 0.0203125 0.022916666666666665
1 0.9765625 0.20625 0.021875 0.029166666666666667
1 0.98984375 0.18229166666666666 0.0203125 0.022916666666666665
1 0.8828125 0.340625 0.03125 0.03958333333333333
1 0.91484375 0.30833333333333335 0.0265625 0.03333333333333333
1 0.93828125 0.28125 0.0234375 0.029166666666666667
1 0.9609375 0.2520833333333333 0.01875 0.020833333333333332
1 0.98046875 0.23541666666666666 0.0203125 0.025
1 0.91015625 0.3541666666666667 0.0296875 0.0375
1 0.934375 0.32395833333333335 0.025 0.03125

1 0.959375 0.2989583333333333 0.025 0.03125


5 0.715625 0.2916666666666667 0.009375 0.016666666666666666
4 0.778125 0.32916666666666666 0.009375 0.016666666666666666
5 0.6171875 0.023958333333333335 0.00625 0.010416666666666666
5 0.3390625 0.7614583333333333 0.028125 0.022916666666666665
5 0.48125 0.7791666666666667 0.015625 0.03333333333333333
4 0.4484375 0.7604166666666666 0.0125 0.025
4 0.37578125 0.46145833333333336 0.0078125 0.00625
4 0.41875 0.234375 0.00625 0.01875
4 0.4109375 0.4875 0.00625 0.0125
4 0.40859375 0.484375 0.0171875 0.014583333333333334
4 0.7859375 0.13125 0.00625 0.0125
1 0.4390625 0.2635416666666667 0.040625 0.027083333333333334
1 0.43984375 0.24166666666666667 0.0328125 0.020833333333333332
