1 0.53515625 0.128125 0.0171875 0.022916666666666665
1 0.58984375 0.278125 0.0171875 0.027083333333333334
1 0.57734375 0.234375 0.0171875 0.027083333333333334
1 0.56953125 0.190625 0.0140625 0.027083333333333334
1 0.56171875 0.16354166666666667 0.0140625 0.022916666666666665
1 0.55625 0.14375 0.0125 0.020833333333333332
1 0.60546875 0.24895833333333334 0.0203125 0.03958333333333333
1 0.5953125 0.21354166666666666 0.01875 0.027083333333333334
1 0.590625 0.1875 0.01875 0.029166666666666667
1 0.58125 0.16458333333333333 0.0125 0.020833333333333332
3 0.5765625 0.13020833333333334 0.01875 0.04375
1 0.56484375 0.10729166666666666 0.0171875 0.03125
1 0.38203125 0.07708333333333334 0.0328125 0.03333333333333333
1 0.3828125 0.06875 0.028125 0.025
1 0.5640625 0.0125 0.015625 0.025



1 0.56484375 0.0125 0.0171875 0.025
5 0.61640625 0.022916666666666665 0.0078125 0.0125
1 0.6671875 0.11875 0.01875 0.025
1 0.653125 0.08854166666666667 0.0125 0.01875
5 0.75625 0.29583333333333334 0.015625 0.020833333333333332
5 0.784375 0.2875 0.00625 0.025
5 0.78203125 0.2760416666666667 0.0140625 0.01875
5 0.84453125 0.215625 0.0109375 0.014583333333333334
5 0.8484375 0.20520833333333333 0.0125 0.014583333333333334
5 0.86484375 0.190625 0.0078125 0.01875
1 0.82265625 0.26666666666666666 0.0265625 0.029166666666666667
1 0.84765625 0.24375 0.0265625 0.029166666666666667
1 0.86953125 0.221875 0.0203125 0.022916666666666665
1 0.89296875 0.2 0.0203125 0.025
1 0.91171875 0.17291666666666666 0.0234375 0.029166666666666667
3 0.94296875 0.13645833333333332 0.0421875 0.05625
1 0.9640625 0.11041666666666666 0.0125 0.016666666666666666
1 0.97421875 0.09895833333333333 0.0109375 0.014583333333333334
1 0.990625 0.07604166666666666 0.01875 0.01875
1 0.9921875 0.109375 0.015625 0.014583333333333334
1 0.978125 0.13125 0.015625 0.020833333333333332
1 0.9578125 0.15833333333333333 0.01875 0.025
1 0.93515625 0.184375 0.0203125 0.022916666666666665
1 0.91171875 0.2125 0.0203125 0.029166666666666667
1 0.88828125 0.23541666666666666 0.0234375 0.025
1 0.86171875 0.26145833333333335 0.0234375 0.022916666666666665
1 0.8390625 0.28125 0.034375 0.041666666666666664
1 0.8453125 0.30520833333333336 0.03125 0.03958333333333333
3 0.88046875 0.26979166666666665 0.0359375 0.04375
1 0.9109375 0.246875 0.021875 0.027083333333333334
3 0.946875 0.19479166666666667 0.04375 0.06041666666666667
1 0.975 0.17083333333333334 0.0125 0.020833333333333332
1 0.990625 0.15104166666666666 0.01875 0.022916666666666665
1 0.87734375 0.31145833333333334 0.0265625 0.03125
1 0.91015625 0.2760416666666667 0.0234375 0.027083333333333334
1 0.928125 0.2552083333333333 0.021875 0.022916666666666665
1 0.94921875 0.23854166666666668 0.0203125 0.022916666666666665
1 0.9765625 0.20520833333333333 0.021875 0.03125
1 0.98984375 0.18229166666666666 0.0203125 0.022916666666666665
1 0.88203125 0.340625 0.0328125 0.03958333333333333
1 0.91484375 0.30833333333333335 0.0265625 0.03333333333333333
1 0.93828125 0.28020833333333334 0.0234375 0.027083333333333334
1 0.9609375 0.2520833333333333 0.01875 0.020833333333333332
1 0.98046875 0.23541666666666666 0.0203125 0.025
1 0.91015625 0.35520833333333335 0.0296875 0.03958333333333333
1 0.93359375 0.32395833333333335 0.0234375 0.03125

1 0.9578125 0.3 0.025 0.029166666666666667


5 0.7125 0.28541666666666665 0.009375 0.016666666666666666
4 0.7765625 0.32916666666666666 0.009375 0.020833333333333332
5 0.61640625 0.021875 0.0046875 0.010416666666666666
5 0.33046875 0.7614583333333333 0.0265625 0.022916666666666665
5 0.48125 0.778125 0.015625 0.035416666666666666
4 0.44765625 0.7614583333333333 0.0109375 0.027083333333333334
4 0.37578125 0.46145833333333336 0.0078125 0.00625
4 0.41875 0.23333333333333334 0.00625 0.016666666666666666
4 0.409375 0.48854166666666665 0.00625 0.010416666666666666
4 0.40703125 0.484375 0.0203125 0.01875
4 0.784375 0.13333333333333333 0.00625 0.0125
1 0.4390625 0.2635416666666667 0.040625 0.027083333333333334
1 0.43984375 0.240625 0.0328125 0.022916666666666665
