1 0.53515625 0.12708333333333333 0.0171875 0.025
1 0.590625 0.28125 0.01875 0.029166666666666667
1 0.57734375 0.234375 0.0171875 0.027083333333333334
1 0.56875 0.190625 0.015625 0.027083333333333334
1 0.56171875 0.16354166666666667 0.0140625 0.022916666666666665
1 0.55625 0.14270833333333333 0.0125 0.01875
1 0.60546875 0.24895833333333334 0.0203125 0.03958333333333333
1 0.59375 0.21458333333333332 0.01875 0.025
1 0.58828125 0.18854166666666666 0.0171875 0.027083333333333334
1 0.58046875 0.16458333333333333 0.0140625 0.020833333333333332
3 0.5765625 0.13020833333333334 0.01875 0.04375
1 0.56484375 0.10729166666666666 0.0171875 0.03125
1 0.38203125 0.07708333333333334 0.0328125 0.03333333333333333
1 0.38359375 0.06875 0.0296875 0.025
1 0.5625 0.010416666666666666 0.015625 0.020833333333333332



1 0.5640625 0.010416666666666666 0.01875 0.020833333333333332
5 0.615625 0.019791666666666666 0.00625 0.010416666666666666
1 0.6671875 0.11875 0.01875 0.025
1 0.653125 0.08854166666666667 0.0125 0.01875
5 0.75625 0.29583333333333334 0.015625 0.020833333333333332
5 0.78359375 0.2875 0.0078125 0.025
5 0.77890625 0.2791666666666667 0.0171875 0.016666666666666666
5 0.84296875 0.21666666666666667 0.0109375 0.016666666666666666
5 0.84921875 0.20520833333333333 0.0140625 0.014583333333333334
5 0.86328125 0.19270833333333334 0.0078125 0.01875
1 0.821875 0.26666666666666666 0.025 0.029166666666666667
1 0.84765625 0.24375 0.0265625 0.029166666666666667
1 0.86953125 0.221875 0.0203125 0.022916666666666665
1 0.89296875 0.2 0.0203125 0.025
1 0.91171875 0.171875 0.0234375 0.027083333333333334
3 0.94296875 0.13541666666666666 0.0421875 0.05416666666666667
1 0.9640625 0.11041666666666666 0.0125 0.016666666666666666
1 0.97421875 0.09791666666666667 0.0109375 0.0125
1 0.990625 0.07604166666666666 0.01875 0.01875
1 0.9921875 0.109375 0.015625 0.014583333333333334
1 0.97734375 0.13125 0.0171875 0.020833333333333332
1 0.95703125 0.15833333333333333 0.0203125 0.025
1 0.93359375 0.184375 0.0171875 0.022916666666666665
1 0.9109375 0.2125 0.021875 0.029166666666666667
1 0.88828125 0.23541666666666666 0.0234375 0.025
1 0.86171875 0.26145833333333335 0.0234375 0.022916666666666665
1 0.8390625 0.28229166666666666 0.034375 0.03958333333333333
1 0.8453125 0.30520833333333336 0.03125 0.03958333333333333
3 0.8796875 0.2708333333333333 0.034375 0.04583333333333333
1 0.91171875 0.246875 0.0234375 0.027083333333333334
3 0.946875 0.19375 0.04375 0.058333333333333334
1 0.9734375 0.171875 0.015625 0.022916666666666665
1 0.98984375 0.15104166666666666 0.0203125 0.022916666666666665
1 0.87734375 0.31145833333333334 0.0265625 0.03125
1 0.91015625 0.2760416666666667 0.0234375 0.027083333333333334
1 0.928125 0.2552083333333333 0.021875 0.022916666666666665
1 0.94921875 0.2375 0.0203125 0.020833333333333332
1 0.97734375 0.20520833333333333 0.0203125 0.027083333333333334
1 0.98984375 0.18333333333333332 0.0203125 0.020833333333333332
1 0.88203125 0.340625 0.0328125 0.03958333333333333
1 0.9140625 0.309375 0.028125 0.03125
1 0.9375 0.28020833333333334 0.025 0.027083333333333334
1 0.9609375 0.2520833333333333 0.01875 0.020833333333333332
1 0.98046875 0.23541666666666666 0.0203125 0.025
1 0.91015625 0.35520833333333335 0.0296875 0.03958333333333333
1 0.934375 0.32395833333333335 0.025 0.03125

1 0.9578125 0.3 0.025 0.029166666666666667


5 0.7109375 0.2791666666666667 0.00625 0.0125
4 0.775 0.328125 0.009375 0.01875
5 0.615625 0.01875 0.00625 0.008333333333333333
5 0.3203125 0.7614583333333333 0.028125 0.022916666666666665
5 0.48046875 0.775 0.0171875 0.03333333333333333
4 0.446875 0.7604166666666666 0.0125 0.025
4 0.37578125 0.46145833333333336 0.0078125 0.00625
4 0.41875 0.234375 0.00625 0.01875
4 0.409375 0.4875 0.00625 0.008333333333333333
4 0.40703125 0.48333333333333334 0.0203125 0.016666666666666666
4 0.7828125 0.13125 0.00625 0.0125
1 0.4390625 0.26458333333333334 0.040625 0.029166666666666667
1 0.43984375 0.24166666666666667 0.0328125 0.020833333333333332
