1 0.534375 0.12708333333333333 0.01875 0.025
1 0.5921875 0.28541666666666665 0.01875 0.029166666666666667
1 0.578125 0.23541666666666666 0.015625 0.025
1 0.56875 0.190625 0.015625 0.027083333333333334
1 0.56171875 0.16354166666666667 0.0140625 0.022916666666666665
1 0.55625 0.14270833333333333 0.0125 0.01875
1 0.60546875 0.25 0.0203125 0.0375
1 0.59375 0.21458333333333332 0.01875 0.025
1 0.590625 0.1875 0.01875 0.029166666666666667
1 0.58046875 0.16458333333333333 0.0140625 0.020833333333333332
3 0.57578125 0.13020833333333334 0.0203125 0.04375
1 0.56484375 0.10729166666666666 0.0171875 0.03125
1 0.38203125 0.07708333333333334 0.0328125 0.03333333333333333
1 0.3828125 0.06875 0.028125 0.025
1 0.56171875 0.008333333333333333 0.0140625 0.016666666666666666



1 0.5609375 0.009375 0.01875 0.01875
5 0.61484375 0.016666666666666666 0.0078125 0.0125
1 0.66640625 0.11875 0.0171875 0.025
1 0.653125 0.08854166666666667 0.0125 0.01875
5 0.75546875 0.29583333333333334 0.0140625 0.020833333333333332
5 0.78359375 0.2875 0.0078125 0.025
5 0.78046875 0.2760416666666667 0.0140625 0.01875
5 0.84609375 0.21458333333333332 0.0078125 0.0125
5 0.85625 0.20104166666666667 0.009375 0.010416666666666666
5 0.8640625 0.19166666666666668 0.00625 0.016666666666666666
1 0.821875 0.26666666666666666 0.025 0.029166666666666667
1 0.84765625 0.24375 0.0265625 0.029166666666666667
1 0.86953125 0.221875 0.0203125 0.022916666666666665
1 0.89296875 0.2 0.0203125 0.025
1 0.91171875 0.171875 0.0234375 0.027083333333333334
3 0.94296875 0.13645833333333332 0.0421875 0.05625
1 0.96484375 0.11041666666666666 0.0140625 0.016666666666666666
1 0.97421875 0.09895833333333333 0.0109375 0.014583333333333334
1 0.990625 0.07604166666666666 0.01875 0.01875
1 0.9921875 0.109375 0.015625 0.014583333333333334
1 0.97734375 0.13020833333333334 0.0171875 0.022916666666666665
1 0.95703125 0.15833333333333333 0.0203125 0.025
1 0.93359375 0.184375 0.0171875 0.022916666666666665
1 0.91171875 0.21145833333333333 0.0203125 0.027083333333333334
1 0.88828125 0.234375 0.0234375 0.027083333333333334
1 0.86171875 0.26145833333333335 0.0234375 0.022916666666666665
1 0.8390625 0.28020833333333334 0.034375 0.03958333333333333
1 0.8453125 0.30625 0.03125 0.0375
3 0.88046875 0.2708333333333333 0.0359375 0.04583333333333333
1 0.9109375 0.246875 0.021875 0.027083333333333334
3 0.94765625 0.19479166666666667 0.0421875 0.06041666666666667
1 0.975 0.17083333333333334 0.0125 0.020833333333333332
1 0.990625 0.15104166666666666 0.01875 0.022916666666666665
1 0.87734375 0.31145833333333334 0.0265625 0.03125
1 0.91015625 0.2760416666666667 0.0234375 0.027083333333333334
1 0.928125 0.2552083333333333 0.021875 0.022916666666666665
1 0.94921875 0.2375 0.0203125 0.020833333333333332
1 0.97734375 0.20520833333333333 0.0203125 0.027083333333333334
1 0.98984375 0.18229166666666666 0.0203125 0.022916666666666665
1 0.88203125 0.33958333333333335 0.0328125 0.0375
1 0.9140625 0.30833333333333335 0.028125 0.03333333333333333
1 0.9375 0.28020833333333334 0.025 0.027083333333333334
1 0.9609375 0.2520833333333333 0.01875 0.020833333333333332
1 0.98046875 0.23541666666666666 0.0203125 0.025
1 0.909375 0.3541666666666667 0.03125 0.0375
1 0.934375 0.32395833333333335 0.025 0.03125

1 0.95703125 0.3 0.0234375 0.029166666666666667


5 0.70859375 0.271875 0.0078125 0.014583333333333334
4 0.775 0.32395833333333335 0.009375 0.01875
5 0.6140625 0.015625 0.00625 0.010416666666666666
5 0.3109375 0.7614583333333333 0.028125 0.022916666666666665
5 0.47890625 0.775 0.0171875 0.03333333333333333
4 0.44609375 0.7604166666666666 0.0109375 0.025
4 0.37578125 0.4625 0.0078125 0.008333333333333333
4 0.41875 0.23333333333333334 0.00625 0.016666666666666666
4 0.40703125 0.48854166666666665 0.0078125 0.014583333333333334
4 0.40625 0.484375 0.01875 0.01875
4 0.7828125 0.13125 0.00625 0.0125
1 0.4390625 0.26458333333333334 0.040625 0.029166666666666667
1 0.43984375 0.240625 0.0328125 0.022916666666666665
