1 0.534375 0.12708333333333333 0.01875 0.025
1 0.59375 0.290625 0.01875 0.03125
1 0.578125 0.23854166666666668 0.015625 0.027083333333333334
1 0.56875 0.19270833333333334 0.015625 0.027083333333333334
1 0.56171875 0.16354166666666667 0.0140625 0.022916666666666665
1 0.55625 0.14270833333333333 0.0125 0.01875
1 0.60546875 0.25104166666666666 0.0203125 0.035416666666666666
1 0.59375 0.21458333333333332 0.01875 0.025
1 0.590625 0.18958333333333333 0.01875 0.029166666666666667
1 0.58046875 0.16458333333333333 0.0140625 0.020833333333333332
3 0.57578125 0.13020833333333334 0.0203125 0.04375
1 0.56484375 0.10729166666666666 0.0171875 0.03125
1 0.38203125 0.07708333333333334 0.0328125 0.03333333333333333
1 0.38203125 0.06979166666666667 0.0296875 0.027083333333333334
1 0.5578125 0.00625 0.015625 0.0125



1 0.55859375 0.008333333333333333 0.0203125 0.016666666666666666
5 0.6125 0.011458333333333333 0.00625 0.010416666666666666
1 0.665625 0.11979166666666667 0.015625 0.022916666666666665
1 0.65234375 0.08854166666666667 0.0140625 0.01875
5 0.75625 0.29583333333333334 0.015625 0.020833333333333332
5 0.784375 0.2875 0.009375 0.025
5 0.7734375 0.28541666666666665 0.015625 0.020833333333333332
5 0.8453125 0.21666666666666667 0.009375 0.0125
5 0.85625 0.20208333333333334 0.00625 0.0125
5 0.85546875 0.19270833333333334 0.0109375 0.027083333333333334
1 0.821875 0.26666666666666666 0.025 0.029166666666666667
1 0.846875 0.24375 0.025 0.029166666666666667
1 0.86953125 0.22083333333333333 0.0203125 0.025
1 0.8921875 0.2 0.021875 0.025
1 0.91171875 0.171875 0.0234375 0.027083333333333334
3 0.94296875 0.13541666666666666 0.0421875 0.05416666666666667
1 0.9640625 0.11041666666666666 0.0125 0.016666666666666666
1 0.97421875 0.09895833333333333 0.0109375 0.014583333333333334
1 0.990625 0.07708333333333334 0.01875 0.016666666666666666
1 0.9921875 0.109375 0.015625 0.014583333333333334
1 0.9765625 0.13020833333333334 0.015625 0.022916666666666665
1 0.959375 0.15729166666666666 0.021875 0.027083333333333334
1 0.9328125 0.18541666666666667 0.01875 0.020833333333333332
1 0.91171875 0.21145833333333333 0.0203125 0.027083333333333334
1 0.88828125 0.234375 0.0234375 0.027083333333333334
1 0.8609375 0.26145833333333335 0.025 0.022916666666666665
1 0.8390625 0.28229166666666666 0.034375 0.03958333333333333
1 0.8453125 0.30520833333333336 0.03125 0.03958333333333333
3 0.8796875 0.2708333333333333 0.034375 0.04583333333333333
1 0.9109375 0.24583333333333332 0.021875 0.025
3 0.946875 0.19375 0.04375 0.058333333333333334
1 0.9734375 0.171875 0.015625 0.022916666666666665
1 0.98984375 0.15104166666666666 0.0203125 0.022916666666666665
1 0.87734375 0.31145833333333334 0.0265625 0.03125
1 0.91015625 0.27708333333333335 0.0234375 0.025
1 0.92734375 0.2552083333333333 0.0203125 0.022916666666666665
1 0.9484375 0.2375 0.01875 0.020833333333333332
1 0.97734375 0.20520833333333333 0.0203125 0.027083333333333334
1 0.98984375 0.18333333333333332 0.0203125 0.020833333333333332
1 0.88125 0.33958333333333335 0.03125 0.0375
1 0.91328125 0.309375 0.0265625 0.03125
1 0.9375 0.28020833333333334 0.025 0.027083333333333334
1 0.9609375 0.2520833333333333 0.01875 0.020833333333333332
1 0.98046875 0.23541666666666666 0.0203125 0.025
1 0.909375 0.3541666666666667 0.03125 0.0375
1 0.93359375 0.32395833333333335 0.0234375 0.03125

1 0.95625 0.30104166666666665 0.025 0.03125


5 0.70234375 0.26458333333333334 0.0078125 0.016666666666666666
4 0.77109375 0.32395833333333335 0.0109375 0.01875
5 0.6125 0.0125 0.00625 0.0125
5 0.29375 0.7614583333333333 0.028125 0.022916666666666665
5 0.47890625 0.7739583333333333 0.0171875 0.035416666666666666
4 0.4453125 0.7604166666666666 0.0125 0.025
4 0.3765625 0.4625 0.009375 0.008333333333333333
4 0.41875 0.234375 0.00625 0.014583333333333334
4 0.4078125 0.490625 0.009375 0.01875
4 0.40703125 0.48333333333333334 0.0203125 0.020833333333333332
4 0.778125 0.13333333333333333 0.00625 0.0125
1 0.4390625 0.26458333333333334 0.040625 0.029166666666666667
1 0.4390625 0.24166666666666667 0.03125 0.020833333333333332
