1 0.534375 0.12708333333333333 0.01875 0.025
1 0.59609375 0.29583333333333334 0.0203125 0.029166666666666667
1 0.578125 0.24166666666666667 0.015625 0.025
1 0.56875 0.19375 0.015625 0.029166666666666667
1 0.56171875 0.16354166666666667 0.0140625 0.022916666666666665
1 0.55625 0.14270833333333333 0.0125 0.01875
1 0.60546875 0.2520833333333333 0.0203125 0.03333333333333333
1 0.59453125 0.21458333333333332 0.0171875 0.025
1 0.590625 0.18854166666666666 0.01875 0.03125
1 0.5796875 0.16458333333333333 0.0125 0.020833333333333332
3 0.57578125 0.12916666666666668 0.0203125 0.041666666666666664
1 0.56484375 0.10729166666666666 0.0171875 0.03125
1 0.38203125 0.07708333333333334 0.0328125 0.03333333333333333
1 0.38203125 0.06979166666666667 0.0296875 0.027083333333333334
1 0.5578125 0.003125 0.0125 0.00625



1 0.5578125 0.00625 0.015625 0.0125
5 0.609375 0.007291666666666667 0.009375 0.014583333333333334
1 0.66640625 0.11875 0.0171875 0.025
1 0.65234375 0.08854166666666667 0.0140625 0.01875
5 0.7546875 0.296875 0.015625 0.022916666666666665
5 0.784375 0.2875 0.009375 0.025
5 0.77109375 0.303125 0.0171875 0.04791666666666667
5 0.8453125 0.215625 0.009375 0.010416666666666666
5 0.8546875 0.20208333333333334 0.00625 0.0125
5 0.85234375 0.19583333333333333 0.0171875 0.0375
1 0.821875 0.26666666666666666 0.025 0.029166666666666667
1 0.846875 0.24375 0.025 0.029166666666666667
1 0.86953125 0.22083333333333333 0.0203125 0.025
1 0.8921875 0.19895833333333332 0.021875 0.022916666666666665
1 0.91171875 0.17291666666666666 0.0234375 0.029166666666666667
3 0.94296875 0.13541666666666666 0.0421875 0.05416666666666667
1 0.9640625 0.11041666666666666 0.0125 0.016666666666666666
1 0.97421875 0.09895833333333333 0.0109375 0.014583333333333334
1 0.990625 0.07604166666666666 0.01875 0.01875
1 0.9921875 0.109375 0.015625 0.014583333333333334
1 0.9765625 0.13020833333333334 0.015625 0.022916666666666665
1 0.959375 0.15729166666666666 0.021875 0.027083333333333334
1 0.9328125 0.18541666666666667 0.01875 0.020833333333333332
1 0.91171875 0.21145833333333333 0.0203125 0.027083333333333334
1 0.88828125 0.234375 0.0234375 0.027083333333333334
1 0.86015625 0.26145833333333335 0.0234375 0.022916666666666665
1 0.8375 0.28125 0.03125 0.0375
1 0.8453125 0.30625 0.03125 0.0375
3 0.88046875 0.2708333333333333 0.0359375 0.04583333333333333
1 0.9109375 0.24583333333333332 0.021875 0.025
3 0.946875 0.19479166666666667 0.04375 0.06041666666666667
1 0.97421875 0.17083333333333334 0.0140625 0.020833333333333332
1 0.98984375 0.15104166666666666 0.0203125 0.022916666666666665
1 0.87734375 0.31145833333333334 0.0265625 0.03125
1 0.91015625 0.2760416666666667 0.0234375 0.027083333333333334
1 0.92734375 0.2552083333333333 0.0203125 0.022916666666666665
1 0.9484375 0.2375 0.01875 0.020833333333333332
1 0.97734375 0.20520833333333333 0.0203125 0.027083333333333334
1 0.9890625 0.18229166666666666 0.021875 0.022916666666666665
1 0.88125 0.33958333333333335 0.03125 0.0375
1 0.91328125 0.309375 0.0265625 0.03125
1 0.93671875 0.28125 0.0234375 0.029166666666666667
1 0.9609375 0.2520833333333333 0.01875 0.020833333333333332
1 0.98046875 0.23541666666666666 0.0203125 0.025
1 0.90859375 0.3541666666666667 0.0296875 0.0375
1 0.93359375 0.32395833333333335 0.0234375 0.03125

1 0.95625 0.30104166666666665 0.025 0.03125


5 0.6984375 0.2552083333333333 0.00625 0.01875
4 0.77109375 0.3229166666666667 0.0078125 0.016666666666666666
5 0.61015625 0.007291666666666667 0.0046875 0.010416666666666666
5 0.278125 0.7614583333333333 0.028125 0.022916666666666665
5 0.4796875 0.7729166666666667 0.01875 0.0375
4 0.4453125 0.7604166666666666 0.0125 0.025
4 0.37578125 0.4625 0.0078125 0.008333333333333333
4 0.41875 0.23333333333333334 0.00625 0.016666666666666666
4 0.4078125 0.49375 0.009375 0.025
4 0.409375 0.4791666666666667 0.01875 0.016666666666666666
4 0.7765625 0.13229166666666667 0.00625 0.014583333333333334
1 0.4390625 0.26458333333333334 0.040625 0.029166666666666667
1 0.4390625 0.23958333333333334 0.03125 0.020833333333333332
