1 0.534375 0.12708333333333333 0.01875 0.025
1 0.6 0.3072916666666667 0.01875 0.03125
1 0.58046875 0.24791666666666667 0.0171875 0.029166666666666667
1 0.56875 0.196875 0.015625 0.03125
1 0.56171875 0.16458333333333333 0.0140625 0.025
1 0.55625 0.14270833333333333 0.0125 0.01875
1 0.60703125 0.25625 0.0203125 0.03333333333333333
1 0.5953125 0.21666666666666667 0.015625 0.025
1 0.590625 0.190625 0.01875 0.03125
1 0.5796875 0.16458333333333333 0.0125 0.020833333333333332
3 0.57578125 0.13020833333333334 0.0203125 0.04375
1 0.56484375 0.10729166666666666 0.0171875 0.03125
1 0.38203125 0.07708333333333334 0.0328125 0.03333333333333333
1 0.3828125 0.06875 0.03125 0.025





5 0.60625 0.004166666666666667 0.009375 0.008333333333333333
1 0.6671875 0.11979166666666667 0.01875 0.022916666666666665
1 0.65234375 0.08854166666666667 0.0140625 0.01875
5 0.75390625 0.296875 0.0140625 0.01875
5 0.78359375 0.2833333333333333 0.0109375 0.020833333333333332
5 0.7703125 0.30520833333333336 0.015625 0.04375
5 0.84609375 0.215625 0.0078125 0.010416666666666666
5 0.8546875 0.20104166666666667 0.00625 0.010416666666666666
5 0.85078125 0.19791666666666666 0.0203125 0.041666666666666664
1 0.821875 0.26666666666666666 0.025 0.029166666666666667
1 0.846875 0.24270833333333333 0.025 0.027083333333333334
1 0.86953125 0.22083333333333333 0.0203125 0.025
1 0.8921875 0.2 0.021875 0.025
1 0.91171875 0.17291666666666666 0.0234375 0.029166666666666667
3 0.94296875 0.13541666666666666 0.0421875 0.05416666666666667
1 0.96484375 0.11041666666666666 0.0140625 0.016666666666666666
1 0.9734375 0.09895833333333333 0.0125 0.014583333333333334
1 0.990625 0.07708333333333334 0.01875 0.016666666666666666
1 0.99140625 0.11041666666666666 0.0171875 0.0125
1 0.9765625 0.13125 0.015625 0.020833333333333332
1 0.95703125 0.15833333333333333 0.0203125 0.025
1 0.93203125 0.18541666666666667 0.0171875 0.020833333333333332
1 0.91171875 0.21145833333333333 0.0203125 0.027083333333333334
1 0.88828125 0.23541666666666666 0.0234375 0.025
1 0.86015625 0.26145833333333335 0.0234375 0.022916666666666665
1 0.83828125 0.28125 0.0328125 0.0375
1 0.84453125 0.30625 0.0296875 0.0375
3 0.88046875 0.2708333333333333 0.0359375 0.04583333333333333
1 0.9109375 0.24583333333333332 0.021875 0.025
3 0.946875 0.19583333333333333 0.04375 0.058333333333333334
1 0.97421875 0.17083333333333334 0.0140625 0.020833333333333332
1 0.98984375 0.15104166666666666 0.0203125 0.022916666666666665
1 0.87734375 0.31145833333333334 0.0265625 0.03125
1 0.909375 0.2760416666666667 0.021875 0.027083333333333334
1 0.9265625 0.2552083333333333 0.021875 0.022916666666666665
1 0.9484375 0.23854166666666668 0.01875 0.022916666666666665
1 0.9765625 0.20520833333333333 0.021875 0.027083333333333334
1 0.98984375 0.18333333333333332 0.0203125 0.025
1 0.88125 0.33958333333333335 0.03125 0.0375
1 0.91328125 0.309375 0.0265625 0.03125
1 0.93671875 0.28125 0.0234375 0.029166666666666667
1 0.9609375 0.2520833333333333 0.01875 0.020833333333333332
1 0.98046875 0.23541666666666666 0.0203125 0.025
1 0.90859375 0.3541666666666667 0.0296875 0.0375
1 0.9328125 0.32395833333333335 0.025 0.03125

1 0.95625 0.30104166666666665 0.025 0.03125


5 0.69296875 0.2375 0.0046875 0.0125
4 0.7671875 0.31875 0.009375 0.016666666666666666
5 0.60703125 0.004166666666666667 0.0078125 0.008333333333333333
5 0.25 0.7625 0.028125 0.020833333333333332
5 0.47734375 0.7708333333333334 0.0171875 0.0375
4 0.4453125 0.7604166666666666 0.0125 0.025
4 0.375 0.4625 0.00625 0.008333333333333333
4 0.41875 0.234375 0.00625 0.014583333333333334
4 0.4078125 0.49375 0.009375 0.025
4 0.41484375 0.47708333333333336 0.0078125 0.0125
4 0.7734375 0.13229166666666667 0.00625 0.014583333333333334
1 0.43984375 0.26458333333333334 0.0390625 0.029166666666666667
1 0.43828125 0.24166666666666667 0.0328125 0.020833333333333332
