1 0.53359375 0.12708333333333333 0.0171875 0.025
1 0.60703125 0.3229166666666667 0.0203125 0.03333333333333333
1 0.58203125 0.25729166666666664 0.0171875 0.027083333333333334
1 0.5703125 0.20208333333333334 0.015625 0.029166666666666667
1 0.56171875 0.16458333333333333 0.0140625 0.025
1 0.55625 0.14375 0.0125 0.020833333333333332
1 0.61015625 0.2625 0.0203125 0.03333333333333333
1 0.59609375 0.22083333333333333 0.0140625 0.025
1 0.590625 0.19166666666666668 0.01875 0.03333333333333333
1 0.5796875 0.16458333333333333 0.015625 0.025
3 0.57578125 0.13020833333333334 0.0203125 0.04375
1 0.56484375 0.10729166666666666 0.0171875 0.03125
1 0.38125 0.07708333333333334 0.034375 0.03333333333333333
1 0.3828125 0.06875 0.028125 0.025






1 0.66640625 0.11875 0.0171875 0.025
1 0.65234375 0.08854166666666667 0.0140625 0.01875
5 0.7515625 0.2989583333333333 0.01875 0.022916666666666665
5 0.78359375 0.28125 0.0109375 0.016666666666666666
5 0.81796875 0.23958333333333334 0.0171875 0.016666666666666666
5 0.84453125 0.215625 0.0046875 0.010416666666666666
5 0.8546875 0.196875 0.00625 0.010416666666666666
5 0.85078125 0.196875 0.0203125 0.03958333333333333
1 0.821875 0.26666666666666666 0.025 0.029166666666666667
1 0.846875 0.24375 0.025 0.029166666666666667
1 0.86953125 0.221875 0.0203125 0.022916666666666665
1 0.8921875 0.2 0.021875 0.025
1 0.91171875 0.17291666666666666 0.0234375 0.029166666666666667
3 0.9421875 0.13541666666666666 0.04375 0.05416666666666667
1 0.9640625 0.11145833333333334 0.0125 0.01875
1 0.9734375 0.09895833333333333 0.0125 0.014583333333333334
1 0.990625 0.07604166666666666 0.01875 0.01875
1 0.99140625 0.11041666666666666 0.0171875 0.0125
1 0.9765625 0.13125 0.015625 0.020833333333333332
1 0.95703125 0.15833333333333333 0.0203125 0.025
1 0.93203125 0.18541666666666667 0.0171875 0.020833333333333332
1 0.9109375 0.21145833333333333 0.021875 0.027083333333333334
1 0.8875 0.23541666666666666 0.021875 0.025
1 0.86015625 0.26145833333333335 0.0234375 0.022916666666666665
1 0.83828125 0.28020833333333334 0.0328125 0.03958333333333333
1 0.84453125 0.30625 0.0296875 0.0375
3 0.87890625 0.271875 0.0359375 0.04375
1 0.9109375 0.246875 0.021875 0.022916666666666665
3 0.946875 0.19583333333333333 0.04375 0.058333333333333334
1 0.97421875 0.17083333333333334 0.0140625 0.020833333333333332
1 0.98984375 0.15104166666666666 0.0203125 0.022916666666666665
1 0.8765625 0.31145833333333334 0.028125 0.03125
1 0.909375 0.2760416666666667 0.021875 0.027083333333333334
1 0.9265625 0.2552083333333333 0.021875 0.022916666666666665
1 0.9484375 0.23854166666666668 0.01875 0.022916666666666665
1 0.97578125 0.20520833333333333 0.0203125 0.027083333333333334
1 0.9890625 0.18333333333333332 0.021875 0.025
1 0.88046875 0.33958333333333335 0.0328125 0.0375
1 0.91328125 0.309375 0.0265625 0.03125
1 0.93671875 0.28125 0.0234375 0.029166666666666667
1 0.9609375 0.2520833333333333 0.01875 0.020833333333333332
1 0.98046875 0.23541666666666666 0.0203125 0.025
1 0.90859375 0.3541666666666667 0.0296875 0.0375
1 0.93359375 0.325 0.0265625 0.03333333333333333

1 0.95546875 0.3020833333333333 0.0234375 0.029166666666666667


5 0.684375 0.221875 0.00625 0.014583333333333334
4 0.76171875 0.315625 0.0109375 0.022916666666666665

5 0.21015625 0.7666666666666667 0.0296875 0.020833333333333332
5 0.4765625 0.7708333333333334 0.01875 0.0375
4 0.44375 0.759375 0.0125 0.027083333333333334
4 0.37421875 0.4625 0.0078125 0.008333333333333333
4 0.41875 0.234375 0.00625 0.014583333333333334
4 0.4078125 0.48854166666666665 0.009375 0.014583333333333334
4 0.4140625 0.47604166666666664 0.00625 0.010416666666666666
4 0.7703125 0.13229166666666667 0.00625 0.014583333333333334
1 0.43984375 0.26458333333333334 0.0390625 0.029166666666666667
1 0.4390625 0.23958333333333334 0.03125 0.020833333333333332
