1 0.5390625 0.12395833333333334 0.01875 0.027083333333333334
1 0.5890625 0.259375 0.01875 0.03125
1 0.58125 0.23020833333333332 0.015625 0.027083333333333334
1 0.571875 0.190625 0.015625 0.027083333333333334
1 0.56484375 0.16041666666666668 0.0140625 0.020833333333333332
1 0.56015625 0.140625 0.0109375 0.014583333333333334
1 0.60859375 0.24583333333333332 0.0203125 0.0375
1 0.5984375 0.2125 0.01875 0.029166666666666667
1 0.59296875 0.1875 0.0171875 0.029166666666666667
1 0.58359375 0.16354166666666667 0.0140625 0.022916666666666665
3 0.57890625 0.128125 0.0203125 0.04375
1 0.56875 0.10625 0.01875 0.03333333333333333
1 0.38515625 0.075 0.0328125 0.03333333333333333
1 0.38515625 0.06770833333333333 0.0296875 0.022916666666666665
1 0.60234375 0.11770833333333333 0.0171875 0.027083333333333334
1 0.61328125 0.0625 0.0140625 0.020833333333333332
1 0.57265625 0.042708333333333334 0.0140625 0.01875
1 0.59140625 0.03854166666666667 0.0171875 0.01875
1 0.5609375 0.004166666666666667 0.0125 0.008333333333333333
5 0.646875 0.10625 0.00625 0.0125
1 0.66953125 0.11770833333333333 0.0171875 0.022916666666666665
1 0.65703125 0.084375 0.0140625 0.01875
5 0.7625 0.29375 0.01875 0.020833333333333332
5 0.7875 0.2833333333333333 0.0125 0.020833333333333332
5 0.80234375 0.26145833333333335 0.0078125 0.014583333333333334
5 0.8453125 0.21875 0.009375 0.0125
5 0.853125 0.20104166666666667 0.009375 0.010416666666666666
5 0.8984375 0.16145833333333334 0.009375 0.014583333333333334
1 0.82578125 0.26458333333333334 0.0265625 0.029166666666666667
1 0.8515625 0.24270833333333333 0.025 0.027083333333333334
1 0.875 0.21875 0.021875 0.025
1 0.896875 0.196875 0.021875 0.022916666666666665
1 0.91484375 0.171875 0.0234375 0.027083333333333334
3 0.94609375 0.13333333333333333 0.0421875 0.05416666666666667
1 0.9671875 0.11041666666666666 0.015625 0.020833333333333332
1 0.97890625 0.09583333333333334 0.0140625 0.016666666666666666
1 0.9921875 0.07708333333333334 0.015625 0.0125
1 0.99453125 0.109375 0.0109375 0.014583333333333334
1 0.98125 0.128125 0.015625 0.022916666666666665
1 0.96328125 0.15729166666666666 0.0203125 0.03125
1 0.93828125 0.18125 0.0203125 0.020833333333333332
1 0.915625 0.209375 0.021875 0.027083333333333334
1 0.89375 0.23333333333333334 0.021875 0.025
1 0.865625 0.25833333333333336 0.021875 0.025
1 0.84296875 0.27708333333333335 0.0328125 0.0375
1 0.8484375 0.30416666666666664 0.03125 0.041666666666666664
3 0.8828125 0.26875 0.0375 0.04583333333333333
1 0.915625 0.24479166666666666 0.021875 0.027083333333333334
3 0.95078125 0.19375 0.0421875 0.058333333333333334
1 0.978125 0.16875 0.015625 0.020833333333333332
1 0.9921875 0.14895833333333333 0.015625 0.022916666666666665
1 0.88125 0.3104166666666667 0.028125 0.03333333333333333
1 0.9140625 0.27395833333333336 0.021875 0.027083333333333334
1 0.9328125 0.25416666666666665 0.021875 0.025
1 0.95546875 0.234375 0.0203125 0.022916666666666665
1 0.97890625 0.20416666666666666 0.0203125 0.029166666666666667
1 0.9921875 0.18020833333333333 0.015625 0.022916666666666665
1 0.8859375 0.33958333333333335 0.03125 0.0375
1 0.9203125 0.30625 0.028125 0.03333333333333333
1 0.9421875 0.27708333333333335 0.025 0.03333333333333333
1 0.965625 0.25104166666666666 0.01875 0.027083333333333334
1 0.984375 0.23229166666666667 0.021875 0.022916666666666665
1 0.91328125 0.3541666666666667 0.0296875 0.0375
1 0.93828125 0.3229166666666667 0.0265625 0.03333333333333333
1 0.98984375 0.315625 0.0203125 0.03125
1 0.99296875 0.259375 0.0140625 0.027083333333333334
1 0.9890625 0.48020833333333335 0.021875 0.035416666666666666
5 0.9125 0.7072916666666667 0.021875 0.027083333333333334
5 0.78984375 0.44583333333333336 0.0109375 0.020833333333333332
4 0.81640625 0.3572916666666667 0.0078125 0.014583333333333334
5 0.62109375 0.027083333333333334 0.0046875 0.0125
5 0.4484375 0.8020833333333334 0.021875 0.025
5 0.49765625 0.8020833333333334 0.0203125 0.03333333333333333
4 0.465625 0.778125 0.0125 0.027083333333333334
4 0.37890625 0.4625 0.0078125 0.008333333333333333
4 0.421875 0.23229166666666667 0.00625 0.014583333333333334
4 0.41015625 0.4875 0.0078125 0.0125
4 0.40234375 0.48541666666666666 0.0046875 0.0125
4 0.8265625 0.13541666666666666 0.00625 0.016666666666666666
1 0.44296875 0.2635416666666667 0.0390625 0.027083333333333334
1 0.44296875 0.240625 0.0328125 0.01875
