1 0.53359375 0.128125 0.0171875 0.022916666666666665
1 0.61484375 0.3458333333333333 0.0203125 0.03333333333333333
1 0.584375 0.26666666666666666 0.015625 0.025
1 0.57109375 0.21458333333333332 0.0140625 0.029166666666666667
1 0.56328125 0.165625 0.0140625 0.027083333333333334
1 0.55546875 0.14583333333333334 0.0140625 0.020833333333333332
1 0.6125 0.2708333333333333 0.021875 0.0375
1 0.59765625 0.22916666666666666 0.0171875 0.029166666666666667
1 0.5890625 0.19791666666666666 0.01875 0.0375
1 0.5796875 0.16458333333333333 0.015625 0.025
3 0.57578125 0.13229166666666667 0.0203125 0.04375
1 0.56328125 0.10833333333333334 0.0171875 0.029166666666666667
1 0.38125 0.07708333333333334 0.034375 0.03333333333333333
1 0.38359375 0.06875 0.0296875 0.025
1 0.61796875 0.17291666666666666 0.0171875 0.025
1 0.61796875 0.17604166666666668 0.0171875 0.027083333333333334




1 0.66640625 0.11979166666666667 0.0171875 0.022916666666666665
1 0.6515625 0.08854166666666667 0.0125 0.01875
5 0.753125 0.303125 0.021875 0.027083333333333334
5 0.784375 0.2791666666666667 0.009375 0.0125
5 0.82109375 0.240625 0.0140625 0.022916666666666665
5 0.84375 0.21354166666666666 0.00625 0.010416666666666666
5 0.8546875 0.19895833333333332 0.00625 0.010416666666666666
5 0.84921875 0.196875 0.0234375 0.03958333333333333
1 0.82109375 0.26666666666666666 0.0265625 0.029166666666666667
1 0.84609375 0.24479166666666666 0.0265625 0.027083333333333334
1 0.86796875 0.221875 0.0203125 0.022916666666666665
1 0.89140625 0.2 0.0203125 0.025
1 0.91015625 0.17395833333333333 0.0234375 0.027083333333333334
3 0.9421875 0.13645833333333332 0.04375 0.05625
1 0.96484375 0.11145833333333334 0.0140625 0.01875
1 0.9734375 0.09895833333333333 0.0125 0.014583333333333334
1 0.990625 0.07708333333333334 0.01875 0.016666666666666666
1 0.98984375 0.11354166666666667 0.0140625 0.014583333333333334
1 0.97578125 0.13020833333333334 0.0171875 0.022916666666666665
1 0.9578125 0.15833333333333333 0.01875 0.025
1 0.93046875 0.18958333333333333 0.0171875 0.020833333333333332
1 0.9109375 0.21354166666666666 0.021875 0.027083333333333334
1 0.8875 0.23541666666666666 0.021875 0.025
1 0.86015625 0.26145833333333335 0.0234375 0.022916666666666665
1 0.83671875 0.28125 0.0296875 0.0375
1 0.84375 0.30625 0.03125 0.0375
3 0.878125 0.2708333333333333 0.034375 0.041666666666666664
1 0.91015625 0.24791666666666667 0.0234375 0.025
3 0.94609375 0.19583333333333333 0.0453125 0.058333333333333334
1 0.9734375 0.17083333333333334 0.0125 0.020833333333333332
1 0.98828125 0.15208333333333332 0.0203125 0.020833333333333332
1 0.87578125 0.31145833333333334 0.0265625 0.03125
1 0.909375 0.27708333333333335 0.021875 0.025
1 0.9265625 0.2552083333333333 0.021875 0.022916666666666665
1 0.9484375 0.23854166666666668 0.01875 0.022916666666666665
1 0.97578125 0.20520833333333333 0.0203125 0.027083333333333334
1 0.9890625 0.18333333333333332 0.021875 0.025
1 0.8796875 0.3416666666666667 0.03125 0.0375
1 0.9125 0.309375 0.025 0.03125
1 0.9359375 0.28020833333333334 0.025 0.027083333333333334
1 0.959375 0.2520833333333333 0.01875 0.020833333333333332
1 0.97890625 0.23645833333333333 0.0203125 0.027083333333333334
1 0.90703125 0.35520833333333335 0.0328125 0.03958333333333333
1 0.93359375 0.325 0.0234375 0.029166666666666667

1 0.95390625 0.3020833333333333 0.0234375 0.029166666666666667


5 0.68046875 0.19895833333333332 0.0078125 0.014583333333333334
4 0.7546875 0.31354166666666666 0.0125 0.01875

5 0.159375 0.7760416666666666 0.028125 0.022916666666666665
5 0.475 0.7677083333333333 0.01875 0.035416666666666666
4 0.44296875 0.75625 0.0109375 0.029166666666666667
4 0.37421875 0.4625 0.0078125 0.008333333333333333
4 0.41875 0.234375 0.00625 0.014583333333333334
4 0.4046875 0.48854166666666665 0.015625 0.014583333333333334
4 0.4140625 0.47708333333333336 0.00625 0.0125
4 0.76875 0.13229166666666667 0.00625 0.014583333333333334
1 0.4390625 0.2635416666666667 0.040625 0.027083333333333334
1 0.4375 0.24166666666666667 0.03125 0.020833333333333332
