1 0.5390625 0.12395833333333334 0.01875 0.027083333333333334
1 0.5890625 0.25833333333333336 0.01875 0.029166666666666667
1 0.58125 0.23020833333333332 0.015625 0.027083333333333334
1 0.571875 0.190625 0.015625 0.027083333333333334
1 0.56484375 0.16041666666666668 0.0140625 0.020833333333333332
1 0.559375 0.14166666666666666 0.0125 0.016666666666666666
1 0.60859375 0.246875 0.0203125 0.035416666666666666
1 0.5984375 0.2125 0.01875 0.029166666666666667
1 0.59296875 0.1875 0.0171875 0.029166666666666667
1 0.58359375 0.16354166666666667 0.0140625 0.022916666666666665
3 0.578125 0.128125 0.01875 0.04375
1 0.56875 0.10625 0.01875 0.03333333333333333
1 0.38515625 0.075 0.0328125 0.03333333333333333
1 0.3859375 0.06875 0.03125 0.025
1 0.6015625 0.115625 0.015625 0.027083333333333334
1 0.6109375 0.06145833333333333 0.015625 0.022916666666666665
1 0.571875 0.040625 0.0125 0.01875
1 0.5890625 0.036458333333333336 0.015625 0.01875
1 0.5609375 0.004166666666666667 0.0125 0.008333333333333333
5 0.6453125 0.10416666666666667 0.00625 0.016666666666666666
1 0.66953125 0.11770833333333333 0.0171875 0.022916666666666665
1 0.65703125 0.084375 0.0140625 0.01875
5 0.7625 0.29375 0.01875 0.020833333333333332
5 0.78671875 0.2833333333333333 0.0109375 0.020833333333333332
5 0.80234375 0.26145833333333335 0.0078125 0.014583333333333334
5 0.840625 0.22708333333333333 0.0125 0.020833333333333332
5 0.85390625 0.20104166666666667 0.0078125 0.010416666666666666
5 0.89765625 0.16145833333333334 0.0078125 0.014583333333333334
1 0.82578125 0.265625 0.0265625 0.027083333333333334
1 0.85234375 0.24166666666666667 0.0265625 0.029166666666666667
1 0.875 0.21875 0.021875 0.025
1 0.896875 0.196875 0.021875 0.022916666666666665
1 0.91484375 0.171875 0.0234375 0.027083333333333334
3 0.94609375 0.13333333333333333 0.0421875 0.05416666666666667
1 0.9671875 0.11041666666666666 0.015625 0.020833333333333332
1 0.978125 0.09583333333333334 0.0125 0.0125
1 0.9921875 0.07708333333333334 0.015625 0.0125
1 0.99375 0.10729166666666666 0.0125 0.01875
1 0.98125 0.128125 0.015625 0.022916666666666665
1 0.96328125 0.15729166666666666 0.0203125 0.03125
1 0.93984375 0.18020833333333333 0.0203125 0.022916666666666665
1 0.915625 0.209375 0.021875 0.027083333333333334
1 0.89375 0.23333333333333334 0.021875 0.025
1 0.86640625 0.259375 0.0234375 0.027083333333333334
1 0.84296875 0.27708333333333335 0.0328125 0.0375
1 0.8484375 0.30416666666666664 0.03125 0.041666666666666664
3 0.88359375 0.26979166666666665 0.0359375 0.04375
1 0.915625 0.24479166666666666 0.021875 0.027083333333333334
3 0.95078125 0.19375 0.0421875 0.058333333333333334
1 0.97890625 0.16875 0.0171875 0.020833333333333332
1 0.9921875 0.14895833333333333 0.015625 0.022916666666666665
1 0.88125 0.309375 0.028125 0.035416666666666666
1 0.9140625 0.27395833333333336 0.021875 0.027083333333333334
1 0.9328125 0.253125 0.021875 0.022916666666666665
1 0.95546875 0.234375 0.0203125 0.022916666666666665
1 0.9796875 0.20416666666666666 0.021875 0.029166666666666667
1 0.99296875 0.18020833333333333 0.0140625 0.022916666666666665
1 0.8859375 0.33958333333333335 0.03125 0.0375
1 0.91875 0.3072916666666667 0.025 0.03125
1 0.9421875 0.27708333333333335 0.025 0.03333333333333333
1 0.965625 0.25104166666666666 0.01875 0.027083333333333334
1 0.984375 0.23229166666666667 0.021875 0.022916666666666665
1 0.9125 0.3541666666666667 0.03125 0.0375
1 0.93828125 0.32395833333333335 0.0265625 0.035416666666666666
1 0.990625 0.315625 0.01875 0.03125
1 0.99296875 0.259375 0.0140625 0.027083333333333334
1 0.990625 0.4739583333333333 0.01875 0.035416666666666666
5 0.915625 0.7125 0.021875 0.029166666666666667
5 0.78828125 0.4395833333333333 0.0109375 0.020833333333333332
4 0.81484375 0.35625 0.0078125 0.016666666666666666
5 0.62109375 0.026041666666666668 0.0046875 0.010416666666666666
5 0.446875 0.8 0.021875 0.025
5 0.49609375 0.8010416666666667 0.0203125 0.03125
4 0.465625 0.778125 0.0125 0.027083333333333334
4 0.37890625 0.4625 0.0078125 0.008333333333333333
4 0.42109375 0.234375 0.0078125 0.014583333333333334
4 0.4109375 0.4864583333333333 0.00625 0.010416666666666666
4 0.40234375 0.4875 0.0046875 0.0125
4 0.8265625 0.13645833333333332 0.00625 0.014583333333333334
1 0.44296875 0.2635416666666667 0.0390625 0.027083333333333334
1 0.44296875 0.24166666666666667 0.0328125 0.020833333333333332
