1 0.5328125 0.128125 0.01875 0.022916666666666665
1 0.621875 0.36354166666666665 0.021875 0.035416666666666666
1 0.5859375 0.275 0.015625 0.029166666666666667
1 0.57265625 0.22291666666666668 0.0171875 0.029166666666666667
1 0.5609375 0.16979166666666667 0.015625 0.027083333333333334
1 0.55546875 0.146875 0.0140625 0.022916666666666665
1 0.6171875 0.2791666666666667 0.021875 0.03333333333333333
1 0.6 0.23541666666666666 0.015625 0.029166666666666667
1 0.590625 0.203125 0.01875 0.03125
1 0.578125 0.165625 0.0125 0.022916666666666665
3 0.575 0.13229166666666667 0.01875 0.04375
1 0.56328125 0.10833333333333334 0.0171875 0.029166666666666667
1 0.38125 0.07708333333333334 0.034375 0.03333333333333333
1 0.38203125 0.06979166666666667 0.0296875 0.027083333333333334
1 0.609375 0.15 0.015625 0.025
1 0.6109375 0.15208333333333332 0.015625 0.025



5 0.63515625 0.6489583333333333 0.0109375 0.014583333333333334
1 0.66640625 0.11979166666666667 0.0171875 0.022916666666666665
1 0.6515625 0.08854166666666667 0.0125 0.01875
5 0.75 0.303125 0.015625 0.027083333333333334
5 0.784375 0.2791666666666667 0.009375 0.0125
5 0.80625 0.25104166666666666 0.015625 0.014583333333333334
5 0.84375 0.2125 0.00625 0.008333333333333333
5 0.8546875 0.196875 0.00625 0.010416666666666666
5 0.84921875 0.196875 0.0234375 0.03958333333333333
1 0.8203125 0.26666666666666666 0.025 0.029166666666666667
1 0.8453125 0.24479166666666666 0.025 0.027083333333333334
1 0.86796875 0.221875 0.0203125 0.022916666666666665
1 0.89140625 0.2 0.0203125 0.025
1 0.91015625 0.17395833333333333 0.0234375 0.027083333333333334
3 0.9421875 0.13645833333333332 0.04375 0.05625
1 0.96328125 0.11145833333333334 0.0140625 0.01875
1 0.97265625 0.09895833333333333 0.0109375 0.014583333333333334
1 0.98984375 0.07708333333333334 0.0203125 0.016666666666666666
1 0.9921875 0.109375 0.015625 0.014583333333333334
1 0.97578125 0.13125 0.0171875 0.020833333333333332
1 0.95703125 0.15833333333333333 0.0203125 0.025
1 0.92890625 0.18958333333333333 0.0171875 0.020833333333333332
1 0.909375 0.21354166666666666 0.021875 0.027083333333333334
1 0.8875 0.23541666666666666 0.021875 0.025
1 0.859375 0.26145833333333335 0.021875 0.022916666666666665
1 0.8375 0.28229166666666666 0.03125 0.03958333333333333
1 0.84375 0.30625 0.03125 0.0375
3 0.87890625 0.271875 0.0359375 0.04375
1 0.91015625 0.24791666666666667 0.0203125 0.025
3 0.94609375 0.19479166666666667 0.0453125 0.06041666666666667
1 0.9734375 0.17083333333333334 0.0125 0.020833333333333332
1 0.9875 0.153125 0.01875 0.022916666666666665
1 0.87578125 0.31145833333333334 0.0265625 0.03125
1 0.909375 0.27708333333333335 0.021875 0.025
1 0.9265625 0.2552083333333333 0.021875 0.022916666666666665
1 0.946875 0.23958333333333334 0.01875 0.020833333333333332
1 0.975 0.20625 0.021875 0.029166666666666667
1 0.9890625 0.18333333333333332 0.021875 0.025
1 0.8796875 0.3416666666666667 0.03125 0.0375
1 0.9125 0.309375 0.025 0.03125
1 0.93515625 0.28020833333333334 0.0234375 0.027083333333333334
1 0.959375 0.2520833333333333 0.01875 0.020833333333333332
1 0.97890625 0.23645833333333333 0.0203125 0.027083333333333334
1 0.9078125 0.3541666666666667 0.03125 0.0375
1 0.9328125 0.32395833333333335 0.021875 0.03125

1 0.95390625 0.3020833333333333 0.0234375 0.029166666666666667


5 0.6734375 0.1875 0.009375 0.004166666666666667
4 0.74765625 0.3104166666666667 0.0109375 0.020833333333333332

5 0.12578125 0.7854166666666667 0.0296875 0.025
5 0.47421875 0.7666666666666667 0.0171875 0.0375
4 0.4421875 0.753125 0.0125 0.03125
4 0.37421875 0.4625 0.0078125 0.008333333333333333
4 0.41796875 0.23229166666666667 0.0078125 0.014583333333333334
4 0.4046875 0.48854166666666665 0.015625 0.014583333333333334
4 0.41328125 0.47708333333333336 0.0046875 0.0125
4 0.76875 0.13333333333333333 0.00625 0.0125
1 0.43828125 0.26458333333333334 0.0390625 0.029166666666666667
1 0.43671875 0.24166666666666667 0.0328125 0.020833333333333332
