1 0.5328125 0.12916666666666668 0.01875 0.025
1 0.628125 0.378125 0.021875 0.035416666666666666
1 0.58671875 0.2791666666666667 0.0171875 0.029166666666666667
1 0.57421875 0.23020833333333332 0.0171875 0.03125
1 0.56171875 0.171875 0.0140625 0.027083333333333334
1 0.5546875 0.146875 0.0125 0.022916666666666665
1 0.61875 0.2864583333333333 0.021875 0.03125
1 0.6 0.23958333333333334 0.015625 0.03333333333333333
1 0.59140625 0.20625 0.0171875 0.03333333333333333
1 0.57890625 0.16666666666666666 0.0140625 0.025
3 0.575 0.13333333333333333 0.01875 0.041666666666666664
1 0.56328125 0.10833333333333334 0.0171875 0.029166666666666667
1 0.38125 0.07708333333333334 0.034375 0.03333333333333333
1 0.38359375 0.06979166666666667 0.0296875 0.027083333333333334
1 0.60234375 0.134375 0.0171875 0.027083333333333334
1 0.603125 0.13020833333333334 0.015625 0.01875



5 0.64296875 0.678125 0.0171875 0.035416666666666666
1 0.665625 0.11979166666666667 0.01875 0.022916666666666665
1 0.6515625 0.08854166666666667 0.0125 0.01875
5 0.75234375 0.3020833333333333 0.0203125 0.025
5 0.78359375 0.2791666666666667 0.0078125 0.0125
5 0.80390625 0.25416666666666665 0.0140625 0.016666666666666666
5 0.84609375 0.21041666666666667 0.0078125 0.0125
5 0.8546875 0.196875 0.00625 0.010416666666666666
5 0.84921875 0.196875 0.0234375 0.03958333333333333
1 0.8203125 0.2677083333333333 0.025 0.027083333333333334
1 0.8453125 0.24479166666666666 0.025 0.027083333333333334
1 0.8671875 0.22291666666666668 0.01875 0.025
1 0.89140625 0.2 0.0203125 0.025
1 0.91015625 0.17395833333333333 0.0234375 0.027083333333333334
3 0.94140625 0.13645833333333332 0.0421875 0.05625
1 0.96328125 0.1125 0.0140625 0.016666666666666666
1 0.97265625 0.09895833333333333 0.0109375 0.014583333333333334
1 0.98984375 0.078125 0.0203125 0.014583333333333334
1 0.9890625 0.11354166666666667 0.0125 0.014583333333333334
1 0.975 0.13229166666666667 0.015625 0.022916666666666665
1 0.9578125 0.15833333333333333 0.021875 0.025
1 0.928125 0.190625 0.01875 0.01875
1 0.909375 0.21354166666666666 0.021875 0.027083333333333334
1 0.8875 0.23541666666666666 0.021875 0.025
1 0.859375 0.26145833333333335 0.021875 0.022916666666666665
1 0.8359375 0.28125 0.03125 0.0375
1 0.84375 0.30625 0.03125 0.0375
3 0.87890625 0.271875 0.0359375 0.04375
1 0.909375 0.24791666666666667 0.021875 0.025
3 0.94609375 0.19583333333333333 0.0453125 0.058333333333333334
1 0.97265625 0.171875 0.0171875 0.022916666666666665
1 0.9875 0.153125 0.01875 0.022916666666666665
1 0.87578125 0.3125 0.0265625 0.029166666666666667
1 0.90859375 0.27708333333333335 0.0234375 0.025
1 0.9265625 0.2552083333333333 0.021875 0.022916666666666665
1 0.946875 0.23958333333333334 0.01875 0.020833333333333332
1 0.97578125 0.20520833333333333 0.0203125 0.027083333333333334
1 0.9890625 0.18333333333333332 0.021875 0.025
1 0.8796875 0.3416666666666667 0.03125 0.0375
1 0.9125 0.309375 0.025 0.03125
1 0.93515625 0.28020833333333334 0.0234375 0.027083333333333334
1 0.95859375 0.2520833333333333 0.0171875 0.020833333333333332
1 0.97890625 0.2375 0.0203125 0.025
1 0.9078125 0.3541666666666667 0.03125 0.0375
1 0.93203125 0.32395833333333335 0.0234375 0.03125

1 0.95390625 0.3020833333333333 0.0234375 0.029166666666666667


5 0.678125 0.184375 0.009375 0.00625
4 0.7453125 0.30833333333333335 0.0125 0.016666666666666666

5 0.09921875 0.79375 0.0296875 0.025
5 0.47421875 0.7666666666666667 0.0203125 0.04583333333333333
4 0.440625 0.7479166666666667 0.0125 0.025
4 0.37421875 0.4625 0.0078125 0.008333333333333333
4 0.41796875 0.23333333333333334 0.0078125 0.016666666666666666
4 0.409375 0.4875 0.00625 0.008333333333333333
4 0.41328125 0.47604166666666664 0.0046875 0.010416666666666666
4 0.76875 0.13333333333333333 0.00625 0.0125
1 0.43828125 0.2635416666666667 0.0390625 0.027083333333333334
1 0.43828125 0.24270833333333333 0.0296875 0.01875
