1 0.5328125 0.12916666666666668 0.01875 0.025
1 0.628125 0.38229166666666664 0.021875 0.035416666666666666
1 0.5875 0.28125 0.01875 0.029166666666666667
1 0.57421875 0.23125 0.0171875 0.029166666666666667
1 0.56171875 0.171875 0.0140625 0.027083333333333334
1 0.5546875 0.146875 0.0125 0.022916666666666665
1 0.61875 0.2875 0.021875 0.03333333333333333
1 0.60078125 0.240625 0.0171875 0.03125
1 0.5921875 0.20625 0.015625 0.03333333333333333
1 0.5796875 0.16666666666666666 0.015625 0.025
3 0.575 0.13333333333333333 0.01875 0.041666666666666664
1 0.56328125 0.10833333333333334 0.0171875 0.029166666666666667
1 0.38125 0.07708333333333334 0.034375 0.03333333333333333
1 0.38359375 0.06875 0.0296875 0.025
1 0.60234375 0.13020833333333334 0.0171875 0.027083333333333334
1 0.60234375 0.12916666666666668 0.0171875 0.025



5 0.64375 0.684375 0.015625 0.035416666666666666
1 0.66484375 0.11979166666666667 0.0171875 0.022916666666666665
1 0.6515625 0.08854166666666667 0.0125 0.01875
5 0.75234375 0.3020833333333333 0.0234375 0.025
5 0.78359375 0.2791666666666667 0.0078125 0.0125
5 0.80390625 0.2552083333333333 0.0140625 0.01875
5 0.84453125 0.2125 0.0046875 0.008333333333333333
5 0.8546875 0.19791666666666666 0.00625 0.008333333333333333
5 0.84921875 0.196875 0.0234375 0.03958333333333333
1 0.8203125 0.2677083333333333 0.025 0.027083333333333334
1 0.8453125 0.24479166666666666 0.025 0.027083333333333334
1 0.8671875 0.221875 0.01875 0.022916666666666665
1 0.890625 0.20104166666666667 0.021875 0.022916666666666665
1 0.91015625 0.17395833333333333 0.0234375 0.027083333333333334
3 0.94140625 0.13645833333333332 0.0421875 0.05625
1 0.96328125 0.1125 0.0140625 0.016666666666666666
1 0.97265625 0.09895833333333333 0.0109375 0.014583333333333334
1 0.98984375 0.078125 0.0203125 0.014583333333333334
1 0.99296875 0.11041666666666666 0.0140625 0.0125
1 0.975 0.13125 0.015625 0.020833333333333332
1 0.95703125 0.15833333333333333 0.0203125 0.025
1 0.92890625 0.18958333333333333 0.0203125 0.020833333333333332
1 0.909375 0.21354166666666666 0.021875 0.027083333333333334
1 0.8875 0.23541666666666666 0.021875 0.025
1 0.859375 0.26145833333333335 0.021875 0.022916666666666665
1 0.8359375 0.28125 0.03125 0.0375
1 0.84375 0.30625 0.03125 0.0375
3 0.87890625 0.271875 0.0359375 0.04375
1 0.909375 0.24791666666666667 0.021875 0.025
3 0.94609375 0.19583333333333333 0.0453125 0.058333333333333334
1 0.9734375 0.171875 0.0125 0.01875
1 0.9875 0.153125 0.01875 0.022916666666666665
1 0.87578125 0.31145833333333334 0.0265625 0.03125
1 0.9078125 0.27708333333333335 0.021875 0.025
1 0.9265625 0.2552083333333333 0.021875 0.022916666666666665
1 0.946875 0.23958333333333334 0.01875 0.020833333333333332
1 0.97578125 0.20520833333333333 0.0203125 0.027083333333333334
1 0.9890625 0.18333333333333332 0.021875 0.025
1 0.8796875 0.3416666666666667 0.03125 0.0375
1 0.9125 0.309375 0.025 0.03125
1 0.93515625 0.28020833333333334 0.0234375 0.027083333333333334
1 0.959375 0.253125 0.01875 0.01875
1 0.97890625 0.2375 0.0203125 0.025
1 0.90703125 0.35520833333333335 0.0328125 0.03958333333333333
1 0.93125 0.325 0.025 0.03333333333333333

1 0.953125 0.3020833333333333 0.021875 0.029166666666666667


5 0.68125 0.18333333333333332 0.003125 0.008333333333333333
4 0.7453125 0.30833333333333335 0.0125 0.016666666666666666

5 0.09375 0.796875 0.028125 0.027083333333333334
5 0.471875 0.7635416666666667 0.01875 0.03958333333333333
4 0.43984375 0.7479166666666667 0.0109375 0.025
4 0.375 0.4625 0.00625 0.008333333333333333
4 0.41796875 0.234375 0.0078125 0.014583333333333334
4 0.41015625 0.48854166666666665 0.0078125 0.010416666666666666
4 0.41328125 0.47708333333333336 0.0046875 0.008333333333333333
4 0.76875 0.13333333333333333 0.00625 0.0125
1 0.43828125 0.2635416666666667 0.0390625 0.027083333333333334
1 0.43828125 0.24166666666666667 0.0296875 0.020833333333333332
