1 0.53359375 0.12604166666666666 0.0171875 0.03125
1 0.63203125 0.38958333333333334 0.0234375 0.03333333333333333
1 0.5875 0.2833333333333333 0.01875 0.029166666666666667
1 0.57578125 0.23541666666666666 0.0171875 0.029166666666666667
1 0.56171875 0.17291666666666666 0.0140625 0.025
1 0.5546875 0.14791666666666667 0.0125 0.020833333333333332
1 0.6203125 0.290625 0.021875 0.03125
1 0.6015625 0.24375 0.015625 0.029166666666666667
1 0.59375 0.20833333333333334 0.01875 0.0375
1 0.58046875 0.16666666666666666 0.0140625 0.029166666666666667
3 0.575 0.134375 0.01875 0.04375
1 0.56328125 0.109375 0.0171875 0.027083333333333334
1 0.38125 0.07708333333333334 0.034375 0.03333333333333333
1 0.38359375 0.06979166666666667 0.0296875 0.027083333333333334
1 0.60078125 0.12291666666666666 0.0171875 0.025
1 0.6 0.12291666666666666 0.015625 0.025



5 0.64609375 0.7020833333333333 0.0171875 0.03333333333333333
1 0.66484375 0.11979166666666667 0.0171875 0.022916666666666665
1 0.6515625 0.08854166666666667 0.0125 0.01875
5 0.75234375 0.3020833333333333 0.0234375 0.025
5 0.78359375 0.2791666666666667 0.0078125 0.0125
5 0.803125 0.25625 0.015625 0.020833333333333332
5 0.84375 0.2125 0.00625 0.008333333333333333
5 0.85390625 0.19791666666666666 0.0078125 0.008333333333333333
5 0.84921875 0.19791666666666666 0.0234375 0.041666666666666664
1 0.82109375 0.2677083333333333 0.0265625 0.03125
1 0.8453125 0.24479166666666666 0.025 0.027083333333333334
1 0.8671875 0.221875 0.01875 0.022916666666666665
1 0.890625 0.20104166666666667 0.021875 0.022916666666666665
1 0.91015625 0.17395833333333333 0.0234375 0.027083333333333334
3 0.940625 0.13645833333333332 0.04375 0.05625
1 0.96328125 0.1125 0.0140625 0.016666666666666666
1 0.97265625 0.1 0.0109375 0.0125
1 0.98671875 0.08125 0.0171875 0.0125
1 0.9921875 0.11041666666666666 0.015625 0.0125
1 0.975 0.13229166666666667 0.015625 0.022916666666666665
1 0.95703125 0.159375 0.0203125 0.027083333333333334
1 0.92890625 0.190625 0.0203125 0.01875
1 0.909375 0.21354166666666666 0.021875 0.027083333333333334
1 0.8859375 0.23541666666666666 0.021875 0.025
1 0.859375 0.2625 0.021875 0.020833333333333332
1 0.8359375 0.28125 0.03125 0.0375
1 0.84375 0.3072916666666667 0.03125 0.03958333333333333
3 0.878125 0.271875 0.0375 0.04375
1 0.909375 0.24791666666666667 0.021875 0.025
3 0.94609375 0.19583333333333333 0.0453125 0.058333333333333334
1 0.97265625 0.171875 0.0171875 0.022916666666666665
1 0.9875 0.153125 0.01875 0.022916666666666665
1 0.87578125 0.3125 0.0265625 0.029166666666666667
1 0.9078125 0.27708333333333335 0.021875 0.025
1 0.9265625 0.2552083333333333 0.021875 0.022916666666666665
1 0.946875 0.23958333333333334 0.01875 0.020833333333333332
1 0.975 0.20625 0.01875 0.025
1 0.9875 0.184375 0.021875 0.022916666666666665
1 0.878125 0.3416666666666667 0.03125 0.0375
1 0.9125 0.309375 0.025 0.03125
1 0.93515625 0.28020833333333334 0.0234375 0.027083333333333334
1 0.95859375 0.253125 0.0171875 0.01875
1 0.97890625 0.2375 0.0203125 0.025
1 0.90703125 0.3541666666666667 0.0328125 0.0375
1 0.93125 0.325 0.025 0.03333333333333333

1 0.953125 0.3020833333333333 0.021875 0.029166666666666667


5 0.71015625 0.31875 0.0921875 0.2833333333333333
4 0.74453125 0.3072916666666667 0.0109375 0.01875

5 0.08046875 0.8020833333333334 0.0296875 0.025
5 0.47109375 0.7625 0.0171875 0.041666666666666664
4 0.43984375 0.746875 0.0109375 0.027083333333333334
4 0.3734375 0.4625 0.00625 0.008333333333333333
4 0.4171875 0.23333333333333334 0.00625 0.0125
4 0.409375 0.4875 0.00625 0.008333333333333333
4 0.41328125 0.478125 0.0046875 0.010416666666666666
4 0.76875 0.13333333333333333 0.00625 0.0125
1 0.43828125 0.2625 0.0390625 0.029166666666666667
1 0.43828125 0.24270833333333333 0.0296875 0.01875
