1 0.534375 0.12916666666666668 0.015625 0.025
1 0.63359375 0.39479166666666665 0.0234375 0.035416666666666666
1 0.5875 0.28541666666666665 0.01875 0.029166666666666667
1 0.5765625 0.2375 0.015625 0.029166666666666667
1 0.56171875 0.17395833333333333 0.0140625 0.027083333333333334
1 0.5546875 0.14791666666666667 0.0125 0.020833333333333332
1 0.621875 0.29375 0.021875 0.03333333333333333
1 0.6015625 0.24479166666666666 0.015625 0.03125
1 0.59453125 0.209375 0.0203125 0.03958333333333333
1 0.58046875 0.16666666666666666 0.0140625 0.029166666666666667
3 0.575 0.134375 0.01875 0.04375
1 0.5625 0.10833333333333334 0.015625 0.029166666666666667
1 0.38125 0.07708333333333334 0.034375 0.03333333333333333
1 0.3828125 0.06979166666666667 0.028125 0.027083333333333334
1 0.5984375 0.11875 0.015625 0.029166666666666667
1 0.5984375 0.115625 0.0125 0.022916666666666665



5 0.64765625 0.709375 0.0171875 0.035416666666666666
1 0.6640625 0.11979166666666667 0.015625 0.022916666666666665
1 0.6515625 0.08854166666666667 0.0125 0.01875
5 0.75234375 0.3020833333333333 0.0234375 0.025
5 0.78359375 0.2791666666666667 0.0078125 0.016666666666666666
5 0.80390625 0.25625 0.0171875 0.020833333333333332
5 0.84375 0.2125 0.00625 0.008333333333333333
5 0.85390625 0.19791666666666666 0.0078125 0.008333333333333333
5 0.84921875 0.19791666666666666 0.0234375 0.041666666666666664
1 0.8203125 0.2677083333333333 0.025 0.027083333333333334
1 0.8453125 0.24479166666666666 0.025 0.027083333333333334
1 0.8671875 0.22291666666666668 0.01875 0.025
1 0.890625 0.20104166666666667 0.021875 0.022916666666666665
1 0.91015625 0.17395833333333333 0.0234375 0.027083333333333334
3 0.940625 0.13645833333333332 0.04375 0.05625
1 0.96328125 0.1125 0.0140625 0.016666666666666666
1 0.97265625 0.1 0.0109375 0.0125
1 0.9859375 0.08125 0.015625 0.0125
1 0.9890625 0.11354166666666667 0.0125 0.014583333333333334
1 0.975 0.13229166666666667 0.015625 0.022916666666666665
1 0.95703125 0.159375 0.0171875 0.022916666666666665
1 0.92890625 0.190625 0.0203125 0.01875
1 0.909375 0.21354166666666666 0.021875 0.027083333333333334
1 0.88671875 0.23645833333333333 0.0234375 0.027083333333333334
1 0.859375 0.2625 0.021875 0.020833333333333332
1 0.8359375 0.28229166666666666 0.03125 0.035416666666666666
1 0.84296875 0.3072916666666667 0.0296875 0.03958333333333333
3 0.878125 0.271875 0.0375 0.04375
1 0.909375 0.24791666666666667 0.021875 0.025
3 0.9453125 0.19583333333333333 0.046875 0.058333333333333334
1 0.97265625 0.171875 0.0171875 0.022916666666666665
1 0.9875 0.15416666666666667 0.01875 0.020833333333333332
1 0.87578125 0.3125 0.0265625 0.029166666666666667
1 0.9078125 0.27708333333333335 0.021875 0.025
1 0.92578125 0.2552083333333333 0.0203125 0.022916666666666665
1 0.946875 0.23958333333333334 0.01875 0.020833333333333332
1 0.975 0.20520833333333333 0.01875 0.027083333333333334
1 0.9875 0.184375 0.021875 0.022916666666666665
1 0.8796875 0.3416666666666667 0.03125 0.0375
1 0.9125 0.309375 0.025 0.03125
1 0.93515625 0.28125 0.0234375 0.029166666666666667
1 0.95859375 0.253125 0.0171875 0.01875
1 0.97890625 0.2375 0.0203125 0.025
1 0.90625 0.3541666666666667 0.03125 0.0375
1 0.93125 0.325 0.025 0.03333333333333333

1 0.953125 0.303125 0.021875 0.027083333333333334


5 0.75234375 0.45416666666666666 0.0171875 0.025
4 0.74453125 0.30833333333333335 0.0109375 0.020833333333333332

5 0.071875 0.8052083333333333 0.028125 0.027083333333333334
5 0.47109375 0.7625 0.0171875 0.041666666666666664
4 0.440625 0.7458333333333333 0.009375 0.025
4 0.37265625 0.4625 0.0078125 0.008333333333333333
4 0.4171875 0.23333333333333334 0.00625 0.016666666666666666
4 0.41015625 0.4864583333333333 0.0046875 0.010416666666666666
4 0.41328125 0.478125 0.0046875 0.010416666666666666
4 0.76875 0.13333333333333333 0.00625 0.0125
1 0.4375 0.2635416666666667 0.0375 0.027083333333333334
1 0.4375 0.24270833333333333 0.028125 0.01875
