1 0.0515625 0.9270833333333334 0.075 0.06666666666666667
1 0.38203125 0.9708333333333333 0.0671875 0.05416666666666667
1 0.45234375 0.9239583333333333 0.0578125 0.04791666666666667
1 0.240625 0.990625 0.053125 0.01875
1 0.32109375 0.9552083333333333 0.0640625 0.05625
1 0.4046875 0.9072916666666667 0.05625 0.04791666666666667
1 0.1640625 0.9854166666666667 0.06875 0.029166666666666667
1 0.25859375 0.9416666666666667 0.0609375 0.04583333333333333
1 0.334375 0.8989583333333333 0.05 0.04375
1 0.40546875 0.85625 0.0546875 0.041666666666666664
1 0.1203125 0.9729166666666667 0.06875 0.05416666666666667
1 0.20078125 0.9260416666666667 0.0640625 0.052083333333333336
1 0.28984375 0.8791666666666667 0.0703125 0.05416666666666667
1 0.3671875 0.834375 0.05625 0.04375
1 0.2 0.821875 0.0625 0.052083333333333336
1 0.1453125 0.7520833333333333 0.059375 0.05
1 0.26328125 0.7375 0.0578125 0.04583333333333333
1 0.41484375 0.7395833333333334 0.0578125 0.041666666666666664
1 0.42578125 0.65625 0.0546875 0.0375
1 0.52421875 0.6791666666666667 0.0484375 0.03333333333333333
1 0.54140625 0.7447916666666666 0.0578125 0.03958333333333333
1 0.6234375 0.7135416666666666 0.05625 0.04375
1 0.70625 0.73125 0.053125 0.05
1 0.71796875 0.8270833333333333 0.0578125 0.0625
1 0.825 0.7875 0.05625 0.0625
1 0.8875 0.8854166666666666 0.04375 0.0625
5 0.03671875 0.765625 0.0265625 0.027083333333333334
5 0.275 0.6135416666666667 0.021875 0.022916666666666665
4 0.35 0.5604166666666667 0.009375 0.020833333333333332
4 0.36953125 0.5510416666666667 0.0109375 0.01875
5 0.40625 0.5416666666666666 0.009375 0.025
5 0.41953125 0.5395833333333333 0.0109375 0.025
4 0.396875 0.53125 0.009375 0.016666666666666666
4 0.36484375 0.5135416666666667 0.0109375 0.022916666666666665
4 0.3734375 0.5 0.009375 0.0125
5 0.5234375 0.4166666666666667 0.009375 0.025
1 0.57265625 0.396875 0.0234375 0.035416666666666666
5 0.5359375 0.41770833333333335 0.009375 0.022916666666666665
5 0.55625 0.41041666666666665 0.009375 0.020833333333333332
5 0.55546875 0.43020833333333336 0.0109375 0.022916666666666665
5 0.57109375 0.43020833333333336 0.0109375 0.01875
5 0.59296875 0.38958333333333334 0.0140625 0.020833333333333332
5 0.6140625 0.40208333333333335 0.0125 0.025
5 0.61328125 0.3854166666666667 0.0109375 0.016666666666666666
5 0.64375 0.371875 0.009375 0.01875
5 0.61875 0.36666666666666664 0.009375 0.020833333333333332
5 0.6171875 0.34375 0.0125 0.020833333333333332
5 0.59140625 0.3614583333333333 0.0140625 0.01875
5 0.56953125 0.3614583333333333 0.0109375 0.01875
5 0.55390625 0.36875 0.0078125 0.016666666666666666
5 0.53125 0.35520833333333335 0.00625 0.01875
5 0.5390625 0.35520833333333335 0.00625 0.01875
1 0.52734375 0.29270833333333335 0.0203125 0.03125
3 0.54375 0.25104166666666666 0.028125 0.06875
1 0.53125 0.21458333333333332 0.0125 0.016666666666666666
1 0.53046875 0.18541666666666667 0.0140625 0.025
3 0.52421875 0.14479166666666668 0.0203125 0.052083333333333336
1 0.5171875 0.11458333333333333 0.0125 0.020833333333333332
1 0.51328125 0.084375 0.0140625 0.022916666666666665
1 0.50546875 0.05520833333333333 0.0109375 0.014583333333333334
1 0.49453125 0.010416666666666666 0.0171875 0.020833333333333332
1 0.38359375 0.246875 0.0171875 0.022916666666666665
1 0.36171875 0.24479166666666666 0.0140625 0.022916666666666665
1 0.38125 0.221875 0.015625 0.022916666666666665
1 0.36171875 0.22083333333333333 0.0140625 0.020833333333333332
1 0.3421875 0.22083333333333333 0.015625 0.025
1 0.3234375 0.22604166666666667 0.015625 0.022916666666666665
1 0.32578125 0.2520833333333333 0.0171875 0.025
1 0.30546875 0.22916666666666666 0.0171875 0.025
1 0.28359375 0.22395833333333334 0.0140625 0.01875
1 0.38984375 0.18229166666666666 0.0140625 0.01875
1 0.37265625 0.1875 0.0171875 0.020833333333333332
1 0.33515625 0.18333333333333332 0.0140625 0.020833333333333332
1 0.3171875 0.1875 0.015625 0.029166666666666667
1 0.30390625 0.16666666666666666 0.0171875 0.029166666666666667
1 0.49140625 0.07291666666666667 0.0140625 0.020833333333333332
1 0.56484375 0.253125 0.0171875 0.027083333333333334
1 0.55859375 0.21875 0.0171875 0.029166666666666667
1 0.55078125 0.18958333333333333 0.0171875 0.029166666666666667
1 0.54453125 0.16145833333333334 0.0140625 0.022916666666666665
