1 0.03828125 0.9333333333333333 0.0765625 0.06666666666666667
1 0.38203125 0.9697916666666667 0.0671875 0.05625
1 0.45234375 0.925 0.0578125 0.05
1 0.23984375 0.990625 0.0515625 0.01875
1 0.32109375 0.9552083333333333 0.0640625 0.05625
1 0.4046875 0.9072916666666667 0.05625 0.04791666666666667
1 0.165625 0.984375 0.071875 0.03125
1 0.2578125 0.9416666666666667 0.0625 0.04583333333333333
1 0.334375 0.8979166666666667 0.053125 0.04583333333333333
1 0.40546875 0.8572916666666667 0.0546875 0.04375
1 0.12109375 0.9729166666666667 0.0703125 0.05416666666666667
1 0.2015625 0.9260416666666667 0.065625 0.052083333333333336
1 0.2890625 0.8802083333333334 0.071875 0.05625
1 0.36640625 0.8354166666666667 0.0578125 0.04583333333333333
1 0.190625 0.8270833333333333 0.065625 0.05416666666666667
1 0.1296875 0.7604166666666666 0.059375 0.05416666666666667
1 0.25234375 0.74375 0.0578125 0.05
1 0.40625 0.7416666666666667 0.059375 0.041666666666666664
1 0.41796875 0.6572916666666667 0.0546875 0.03958333333333333
1 0.5171875 0.6791666666666667 0.05 0.03333333333333333
1 0.5375 0.7427083333333333 0.059375 0.03958333333333333
1 0.61796875 0.7114583333333333 0.0578125 0.04375
1 0.7 0.7260416666666667 0.053125 0.052083333333333336
1 0.715625 0.8239583333333333 0.059375 0.06458333333333334
1 0.8171875 0.778125 0.05625 0.06041666666666667
1 0.8828125 0.8739583333333333 0.04375 0.06458333333333334
5 0.02734375 0.7697916666666667 0.0296875 0.03125
5 0.2796875 0.6114583333333333 0.025 0.022916666666666665
4 0.35 0.5604166666666667 0.00625 0.016666666666666666
4 0.3703125 0.5510416666666667 0.009375 0.01875
5 0.40625 0.5416666666666666 0.009375 0.029166666666666667
5 0.41953125 0.5395833333333333 0.0109375 0.029166666666666667
4 0.39765625 0.53125 0.0078125 0.0125
4 0.365625 0.5125 0.009375 0.020833333333333332
4 0.3734375 0.5 0.009375 0.0125
5 0.5234375 0.4166666666666667 0.009375 0.025
1 0.57265625 0.39791666666666664 0.0234375 0.0375
5 0.5359375 0.41770833333333335 0.00625 0.01875
5 0.55703125 0.4114583333333333 0.0078125 0.022916666666666665
5 0.55703125 0.43125 0.0109375 0.025
5 0.57109375 0.43020833333333336 0.0078125 0.01875
5 0.59296875 0.38958333333333334 0.0140625 0.020833333333333332
5 0.615625 0.40208333333333335 0.0125 0.025
5 0.61328125 0.3854166666666667 0.0109375 0.016666666666666666
5 0.64375 0.371875 0.009375 0.01875
5 0.61953125 0.3645833333333333 0.0078125 0.020833333333333332
5 0.61640625 0.34375 0.0140625 0.020833333333333332
5 0.59296875 0.36354166666666665 0.0140625 0.01875
5 0.56953125 0.36041666666666666 0.0078125 0.016666666666666666
5 0.553125 0.3697916666666667 0.00625 0.014583333333333334
5 0.53125 0.35520833333333335 0.00625 0.014583333333333334
5 0.5390625 0.35520833333333335 0.00625 0.014583333333333334
1 0.528125 0.29375 0.021875 0.03333333333333333
3 0.54375 0.25104166666666666 0.028125 0.06875
1 0.53125 0.215625 0.0125 0.01875
1 0.53046875 0.18541666666666667 0.0171875 0.029166666666666667
3 0.52421875 0.14479166666666668 0.0234375 0.052083333333333336
1 0.5171875 0.115625 0.0125 0.022916666666666665
1 0.51328125 0.08645833333333333 0.0171875 0.027083333333333334
1 0.50625 0.05520833333333333 0.009375 0.014583333333333334
1 0.49375 0.011458333333333333 0.015625 0.022916666666666665
1 0.38359375 0.24791666666666667 0.0171875 0.025
1 0.36171875 0.24375 0.0171875 0.025
1 0.38125 0.22291666666666668 0.01875 0.025
1 0.36171875 0.22083333333333333 0.0140625 0.020833333333333332
1 0.34296875 0.22083333333333333 0.0171875 0.025
1 0.32421875 0.22604166666666667 0.0140625 0.022916666666666665
1 0.32578125 0.2520833333333333 0.0171875 0.029166666666666667
1 0.30546875 0.22916666666666666 0.0171875 0.025
1 0.28359375 0.22395833333333334 0.0171875 0.01875
1 0.3890625 0.18333333333333332 0.015625 0.020833333333333332
1 0.3734375 0.1875 0.01875 0.025
1 0.33515625 0.184375 0.0171875 0.022916666666666665
1 0.3171875 0.18854166666666666 0.01875 0.03125
1 0.3046875 0.16666666666666666 0.01875 0.029166666666666667
1 0.4921875 0.075 0.015625 0.020833333333333332
1 0.56484375 0.25416666666666665 0.0171875 0.029166666666666667
1 0.559375 0.21875 0.01875 0.029166666666666667
1 0.5515625 0.190625 0.01875 0.03125
1 0.5453125 0.16145833333333334 0.015625 0.022916666666666665
