
1 0.38046875 0.9708333333333333 0.0671875 0.05416666666666667
1 0.45234375 0.925 0.0578125 0.05
1 0.23984375 0.990625 0.0515625 0.01875
1 0.3203125 0.95625 0.065625 0.05416666666666667
1 0.40390625 0.9072916666666667 0.0578125 0.04791666666666667
1 0.16796875 0.9833333333333333 0.0703125 0.03333333333333333
1 0.2578125 0.9427083333333334 0.0625 0.04791666666666667
1 0.3328125 0.8989583333333333 0.053125 0.04791666666666667
1 0.4046875 0.8572916666666667 0.05625 0.04375
1 0.11953125 0.9739583333333334 0.0703125 0.052083333333333336
1 0.20078125 0.9270833333333334 0.0640625 0.05416666666666667
1 0.2890625 0.8802083333333334 0.071875 0.05625
1 0.365625 0.8364583333333333 0.05625 0.04375
1 0.10390625 0.8739583333333333 0.0671875 0.06041666666666667
1 0.01328125 0.821875 0.0265625 0.04791666666666667
1 0.16328125 0.7864583333333334 0.0609375 0.052083333333333336
1 0.3453125 0.7625 0.059375 0.05
1 0.35 0.6729166666666667 0.05625 0.04583333333333333
1 0.45546875 0.6802083333333333 0.0515625 0.035416666666666666
1 0.490625 0.7364583333333333 0.059375 0.035416666666666666
1 0.57578125 0.6958333333333333 0.0578125 0.041666666666666664
1 0.65078125 0.6927083333333334 0.0546875 0.04791666666666667
1 0.684375 0.7979166666666667 0.059375 0.0625
1 0.7546875 0.721875 0.05625 0.05625
1 0.84765625 0.7947916666666667 0.0421875 0.06458333333333334

5 0.30703125 0.596875 0.0234375 0.022916666666666665
4 0.3484375 0.5604166666666667 0.00625 0.016666666666666666
4 0.36953125 0.5520833333333334 0.0078125 0.016666666666666666
5 0.40546875 0.5416666666666666 0.0078125 0.025
5 0.41875 0.5395833333333333 0.009375 0.025
4 0.3953125 0.5322916666666667 0.00625 0.014583333333333334
4 0.3640625 0.5083333333333333 0.009375 0.029166666666666667
4 0.37109375 0.4979166666666667 0.0109375 0.0125
5 0.521875 0.41875 0.009375 0.025
1 0.571875 0.39791666666666664 0.025 0.0375
5 0.534375 0.41770833333333335 0.00625 0.01875
5 0.55546875 0.4125 0.0078125 0.020833333333333332
5 0.55625 0.43020833333333336 0.0125 0.022916666666666665
5 0.575 0.4354166666666667 0.00625 0.016666666666666666
5 0.59140625 0.390625 0.0140625 0.01875
5 0.61640625 0.40625 0.0140625 0.025
5 0.61171875 0.3854166666666667 0.0078125 0.016666666666666666
5 0.64296875 0.37395833333333334 0.0078125 0.01875
5 0.61796875 0.365625 0.0078125 0.01875
5 0.61640625 0.34479166666666666 0.0140625 0.022916666666666665
5 0.60625 0.3729166666666667 0.0125 0.016666666666666666
5 0.56875 0.36041666666666666 0.00625 0.016666666666666666
5 0.55234375 0.3697916666666667 0.0046875 0.014583333333333334
5 0.5296875 0.35520833333333335 0.00625 0.014583333333333334
5 0.53828125 0.35625 0.0046875 0.016666666666666666
1 0.53671875 0.31354166666666666 0.0234375 0.035416666666666666
3 0.54296875 0.253125 0.0296875 0.07291666666666667
1 0.53125 0.21666666666666667 0.0125 0.020833333333333332
1 0.53046875 0.18645833333333334 0.0171875 0.027083333333333334
3 0.5234375 0.14479166666666668 0.025 0.052083333333333336
1 0.515625 0.11770833333333333 0.0125 0.01875
1 0.5140625 0.09270833333333334 0.015625 0.03125
1 0.4984375 0.0625 0.0125 0.008333333333333333
1 0.49296875 0.025 0.0140625 0.025
1 0.38125 0.24791666666666667 0.01875 0.025
1 0.3609375 0.24479166666666666 0.015625 0.022916666666666665
1 0.3796875 0.22291666666666668 0.015625 0.020833333333333332
1 0.3609375 0.22083333333333333 0.015625 0.020833333333333332
1 0.3421875 0.221875 0.015625 0.022916666666666665
1 0.32265625 0.228125 0.0140625 0.022916666666666665
1 0.32578125 0.25625 0.0171875 0.03333333333333333
1 0.3046875 0.22916666666666666 0.015625 0.020833333333333332
1 0.28359375 0.22395833333333334 0.0171875 0.01875
1 0.38828125 0.18333333333333332 0.0140625 0.020833333333333332
1 0.37265625 0.1875 0.0203125 0.025
1 0.334375 0.184375 0.015625 0.022916666666666665
1 0.3171875 0.18854166666666666 0.01875 0.03125
1 0.30390625 0.16666666666666666 0.0203125 0.029166666666666667
1 0.49296875 0.09166666666666666 0.0140625 0.0375
1 0.56484375 0.25416666666666665 0.0171875 0.029166666666666667
1 0.55859375 0.21979166666666666 0.0171875 0.03125
1 0.5515625 0.190625 0.01875 0.03125
1 0.54375 0.16145833333333334 0.015625 0.022916666666666665
