
1 0.37265625 0.9708333333333333 0.0671875 0.05416666666666667
1 0.44453125 0.9239583333333333 0.0578125 0.04791666666666667
1 0.23046875 0.990625 0.0515625 0.01875
1 0.3109375 0.95625 0.065625 0.05416666666666667
1 0.39609375 0.9072916666666667 0.0578125 0.04791666666666667
1 0.1609375 0.9833333333333333 0.06875 0.03333333333333333
1 0.25 0.940625 0.0625 0.04791666666666667
1 0.32578125 0.8979166666666667 0.0515625 0.04583333333333333
1 0.39765625 0.8572916666666667 0.0578125 0.04375
1 0.1109375 0.9729166666666667 0.071875 0.05416666666666667
1 0.19296875 0.9260416666666667 0.0640625 0.052083333333333336
1 0.28125 0.8791666666666667 0.071875 0.05416666666666667
1 0.3578125 0.8354166666666667 0.05625 0.04583333333333333





1 0.4515625 0.709375 0.053125 0.035416666666666666


1 0.6890625 0.78125 0.025 0.15416666666666667
1 0.29296875 0.7541666666666667 0.0640625 0.05
1 0.1625 0.7489583333333333 0.0625 0.05625
1 0.59765625 0.11666666666666667 0.0171875 0.029166666666666667

5 0.44296875 0.621875 0.0171875 0.03125
4 0.36875 0.5708333333333333 0.00625 0.016666666666666666
4 0.37578125 0.5854166666666667 0.0046875 0.016666666666666666
5 0.4265625 0.5916666666666667 0.009375 0.025
5 0.4578125 0.6364583333333333 0.009375 0.027083333333333334
4 0.4 0.584375 0.00625 0.014583333333333334
4 0.3625 0.509375 0.009375 0.01875
4 0.365625 0.49895833333333334 0.009375 0.010416666666666666
5 0.5375 0.565625 0.009375 0.022916666666666665
1 0.59609375 0.5104166666666666 0.0234375 0.04583333333333333
5 0.55 0.51875 0.00625 0.020833333333333332
5 0.54375 0.475 0.00625 0.020833333333333332
5 0.58046875 0.6229166666666667 0.0109375 0.025
5 0.70703125 0.925 0.0140625 0.029166666666666667
5 0.61953125 0.48854166666666665 0.0109375 0.027083333333333334
5 0.696875 0.8489583333333334 0.01875 0.03958333333333333
5 0.64765625 0.7177083333333333 0.0140625 0.03125
5 0.640625 0.5104166666666666 0.009375 0.025
5 0.68828125 0.721875 0.0140625 0.035416666666666666
5 0.753125 0.45729166666666665 0.021875 0.027083333333333334
5 0.75390625 0.45729166666666665 0.0203125 0.027083333333333334
5 0.621875 0.4864583333333333 0.00625 0.01875
5 0.52734375 0.421875 0.0234375 0.03958333333333333
5 0.52734375 0.42291666666666666 0.0234375 0.041666666666666664
5 0.528125 0.421875 0.021875 0.03958333333333333
1 0.528125 0.421875 0.025 0.03958333333333333
3 0.5734375 0.36354166666666665 0.0375 0.08541666666666667
1 0.53828125 0.284375 0.0140625 0.027083333333333334
1 0.53515625 0.24583333333333332 0.0171875 0.029166666666666667
3 0.51953125 0.14895833333333333 0.0265625 0.06875
1 0.51171875 0.121875 0.0140625 0.01875
1 0.5296875 0.10520833333333333 0.015625 0.022916666666666665
1 0.49765625 0.14895833333333333 0.0078125 0.00625
1 0.5296875 0.10416666666666667 0.0125 0.016666666666666666
1 0.37734375 0.24895833333333334 0.0171875 0.022916666666666665
1 0.3546875 0.24583333333333332 0.015625 0.025
1 0.375 0.22395833333333334 0.015625 0.022916666666666665
1 0.35546875 0.221875 0.0140625 0.01875
1 0.33671875 0.221875 0.0140625 0.022916666666666665
1 0.31796875 0.228125 0.0140625 0.022916666666666665
1 0.32109375 0.25625 0.0171875 0.03333333333333333
1 0.29921875 0.23125 0.0171875 0.025
1 0.27734375 0.22604166666666667 0.0140625 0.01875
1 0.38359375 0.184375 0.0140625 0.01875
1 0.3671875 0.1875 0.015625 0.020833333333333332
1 0.328125 0.18541666666666667 0.015625 0.020833333333333332
1 0.3125 0.18958333333333333 0.01875 0.03333333333333333
1 0.3015625 0.16875 0.021875 0.029166666666666667
1 0.4953125 0.15729166666666666 0.01875 0.027083333333333334
1 0.59375 0.33229166666666665 0.021875 0.03125
1 0.5671875 0.2947916666666667 0.01875 0.035416666666666666
1 0.5546875 0.24375 0.015625 0.029166666666666667
1 0.54375 0.18958333333333333 0.015625 0.025
