
1 0.37265625 0.9708333333333333 0.0671875 0.05416666666666667
1 0.44453125 0.9239583333333333 0.0578125 0.04791666666666667
1 0.23046875 0.990625 0.0515625 0.01875
1 0.3109375 0.95625 0.065625 0.05416666666666667
1 0.39609375 0.90625 0.0578125 0.05
1 0.1609375 0.9833333333333333 0.06875 0.03333333333333333
1 0.24921875 0.9416666666666667 0.0609375 0.04583333333333333
1 0.32578125 0.8979166666666667 0.0515625 0.04583333333333333
1 0.39765625 0.8572916666666667 0.0578125 0.04375
1 0.1109375 0.9729166666666667 0.071875 0.05416666666666667
1 0.19296875 0.9260416666666667 0.0640625 0.052083333333333336
1 0.28125 0.8791666666666667 0.071875 0.05416666666666667
1 0.3578125 0.8354166666666667 0.05625 0.04583333333333333





1 0.44453125 0.7114583333333333 0.0546875 0.03958333333333333


1 0.71328125 0.8302083333333333 0.0578125 0.22291666666666668
1 0.2859375 0.7583333333333333 0.0625 0.05
1 0.1546875 0.753125 0.0625 0.06041666666666667
1 0.59453125 0.1125 0.0171875 0.029166666666666667

5 0.4453125 0.625 0.015625 0.029166666666666667
4 0.36875 0.5729166666666666 0.009375 0.020833333333333332
4 0.3765625 0.5875 0.00625 0.016666666666666666
5 0.428125 0.59375 0.009375 0.025
5 0.45859375 0.6395833333333333 0.0109375 0.029166666666666667
4 0.4 0.5875 0.00625 0.016666666666666666
4 0.3640625 0.5083333333333333 0.009375 0.016666666666666666
4 0.36640625 0.5 0.0078125 0.008333333333333333
5 0.53828125 0.5708333333333333 0.0109375 0.025
1 0.59765625 0.5166666666666667 0.0234375 0.04583333333333333
5 0.55078125 0.521875 0.0078125 0.01875
5 0.54375 0.4791666666666667 0.00625 0.020833333333333332
5 0.58203125 0.628125 0.0109375 0.027083333333333334
5 0.7109375 0.9364583333333333 0.015625 0.027083333333333334
5 0.62109375 0.490625 0.0109375 0.022916666666666665
5 0.7 0.8625 0.021875 0.041666666666666664
5 0.65 0.7291666666666666 0.015625 0.03333333333333333
5 0.6421875 0.5135416666666667 0.009375 0.022916666666666665
5 0.69140625 0.7333333333333333 0.0140625 0.03333333333333333
5 0.75859375 0.4583333333333333 0.0203125 0.029166666666666667
5 0.759375 0.4583333333333333 0.01875 0.025
5 0.621875 0.490625 0.00625 0.01875
5 0.5265625 0.4270833333333333 0.021875 0.0375
5 0.5265625 0.42604166666666665 0.021875 0.03958333333333333
5 0.5265625 0.4270833333333333 0.021875 0.041666666666666664
1 0.5265625 0.4270833333333333 0.025 0.041666666666666664
3 0.575 0.36666666666666664 0.0375 0.0875
1 0.53828125 0.2864583333333333 0.0140625 0.027083333333333334
1 0.53515625 0.24583333333333332 0.0171875 0.029166666666666667
3 0.51953125 0.14895833333333333 0.0265625 0.06875
1 0.51171875 0.121875 0.0140625 0.01875
1 0.53046875 0.10625 0.0140625 0.020833333333333332
1 0.496875 0.15 0.00625 0.008333333333333333
1 0.53046875 0.10625 0.0140625 0.020833333333333332
1 0.3765625 0.24895833333333334 0.01875 0.022916666666666665
1 0.3546875 0.24583333333333332 0.015625 0.025
1 0.375 0.22395833333333334 0.015625 0.022916666666666665
1 0.3546875 0.221875 0.0125 0.01875
1 0.33671875 0.221875 0.0140625 0.022916666666666665
1 0.31796875 0.228125 0.0140625 0.022916666666666665
1 0.31953125 0.25729166666666664 0.0171875 0.035416666666666666
1 0.29921875 0.23125 0.0171875 0.025
1 0.278125 0.225 0.015625 0.020833333333333332
1 0.38359375 0.18333333333333332 0.0140625 0.020833333333333332
1 0.3671875 0.1875 0.015625 0.020833333333333332
1 0.3296875 0.18541666666666667 0.015625 0.025
1 0.3125 0.18958333333333333 0.01875 0.03333333333333333
1 0.3015625 0.16875 0.021875 0.029166666666666667
1 0.4953125 0.15833333333333333 0.015625 0.025
1 0.5953125 0.33541666666666664 0.021875 0.03333333333333333
1 0.56796875 0.296875 0.0171875 0.035416666666666666
1 0.5546875 0.24583333333333332 0.015625 0.029166666666666667
1 0.54375 0.19166666666666668 0.015625 0.025
