
1 0.371875 0.9708333333333333 0.065625 0.05416666666666667
1 0.44453125 0.9239583333333333 0.0578125 0.04791666666666667
1 0.23046875 0.990625 0.0515625 0.01875
1 0.3109375 0.95625 0.065625 0.05416666666666667
1 0.39609375 0.90625 0.0578125 0.05
1 0.1609375 0.9833333333333333 0.06875 0.03333333333333333
1 0.24921875 0.9416666666666667 0.0609375 0.04583333333333333
1 0.32578125 0.8979166666666667 0.0515625 0.04583333333333333
1 0.39765625 0.8572916666666667 0.0578125 0.04375
1 0.1109375 0.9729166666666667 0.071875 0.05416666666666667
1 0.19296875 0.9260416666666667 0.0640625 0.052083333333333336
1 0.28125 0.8791666666666667 0.071875 0.05416666666666667
1 0.3578125 0.8354166666666667 0.05625 0.04583333333333333





1 0.43984375 0.7135416666666666 0.0546875 0.03958333333333333


1 0.71796875 0.8395833333333333 0.0578125 0.21666666666666667
1 0.28046875 0.7604166666666666 0.0640625 0.05
1 0.15 0.75625 0.0625 0.058333333333333334
1 0.59296875 0.11041666666666666 0.0171875 0.029166666666666667

5 0.446875 0.625 0.015625 0.029166666666666667
4 0.3703125 0.5729166666666666 0.009375 0.020833333333333332
4 0.378125 0.5885416666666666 0.00625 0.014583333333333334
5 0.42890625 0.5958333333333333 0.0109375 0.025
5 0.46015625 0.6416666666666667 0.0109375 0.025
4 0.4 0.5875 0.00625 0.016666666666666666
4 0.3640625 0.5083333333333333 0.009375 0.016666666666666666
4 0.365625 0.5 0.009375 0.008333333333333333
5 0.53984375 0.5760416666666667 0.0109375 0.027083333333333334
1 0.5984375 0.51875 0.025 0.04583333333333333
5 0.55234375 0.5239583333333333 0.0078125 0.022916666666666665
5 0.5453125 0.4822916666666667 0.00625 0.01875
5 0.58203125 0.6322916666666667 0.0109375 0.027083333333333334
5 0.7140625 0.94375 0.015625 0.029166666666666667
5 0.62109375 0.49375 0.0109375 0.025
5 0.70234375 0.8697916666666666 0.0203125 0.04375
5 0.6515625 0.7354166666666667 0.0125 0.029166666666666667
5 0.6421875 0.5177083333333333 0.009375 0.022916666666666665
5 0.69296875 0.7416666666666667 0.0140625 0.03333333333333333
5 0.76015625 0.459375 0.0203125 0.027083333333333334
5 0.76015625 0.46041666666666664 0.0203125 0.025
5 0.621875 0.49270833333333336 0.00625 0.01875
5 0.52578125 0.42916666666666664 0.0234375 0.041666666666666664
5 0.5265625 0.42916666666666664 0.021875 0.0375
5 0.52578125 0.43020833333333336 0.0234375 0.03958333333333333
1 0.525 0.403125 0.025 0.09375
3 0.575 0.36875 0.0375 0.0875
1 0.5390625 0.28854166666666664 0.0125 0.027083333333333334
1 0.53515625 0.24791666666666667 0.0171875 0.029166666666666667
3 0.51953125 0.14895833333333333 0.0265625 0.06875
1 0.51171875 0.12291666666666666 0.0140625 0.020833333333333332
1 0.5296875 0.10625 0.015625 0.020833333333333332
1 0.496875 0.15 0.00625 0.008333333333333333
1 0.5296875 0.10625 0.0125 0.016666666666666666
1 0.37734375 0.24895833333333334 0.0171875 0.022916666666666665
1 0.3546875 0.24583333333333332 0.015625 0.025
1 0.37578125 0.225 0.0171875 0.025
1 0.35546875 0.221875 0.0140625 0.01875
1 0.33671875 0.22291666666666668 0.0140625 0.025
1 0.31796875 0.228125 0.0140625 0.022916666666666665
1 0.31953125 0.25729166666666664 0.0171875 0.035416666666666666
1 0.29921875 0.23125 0.0171875 0.025
1 0.278125 0.225 0.015625 0.020833333333333332
1 0.38359375 0.184375 0.0140625 0.01875
1 0.3671875 0.1875 0.015625 0.020833333333333332
1 0.33046875 0.18541666666666667 0.0171875 0.025
1 0.3125 0.18958333333333333 0.01875 0.03333333333333333
1 0.3015625 0.16875 0.021875 0.029166666666666667
1 0.4984375 0.153125 0.009375 0.014583333333333334
1 0.59609375 0.3375 0.0234375 0.03333333333333333
1 0.56875 0.2989583333333333 0.01875 0.035416666666666666
1 0.55546875 0.24583333333333332 0.0171875 0.029166666666666667
1 0.54453125 0.19270833333333334 0.0171875 0.027083333333333334
