
1 0.37265625 0.9708333333333333 0.0671875 0.05416666666666667
1 0.44453125 0.9239583333333333 0.0578125 0.04791666666666667
1 0.23046875 0.990625 0.0515625 0.01875
1 0.3109375 0.95625 0.065625 0.05416666666666667
1 0.39609375 0.90625 0.0578125 0.05
1 0.1609375 0.9833333333333333 0.06875 0.03333333333333333
1 0.24921875 0.9416666666666667 0.0609375 0.04583333333333333
1 0.32578125 0.8979166666666667 0.0515625 0.04583333333333333
1 0.39765625 0.8572916666666667 0.0578125 0.04375
1 0.11015625 0.9729166666666667 0.0703125 0.05416666666666667
1 0.19296875 0.9260416666666667 0.0640625 0.052083333333333336
1 0.28125 0.8791666666666667 0.071875 0.05416666666666667
1 0.3578125 0.8354166666666667 0.05625 0.04583333333333333





1 0.43203125 0.7145833333333333 0.0546875 0.041666666666666664


1 0.71953125 0.8541666666666666 0.0609375 0.22916666666666666
1 0.27421875 0.7645833333333333 0.0640625 0.05
1 0.14296875 0.7614583333333333 0.0640625 0.06041666666666667
1 0.5921875 0.10520833333333333 0.01875 0.03125

5 0.44765625 0.6291666666666667 0.0171875 0.029166666666666667
4 0.37109375 0.575 0.0109375 0.020833333333333332
4 0.378125 0.5895833333333333 0.00625 0.016666666666666666
5 0.43046875 0.5989583333333334 0.0109375 0.022916666666666665
5 0.46015625 0.6447916666666667 0.0140625 0.03125
4 0.4015625 0.5875 0.00625 0.016666666666666666
4 0.3640625 0.509375 0.009375 0.01875
4 0.365625 0.5 0.009375 0.008333333333333333
5 0.54140625 0.5791666666666667 0.0109375 0.025
1 0.6 0.525 0.025 0.04583333333333333
5 0.55234375 0.528125 0.0078125 0.022916666666666665
5 0.54453125 0.4875 0.0078125 0.020833333333333332
5 0.584375 0.6375 0.009375 0.025
5 0.71875 0.9572916666666667 0.015625 0.03125
5 0.6203125 0.4979166666666667 0.0125 0.025
5 0.70625 0.8822916666666667 0.021875 0.04375
5 0.65390625 0.7458333333333333 0.0140625 0.03333333333333333
5 0.6421875 0.5197916666666667 0.009375 0.022916666666666665
5 0.6953125 0.7541666666666667 0.0125 0.03333333333333333
5 0.7625 0.4635416666666667 0.021875 0.027083333333333334
5 0.7625 0.4635416666666667 0.021875 0.027083333333333334
5 0.6234375 0.4979166666666667 0.00625 0.016666666666666666
5 0.52421875 0.434375 0.0234375 0.03958333333333333
5 0.525 0.40520833333333334 0.025 0.09791666666666667
5 0.52421875 0.434375 0.0234375 0.03958333333333333
1 0.52421875 0.40520833333333334 0.0265625 0.09791666666666667
3 0.57578125 0.37395833333333334 0.0390625 0.08541666666666667
1 0.53984375 0.290625 0.0140625 0.027083333333333334
1 0.5359375 0.24895833333333334 0.015625 0.027083333333333334
3 0.51953125 0.14895833333333333 0.0265625 0.06875
1 0.51171875 0.121875 0.0140625 0.01875
1 0.5296875 0.10833333333333334 0.015625 0.020833333333333332
1 0.496875 0.15 0.00625 0.008333333333333333
1 0.53046875 0.10833333333333334 0.0140625 0.020833333333333332
1 0.37734375 0.24895833333333334 0.0171875 0.022916666666666665
1 0.3546875 0.24583333333333332 0.015625 0.025
1 0.375 0.22395833333333334 0.015625 0.022916666666666665
1 0.3546875 0.221875 0.0125 0.01875
1 0.33671875 0.22291666666666668 0.0140625 0.025
1 0.31796875 0.228125 0.0140625 0.022916666666666665
1 0.31953125 0.25729166666666664 0.0171875 0.035416666666666666
1 0.2984375 0.23125 0.01875 0.025
1 0.2765625 0.22604166666666667 0.015625 0.01875
1 0.38359375 0.18333333333333332 0.0140625 0.020833333333333332
1 0.3671875 0.1875 0.015625 0.020833333333333332
1 0.33046875 0.18541666666666667 0.0171875 0.025
1 0.3125 0.18958333333333333 0.01875 0.03333333333333333
1 0.30078125 0.16875 0.0234375 0.029166666666666667
1 0.4953125 0.16041666666666668 0.01875 0.029166666666666667
1 0.59765625 0.3416666666666667 0.0234375 0.03333333333333333
1 0.56953125 0.30104166666666665 0.0171875 0.03125
1 0.55625 0.24791666666666667 0.015625 0.029166666666666667
1 0.54453125 0.19479166666666667 0.0171875 0.027083333333333334
