
1 0.371875 0.9708333333333333 0.065625 0.05416666666666667
1 0.44453125 0.925 0.0578125 0.05
1 0.23046875 0.990625 0.0515625 0.01875
1 0.3109375 0.95625 0.065625 0.05416666666666667
1 0.39609375 0.90625 0.0578125 0.05
1 0.1609375 0.9833333333333333 0.06875 0.03333333333333333
1 0.24921875 0.9416666666666667 0.0609375 0.04583333333333333
1 0.32578125 0.8979166666666667 0.0515625 0.04583333333333333
1 0.39765625 0.8572916666666667 0.0578125 0.04375
1 0.1109375 0.9729166666666667 0.071875 0.05416666666666667
1 0.19296875 0.9260416666666667 0.0640625 0.052083333333333336
1 0.28046875 0.8791666666666667 0.0734375 0.05416666666666667
1 0.3578125 0.8354166666666667 0.05625 0.04583333333333333





1 0.42734375 0.7166666666666667 0.0546875 0.041666666666666664


1 0.72109375 0.8614583333333333 0.0640625 0.22708333333333333
1 0.26796875 0.7666666666666667 0.0640625 0.05
1 0.13828125 0.765625 0.0640625 0.06041666666666667
1 0.590625 0.10208333333333333 0.01875 0.029166666666666667

5 0.4484375 0.6302083333333334 0.01875 0.03125
4 0.37109375 0.5760416666666667 0.0109375 0.022916666666666665
4 0.378125 0.590625 0.00625 0.014583333333333334
5 0.43125 0.6010416666666667 0.009375 0.027083333333333334
5 0.46171875 0.6479166666666667 0.0109375 0.025
4 0.40234375 0.5885416666666666 0.0046875 0.014583333333333334
4 0.3640625 0.5083333333333333 0.009375 0.016666666666666666
4 0.365625 0.5 0.009375 0.008333333333333333
5 0.54296875 0.58125 0.0109375 0.025
1 0.6 0.5270833333333333 0.025 0.04583333333333333
5 0.553125 0.5302083333333333 0.009375 0.022916666666666665
5 0.54453125 0.49166666666666664 0.0078125 0.020833333333333332
5 0.5859375 0.640625 0.009375 0.022916666666666665
5 0.72109375 0.965625 0.0140625 0.03125
5 0.621875 0.5020833333333333 0.0125 0.025
5 0.70859375 0.8875 0.0171875 0.0375
5 0.65546875 0.7552083333333334 0.0140625 0.03125
5 0.64296875 0.5239583333333333 0.0078125 0.022916666666666665
5 0.69765625 0.7625 0.0140625 0.03333333333333333
5 0.7640625 0.465625 0.021875 0.027083333333333334
5 0.76484375 0.465625 0.0203125 0.027083333333333334
5 0.6234375 0.5020833333333333 0.00625 0.016666666666666666
5 0.52265625 0.43645833333333334 0.0234375 0.03958333333333333
5 0.52265625 0.43645833333333334 0.0234375 0.03958333333333333
5 0.52265625 0.43645833333333334 0.0234375 0.03958333333333333
1 0.5234375 0.40729166666666666 0.028125 0.10208333333333333
3 0.57734375 0.37604166666666666 0.0390625 0.08541666666666667
1 0.53984375 0.29270833333333335 0.0140625 0.027083333333333334
1 0.5359375 0.25 0.015625 0.029166666666666667
3 0.51953125 0.14895833333333333 0.0265625 0.06875
1 0.51171875 0.121875 0.0140625 0.01875
1 0.5296875 0.10833333333333334 0.015625 0.020833333333333332
1 0.49453125 0.15520833333333334 0.0109375 0.014583333333333334
1 0.53046875 0.10833333333333334 0.0140625 0.020833333333333332
1 0.37734375 0.24895833333333334 0.0171875 0.022916666666666665
1 0.3546875 0.24583333333333332 0.015625 0.025
1 0.37578125 0.225 0.0171875 0.025
1 0.3546875 0.221875 0.0125 0.01875
1 0.33671875 0.22291666666666668 0.0140625 0.025
1 0.31796875 0.22916666666666666 0.0140625 0.020833333333333332
1 0.31953125 0.25729166666666664 0.0171875 0.035416666666666666
1 0.29921875 0.23125 0.0171875 0.025
1 0.278125 0.225 0.015625 0.020833333333333332
1 0.38359375 0.184375 0.0140625 0.01875
1 0.36796875 0.18854166666666666 0.0171875 0.022916666666666665
1 0.3296875 0.18541666666666667 0.015625 0.025
1 0.3125 0.18958333333333333 0.01875 0.03333333333333333
1 0.3015625 0.16875 0.021875 0.029166666666666667
1 0.49609375 0.1625 0.0171875 0.029166666666666667
1 0.59921875 0.34375 0.0234375 0.03333333333333333
1 0.56953125 0.303125 0.0171875 0.03125
1 0.55546875 0.24791666666666667 0.0171875 0.029166666666666667
1 0.5453125 0.196875 0.015625 0.027083333333333334
