
1 0.371875 0.9708333333333333 0.065625 0.05416666666666667
1 0.44453125 0.925 0.0578125 0.05
1 0.23046875 0.990625 0.0515625 0.01875
1 0.3109375 0.95625 0.065625 0.05416666666666667
1 0.39609375 0.90625 0.0578125 0.05
1 0.1609375 0.9833333333333333 0.06875 0.03333333333333333
1 0.24921875 0.9416666666666667 0.0609375 0.04583333333333333
1 0.32578125 0.8989583333333333 0.0515625 0.04791666666666667
1 0.39765625 0.8572916666666667 0.0578125 0.04375
1 0.1109375 0.9729166666666667 0.071875 0.05416666666666667
1 0.19296875 0.9260416666666667 0.0640625 0.052083333333333336
1 0.28046875 0.8791666666666667 0.0734375 0.05416666666666667
1 0.3578125 0.8354166666666667 0.05625 0.04583333333333333





1 0.41953125 0.7197916666666667 0.0546875 0.04375


1 0.72578125 0.8739583333333333 0.0671875 0.22708333333333333
1 0.2609375 0.771875 0.065625 0.052083333333333336
1 0.13046875 0.76875 0.0640625 0.0625
1 0.5890625 0.09895833333333333 0.01875 0.03125

5 0.45078125 0.6333333333333333 0.0171875 0.03333333333333333
4 0.37265625 0.5760416666666667 0.0109375 0.022916666666666665
4 0.378125 0.59375 0.00625 0.016666666666666666
5 0.43203125 0.603125 0.0109375 0.027083333333333334
5 0.4625 0.6520833333333333 0.0125 0.029166666666666667
4 0.40234375 0.5895833333333333 0.0046875 0.0125
4 0.3640625 0.5072916666666667 0.009375 0.01875
4 0.365625 0.5 0.009375 0.008333333333333333
5 0.54453125 0.5885416666666666 0.0109375 0.027083333333333334
1 0.60078125 0.5322916666666667 0.0265625 0.04791666666666667
5 0.553125 0.5333333333333333 0.009375 0.025
5 0.54609375 0.49375 0.0046875 0.016666666666666666
5 0.5875 0.646875 0.009375 0.022916666666666665
5 0.725 0.9770833333333333 0.015625 0.029166666666666667
5 0.62265625 0.5052083333333334 0.0109375 0.022916666666666665
5 0.7140625 0.9020833333333333 0.021875 0.041666666666666664
5 0.65703125 0.765625 0.0140625 0.03125
5 0.64375 0.5270833333333333 0.009375 0.025
5 0.7 0.7770833333333333 0.015625 0.03333333333333333
5 0.76796875 0.46770833333333334 0.0203125 0.027083333333333334
5 0.76796875 0.46770833333333334 0.0203125 0.027083333333333334
5 0.625 0.50625 0.00625 0.016666666666666666
5 0.52109375 0.44166666666666665 0.0234375 0.041666666666666664
5 0.52109375 0.44166666666666665 0.0234375 0.041666666666666664
5 0.52109375 0.44166666666666665 0.0234375 0.041666666666666664
1 0.52265625 0.409375 0.0296875 0.10625
3 0.57734375 0.37916666666666665 0.0390625 0.0875
1 0.53984375 0.2947916666666667 0.0140625 0.027083333333333334
1 0.5359375 0.2520833333333333 0.015625 0.029166666666666667
3 0.5203125 0.15 0.028125 0.07083333333333333
1 0.51171875 0.12395833333333334 0.0140625 0.01875
1 0.5296875 0.10833333333333334 0.015625 0.020833333333333332
1 0.49453125 0.15520833333333334 0.0109375 0.014583333333333334
1 0.53046875 0.10833333333333334 0.0140625 0.020833333333333332
1 0.37734375 0.24895833333333334 0.0171875 0.022916666666666665
1 0.3546875 0.24583333333333332 0.015625 0.025
1 0.37421875 0.22395833333333334 0.0171875 0.022916666666666665
1 0.3546875 0.22291666666666668 0.0125 0.020833333333333332
1 0.33671875 0.22291666666666668 0.0140625 0.025
1 0.31796875 0.22916666666666666 0.0140625 0.020833333333333332
1 0.31953125 0.25729166666666664 0.0171875 0.035416666666666666
1 0.2984375 0.23125 0.01875 0.025
1 0.278125 0.225 0.015625 0.020833333333333332
1 0.38359375 0.184375 0.0140625 0.01875
1 0.3671875 0.18854166666666666 0.015625 0.022916666666666665
1 0.3296875 0.18541666666666667 0.015625 0.025
1 0.3125 0.18958333333333333 0.01875 0.03333333333333333
1 0.3 0.16875 0.021875 0.029166666666666667
1 0.4984375 0.16145833333333334 0.009375 0.027083333333333334
1 0.59921875 0.3458333333333333 0.0234375 0.03333333333333333
1 0.56953125 0.3072916666666667 0.0171875 0.035416666666666666
1 0.55703125 0.25 0.0171875 0.029166666666666667
1 0.5453125 0.19895833333333332 0.015625 0.027083333333333334
