
1 0.371875 0.9708333333333333 0.065625 0.05416666666666667
1 0.44453125 0.925 0.0578125 0.05
1 0.23125 0.990625 0.05 0.01875
1 0.3109375 0.95625 0.065625 0.05416666666666667
1 0.39609375 0.90625 0.0578125 0.05
1 0.16171875 0.9822916666666667 0.0703125 0.035416666666666666
1 0.2484375 0.9416666666666667 0.0625 0.04583333333333333
1 0.32578125 0.8989583333333333 0.0515625 0.04791666666666667
1 0.39765625 0.8572916666666667 0.0578125 0.04375
1 0.11015625 0.9729166666666667 0.0703125 0.05416666666666667
1 0.19296875 0.9260416666666667 0.0640625 0.052083333333333336
1 0.2796875 0.8791666666666667 0.071875 0.05416666666666667
1 0.3578125 0.8354166666666667 0.05625 0.04583333333333333





1 0.41484375 0.7229166666666667 0.0546875 0.04583333333333333


1 0.70390625 0.8791666666666667 0.1078125 0.24166666666666667
1 0.25546875 0.775 0.0640625 0.05
1 0.125 0.7729166666666667 0.0625 0.058333333333333334
1 0.5875 0.09479166666666666 0.01875 0.03125

5 0.4515625 0.634375 0.01875 0.03125
4 0.37265625 0.5791666666666667 0.0109375 0.025
4 0.378125 0.5947916666666667 0.00625 0.01875
5 0.43359375 0.6052083333333333 0.0109375 0.027083333333333334
5 0.46328125 0.6541666666666667 0.0140625 0.03333333333333333
4 0.403125 0.5916666666666667 0.00625 0.016666666666666666
4 0.3640625 0.5072916666666667 0.009375 0.01875
4 0.365625 0.5 0.009375 0.008333333333333333
5 0.54453125 0.5916666666666667 0.0109375 0.029166666666666667
1 0.6015625 0.5364583333333334 0.025 0.04791666666666667
5 0.55390625 0.534375 0.0109375 0.022916666666666665
5 0.546875 0.4947916666666667 0.00625 0.014583333333333334
5 0.5875 0.6520833333333333 0.009375 0.025
5 0.7265625 0.9864583333333333 0.015625 0.027083333333333334
5 0.62265625 0.509375 0.0109375 0.022916666666666665
5 0.7171875 0.9104166666666667 0.01875 0.0375
5 0.65859375 0.7739583333333333 0.0140625 0.03125
5 0.64375 0.5302083333333333 0.009375 0.022916666666666665
5 0.70234375 0.7864583333333334 0.0140625 0.035416666666666666
5 0.76953125 0.46770833333333334 0.0203125 0.027083333333333334
5 0.7703125 0.46770833333333334 0.01875 0.027083333333333334
5 0.62421875 0.5083333333333333 0.0078125 0.016666666666666666
5 0.5203125 0.44479166666666664 0.025 0.03958333333333333
5 0.51953125 0.44479166666666664 0.0234375 0.03958333333333333
5 0.52265625 0.41041666666666665 0.0296875 0.10833333333333334
1 0.521875 0.4114583333333333 0.03125 0.11041666666666666
3 0.578125 0.38229166666666664 0.0375 0.08541666666666667
1 0.53984375 0.296875 0.0140625 0.027083333333333334
1 0.5359375 0.25416666666666665 0.01875 0.029166666666666667
3 0.5203125 0.15 0.028125 0.07083333333333333
1 0.51171875 0.12395833333333334 0.0140625 0.01875
1 0.5296875 0.11041666666666666 0.015625 0.020833333333333332
1 0.496875 0.15208333333333332 0.00625 0.008333333333333333
1 0.53046875 0.109375 0.0140625 0.022916666666666665
1 0.37734375 0.24895833333333334 0.0171875 0.022916666666666665
1 0.3546875 0.24583333333333332 0.015625 0.025
1 0.37578125 0.225 0.0171875 0.025
1 0.3546875 0.221875 0.0125 0.01875
1 0.33671875 0.22291666666666668 0.0140625 0.025
1 0.31796875 0.22916666666666666 0.0140625 0.020833333333333332
1 0.31953125 0.25729166666666664 0.0171875 0.035416666666666666
1 0.2984375 0.23125 0.01875 0.025
1 0.278125 0.22604166666666667 0.015625 0.01875
1 0.38359375 0.184375 0.0140625 0.01875
1 0.3671875 0.18854166666666666 0.015625 0.022916666666666665
1 0.3296875 0.18541666666666667 0.015625 0.025
1 0.3125 0.18958333333333333 0.01875 0.03333333333333333
1 0.3015625 0.16875 0.021875 0.029166666666666667
1 0.49921875 0.16145833333333334 0.0109375 0.027083333333333334
1 0.60078125 0.3489583333333333 0.0234375 0.035416666666666666
1 0.57109375 0.30833333333333335 0.0171875 0.03333333333333333
1 0.55703125 0.2520833333333333 0.0171875 0.029166666666666667
1 0.5453125 0.20104166666666667 0.015625 0.027083333333333334
