
1 0.371875 0.9708333333333333 0.065625 0.05416666666666667
1 0.44453125 0.925 0.0578125 0.05
1 0.23046875 0.990625 0.0515625 0.01875
1 0.3109375 0.95625 0.065625 0.05416666666666667
1 0.39609375 0.90625 0.0578125 0.05
1 0.1609375 0.9833333333333333 0.06875 0.03333333333333333
1 0.2484375 0.9416666666666667 0.0625 0.04583333333333333
1 0.32578125 0.8989583333333333 0.0515625 0.04791666666666667
1 0.39765625 0.8572916666666667 0.0578125 0.04375
1 0.11015625 0.9729166666666667 0.0703125 0.05416666666666667
1 0.19296875 0.9260416666666667 0.0640625 0.052083333333333336
1 0.2796875 0.8791666666666667 0.071875 0.05416666666666667
1 0.3578125 0.8354166666666667 0.05625 0.04583333333333333





1 0.40703125 0.7260416666666667 0.0546875 0.04375


1 0.69140625 0.85625 0.0765625 0.175
1 0.246875 0.778125 0.065625 0.052083333333333336
1 0.11796875 0.7770833333333333 0.0640625 0.058333333333333334
1 0.5859375 0.09166666666666666 0.015625 0.03333333333333333

5 0.453125 0.6375 0.015625 0.029166666666666667
4 0.37265625 0.5791666666666667 0.0109375 0.025
4 0.378125 0.5958333333333333 0.00625 0.016666666666666666
5 0.43515625 0.6072916666666667 0.0109375 0.027083333333333334
5 0.4625 0.6572916666666667 0.0125 0.03125
4 0.40390625 0.59375 0.0078125 0.016666666666666666
4 0.3640625 0.5072916666666667 0.009375 0.01875
4 0.365625 0.5 0.009375 0.008333333333333333
5 0.5453125 0.5958333333333333 0.0125 0.025
1 0.603125 0.5427083333333333 0.025 0.04791666666666667
5 0.55546875 0.5385416666666667 0.0109375 0.022916666666666665
5 0.5484375 0.5020833333333333 0.00625 0.020833333333333332
5 0.590625 0.6583333333333333 0.0125 0.025
5 0.7328125 0.9916666666666667 0.015625 0.016666666666666666
5 0.62421875 0.5135416666666667 0.0109375 0.022916666666666665
5 0.721875 0.925 0.021875 0.041666666666666664
5 0.66015625 0.784375 0.0140625 0.03125
5 0.64375 0.534375 0.009375 0.022916666666666665
5 0.70546875 0.7989583333333333 0.0140625 0.035416666666666666
5 0.77265625 0.46770833333333334 0.0203125 0.027083333333333334
5 0.771875 0.46875 0.01875 0.025
5 0.62578125 0.5125 0.0078125 0.020833333333333332
5 0.5171875 0.44895833333333335 0.025 0.03958333333333333
5 0.5171875 0.44895833333333335 0.025 0.03958333333333333
5 0.5171875 0.44895833333333335 0.025 0.03958333333333333
1 0.5171875 0.44895833333333335 0.025 0.03958333333333333
3 0.5796875 0.38645833333333335 0.040625 0.08958333333333333
1 0.53984375 0.2989583333333333 0.0140625 0.027083333333333334
1 0.53671875 0.25625 0.0171875 0.029166666666666667
3 0.5203125 0.15208333333333332 0.028125 0.07083333333333333
1 0.51171875 0.125 0.0140625 0.020833333333333332
1 0.53046875 0.11145833333333334 0.0140625 0.022916666666666665
1 0.49453125 0.15625 0.0109375 0.0125
1 0.53046875 0.11145833333333334 0.0140625 0.022916666666666665
1 0.3765625 0.24895833333333334 0.01875 0.022916666666666665
1 0.3546875 0.24583333333333332 0.015625 0.025
1 0.37578125 0.225 0.0171875 0.025
1 0.3546875 0.221875 0.0125 0.01875
1 0.33671875 0.22291666666666668 0.0140625 0.025
1 0.31796875 0.22916666666666666 0.0140625 0.020833333333333332
1 0.32109375 0.25729166666666664 0.0171875 0.035416666666666666
1 0.2984375 0.23125 0.01875 0.025
1 0.278125 0.225 0.015625 0.020833333333333332
1 0.38359375 0.184375 0.0140625 0.01875
1 0.3671875 0.1875 0.015625 0.020833333333333332
1 0.32890625 0.18541666666666667 0.0171875 0.025
1 0.3125 0.18958333333333333 0.01875 0.03333333333333333
1 0.30078125 0.16875 0.0234375 0.029166666666666667
1 0.50078125 0.16354166666666667 0.0109375 0.027083333333333334
1 0.603125 0.35208333333333336 0.021875 0.03333333333333333
1 0.57109375 0.3125 0.0171875 0.03333333333333333
1 0.55703125 0.25729166666666664 0.0171875 0.03125
1 0.546875 0.20208333333333334 0.015625 0.029166666666666667
