
1 0.371875 0.9708333333333333 0.065625 0.05416666666666667
1 0.44453125 0.925 0.0578125 0.05
1 0.23046875 0.990625 0.0515625 0.01875
1 0.3109375 0.95625 0.065625 0.05416666666666667
1 0.39609375 0.90625 0.0578125 0.05
1 0.1609375 0.9833333333333333 0.06875 0.03333333333333333
1 0.2484375 0.9416666666666667 0.0625 0.04583333333333333
1 0.32578125 0.8989583333333333 0.0515625 0.04791666666666667
1 0.39765625 0.8572916666666667 0.0578125 0.04375
1 0.11015625 0.9729166666666667 0.0703125 0.05416666666666667
1 0.19296875 0.9260416666666667 0.0640625 0.052083333333333336
1 0.28046875 0.8791666666666667 0.0734375 0.05416666666666667
1 0.3578125 0.8354166666666667 0.05625 0.04583333333333333





1 0.4015625 0.7270833333333333 0.053125 0.04583333333333333


1 0.7328125 0.8958333333333334 0.0625 0.20833333333333334
1 0.2421875 0.7802083333333333 0.065625 0.052083333333333336
1 0.11328125 0.7802083333333333 0.0640625 0.06041666666666667
1 0.584375 0.08854166666666667 0.015625 0.03125

5 0.45390625 0.6385416666666667 0.0171875 0.027083333333333334
4 0.37421875 0.5802083333333333 0.0109375 0.022916666666666665
4 0.37890625 0.5958333333333333 0.0078125 0.016666666666666666
5 0.4359375 0.609375 0.0125 0.027083333333333334
5 0.4640625 0.6583333333333333 0.0125 0.029166666666666667
4 0.4046875 0.590625 0.00625 0.010416666666666666
4 0.36328125 0.5083333333333333 0.0078125 0.016666666666666666
4 0.365625 0.5 0.009375 0.008333333333333333
5 0.546875 0.5979166666666667 0.0125 0.025
1 0.60390625 0.546875 0.0265625 0.04791666666666667
5 0.55546875 0.5427083333333333 0.0109375 0.022916666666666665
5 0.5484375 0.5052083333333334 0.00625 0.01875
5 0.59140625 0.6604166666666667 0.0109375 0.025
5 0.7359375 0.9958333333333333 0.0125 0.008333333333333333
5 0.62421875 0.515625 0.0109375 0.022916666666666665
5 0.725 0.9322916666666666 0.01875 0.03958333333333333
5 0.6625 0.7916666666666666 0.015625 0.029166666666666667
5 0.64453125 0.5364583333333334 0.0078125 0.022916666666666665
5 0.70859375 0.809375 0.0140625 0.035416666666666666
5 0.77421875 0.46979166666666666 0.0203125 0.027083333333333334
5 0.77421875 0.4708333333333333 0.0203125 0.025
5 0.6265625 0.515625 0.00625 0.01875
5 0.51640625 0.45416666666666666 0.0265625 0.041666666666666664
5 0.51640625 0.453125 0.0265625 0.03958333333333333
5 0.51640625 0.453125 0.0265625 0.03958333333333333
1 0.51640625 0.45416666666666666 0.0265625 0.041666666666666664
3 0.578125 0.38958333333333334 0.0375 0.0875
1 0.53984375 0.30104166666666665 0.0140625 0.027083333333333334
1 0.53671875 0.25729166666666664 0.0171875 0.03125
3 0.5203125 0.153125 0.028125 0.07291666666666667
1 0.51171875 0.125 0.0140625 0.020833333333333332
1 0.53046875 0.11145833333333334 0.0140625 0.022916666666666665
1 0.49453125 0.15729166666666666 0.0109375 0.014583333333333334
1 0.53046875 0.11145833333333334 0.0140625 0.022916666666666665
1 0.3765625 0.24895833333333334 0.01875 0.022916666666666665
1 0.3546875 0.24583333333333332 0.015625 0.025
1 0.37578125 0.225 0.0171875 0.025
1 0.3546875 0.22291666666666668 0.0125 0.020833333333333332
1 0.33671875 0.22291666666666668 0.0140625 0.025
1 0.31796875 0.22916666666666666 0.0140625 0.020833333333333332
1 0.31875 0.25729166666666664 0.015625 0.035416666666666666
1 0.2984375 0.23125 0.01875 0.025
1 0.278125 0.225 0.015625 0.020833333333333332
1 0.38359375 0.184375 0.0140625 0.01875
1 0.36796875 0.18854166666666666 0.0171875 0.022916666666666665
1 0.3296875 0.18541666666666667 0.015625 0.025
1 0.3125 0.18958333333333333 0.01875 0.03333333333333333
1 0.3015625 0.16875 0.021875 0.029166666666666667
1 0.50078125 0.16458333333333333 0.0109375 0.029166666666666667
1 0.60390625 0.3541666666666667 0.0234375 0.03333333333333333
1 0.571875 0.3145833333333333 0.01875 0.03333333333333333
1 0.55703125 0.25833333333333336 0.0171875 0.03333333333333333
1 0.546875 0.203125 0.015625 0.027083333333333334
