
1 0.371875 0.9708333333333333 0.065625 0.05416666666666667
1 0.44453125 0.925 0.0578125 0.05
1 0.23046875 0.990625 0.0515625 0.01875
1 0.3109375 0.95625 0.065625 0.05416666666666667
1 0.39609375 0.9072916666666667 0.0578125 0.04791666666666667
1 0.16015625 0.9833333333333333 0.0703125 0.03333333333333333
1 0.2484375 0.9416666666666667 0.0625 0.04583333333333333
1 0.32578125 0.8979166666666667 0.0515625 0.04583333333333333
1 0.39765625 0.8572916666666667 0.0578125 0.04375
1 0.11015625 0.9729166666666667 0.0703125 0.05416666666666667
1 0.19296875 0.9260416666666667 0.0640625 0.052083333333333336
1 0.28046875 0.8802083333333334 0.0734375 0.05625
1 0.35703125 0.8354166666666667 0.0546875 0.04583333333333333





1 0.39296875 0.73125 0.0546875 0.04583333333333333


1 0.70078125 0.8802083333333334 0.0828125 0.17291666666666666
1 0.234375 0.7854166666666667 0.065625 0.05416666666666667
1 0.10625 0.7854166666666667 0.065625 0.0625
1 0.58359375 0.08229166666666667 0.0140625 0.022916666666666665

5 0.45703125 0.640625 0.0171875 0.03125
4 0.37421875 0.5802083333333333 0.0109375 0.022916666666666665
4 0.37890625 0.5989583333333334 0.0078125 0.01875
5 0.4375 0.6114583333333333 0.0125 0.027083333333333334
5 0.46484375 0.665625 0.0109375 0.027083333333333334
4 0.4046875 0.5958333333333333 0.009375 0.016666666666666666
4 0.3640625 0.5072916666666667 0.009375 0.01875
4 0.36484375 0.5 0.0078125 0.008333333333333333
5 0.5484375 0.6041666666666666 0.0125 0.025
1 0.60546875 0.553125 0.0265625 0.04791666666666667
5 0.55703125 0.5447916666666667 0.0109375 0.027083333333333334
5 0.5484375 0.5083333333333333 0.00625 0.020833333333333332
5 0.5921875 0.6677083333333333 0.009375 0.022916666666666665

5 0.6265625 0.51875 0.009375 0.020833333333333332
5 0.73125 0.946875 0.021875 0.04375
5 0.6640625 0.8052083333333333 0.015625 0.03125
5 0.64453125 0.540625 0.0078125 0.022916666666666665
5 0.7109375 0.8229166666666666 0.0125 0.03333333333333333
5 0.77578125 0.4708333333333333 0.0203125 0.025
5 0.77578125 0.4708333333333333 0.0203125 0.025
5 0.6265625 0.5197916666666667 0.00625 0.01875
5 0.5140625 0.4583333333333333 0.025 0.041666666666666664
5 0.5140625 0.459375 0.025 0.03958333333333333
5 0.5140625 0.459375 0.025 0.03958333333333333
1 0.51328125 0.4583333333333333 0.0265625 0.041666666666666664
3 0.58046875 0.39375 0.0390625 0.0875
1 0.53984375 0.303125 0.0140625 0.027083333333333334
1 0.53671875 0.259375 0.0171875 0.03125
3 0.5203125 0.153125 0.028125 0.07291666666666667
1 0.5125 0.12604166666666666 0.0125 0.01875
1 0.5296875 0.11354166666666667 0.015625 0.022916666666666665
1 0.49453125 0.15729166666666666 0.0109375 0.014583333333333334
1 0.53125 0.1125 0.015625 0.025
1 0.3765625 0.24895833333333334 0.01875 0.022916666666666665
1 0.3546875 0.24583333333333332 0.015625 0.025
1 0.37578125 0.225 0.0171875 0.025
1 0.3546875 0.22291666666666668 0.0125 0.016666666666666666
1 0.33671875 0.22291666666666668 0.0140625 0.025
1 0.31796875 0.22916666666666666 0.0140625 0.020833333333333332
1 0.31875 0.25729166666666664 0.015625 0.035416666666666666
1 0.2984375 0.23125 0.01875 0.025
1 0.278125 0.22604166666666667 0.015625 0.01875
1 0.38359375 0.184375 0.0140625 0.01875
1 0.3671875 0.18958333333333333 0.015625 0.020833333333333332
1 0.3296875 0.18541666666666667 0.015625 0.025
1 0.3125 0.18958333333333333 0.01875 0.03333333333333333
1 0.3015625 0.16875 0.021875 0.029166666666666667
1 0.50078125 0.165625 0.0109375 0.03125
1 0.60390625 0.3572916666666667 0.0234375 0.035416666666666666
1 0.571875 0.31875 0.01875 0.03333333333333333
1 0.55859375 0.26145833333333335 0.0203125 0.035416666666666666
1 0.546875 0.20520833333333333 0.015625 0.027083333333333334
