
1 0.38046875 0.9708333333333333 0.0671875 0.05416666666666667
1 0.4515625 0.925 0.059375 0.05
1 0.23984375 0.990625 0.0515625 0.01875
1 0.31953125 0.95625 0.0671875 0.05416666666666667
1 0.40390625 0.9072916666666667 0.0578125 0.04791666666666667
1 0.16796875 0.9833333333333333 0.0703125 0.03333333333333333
1 0.2578125 0.9427083333333334 0.0625 0.04791666666666667
1 0.3328125 0.8989583333333333 0.053125 0.04791666666666667
1 0.4046875 0.8572916666666667 0.05625 0.04375
1 0.11953125 0.9729166666666667 0.0703125 0.05416666666666667
1 0.20078125 0.9270833333333334 0.0640625 0.05416666666666667
1 0.28828125 0.8802083333333334 0.0734375 0.05625
1 0.36484375 0.8364583333333333 0.0578125 0.04375
1 0.0921875 0.8791666666666667 0.06875 0.058333333333333334
1 0.00390625 0.828125 0.0078125 0.03125
1 0.15078125 0.79375 0.0609375 0.05416666666666667
1 0.3359375 0.7677083333333333 0.059375 0.052083333333333336
1 0.34140625 0.6760416666666667 0.0546875 0.04375
1 0.44609375 0.6822916666666666 0.0484375 0.035416666666666666
1 0.4828125 0.7354166666666667 0.059375 0.0375
1 0.56875 0.69375 0.059375 0.041666666666666664
1 0.64453125 0.6885416666666667 0.0546875 0.04791666666666667
1 0.68046875 0.7958333333333333 0.0609375 0.0625
1 0.74453125 0.7135416666666666 0.0578125 0.05625
1 0.84296875 0.78125 0.0421875 0.0625

5 0.31015625 0.5958333333333333 0.0265625 0.025
4 0.3484375 0.5604166666666667 0.00625 0.016666666666666666
4 0.36953125 0.5510416666666667 0.0078125 0.014583333333333334
5 0.40546875 0.5427083333333333 0.0078125 0.027083333333333334
5 0.41875 0.5395833333333333 0.009375 0.029166666666666667
4 0.3953125 0.5322916666666667 0.00625 0.014583333333333334
4 0.36328125 0.50625 0.0109375 0.029166666666666667
4 0.3703125 0.496875 0.0125 0.014583333333333334
5 0.521875 0.41875 0.009375 0.025
1 0.571875 0.39791666666666664 0.025 0.0375
5 0.534375 0.41770833333333335 0.00625 0.01875
5 0.55546875 0.4125 0.0078125 0.020833333333333332
5 0.55546875 0.43020833333333336 0.0109375 0.022916666666666665
5 0.57578125 0.4375 0.0078125 0.016666666666666666
5 0.590625 0.390625 0.015625 0.01875
5 0.615625 0.40729166666666666 0.0125 0.022916666666666665
5 0.61328125 0.384375 0.0078125 0.022916666666666665
5 0.64296875 0.37395833333333334 0.0078125 0.01875
5 0.61796875 0.365625 0.0078125 0.01875
5 0.61640625 0.34479166666666666 0.0140625 0.022916666666666665
5 0.6078125 0.371875 0.0125 0.014583333333333334
5 0.56875 0.36041666666666666 0.00625 0.016666666666666666
5 0.55234375 0.3697916666666667 0.0046875 0.014583333333333334
5 0.5296875 0.35625 0.00625 0.016666666666666666
5 0.53828125 0.35625 0.0046875 0.016666666666666666
1 0.5375 0.3145833333333333 0.025 0.03333333333333333
3 0.54296875 0.253125 0.0296875 0.07291666666666667
1 0.53125 0.21666666666666667 0.0125 0.020833333333333332
1 0.5296875 0.18645833333333334 0.01875 0.027083333333333334
3 0.5234375 0.14479166666666668 0.025 0.052083333333333336
1 0.515625 0.11875 0.0125 0.020833333333333332
1 0.5140625 0.09166666666666666 0.015625 0.03333333333333333
1 0.49609375 0.0625 0.0140625 0.008333333333333333
1 0.49296875 0.027083333333333334 0.0140625 0.029166666666666667
1 0.38125 0.24791666666666667 0.01875 0.025
1 0.3609375 0.24479166666666666 0.015625 0.022916666666666665
1 0.3796875 0.22291666666666668 0.015625 0.020833333333333332
1 0.3609375 0.221875 0.015625 0.01875
1 0.3421875 0.221875 0.015625 0.022916666666666665
1 0.32265625 0.228125 0.0140625 0.022916666666666665
1 0.32578125 0.25625 0.0171875 0.03333333333333333
1 0.30390625 0.22916666666666666 0.0171875 0.025
1 0.2828125 0.22395833333333334 0.015625 0.01875
1 0.38828125 0.18333333333333332 0.0140625 0.020833333333333332
1 0.37265625 0.1875 0.0203125 0.025
1 0.334375 0.184375 0.015625 0.022916666666666665
1 0.3171875 0.18854166666666666 0.01875 0.03125
1 0.30390625 0.16666666666666666 0.0203125 0.029166666666666667
1 0.49296875 0.09583333333333334 0.0140625 0.05
1 0.56484375 0.25416666666666665 0.0171875 0.029166666666666667
1 0.55859375 0.21875 0.0171875 0.03333333333333333
1 0.5515625 0.190625 0.01875 0.03125
1 0.54375 0.16145833333333334 0.015625 0.022916666666666665
