
1 0.371875 0.9708333333333333 0.065625 0.05416666666666667
1 0.44375 0.925 0.059375 0.05
1 0.23046875 0.990625 0.0515625 0.01875
1 0.3109375 0.95625 0.065625 0.05416666666666667
1 0.3953125 0.9072916666666667 0.05625 0.04791666666666667
1 0.16015625 0.9833333333333333 0.0703125 0.03333333333333333
1 0.2484375 0.9416666666666667 0.0625 0.04583333333333333
1 0.32578125 0.8979166666666667 0.0515625 0.04583333333333333
1 0.39765625 0.8572916666666667 0.0578125 0.04375
1 0.11015625 0.9729166666666667 0.0703125 0.05416666666666667
1 0.19296875 0.9260416666666667 0.0640625 0.052083333333333336
1 0.28046875 0.8802083333333334 0.0734375 0.05625
1 0.35703125 0.8364583333333333 0.0546875 0.04375





1 0.3875 0.7333333333333333 0.053125 0.04583333333333333


1 0.7015625 0.8875 0.0875 0.17916666666666667
1 0.228125 0.7875 0.065625 0.05416666666666667
1 0.10078125 0.7885416666666667 0.0671875 0.06458333333333334
1 0.76484375 0.459375 0.3734375 0.78125

5 0.4578125 0.6416666666666667 0.01875 0.029166666666666667
4 0.375 0.58125 0.0125 0.020833333333333332
4 0.3796875 0.6 0.00625 0.016666666666666666
5 0.4375 0.6125 0.0125 0.025
5 0.465625 0.66875 0.0125 0.03333333333333333
4 0.40625 0.5947916666666667 0.00625 0.010416666666666666
4 0.3640625 0.5072916666666667 0.009375 0.01875
4 0.36484375 0.5 0.0078125 0.008333333333333333
5 0.55078125 0.60625 0.0109375 0.025
1 0.60703125 0.5572916666666666 0.0265625 0.04791666666666667
5 0.55703125 0.5479166666666667 0.0109375 0.025
5 0.54921875 0.5125 0.0078125 0.025
5 0.59375 0.6729166666666667 0.009375 0.025

5 0.6265625 0.5229166666666667 0.009375 0.020833333333333332
5 0.7359375 0.95625 0.021875 0.041666666666666664
5 0.66640625 0.8135416666666667 0.0171875 0.035416666666666666
5 0.6453125 0.5447916666666667 0.009375 0.022916666666666665
5 0.7140625 0.8333333333333334 0.015625 0.0375
5 0.7765625 0.4708333333333333 0.021875 0.025
5 0.7765625 0.4708333333333333 0.01875 0.025
5 0.6265625 0.521875 0.00625 0.01875
5 0.5125 0.4625 0.025 0.041666666666666664
5 0.5125 0.46145833333333336 0.025 0.03958333333333333
5 0.5125 0.4625 0.025 0.041666666666666664
1 0.51328125 0.4625 0.0265625 0.041666666666666664
3 0.58125 0.396875 0.0375 0.08958333333333333
1 0.540625 0.30416666666666664 0.015625 0.025
1 0.53671875 0.26145833333333335 0.0171875 0.03125
3 0.5203125 0.15416666666666667 0.028125 0.075
1 0.5125 0.12604166666666666 0.0125 0.01875
1 0.53046875 0.11354166666666667 0.0140625 0.022916666666666665
1 0.49375 0.159375 0.0125 0.01875
1 0.53125 0.1125 0.015625 0.025
1 0.3765625 0.24895833333333334 0.01875 0.022916666666666665
1 0.3546875 0.24583333333333332 0.015625 0.025
1 0.37578125 0.225 0.0171875 0.025
1 0.3546875 0.22291666666666668 0.0125 0.016666666666666666
1 0.33671875 0.22291666666666668 0.0140625 0.025
1 0.31796875 0.22916666666666666 0.0140625 0.020833333333333332
1 0.32109375 0.25729166666666664 0.0171875 0.035416666666666666
1 0.2984375 0.23125 0.01875 0.025
1 0.278125 0.22604166666666667 0.015625 0.01875
1 0.38359375 0.184375 0.0140625 0.01875
1 0.36796875 0.18854166666666666 0.0171875 0.022916666666666665
1 0.3296875 0.18645833333333334 0.015625 0.022916666666666665
1 0.3125 0.18958333333333333 0.01875 0.03333333333333333
1 0.3015625 0.16875 0.021875 0.029166666666666667
1 0.50078125 0.16770833333333332 0.0109375 0.03125
1 0.60546875 0.359375 0.0234375 0.035416666666666666
1 0.57265625 0.31979166666666664 0.0171875 0.03125
1 0.559375 0.2635416666666667 0.021875 0.035416666666666666
1 0.546875 0.20729166666666668 0.015625 0.027083333333333334
