
1 0.371875 0.9708333333333333 0.065625 0.05416666666666667
1 0.44375 0.925 0.059375 0.05
1 0.23046875 0.990625 0.0515625 0.01875
1 0.3109375 0.95625 0.065625 0.05416666666666667
1 0.39609375 0.9072916666666667 0.0578125 0.04791666666666667
1 0.16015625 0.9833333333333333 0.0703125 0.03333333333333333
1 0.2484375 0.9416666666666667 0.0625 0.04583333333333333
1 0.325 0.8989583333333333 0.053125 0.04791666666666667
1 0.39765625 0.8572916666666667 0.0578125 0.04375
1 0.11015625 0.9729166666666667 0.0703125 0.05416666666666667
1 0.19296875 0.9260416666666667 0.0640625 0.052083333333333336
1 0.28046875 0.8802083333333334 0.0734375 0.05625
1 0.35703125 0.8364583333333333 0.0546875 0.04375





1 0.378125 0.7375 0.053125 0.04583333333333333


1 0.70703125 0.9010416666666666 0.0921875 0.18125
1 0.2203125 0.7916666666666666 0.065625 0.05416666666666667
1 0.09296875 0.7927083333333333 0.0640625 0.06041666666666667
1 0.7640625 0.459375 0.365625 0.76875

5 0.46015625 0.6458333333333334 0.0171875 0.029166666666666667
4 0.37578125 0.5833333333333334 0.0109375 0.020833333333333332
4 0.3796875 0.6 0.00625 0.016666666666666666
5 0.44140625 0.615625 0.0109375 0.027083333333333334
5 0.46640625 0.6708333333333333 0.0109375 0.03333333333333333
4 0.40625 0.596875 0.00625 0.014583333333333334
4 0.36328125 0.5072916666666667 0.0078125 0.01875
4 0.36484375 0.5 0.0078125 0.008333333333333333
5 0.553125 0.6104166666666667 0.009375 0.025
1 0.60703125 0.5635416666666667 0.0265625 0.04791666666666667
5 0.55859375 0.55 0.0109375 0.025
5 0.54921875 0.5177083333333333 0.0078125 0.022916666666666665
5 0.5953125 0.6770833333333334 0.009375 0.025

5 0.62734375 0.5270833333333333 0.0078125 0.020833333333333332
5 0.74140625 0.971875 0.0234375 0.04375
5 0.66953125 0.8260416666666667 0.0140625 0.03125
5 0.6453125 0.5479166666666667 0.009375 0.025
5 0.71796875 0.8479166666666667 0.0140625 0.0375
5 0.778125 0.47291666666666665 0.021875 0.025
5 0.77890625 0.47291666666666665 0.0203125 0.025
5 0.628125 0.5260416666666666 0.00625 0.01875
5 0.51015625 0.465625 0.0265625 0.03958333333333333
5 0.5171875 0.43645833333333334 0.040625 0.09791666666666667
5 0.5171875 0.43645833333333334 0.040625 0.09791666666666667
1 0.51640625 0.4375 0.0421875 0.1
3 0.58203125 0.4 0.0390625 0.09166666666666666
1 0.540625 0.3072916666666667 0.015625 0.027083333333333334
1 0.53671875 0.2625 0.0171875 0.029166666666666667
3 0.5203125 0.15625 0.028125 0.075
1 0.5125 0.12708333333333333 0.0125 0.020833333333333332
1 0.53125 0.11354166666666667 0.015625 0.022916666666666665
1 0.49375 0.159375 0.0125 0.01875
1 0.53125 0.11354166666666667 0.015625 0.022916666666666665
1 0.3765625 0.24895833333333334 0.01875 0.022916666666666665
1 0.3546875 0.24583333333333332 0.015625 0.025
1 0.375 0.225 0.015625 0.025
1 0.3546875 0.22291666666666668 0.0125 0.016666666666666666
1 0.33671875 0.22291666666666668 0.0140625 0.025
1 0.3171875 0.22916666666666666 0.0125 0.020833333333333332
1 0.32109375 0.25625 0.0171875 0.03333333333333333
1 0.2984375 0.23125 0.01875 0.025
1 0.278125 0.22604166666666667 0.015625 0.01875
1 0.38359375 0.184375 0.0140625 0.01875
1 0.36796875 0.18854166666666666 0.0171875 0.022916666666666665
1 0.32890625 0.18645833333333334 0.0171875 0.022916666666666665
1 0.3125 0.190625 0.01875 0.035416666666666666
1 0.30078125 0.16875 0.0203125 0.029166666666666667
1 0.50078125 0.16875 0.0109375 0.029166666666666667
1 0.60703125 0.3625 0.0234375 0.03333333333333333
1 0.5734375 0.32395833333333335 0.01875 0.03125
1 0.55859375 0.2635416666666667 0.0203125 0.03125
1 0.5484375 0.209375 0.015625 0.027083333333333334
