
1 0.371875 0.9708333333333333 0.065625 0.05416666666666667
1 0.44375 0.925 0.059375 0.05
1 0.23046875 0.990625 0.0515625 0.01875
1 0.3109375 0.95625 0.065625 0.05416666666666667
1 0.39609375 0.9072916666666667 0.0578125 0.04791666666666667
1 0.16015625 0.9833333333333333 0.0703125 0.03333333333333333
1 0.2484375 0.9416666666666667 0.0625 0.04583333333333333
1 0.32578125 0.8979166666666667 0.0515625 0.04583333333333333
1 0.396875 0.8572916666666667 0.05625 0.04375
1 0.11015625 0.9729166666666667 0.0703125 0.05416666666666667
1 0.19296875 0.9260416666666667 0.0640625 0.052083333333333336
1 0.2796875 0.8791666666666667 0.071875 0.05416666666666667
1 0.35703125 0.8364583333333333 0.0546875 0.04375





1 0.37265625 0.7416666666666667 0.0546875 0.04583333333333333


1 0.71171875 0.909375 0.0921875 0.18125
1 0.2140625 0.7947916666666667 0.065625 0.052083333333333336
1 0.08828125 0.7958333333333333 0.0671875 0.058333333333333334
1 0.9265625 0.8072916666666666 0.0375 0.05625

5 0.46171875 0.6479166666666667 0.0171875 0.029166666666666667
4 0.3765625 0.5833333333333334 0.009375 0.020833333333333332
4 0.38046875 0.603125 0.0078125 0.01875
5 0.44296875 0.6177083333333333 0.0109375 0.027083333333333334
5 0.46640625 0.6708333333333333 0.0109375 0.03333333333333333
4 0.40703125 0.5989583333333334 0.0078125 0.01875
4 0.36328125 0.5072916666666667 0.0078125 0.01875
4 0.36484375 0.5 0.0078125 0.008333333333333333
5 0.553125 0.6135416666666667 0.009375 0.022916666666666665
1 0.60859375 0.5677083333333334 0.0265625 0.04791666666666667
5 0.559375 0.553125 0.009375 0.022916666666666665
5 0.55078125 0.5208333333333334 0.0078125 0.020833333333333332
5 0.596875 0.6822916666666666 0.009375 0.022916666666666665

5 0.62734375 0.5302083333333333 0.0078125 0.022916666666666665
5 0.74609375 0.9791666666666666 0.0234375 0.041666666666666664
5 0.67109375 0.8354166666666667 0.0140625 0.03333333333333333
5 0.64609375 0.5510416666666667 0.0078125 0.022916666666666665
5 0.7203125 0.8583333333333333 0.015625 0.0375
5 0.78125 0.475 0.01875 0.025
5 0.78125 0.4739583333333333 0.01875 0.022916666666666665
5 0.628125 0.5302083333333333 0.00625 0.01875
5 0.51640625 0.43854166666666666 0.0421875 0.10208333333333333
5 0.51640625 0.43854166666666666 0.0421875 0.10208333333333333
5 0.51640625 0.43854166666666666 0.0421875 0.10208333333333333
1 0.515625 0.43854166666666666 0.04375 0.10208333333333333
3 0.5828125 0.403125 0.0375 0.08958333333333333
1 0.54140625 0.309375 0.0140625 0.027083333333333334
1 0.53671875 0.26458333333333334 0.0171875 0.029166666666666667
3 0.5203125 0.15625 0.028125 0.075
1 0.51328125 0.128125 0.0140625 0.01875
1 0.53125 0.11354166666666667 0.015625 0.022916666666666665
1 0.49375 0.159375 0.0125 0.01875
1 0.53125 0.11458333333333333 0.0125 0.020833333333333332
1 0.3765625 0.24895833333333334 0.01875 0.022916666666666665
1 0.3546875 0.24583333333333332 0.015625 0.025
1 0.375 0.225 0.015625 0.025
1 0.3546875 0.22291666666666668 0.0125 0.020833333333333332
1 0.33671875 0.22291666666666668 0.0140625 0.025
1 0.31796875 0.22916666666666666 0.0140625 0.020833333333333332
1 0.31875 0.25729166666666664 0.015625 0.035416666666666666
1 0.2984375 0.23125 0.01875 0.025
1 0.278125 0.22604166666666667 0.015625 0.01875
1 0.38359375 0.184375 0.0140625 0.01875
1 0.3671875 0.18958333333333333 0.015625 0.020833333333333332
1 0.32890625 0.18645833333333334 0.0171875 0.022916666666666665
1 0.3125 0.18958333333333333 0.01875 0.03333333333333333
1 0.3015625 0.16875 0.021875 0.029166666666666667
1 0.50078125 0.16875 0.0109375 0.029166666666666667
1 0.6078125 0.3645833333333333 0.021875 0.03333333333333333
1 0.5734375 0.3260416666666667 0.01875 0.03125
1 0.559375 0.265625 0.01875 0.03125
1 0.5484375 0.21041666666666667 0.015625 0.025
