
1 0.371875 0.9708333333333333 0.065625 0.05416666666666667
1 0.44375 0.925 0.059375 0.05
1 0.23046875 0.990625 0.0515625 0.01875
1 0.3109375 0.95625 0.065625 0.05416666666666667
1 0.39609375 0.9072916666666667 0.0578125 0.04791666666666667
1 0.16015625 0.9833333333333333 0.0703125 0.03333333333333333
1 0.2484375 0.9416666666666667 0.0625 0.04583333333333333
1 0.32421875 0.8989583333333333 0.0515625 0.04791666666666667
1 0.39765625 0.8572916666666667 0.0578125 0.04375
1 0.11015625 0.9729166666666667 0.0703125 0.05416666666666667
1 0.1921875 0.9260416666666667 0.065625 0.052083333333333336
1 0.2796875 0.8791666666666667 0.071875 0.05416666666666667
1 0.35703125 0.8364583333333333 0.0546875 0.04375





1 0.36328125 0.7447916666666666 0.0546875 0.04791666666666667


1 0.71171875 0.915625 0.0953125 0.16875
1 0.2046875 0.7989583333333333 0.065625 0.052083333333333336
1 0.0796875 0.8 0.065625 0.058333333333333334
1 0.92421875 0.7989583333333333 0.0359375 0.05625

5 0.46328125 0.65 0.0171875 0.029166666666666667
4 0.3765625 0.5854166666666667 0.009375 0.020833333333333332
4 0.38046875 0.603125 0.0078125 0.022916666666666665
5 0.44375 0.6197916666666666 0.009375 0.027083333333333334
5 0.4671875 0.678125 0.009375 0.03125
4 0.4078125 0.5989583333333334 0.00625 0.014583333333333334
4 0.36328125 0.509375 0.0078125 0.01875
4 0.36484375 0.5 0.0078125 0.008333333333333333
5 0.5546875 0.6197916666666666 0.009375 0.022916666666666665
1 0.61015625 0.575 0.0265625 0.05
5 0.5609375 0.5572916666666666 0.009375 0.022916666666666665
5 0.55078125 0.5260416666666666 0.0078125 0.022916666666666665
5 0.59921875 0.6895833333333333 0.0109375 0.025

5 0.62890625 0.5333333333333333 0.0078125 0.020833333333333332
5 0.75078125 0.9864583333333333 0.0203125 0.027083333333333334
5 0.6734375 0.846875 0.01875 0.035416666666666666
5 0.64609375 0.55625 0.0109375 0.025
5 0.72421875 0.8729166666666667 0.0171875 0.0375
5 0.7828125 0.47604166666666664 0.01875 0.022916666666666665
5 0.7828125 0.47604166666666664 0.01875 0.022916666666666665
5 0.62890625 0.5322916666666667 0.0078125 0.01875
5 0.5046875 0.475 0.028125 0.041666666666666664
5 0.5046875 0.475 0.028125 0.041666666666666664
5 0.5046875 0.475 0.028125 0.041666666666666664
1 0.50546875 0.475 0.0296875 0.041666666666666664
3 0.58359375 0.4083333333333333 0.0390625 0.09166666666666666
1 0.54140625 0.31145833333333334 0.0140625 0.027083333333333334
1 0.53828125 0.265625 0.0171875 0.03125
3 0.52109375 0.15833333333333333 0.0296875 0.07916666666666666
1 0.5140625 0.128125 0.0125 0.01875
1 0.53125 0.115625 0.015625 0.022916666666666665
1 0.49375 0.159375 0.0125 0.01875
1 0.53125 0.11458333333333333 0.0125 0.020833333333333332
1 0.3765625 0.24895833333333334 0.01875 0.022916666666666665
1 0.3546875 0.24583333333333332 0.015625 0.025
1 0.375 0.225 0.015625 0.025
1 0.3546875 0.22291666666666668 0.0125 0.016666666666666666
1 0.33671875 0.22291666666666668 0.0140625 0.025
1 0.31796875 0.22916666666666666 0.0140625 0.020833333333333332
1 0.31875 0.25625 0.015625 0.03333333333333333
1 0.2984375 0.23125 0.01875 0.025
1 0.278125 0.225 0.015625 0.020833333333333332
1 0.38359375 0.184375 0.0140625 0.01875
1 0.3671875 0.18958333333333333 0.015625 0.020833333333333332
1 0.3296875 0.18645833333333334 0.015625 0.022916666666666665
1 0.3125 0.18958333333333333 0.01875 0.03333333333333333
1 0.3015625 0.16875 0.021875 0.029166666666666667
1 0.50078125 0.171875 0.0109375 0.022916666666666665
1 0.609375 0.36875 0.021875 0.03333333333333333
1 0.575 0.33125 0.01875 0.03333333333333333
1 0.559375 0.2677083333333333 0.01875 0.03125
1 0.5484375 0.21354166666666666 0.015625 0.027083333333333334
