
1 0.37109375 0.9708333333333333 0.0671875 0.05416666666666667
1 0.44375 0.925 0.059375 0.05
1 0.23046875 0.990625 0.0515625 0.01875
1 0.3109375 0.95625 0.065625 0.05416666666666667
1 0.3953125 0.9072916666666667 0.05625 0.04791666666666667
1 0.16015625 0.9833333333333333 0.0703125 0.03333333333333333
1 0.24765625 0.9416666666666667 0.0609375 0.04583333333333333
1 0.32421875 0.8989583333333333 0.0515625 0.04791666666666667
1 0.39765625 0.8572916666666667 0.0578125 0.04375
1 0.11015625 0.9729166666666667 0.0703125 0.05416666666666667
1 0.1921875 0.9260416666666667 0.065625 0.052083333333333336
1 0.28046875 0.8802083333333334 0.0734375 0.05625
1 0.35703125 0.8364583333333333 0.0546875 0.04375





1 0.35703125 0.746875 0.0546875 0.04791666666666667


1 0.7109375 0.9177083333333333 0.090625 0.16041666666666668
1 0.19921875 0.8020833333333334 0.0671875 0.05416666666666667
1 0.075 0.8041666666666667 0.06875 0.0625
1 0.921875 0.7895833333333333 0.034375 0.05

5 0.465625 0.6552083333333333 0.01875 0.03125
4 0.37734375 0.5854166666666667 0.0109375 0.020833333333333332
4 0.38046875 0.6041666666666666 0.0078125 0.025
5 0.44453125 0.621875 0.0109375 0.027083333333333334
5 0.46796875 0.6802083333333333 0.0109375 0.03125
4 0.40859375 0.6 0.0078125 0.016666666666666666
4 0.36328125 0.5083333333333333 0.0078125 0.020833333333333332
4 0.36484375 0.5 0.0078125 0.008333333333333333
5 0.55546875 0.6229166666666667 0.0109375 0.025
1 0.61171875 0.5791666666666667 0.0265625 0.05
5 0.56171875 0.5604166666666667 0.0109375 0.025
5 0.5515625 0.528125 0.009375 0.022916666666666665
5 0.59921875 0.6927083333333334 0.0109375 0.027083333333333334

5 0.6296875 0.5354166666666667 0.009375 0.020833333333333332
5 0.753125 0.9916666666666667 0.01875 0.016666666666666666
5 0.67578125 0.85625 0.0140625 0.03333333333333333
5 0.64609375 0.5583333333333333 0.0109375 0.025
5 0.72734375 0.884375 0.0171875 0.03958333333333333
5 0.784375 0.478125 0.01875 0.022916666666666665
5 0.78515625 0.478125 0.0171875 0.022916666666666665
5 0.63046875 0.5354166666666667 0.0078125 0.020833333333333332
5 0.503125 0.478125 0.028125 0.03958333333333333
5 0.503125 0.478125 0.028125 0.03958333333333333
5 0.503125 0.478125 0.028125 0.03958333333333333
1 0.503125 0.4791666666666667 0.03125 0.041666666666666664
3 0.58359375 0.41041666666666665 0.0390625 0.09166666666666666
1 0.54140625 0.31354166666666666 0.0140625 0.027083333333333334
1 0.53828125 0.26666666666666666 0.0171875 0.029166666666666667
3 0.52109375 0.159375 0.0296875 0.07708333333333334
1 0.5140625 0.12916666666666668 0.0125 0.020833333333333332
1 0.53125 0.115625 0.015625 0.022916666666666665
1 0.49296875 0.159375 0.0140625 0.01875
1 0.53125 0.115625 0.0125 0.01875
1 0.3765625 0.24895833333333334 0.01875 0.022916666666666665
1 0.3546875 0.24583333333333332 0.015625 0.025
1 0.37421875 0.22604166666666667 0.0171875 0.022916666666666665
1 0.3546875 0.22291666666666668 0.0125 0.016666666666666666
1 0.33671875 0.22291666666666668 0.0140625 0.025
1 0.3171875 0.22916666666666666 0.0125 0.020833333333333332
1 0.31875 0.25625 0.015625 0.03333333333333333
1 0.29921875 0.23125 0.0171875 0.025
1 0.278125 0.225 0.015625 0.020833333333333332
1 0.38359375 0.184375 0.0140625 0.01875
1 0.3671875 0.18958333333333333 0.015625 0.020833333333333332
1 0.32890625 0.18645833333333334 0.0171875 0.022916666666666665
1 0.3125 0.18958333333333333 0.01875 0.03333333333333333
1 0.3015625 0.16875 0.021875 0.029166666666666667
1 0.50078125 0.171875 0.0109375 0.022916666666666665
1 0.61015625 0.37083333333333335 0.0234375 0.03333333333333333
1 0.575 0.3333333333333333 0.01875 0.03333333333333333
1 0.559375 0.26979166666666665 0.01875 0.03125
1 0.54921875 0.21458333333333332 0.0171875 0.029166666666666667
