
1 0.37109375 0.9708333333333333 0.0671875 0.05416666666666667
1 0.44375 0.925 0.059375 0.05
1 0.23046875 0.990625 0.0515625 0.01875
1 0.3109375 0.95625 0.065625 0.05416666666666667
1 0.39609375 0.9072916666666667 0.0578125 0.04791666666666667
1 0.16015625 0.9833333333333333 0.0703125 0.03333333333333333
1 0.24765625 0.9416666666666667 0.0609375 0.04583333333333333
1 0.32421875 0.8989583333333333 0.0515625 0.04791666666666667
1 0.396875 0.8572916666666667 0.05625 0.04375
1 0.11015625 0.9729166666666667 0.0703125 0.05416666666666667
1 0.1921875 0.9260416666666667 0.065625 0.052083333333333336
1 0.28046875 0.8802083333333334 0.0734375 0.05625
1 0.35703125 0.8364583333333333 0.0546875 0.04375





1 0.34765625 0.7520833333333333 0.0546875 0.05


1 0.70703125 0.8875 0.0703125 0.06666666666666667
1 0.18984375 0.8083333333333333 0.0671875 0.05416666666666667
1 0.06640625 0.8083333333333333 0.0671875 0.058333333333333334
1 0.91953125 0.7802083333333333 0.0328125 0.052083333333333336

5 0.46875 0.6572916666666667 0.01875 0.03125
4 0.378125 0.5875 0.009375 0.020833333333333332
4 0.38203125 0.60625 0.0078125 0.020833333333333332
5 0.4453125 0.625 0.0125 0.025
5 0.46875 0.6864583333333333 0.0125 0.03125
4 0.409375 0.603125 0.00625 0.01875
4 0.36328125 0.5083333333333333 0.0078125 0.020833333333333332
4 0.36484375 0.5 0.0078125 0.008333333333333333
5 0.55625 0.6270833333333333 0.009375 0.025
1 0.6125 0.5864583333333333 0.025 0.04791666666666667
5 0.56328125 0.5635416666666667 0.0078125 0.022916666666666665
5 0.55234375 0.5333333333333333 0.0078125 0.025
5 0.60078125 0.7 0.0109375 0.025

5 0.63046875 0.540625 0.0078125 0.022916666666666665

5 0.67890625 0.8697916666666666 0.0140625 0.035416666666666666
5 0.646875 0.5635416666666667 0.009375 0.027083333333333334
5 0.7328125 0.9010416666666666 0.01875 0.03958333333333333
5 0.7859375 0.478125 0.01875 0.022916666666666665
5 0.78671875 0.478125 0.0171875 0.022916666666666665
5 0.63046875 0.5395833333333333 0.0078125 0.020833333333333332
5 0.49921875 0.484375 0.0296875 0.04375
5 0.49921875 0.484375 0.0296875 0.04375
5 0.49921875 0.484375 0.0296875 0.04375
1 0.49921875 0.484375 0.0296875 0.04375
3 0.58515625 0.41458333333333336 0.0390625 0.09166666666666666
1 0.5421875 0.315625 0.015625 0.027083333333333334
1 0.53828125 0.26979166666666665 0.0171875 0.03125
3 0.5203125 0.16041666666666668 0.028125 0.07916666666666666
1 0.5140625 0.13020833333333334 0.0125 0.01875
1 0.53203125 0.115625 0.0140625 0.01875
1 0.49375 0.16041666666666668 0.015625 0.020833333333333332
1 0.53125 0.115625 0.0125 0.01875
1 0.3765625 0.24895833333333334 0.01875 0.022916666666666665
1 0.3546875 0.246875 0.015625 0.022916666666666665
1 0.37578125 0.225 0.0171875 0.025
1 0.3546875 0.22291666666666668 0.0125 0.020833333333333332
1 0.33671875 0.22291666666666668 0.0140625 0.025
1 0.31796875 0.22916666666666666 0.0140625 0.020833333333333332
1 0.31875 0.25625 0.015625 0.03333333333333333
1 0.29921875 0.23125 0.0171875 0.025
1 0.278125 0.225 0.015625 0.020833333333333332
1 0.38359375 0.184375 0.0140625 0.01875
1 0.3671875 0.18958333333333333 0.015625 0.020833333333333332
1 0.3296875 0.18645833333333334 0.015625 0.022916666666666665
1 0.3125 0.18958333333333333 0.01875 0.03333333333333333
1 0.3015625 0.16875 0.021875 0.029166666666666667
1 0.50078125 0.17291666666666666 0.0109375 0.025
1 0.61171875 0.37395833333333334 0.0234375 0.035416666666666666
1 0.57578125 0.3375 0.0203125 0.03333333333333333
1 0.5609375 0.27291666666666664 0.01875 0.029166666666666667
1 0.55 0.21770833333333334 0.015625 0.027083333333333334
