
1 0.37109375 0.9708333333333333 0.0671875 0.05416666666666667
1 0.44296875 0.9239583333333333 0.0578125 0.04791666666666667
1 0.23046875 0.990625 0.0515625 0.01875
1 0.3109375 0.95625 0.065625 0.05416666666666667
1 0.39609375 0.9072916666666667 0.0578125 0.04791666666666667
1 0.16015625 0.9833333333333333 0.0703125 0.03333333333333333
1 0.2484375 0.9416666666666667 0.0625 0.04583333333333333
1 0.32421875 0.8989583333333333 0.0515625 0.04791666666666667
1 0.396875 0.8572916666666667 0.05625 0.04375
1 0.11015625 0.9729166666666667 0.0703125 0.05416666666666667
1 0.1921875 0.9260416666666667 0.065625 0.052083333333333336
1 0.28046875 0.8802083333333334 0.0734375 0.05625
1 0.35703125 0.8364583333333333 0.0546875 0.04375





1 0.34140625 0.7552083333333334 0.0546875 0.04791666666666667


1 0.71015625 0.8979166666666667 0.0703125 0.07083333333333333
1 0.18359375 0.8104166666666667 0.0671875 0.05416666666666667
1 0.0609375 0.8114583333333333 0.06875 0.06041666666666667
1 0.91796875 0.7729166666666667 0.0296875 0.05

5 0.4703125 0.6604166666666667 0.01875 0.029166666666666667
4 0.37890625 0.5885416666666666 0.0109375 0.022916666666666665
4 0.38125 0.60625 0.009375 0.025
5 0.446875 0.6260416666666667 0.0125 0.027083333333333334
5 0.46875 0.6875 0.0125 0.03333333333333333
4 0.41015625 0.603125 0.0078125 0.01875
4 0.36328125 0.5083333333333333 0.0078125 0.020833333333333332
4 0.36484375 0.5 0.0078125 0.008333333333333333
5 0.55703125 0.63125 0.0109375 0.025
1 0.61484375 0.5916666666666667 0.0265625 0.05
5 0.56484375 0.565625 0.0078125 0.022916666666666665
5 0.553125 0.5364583333333334 0.009375 0.022916666666666665
5 0.603125 0.7052083333333333 0.0125 0.027083333333333334

5 0.63046875 0.5427083333333333 0.0078125 0.022916666666666665

5 0.68125 0.8791666666666667 0.015625 0.03333333333333333
5 0.64765625 0.565625 0.0109375 0.027083333333333334
5 0.7359375 0.9135416666666667 0.015625 0.03958333333333333
5 0.7875 0.48020833333333335 0.01875 0.022916666666666665
5 0.78671875 0.48020833333333335 0.0171875 0.022916666666666665
5 0.63046875 0.5427083333333333 0.0078125 0.01875
5 0.496875 0.4895833333333333 0.03125 0.041666666666666664
5 0.496875 0.4895833333333333 0.03125 0.041666666666666664
5 0.496875 0.4895833333333333 0.03125 0.041666666666666664
1 0.496875 0.4895833333333333 0.03125 0.041666666666666664
3 0.58515625 0.41770833333333335 0.0390625 0.09375
1 0.5421875 0.3177083333333333 0.015625 0.027083333333333334
1 0.53828125 0.2708333333333333 0.0171875 0.029166666666666667
3 0.51953125 0.16041666666666668 0.0296875 0.07916666666666666
1 0.5140625 0.13125 0.0125 0.020833333333333332
1 0.53125 0.115625 0.0125 0.01875
1 0.49375 0.16041666666666668 0.015625 0.020833333333333332
1 0.53125 0.115625 0.0125 0.01875
1 0.3765625 0.24895833333333334 0.01875 0.022916666666666665
1 0.3546875 0.24583333333333332 0.015625 0.025
1 0.37421875 0.22604166666666667 0.0171875 0.022916666666666665
1 0.3546875 0.22291666666666668 0.0125 0.016666666666666666
1 0.3359375 0.22291666666666668 0.0125 0.025
1 0.3171875 0.22916666666666666 0.0125 0.020833333333333332
1 0.32109375 0.25625 0.0171875 0.03333333333333333
1 0.29921875 0.23125 0.0171875 0.025
1 0.278125 0.225 0.015625 0.020833333333333332
1 0.38359375 0.184375 0.0140625 0.01875
1 0.3671875 0.18958333333333333 0.015625 0.020833333333333332
1 0.32890625 0.18541666666666667 0.0171875 0.025
1 0.3125 0.18958333333333333 0.01875 0.03333333333333333
1 0.30078125 0.16875 0.0234375 0.029166666666666667
1 0.50078125 0.17291666666666666 0.0109375 0.025
1 0.6125 0.3770833333333333 0.021875 0.0375
1 0.5765625 0.340625 0.01875 0.035416666666666666
1 0.5609375 0.275 0.01875 0.029166666666666667
1 0.55 0.21770833333333334 0.015625 0.027083333333333334
