
1 0.37109375 0.9708333333333333 0.0671875 0.05416666666666667
1 0.44375 0.925 0.059375 0.05
1 0.23046875 0.990625 0.0515625 0.01875
1 0.3109375 0.95625 0.065625 0.05416666666666667
1 0.39609375 0.9072916666666667 0.0578125 0.04791666666666667
1 0.159375 0.9833333333333333 0.06875 0.03333333333333333
1 0.2484375 0.9416666666666667 0.0625 0.04583333333333333
1 0.32421875 0.8989583333333333 0.0515625 0.04791666666666667
1 0.396875 0.8572916666666667 0.05625 0.04375
1 0.11015625 0.9729166666666667 0.0703125 0.05416666666666667
1 0.1921875 0.9260416666666667 0.065625 0.052083333333333336
1 0.28046875 0.8802083333333334 0.0734375 0.05625
1 0.35703125 0.8364583333333333 0.0546875 0.04375





1 0.33125 0.7604166666666666 0.05625 0.05


1 0.71171875 0.9114583333333334 0.0734375 0.07291666666666667
1 0.1734375 0.8145833333333333 0.06875 0.05416666666666667
1 0.05234375 0.8166666666666667 0.0671875 0.0625
1 0.91640625 0.7645833333333333 0.0328125 0.05416666666666667

5 0.4734375 0.6635416666666667 0.01875 0.03125
4 0.3796875 0.5885416666666666 0.009375 0.022916666666666665
4 0.38203125 0.6104166666666667 0.0109375 0.025
5 0.4484375 0.6302083333333334 0.0125 0.027083333333333334
5 0.47109375 0.6916666666666667 0.0109375 0.03333333333333333
4 0.41171875 0.6052083333333333 0.0078125 0.01875
4 0.3625 0.509375 0.009375 0.01875
4 0.36484375 0.5 0.0078125 0.008333333333333333
5 0.56015625 0.6364583333333333 0.0109375 0.027083333333333334
1 0.61640625 0.6 0.0265625 0.05
5 0.56640625 0.5708333333333333 0.0109375 0.025
5 0.55390625 0.5427083333333333 0.0078125 0.022916666666666665
5 0.60546875 0.7114583333333333 0.0109375 0.027083333333333334

5 0.63125 0.5458333333333333 0.009375 0.020833333333333332

5 0.68515625 0.89375 0.0171875 0.03333333333333333
5 0.6484375 0.56875 0.0125 0.025
5 0.73984375 0.9291666666666667 0.0171875 0.0375
5 0.78984375 0.48020833333333335 0.0171875 0.022916666666666665
5 0.78984375 0.48020833333333335 0.0171875 0.022916666666666665
5 0.63125 0.546875 0.00625 0.01875
5 0.49296875 0.49375 0.0328125 0.041666666666666664
5 0.49296875 0.49375 0.0328125 0.041666666666666664
5 0.49296875 0.49375 0.0328125 0.041666666666666664
1 0.49296875 0.49270833333333336 0.0328125 0.04375
3 0.58671875 0.421875 0.0390625 0.09375
1 0.54296875 0.321875 0.0140625 0.027083333333333334
1 0.5390625 0.27291666666666664 0.015625 0.029166666666666667
3 0.52109375 0.16145833333333334 0.0296875 0.08125
1 0.5140625 0.13125 0.0125 0.020833333333333332
1 0.53125 0.115625 0.0125 0.01875
1 0.49375 0.16041666666666668 0.015625 0.020833333333333332
1 0.53125 0.115625 0.0125 0.01875
1 0.3765625 0.24895833333333334 0.01875 0.022916666666666665
1 0.3546875 0.24583333333333332 0.015625 0.025
1 0.37421875 0.22604166666666667 0.0171875 0.022916666666666665
1 0.3546875 0.22291666666666668 0.0125 0.016666666666666666
1 0.3359375 0.22291666666666668 0.0125 0.025
1 0.31796875 0.22916666666666666 0.0140625 0.020833333333333332
1 0.3203125 0.25625 0.01875 0.03333333333333333
1 0.29921875 0.23125 0.0171875 0.025
1 0.278125 0.225 0.015625 0.020833333333333332
1 0.38359375 0.184375 0.0140625 0.01875
1 0.3671875 0.18958333333333333 0.015625 0.020833333333333332
1 0.3296875 0.18645833333333334 0.015625 0.022916666666666665
1 0.3125 0.190625 0.01875 0.035416666666666666
1 0.3015625 0.16875 0.021875 0.029166666666666667
1 0.50078125 0.17291666666666666 0.0109375 0.025
1 0.6140625 0.3802083333333333 0.021875 0.035416666666666666
1 0.578125 0.34479166666666666 0.01875 0.035416666666666666
1 0.56171875 0.278125 0.0171875 0.03125
1 0.55 0.21979166666666666 0.015625 0.027083333333333334
