
1 0.37109375 0.9708333333333333 0.0671875 0.05416666666666667
1 0.44375 0.925 0.059375 0.05
1 0.23046875 0.990625 0.0515625 0.01875
1 0.3109375 0.95625 0.065625 0.05416666666666667
1 0.3953125 0.9072916666666667 0.05625 0.04791666666666667
1 0.16015625 0.9833333333333333 0.0703125 0.03333333333333333
1 0.2484375 0.9416666666666667 0.0625 0.04583333333333333
1 0.32421875 0.8989583333333333 0.0515625 0.04791666666666667
1 0.396875 0.8572916666666667 0.05625 0.04375
1 0.11015625 0.9729166666666667 0.0703125 0.05416666666666667
1 0.1921875 0.9260416666666667 0.065625 0.052083333333333336
1 0.28046875 0.8802083333333334 0.0734375 0.05625
1 0.35703125 0.8364583333333333 0.0546875 0.04375





1 0.3234375 0.7635416666666667 0.05625 0.052083333333333336


1 0.74453125 0.940625 0.0171875 0.03958333333333333
1 0.16640625 0.8177083333333334 0.0671875 0.05625
1 0.0484375 0.81875 0.06875 0.0625
1 0.9140625 0.759375 0.03125 0.05625

5 0.475 0.6666666666666666 0.01875 0.029166666666666667
4 0.3796875 0.5895833333333333 0.009375 0.020833333333333332
4 0.3828125 0.609375 0.009375 0.027083333333333334
5 0.44921875 0.6302083333333334 0.0109375 0.027083333333333334
5 0.471875 0.6927083333333334 0.0125 0.03125
4 0.41171875 0.6052083333333333 0.0078125 0.01875
4 0.3609375 0.509375 0.009375 0.01875
4 0.36484375 0.5010416666666667 0.0078125 0.010416666666666666
5 0.56015625 0.640625 0.0109375 0.027083333333333334
1 0.61640625 0.6041666666666666 0.0265625 0.05
5 0.5671875 0.5739583333333333 0.009375 0.022916666666666665
5 0.5546875 0.5458333333333333 0.009375 0.025
5 0.60703125 0.7177083333333333 0.0109375 0.027083333333333334

5 0.63125 0.5479166666666667 0.009375 0.020833333333333332

5 0.6875 0.903125 0.015625 0.035416666666666666
5 0.6484375 0.5729166666666666 0.0125 0.025
5 0.74375 0.940625 0.015625 0.03958333333333333
5 0.790625 0.4822916666666667 0.01875 0.022916666666666665
5 0.790625 0.4822916666666667 0.01875 0.022916666666666665
5 0.63203125 0.5489583333333333 0.0078125 0.01875
5 0.48984375 0.49583333333333335 0.0328125 0.041666666666666664
5 0.48984375 0.49583333333333335 0.0328125 0.041666666666666664
5 0.48984375 0.49583333333333335 0.0328125 0.041666666666666664
1 0.490625 0.49583333333333335 0.034375 0.041666666666666664
3 0.58671875 0.42604166666666665 0.0390625 0.09375
1 0.5421875 0.32395833333333335 0.015625 0.027083333333333334
1 0.53984375 0.275 0.0171875 0.029166666666666667
3 0.52109375 0.1625 0.0296875 0.08333333333333333
1 0.5140625 0.13333333333333333 0.0125 0.020833333333333332
1 0.53203125 0.115625 0.0140625 0.01875
1 0.49375 0.16041666666666668 0.015625 0.020833333333333332
1 0.53125 0.115625 0.0125 0.01875
1 0.3765625 0.24895833333333334 0.01875 0.022916666666666665
1 0.3546875 0.24583333333333332 0.015625 0.025
1 0.37421875 0.22604166666666667 0.0171875 0.022916666666666665
1 0.3546875 0.22291666666666668 0.0125 0.020833333333333332
1 0.33671875 0.22291666666666668 0.0140625 0.025
1 0.31796875 0.22916666666666666 0.0140625 0.020833333333333332
1 0.3203125 0.25625 0.01875 0.03333333333333333
1 0.2984375 0.23125 0.01875 0.025
1 0.27890625 0.225 0.0171875 0.020833333333333332
1 0.38359375 0.184375 0.0140625 0.01875
1 0.3671875 0.18958333333333333 0.015625 0.020833333333333332
1 0.32890625 0.18541666666666667 0.0171875 0.025
1 0.3125 0.190625 0.01875 0.035416666666666666
1 0.3015625 0.16875 0.021875 0.029166666666666667
1 0.50078125 0.17395833333333333 0.0109375 0.022916666666666665
1 0.61484375 0.38333333333333336 0.0234375 0.0375
1 0.57890625 0.34791666666666665 0.0203125 0.0375
1 0.5625 0.2791666666666667 0.01875 0.029166666666666667
1 0.55 0.221875 0.015625 0.027083333333333334
