
1 0.37109375 0.9708333333333333 0.0671875 0.05416666666666667
1 0.44375 0.925 0.059375 0.05
1 0.23046875 0.990625 0.0515625 0.01875
1 0.3109375 0.95625 0.065625 0.05416666666666667
1 0.3953125 0.9072916666666667 0.05625 0.04791666666666667
1 0.16015625 0.9833333333333333 0.0703125 0.03333333333333333
1 0.24765625 0.9416666666666667 0.0609375 0.04583333333333333
1 0.32421875 0.8989583333333333 0.0515625 0.04791666666666667
1 0.396875 0.8572916666666667 0.05625 0.04375
1 0.11015625 0.9729166666666667 0.0703125 0.05416666666666667
1 0.1921875 0.9260416666666667 0.065625 0.052083333333333336
1 0.2796875 0.8802083333333334 0.071875 0.052083333333333336
1 0.35703125 0.8364583333333333 0.0546875 0.04375





1 0.31328125 0.7677083333333333 0.0578125 0.04791666666666667


1 0.71953125 0.9385416666666667 0.0765625 0.08125
1 0.15625 0.8239583333333333 0.06875 0.05625
1 0.03828125 0.8239583333333333 0.0703125 0.06041666666666667
1 0.91328125 0.7489583333333333 0.0296875 0.05625

5 0.47734375 0.6708333333333333 0.0171875 0.029166666666666667
4 0.3796875 0.590625 0.009375 0.022916666666666665
4 0.38359375 0.6114583333333333 0.0078125 0.022916666666666665
5 0.45078125 0.634375 0.0109375 0.027083333333333334
5 0.4734375 0.696875 0.0125 0.03125
4 0.4125 0.6072916666666667 0.009375 0.01875
4 0.3609375 0.5083333333333333 0.009375 0.020833333333333332
4 0.36328125 0.5010416666666667 0.0078125 0.010416666666666666
5 0.56171875 0.6458333333333334 0.0109375 0.029166666666666667
1 0.61953125 0.6125 0.0265625 0.05
5 0.56796875 0.5770833333333333 0.0109375 0.025
5 0.55546875 0.55 0.0078125 0.025
5 0.6078125 0.7229166666666667 0.0125 0.025

5 0.6328125 0.5520833333333334 0.009375 0.020833333333333332

5 0.690625 0.9177083333333333 0.015625 0.035416666666666666
5 0.6484375 0.5770833333333333 0.0125 0.025
5 0.7484375 0.9583333333333334 0.01875 0.0375
5 0.79140625 0.4822916666666667 0.0171875 0.022916666666666665
5 0.7921875 0.48333333333333334 0.01875 0.025
5 0.63125 0.5520833333333334 0.009375 0.020833333333333332
5 0.4859375 0.5020833333333333 0.03125 0.041666666666666664
5 0.4859375 0.5020833333333333 0.03125 0.041666666666666664
5 0.4859375 0.5020833333333333 0.03125 0.041666666666666664
1 0.48515625 0.5020833333333333 0.0328125 0.041666666666666664
3 0.5875 0.43020833333333336 0.040625 0.09375
1 0.54296875 0.32708333333333334 0.0140625 0.029166666666666667
1 0.53984375 0.27708333333333335 0.0171875 0.029166666666666667
3 0.52109375 0.16458333333333333 0.0296875 0.08333333333333333
1 0.51484375 0.13333333333333333 0.0140625 0.020833333333333332
1 0.53203125 0.11666666666666667 0.0140625 0.016666666666666666
1 0.49375 0.16041666666666668 0.015625 0.020833333333333332
1 0.53125 0.11666666666666667 0.0125 0.016666666666666666
1 0.3765625 0.24895833333333334 0.01875 0.022916666666666665
1 0.35546875 0.24583333333333332 0.0171875 0.025
1 0.37421875 0.225 0.0171875 0.025
1 0.3546875 0.22291666666666668 0.0125 0.016666666666666666
1 0.33671875 0.22291666666666668 0.0140625 0.025
1 0.31796875 0.22916666666666666 0.0140625 0.020833333333333332
1 0.3203125 0.25625 0.01875 0.03333333333333333
1 0.2984375 0.23125 0.01875 0.025
1 0.278125 0.225 0.0125 0.016666666666666666
1 0.38359375 0.184375 0.0140625 0.01875
1 0.3671875 0.190625 0.015625 0.022916666666666665
1 0.3296875 0.18645833333333334 0.015625 0.022916666666666665
1 0.3125 0.190625 0.01875 0.035416666666666666
1 0.30078125 0.16875 0.0234375 0.029166666666666667
1 0.50078125 0.17395833333333333 0.0109375 0.022916666666666665
1 0.61640625 0.38645833333333335 0.0234375 0.035416666666666666
1 0.5796875 0.353125 0.01875 0.035416666666666666
1 0.56328125 0.28229166666666666 0.0171875 0.03125
1 0.5515625 0.22395833333333334 0.015625 0.027083333333333334
