
1 0.37109375 0.9708333333333333 0.0671875 0.05416666666666667
1 0.44375 0.925 0.059375 0.05
1 0.23046875 0.990625 0.0515625 0.01875
1 0.3109375 0.95625 0.065625 0.05416666666666667
1 0.39609375 0.9072916666666667 0.0578125 0.04791666666666667
1 0.16015625 0.9833333333333333 0.0703125 0.03333333333333333
1 0.2484375 0.9416666666666667 0.0625 0.04583333333333333
1 0.32421875 0.8989583333333333 0.0515625 0.04791666666666667
1 0.396875 0.8572916666666667 0.05625 0.04375
1 0.11015625 0.9729166666666667 0.0703125 0.05416666666666667
1 0.1921875 0.9260416666666667 0.065625 0.052083333333333336
1 0.2796875 0.8802083333333334 0.071875 0.052083333333333336
1 0.35703125 0.8364583333333333 0.0546875 0.04375





1 0.30625 0.7708333333333334 0.05625 0.05


1 0.725 0.9510416666666667 0.075 0.08125
1 0.14921875 0.8270833333333333 0.0703125 0.05416666666666667
1 0.03359375 0.8270833333333333 0.0671875 0.0625
1 0.9125 0.74375 0.028125 0.05416666666666667

5 0.47890625 0.6729166666666667 0.0171875 0.029166666666666667
4 0.38046875 0.590625 0.0109375 0.01875
4 0.384375 0.6114583333333333 0.009375 0.022916666666666665
5 0.45234375 0.6364583333333333 0.0109375 0.027083333333333334
5 0.475 0.7010416666666667 0.0125 0.03125
4 0.4140625 0.6052083333333333 0.00625 0.014583333333333334
4 0.3609375 0.509375 0.009375 0.01875
4 0.36328125 0.5010416666666667 0.0078125 0.010416666666666666
5 0.56328125 0.65 0.0109375 0.025
1 0.621875 0.6197916666666666 0.028125 0.052083333333333336
5 0.56796875 0.58125 0.0109375 0.025
5 0.55625 0.5520833333333334 0.009375 0.025
5 0.609375 0.7291666666666666 0.0125 0.025

5 0.63203125 0.5552083333333333 0.0109375 0.022916666666666665

5 0.69375 0.9270833333333334 0.015625 0.0375
5 0.64921875 0.5791666666666667 0.0109375 0.025
5 0.75234375 0.9708333333333333 0.0171875 0.041666666666666664
5 0.79296875 0.4822916666666667 0.0171875 0.022916666666666665
5 0.79296875 0.4822916666666667 0.0171875 0.022916666666666665
5 0.63125 0.5552083333333333 0.009375 0.022916666666666665
5 0.4828125 0.5041666666666667 0.034375 0.041666666666666664
5 0.4828125 0.5052083333333334 0.034375 0.04375
5 0.48359375 0.5041666666666667 0.0328125 0.041666666666666664
1 0.48359375 0.5041666666666667 0.0328125 0.041666666666666664
3 0.58828125 0.4322916666666667 0.0390625 0.09375
1 0.54296875 0.32916666666666666 0.0140625 0.029166666666666667
1 0.53984375 0.278125 0.0171875 0.03125
3 0.52109375 0.16458333333333333 0.0296875 0.08333333333333333
1 0.51484375 0.134375 0.0140625 0.022916666666666665
1 0.53203125 0.11770833333333333 0.0140625 0.01875
1 0.49375 0.16041666666666668 0.015625 0.020833333333333332
1 0.53203125 0.11666666666666667 0.0140625 0.016666666666666666
1 0.3765625 0.24895833333333334 0.01875 0.022916666666666665
1 0.3546875 0.24583333333333332 0.015625 0.025
1 0.37421875 0.225 0.0171875 0.025
1 0.3546875 0.22291666666666668 0.0125 0.016666666666666666
1 0.3359375 0.22395833333333334 0.0125 0.022916666666666665
1 0.3171875 0.22916666666666666 0.0125 0.020833333333333332
1 0.31875 0.25625 0.015625 0.03333333333333333
1 0.2984375 0.23125 0.01875 0.025
1 0.27734375 0.225 0.0140625 0.016666666666666666
1 0.38359375 0.184375 0.0140625 0.01875
1 0.36640625 0.190625 0.0171875 0.022916666666666665
1 0.32890625 0.18645833333333334 0.0171875 0.022916666666666665
1 0.3125 0.190625 0.01875 0.035416666666666666
1 0.3015625 0.16875 0.021875 0.029166666666666667
1 0.50078125 0.17395833333333333 0.0109375 0.022916666666666665
1 0.61796875 0.390625 0.0234375 0.035416666666666666
1 0.58125 0.35520833333333335 0.021875 0.03958333333333333
1 0.5640625 0.284375 0.01875 0.03125
1 0.5515625 0.22604166666666667 0.015625 0.027083333333333334
