
1 0.37109375 0.9708333333333333 0.0671875 0.05416666666666667
1 0.44375 0.925 0.059375 0.05
1 0.23046875 0.990625 0.0515625 0.01875
1 0.3109375 0.95625 0.065625 0.05416666666666667
1 0.3953125 0.9072916666666667 0.05625 0.04791666666666667
1 0.16015625 0.9833333333333333 0.0703125 0.03333333333333333
1 0.24765625 0.9416666666666667 0.0609375 0.04583333333333333
1 0.32421875 0.8989583333333333 0.0515625 0.04791666666666667
1 0.396875 0.8572916666666667 0.05625 0.04375
1 0.11015625 0.9729166666666667 0.0703125 0.05416666666666667
1 0.1921875 0.9260416666666667 0.065625 0.052083333333333336
1 0.2796875 0.8802083333333334 0.071875 0.052083333333333336
1 0.35703125 0.8364583333333333 0.0546875 0.04375





1 0.29453125 0.7770833333333333 0.0578125 0.05


1 0.6984375 0.9416666666666667 0.01875 0.0375
1 0.13828125 0.8333333333333334 0.0703125 0.058333333333333334
1 0.02890625 0.83125 0.0578125 0.0625
1 0.91171875 0.734375 0.0296875 0.052083333333333336

5 0.4828125 0.678125 0.015625 0.03125
4 0.38125 0.5927083333333333 0.009375 0.01875
4 0.38515625 0.6135416666666667 0.0109375 0.027083333333333334
5 0.4546875 0.6385416666666667 0.0125 0.027083333333333334
5 0.4765625 0.7041666666666667 0.0125 0.029166666666666667
4 0.41484375 0.60625 0.0046875 0.0125
4 0.36015625 0.5104166666666666 0.0078125 0.016666666666666666
4 0.36328125 0.5010416666666667 0.0078125 0.010416666666666666
5 0.56484375 0.6552083333333333 0.0109375 0.027083333333333334
1 0.6234375 0.6291666666666667 0.028125 0.05416666666666667
5 0.5703125 0.5854166666666667 0.0125 0.025
5 0.55625 0.559375 0.009375 0.027083333333333334
5 0.61171875 0.7364583333333333 0.0109375 0.027083333333333334

5 0.63203125 0.559375 0.0109375 0.022916666666666665

5 0.69765625 0.9427083333333334 0.0171875 0.035416666666666666
5 0.65 0.584375 0.0125 0.027083333333333334
5 0.75859375 0.984375 0.0171875 0.03125
5 0.79453125 0.484375 0.0171875 0.022916666666666665
5 0.7953125 0.48333333333333334 0.01875 0.025
5 0.6328125 0.559375 0.009375 0.022916666666666665
5 0.478125 0.5083333333333333 0.034375 0.041666666666666664
5 0.47890625 0.509375 0.0359375 0.04375
5 0.47890625 0.509375 0.0359375 0.04375
1 0.47890625 0.509375 0.0359375 0.04375
3 0.58984375 0.4375 0.0390625 0.09583333333333334
1 0.54375 0.33229166666666665 0.015625 0.027083333333333334
1 0.54140625 0.28020833333333334 0.0171875 0.03125
3 0.52109375 0.165625 0.0296875 0.08541666666666667
1 0.51484375 0.13645833333333332 0.0140625 0.022916666666666665
1 0.53203125 0.11875 0.0140625 0.016666666666666666
1 0.49375 0.16041666666666668 0.015625 0.020833333333333332
1 0.53203125 0.11875 0.0140625 0.016666666666666666
1 0.3765625 0.24895833333333334 0.01875 0.022916666666666665
1 0.35546875 0.24583333333333332 0.0171875 0.025
1 0.37421875 0.225 0.0171875 0.025
1 0.3546875 0.22291666666666668 0.0125 0.020833333333333332
1 0.3359375 0.22395833333333334 0.0125 0.022916666666666665
1 0.31796875 0.22916666666666666 0.0140625 0.020833333333333332
1 0.31875 0.25625 0.015625 0.03333333333333333
1 0.2984375 0.23125 0.01875 0.025
1 0.27734375 0.225 0.0140625 0.016666666666666666
1 0.38359375 0.184375 0.0140625 0.01875
1 0.3671875 0.18958333333333333 0.015625 0.020833333333333332
1 0.32890625 0.18645833333333334 0.0171875 0.022916666666666665
1 0.3125 0.190625 0.01875 0.035416666666666666
1 0.3015625 0.16875 0.021875 0.029166666666666667
1 0.5015625 0.175 0.009375 0.025
1 0.61875 0.39479166666666665 0.025 0.035416666666666666
1 0.58203125 0.359375 0.0203125 0.035416666666666666
1 0.5640625 0.2875 0.01875 0.03333333333333333
1 0.5515625 0.22916666666666666 0.015625 0.029166666666666667
