
1 0.37109375 0.9708333333333333 0.0671875 0.05416666666666667
1 0.44375 0.925 0.059375 0.05
1 0.23046875 0.990625 0.0515625 0.01875
1 0.3109375 0.95625 0.065625 0.05416666666666667
1 0.3953125 0.9072916666666667 0.05625 0.04791666666666667
1 0.16015625 0.9833333333333333 0.0703125 0.03333333333333333
1 0.2484375 0.9416666666666667 0.0625 0.04583333333333333
1 0.32421875 0.8989583333333333 0.0515625 0.04791666666666667
1 0.396875 0.8572916666666667 0.05625 0.04375
1 0.11015625 0.9729166666666667 0.0703125 0.05416666666666667
1 0.1921875 0.9260416666666667 0.065625 0.052083333333333336
1 0.2796875 0.8802083333333334 0.071875 0.052083333333333336
1 0.35703125 0.8364583333333333 0.0546875 0.04375





1 0.2875 0.7791666666666667 0.05625 0.05


1 0.70078125 0.9510416666666667 0.0203125 0.03958333333333333
1 0.13125 0.8375 0.071875 0.058333333333333334
1 0.0265625 0.8333333333333334 0.053125 0.058333333333333334
1 0.9109375 0.7291666666666666 0.028125 0.05

5 0.484375 0.6802083333333333 0.015625 0.03125
4 0.38125 0.59375 0.009375 0.020833333333333332
4 0.3859375 0.6145833333333334 0.0125 0.025
5 0.45546875 0.6395833333333333 0.0109375 0.025
5 0.4765625 0.70625 0.0125 0.029166666666666667
4 0.415625 0.6072916666666667 0.00625 0.014583333333333334
4 0.359375 0.509375 0.009375 0.01875
4 0.36171875 0.5010416666666667 0.0078125 0.010416666666666666
5 0.5671875 0.6583333333333333 0.009375 0.025
1 0.62421875 0.634375 0.0265625 0.052083333333333336
5 0.57109375 0.5885416666666666 0.0109375 0.022916666666666665
5 0.55703125 0.5625 0.0109375 0.025
5 0.6140625 0.740625 0.0125 0.027083333333333334

5 0.63359375 0.5604166666666667 0.0109375 0.025

5 0.70078125 0.9510416666666667 0.0171875 0.035416666666666666
5 0.65078125 0.5875 0.0109375 0.025
5 0.76015625 0.9895833333333334 0.0171875 0.020833333333333332
5 0.7953125 0.48333333333333334 0.01875 0.025
5 0.7953125 0.48333333333333334 0.01875 0.025
5 0.634375 0.5604166666666667 0.009375 0.025
5 0.475 0.5114583333333333 0.0375 0.04375
5 0.47578125 0.5125 0.0359375 0.041666666666666664
5 0.47578125 0.5114583333333333 0.0359375 0.04375
1 0.47578125 0.5114583333333333 0.0359375 0.04375
3 0.590625 0.4395833333333333 0.040625 0.09583333333333334
1 0.54375 0.33541666666666664 0.015625 0.029166666666666667
1 0.54140625 0.28229166666666666 0.0171875 0.03125
3 0.521875 0.16666666666666666 0.03125 0.08333333333333333
1 0.51484375 0.13645833333333332 0.0140625 0.022916666666666665
1 0.53203125 0.11875 0.0140625 0.016666666666666666
1 0.49375 0.159375 0.015625 0.022916666666666665
1 0.53203125 0.11875 0.0140625 0.016666666666666666
1 0.3765625 0.24895833333333334 0.01875 0.022916666666666665
1 0.35546875 0.24583333333333332 0.0171875 0.025
1 0.37421875 0.225 0.0171875 0.025
1 0.3546875 0.22291666666666668 0.0125 0.020833333333333332
1 0.3359375 0.22395833333333334 0.0125 0.022916666666666665
1 0.31796875 0.22916666666666666 0.0140625 0.020833333333333332
1 0.31875 0.25625 0.015625 0.03333333333333333
1 0.2984375 0.23125 0.01875 0.025
1 0.27734375 0.225 0.0140625 0.016666666666666666
1 0.38359375 0.184375 0.0140625 0.01875
1 0.3671875 0.18958333333333333 0.015625 0.020833333333333332
1 0.32890625 0.18645833333333334 0.0171875 0.022916666666666665
1 0.3125 0.190625 0.01875 0.035416666666666666
1 0.30078125 0.16875 0.0234375 0.029166666666666667
1 0.5015625 0.175 0.009375 0.025
1 0.61953125 0.396875 0.0234375 0.035416666666666666
1 0.58203125 0.3625 0.0203125 0.0375
1 0.56484375 0.28958333333333336 0.0171875 0.03333333333333333
1 0.55234375 0.23020833333333332 0.0171875 0.03125
