
1 0.37109375 0.9708333333333333 0.0671875 0.05416666666666667
1 0.44375 0.925 0.059375 0.05
1 0.23046875 0.990625 0.0515625 0.01875
1 0.3109375 0.95625 0.065625 0.05416666666666667
1 0.3953125 0.9072916666666667 0.05625 0.04791666666666667
1 0.16015625 0.9833333333333333 0.0703125 0.03333333333333333
1 0.2484375 0.9416666666666667 0.0625 0.04583333333333333
1 0.32421875 0.8989583333333333 0.0515625 0.04791666666666667
1 0.396875 0.8572916666666667 0.05625 0.04375
1 0.11015625 0.9729166666666667 0.0703125 0.05416666666666667
1 0.1921875 0.9260416666666667 0.065625 0.052083333333333336
1 0.2796875 0.8802083333333334 0.071875 0.052083333333333336
1 0.35703125 0.8364583333333333 0.0546875 0.04375





1 0.27578125 0.784375 0.0578125 0.052083333333333336


1 0.70546875 0.965625 0.0171875 0.03958333333333333
1 0.11953125 0.84375 0.0703125 0.058333333333333334
1 0.021875 0.8354166666666667 0.04375 0.05416666666666667
1 0.9109375 0.7197916666666667 0.028125 0.052083333333333336

5 0.48671875 0.6854166666666667 0.0171875 0.029166666666666667
4 0.38203125 0.5947916666666667 0.0109375 0.022916666666666665
4 0.38671875 0.6166666666666667 0.0109375 0.025
5 0.4578125 0.6416666666666667 0.0125 0.025
5 0.47890625 0.7104166666666667 0.0109375 0.029166666666666667
4 0.41640625 0.6072916666666667 0.0046875 0.014583333333333334
4 0.3578125 0.509375 0.009375 0.01875
4 0.36171875 0.5010416666666667 0.0078125 0.010416666666666666
5 0.56875 0.6645833333333333 0.009375 0.025
1 0.6265625 0.64375 0.028125 0.05416666666666667
5 0.57265625 0.5927083333333333 0.0109375 0.027083333333333334
5 0.559375 0.5666666666666667 0.00625 0.020833333333333332
5 0.6171875 0.7489583333333333 0.0125 0.027083333333333334

5 0.63515625 0.565625 0.0109375 0.022916666666666665

5 0.70546875 0.9666666666666667 0.0171875 0.0375
5 0.6515625 0.5927083333333333 0.0125 0.027083333333333334

5 0.796875 0.48541666666666666 0.01875 0.025
5 0.796875 0.48541666666666666 0.01875 0.025
5 0.634375 0.565625 0.009375 0.022916666666666665
5 0.47109375 0.5166666666666667 0.0390625 0.04583333333333333
5 0.47109375 0.5166666666666667 0.0390625 0.04583333333333333
5 0.471875 0.515625 0.0375 0.04375
1 0.471875 0.515625 0.0375 0.04375
3 0.59296875 0.44375 0.0421875 0.09583333333333334
1 0.54375 0.3375 0.015625 0.029166666666666667
1 0.540625 0.284375 0.01875 0.03125
3 0.521875 0.16979166666666667 0.03125 0.08541666666666667
1 0.51484375 0.13854166666666667 0.0140625 0.022916666666666665
1 0.5328125 0.12083333333333333 0.015625 0.020833333333333332
1 0.49375 0.16041666666666668 0.015625 0.020833333333333332
1 0.53203125 0.11875 0.0140625 0.016666666666666666
1 0.3765625 0.24895833333333334 0.01875 0.022916666666666665
1 0.35546875 0.24583333333333332 0.0171875 0.025
1 0.37421875 0.225 0.0171875 0.025
1 0.3546875 0.22291666666666668 0.0125 0.020833333333333332
1 0.33671875 0.22291666666666668 0.0140625 0.025
1 0.31796875 0.22916666666666666 0.0140625 0.020833333333333332
1 0.31875 0.25625 0.015625 0.03333333333333333
1 0.2984375 0.23125 0.01875 0.025
1 0.2765625 0.22604166666666667 0.015625 0.01875
1 0.38359375 0.18541666666666667 0.0140625 0.020833333333333332
1 0.3671875 0.18958333333333333 0.015625 0.020833333333333332
1 0.32890625 0.18645833333333334 0.0171875 0.022916666666666665
1 0.3125 0.190625 0.01875 0.035416666666666666
1 0.3015625 0.16875 0.021875 0.029166666666666667
1 0.5015625 0.175 0.009375 0.025
1 0.62109375 0.4010416666666667 0.0234375 0.035416666666666666
1 0.58515625 0.36875 0.0234375 0.041666666666666664
1 0.565625 0.29270833333333335 0.01875 0.035416666666666666
1 0.55234375 0.23333333333333334 0.0171875 0.029166666666666667
