
1 0.37109375 0.9708333333333333 0.0671875 0.05416666666666667
1 0.44375 0.925 0.059375 0.05
1 0.23046875 0.990625 0.0515625 0.01875
1 0.3109375 0.95625 0.065625 0.05416666666666667
1 0.3953125 0.9072916666666667 0.05625 0.04791666666666667
1 0.16015625 0.9833333333333333 0.0703125 0.03333333333333333
1 0.2484375 0.9416666666666667 0.0625 0.04583333333333333
1 0.32421875 0.8989583333333333 0.0515625 0.04791666666666667
1 0.396875 0.8572916666666667 0.05625 0.04375
1 0.11015625 0.9729166666666667 0.0703125 0.05416666666666667
1 0.1921875 0.9260416666666667 0.065625 0.052083333333333336
1 0.2796875 0.8802083333333334 0.071875 0.052083333333333336
1 0.35703125 0.8364583333333333 0.0546875 0.04375





1 0.26875 0.7875 0.059375 0.05


1 0.71015625 0.975 0.0203125 0.041666666666666664
1 0.1125 0.8458333333333333 0.071875 0.058333333333333334
1 0.01875 0.8375 0.0375 0.05
1 0.9109375 0.715625 0.028125 0.052083333333333336

5 0.48984375 0.6875 0.0140625 0.029166666666666667
4 0.38203125 0.596875 0.0109375 0.022916666666666665
4 0.38828125 0.6166666666666667 0.0109375 0.025
5 0.45859375 0.64375 0.0109375 0.025
5 0.4796875 0.7135416666666666 0.0125 0.03125
4 0.4171875 0.6072916666666667 0.00625 0.014583333333333334
4 0.3578125 0.509375 0.009375 0.01875
4 0.3609375 0.5010416666666667 0.00625 0.010416666666666666
5 0.56953125 0.66875 0.0109375 0.029166666666666667
1 0.62890625 0.6510416666666666 0.0265625 0.052083333333333336
5 0.57421875 0.5958333333333333 0.0109375 0.025
5 0.56015625 0.5697916666666667 0.0078125 0.022916666666666665
5 0.61875 0.7541666666666667 0.0125 0.029166666666666667

5 0.63515625 0.56875 0.0109375 0.025

5 0.70859375 0.9770833333333333 0.0171875 0.0375
5 0.6515625 0.5947916666666667 0.0125 0.027083333333333334

5 0.79921875 0.4864583333333333 0.0203125 0.027083333333333334
5 0.7984375 0.4864583333333333 0.01875 0.027083333333333334
5 0.634375 0.5677083333333334 0.009375 0.022916666666666665
5 0.46796875 0.5197916666666667 0.0390625 0.04375
5 0.46796875 0.5197916666666667 0.0390625 0.04375
5 0.46875 0.5197916666666667 0.0375 0.04375
1 0.46875 0.5197916666666667 0.0375 0.04375
3 0.59296875 0.446875 0.0421875 0.09791666666666667
1 0.54453125 0.33958333333333335 0.0171875 0.029166666666666667
1 0.540625 0.2864583333333333 0.01875 0.03125
3 0.52265625 0.17083333333333334 0.0296875 0.0875
1 0.515625 0.13958333333333334 0.0125 0.025
1 0.53203125 0.121875 0.0171875 0.022916666666666665
1 0.49375 0.16041666666666668 0.015625 0.020833333333333332
1 0.5328125 0.12083333333333333 0.015625 0.020833333333333332
1 0.3765625 0.24895833333333334 0.01875 0.022916666666666665
1 0.35546875 0.24583333333333332 0.0171875 0.025
1 0.37578125 0.225 0.0171875 0.025
1 0.3546875 0.22291666666666668 0.0125 0.016666666666666666
1 0.33671875 0.22291666666666668 0.0140625 0.025
1 0.31796875 0.22916666666666666 0.0140625 0.020833333333333332
1 0.3203125 0.25625 0.01875 0.03333333333333333
1 0.2984375 0.23125 0.01875 0.025
1 0.2765625 0.22604166666666667 0.015625 0.01875
1 0.38359375 0.184375 0.0140625 0.01875
1 0.3671875 0.18958333333333333 0.015625 0.020833333333333332
1 0.32890625 0.18645833333333334 0.0171875 0.022916666666666665
1 0.31171875 0.190625 0.0203125 0.035416666666666666
1 0.30078125 0.16875 0.0234375 0.029166666666666667
1 0.5015625 0.175 0.009375 0.025
1 0.62265625 0.4041666666666667 0.0234375 0.0375
1 0.5859375 0.37083333333333335 0.021875 0.0375
1 0.56640625 0.2947916666666667 0.0203125 0.035416666666666666
1 0.553125 0.23541666666666666 0.015625 0.029166666666666667
