
1 0.37109375 0.9708333333333333 0.0671875 0.05416666666666667
1 0.44375 0.925 0.059375 0.05
1 0.23046875 0.990625 0.0515625 0.01875
1 0.3109375 0.95625 0.065625 0.05416666666666667
1 0.3953125 0.9072916666666667 0.05625 0.04791666666666667
1 0.16015625 0.9833333333333333 0.0703125 0.03333333333333333
1 0.2484375 0.9416666666666667 0.0625 0.04583333333333333
1 0.32421875 0.8989583333333333 0.0515625 0.04791666666666667
1 0.396875 0.8572916666666667 0.05625 0.04375
1 0.11015625 0.9729166666666667 0.0703125 0.05416666666666667
1 0.1921875 0.9260416666666667 0.065625 0.052083333333333336
1 0.2796875 0.8791666666666667 0.071875 0.05416666666666667
1 0.35625 0.8364583333333333 0.053125 0.04375





1 0.25703125 0.79375 0.0578125 0.05


1 0.7140625 0.9854166666666667 0.021875 0.029166666666666667
1 0.1 0.853125 0.071875 0.06041666666666667
1 0.0140625 0.8416666666666667 0.028125 0.04583333333333333
1 0.9109375 0.70625 0.025 0.04583333333333333

5 0.4921875 0.6927083333333334 0.015625 0.03125
4 0.38203125 0.5979166666666667 0.0109375 0.020833333333333332
4 0.3890625 0.6197916666666666 0.0125 0.027083333333333334
5 0.4609375 0.6458333333333334 0.0125 0.025
5 0.48125 0.7177083333333333 0.0125 0.03125
4 0.41796875 0.6072916666666667 0.0046875 0.010416666666666666
4 0.3578125 0.5083333333333333 0.009375 0.020833333333333332
4 0.36015625 0.5010416666666667 0.0078125 0.010416666666666666
5 0.57109375 0.6739583333333333 0.0109375 0.027083333333333334
1 0.63125 0.6604166666666667 0.028125 0.05416666666666667
5 0.5765625 0.6020833333333333 0.0125 0.025
5 0.5625 0.5760416666666667 0.00625 0.022916666666666665
5 0.6203125 0.7614583333333333 0.0125 0.027083333333333334

5 0.63671875 0.5729166666666666 0.0109375 0.025

5 0.71328125 0.9864583333333333 0.0171875 0.027083333333333334
5 0.653125 0.5989583333333334 0.0125 0.027083333333333334

5 0.79921875 0.4864583333333333 0.0203125 0.027083333333333334
5 0.79921875 0.4864583333333333 0.0203125 0.027083333333333334
5 0.63671875 0.5729166666666666 0.0109375 0.025
5 0.4625 0.5239583333333333 0.040625 0.04375
5 0.46328125 0.5239583333333333 0.0390625 0.04375
5 0.46328125 0.5239583333333333 0.0390625 0.04375
1 0.46328125 0.5239583333333333 0.0390625 0.04375
3 0.59375 0.45208333333333334 0.04375 0.09583333333333334
1 0.5453125 0.34375 0.015625 0.029166666666666667
1 0.5421875 0.28958333333333336 0.01875 0.03333333333333333
3 0.52265625 0.171875 0.0296875 0.08541666666666667
1 0.515625 0.14166666666666666 0.0125 0.025
1 0.5328125 0.121875 0.015625 0.022916666666666665
1 0.49375 0.16041666666666668 0.015625 0.020833333333333332
1 0.5328125 0.121875 0.015625 0.022916666666666665
1 0.3765625 0.24895833333333334 0.01875 0.022916666666666665
1 0.3546875 0.24583333333333332 0.015625 0.025
1 0.37421875 0.22604166666666667 0.0171875 0.022916666666666665
1 0.3546875 0.22291666666666668 0.0125 0.016666666666666666
1 0.3359375 0.22395833333333334 0.0125 0.022916666666666665
1 0.31796875 0.22916666666666666 0.0140625 0.020833333333333332
1 0.31875 0.25625 0.015625 0.03333333333333333
1 0.2984375 0.23125 0.01875 0.025
1 0.2765625 0.22604166666666667 0.015625 0.01875
1 0.38359375 0.18541666666666667 0.0140625 0.020833333333333332
1 0.36640625 0.190625 0.0171875 0.022916666666666665
1 0.32890625 0.1875 0.0171875 0.025
1 0.3109375 0.190625 0.021875 0.035416666666666666
1 0.30078125 0.16875 0.0234375 0.029166666666666667
1 0.5015625 0.17604166666666668 0.009375 0.022916666666666665
1 0.62421875 0.4083333333333333 0.0234375 0.0375
1 0.5859375 0.37604166666666666 0.021875 0.03958333333333333
1 0.5671875 0.2989583333333333 0.01875 0.035416666666666666
1 0.55390625 0.2375 0.0171875 0.029166666666666667
