
1 0.37109375 0.9708333333333333 0.0671875 0.05416666666666667
1 0.44375 0.925 0.059375 0.05
1 0.23046875 0.990625 0.0515625 0.01875
1 0.3109375 0.95625 0.065625 0.05416666666666667
1 0.3953125 0.9072916666666667 0.05625 0.04791666666666667
1 0.16015625 0.9833333333333333 0.0703125 0.03333333333333333
1 0.2484375 0.9416666666666667 0.0625 0.04583333333333333
1 0.32421875 0.8989583333333333 0.0515625 0.04791666666666667
1 0.396875 0.8572916666666667 0.05625 0.04375
1 0.11015625 0.9739583333333334 0.0703125 0.052083333333333336
1 0.1921875 0.9260416666666667 0.065625 0.052083333333333336
1 0.2796875 0.8791666666666667 0.071875 0.05416666666666667
1 0.35703125 0.8354166666666667 0.0546875 0.04583333333333333





1 0.25 0.7958333333333333 0.059375 0.05


1 0.71640625 0.9916666666666667 0.0171875 0.016666666666666666
1 0.0921875 0.8572916666666667 0.071875 0.05625
1 0.0109375 0.84375 0.021875 0.04583333333333333
1 0.9109375 0.7020833333333333 0.028125 0.05

5 0.49453125 0.696875 0.0171875 0.03125
4 0.38359375 0.5989583333333334 0.0109375 0.022916666666666665
4 0.3890625 0.6208333333333333 0.0125 0.029166666666666667
5 0.4625 0.6489583333333333 0.0125 0.027083333333333334
5 0.4828125 0.7197916666666667 0.0125 0.03125
4 0.4171875 0.60625 0.00625 0.008333333333333333
4 0.35703125 0.5083333333333333 0.0109375 0.020833333333333332
4 0.36015625 0.5010416666666667 0.0078125 0.010416666666666666
5 0.571875 0.678125 0.009375 0.027083333333333334
1 0.6328125 0.6677083333333333 0.028125 0.05625
5 0.5765625 0.6041666666666666 0.0125 0.025
5 0.5640625 0.5802083333333333 0.00625 0.022916666666666665
5 0.62265625 0.7666666666666667 0.0140625 0.029166666666666667

5 0.6375 0.5760416666666667 0.0125 0.027083333333333334

5 0.715625 0.9916666666666667 0.015625 0.016666666666666666
5 0.653125 0.603125 0.0125 0.027083333333333334

5 0.8 0.4864583333333333 0.01875 0.027083333333333334
5 0.8 0.4864583333333333 0.01875 0.027083333333333334
5 0.6375 0.5760416666666667 0.009375 0.022916666666666665
5 0.459375 0.5260416666666666 0.040625 0.04375
5 0.459375 0.5260416666666666 0.040625 0.04375
5 0.459375 0.5260416666666666 0.040625 0.04375
1 0.459375 0.5260416666666666 0.040625 0.04375
3 0.59453125 0.45416666666666666 0.0421875 0.1
1 0.5453125 0.3458333333333333 0.015625 0.029166666666666667
1 0.5421875 0.2916666666666667 0.01875 0.03333333333333333
3 0.52265625 0.17291666666666666 0.0296875 0.0875
1 0.515625 0.14166666666666666 0.0125 0.025
1 0.53203125 0.12291666666666666 0.0171875 0.025
1 0.49375 0.16041666666666668 0.015625 0.020833333333333332
1 0.5328125 0.12395833333333334 0.015625 0.022916666666666665
1 0.3765625 0.24895833333333334 0.01875 0.022916666666666665
1 0.35546875 0.24583333333333332 0.0171875 0.025
1 0.37578125 0.225 0.0171875 0.025
1 0.3546875 0.22291666666666668 0.0125 0.020833333333333332
1 0.33671875 0.22291666666666668 0.0140625 0.025
1 0.31796875 0.22916666666666666 0.0140625 0.020833333333333332
1 0.32109375 0.25625 0.0171875 0.03333333333333333
1 0.2984375 0.23125 0.01875 0.025
1 0.2765625 0.22604166666666667 0.015625 0.01875
1 0.38359375 0.184375 0.0140625 0.01875
1 0.36796875 0.18958333333333333 0.0171875 0.025
1 0.32890625 0.18541666666666667 0.0171875 0.025
1 0.31015625 0.190625 0.0203125 0.035416666666666666
1 0.30078125 0.16979166666666667 0.0234375 0.03125
1 0.5015625 0.17604166666666668 0.009375 0.022916666666666665
1 0.62578125 0.4125 0.0234375 0.0375
1 0.5875 0.378125 0.021875 0.03958333333333333
1 0.56875 0.3020833333333333 0.01875 0.03333333333333333
1 0.55390625 0.23854166666666668 0.0171875 0.03125
