
1 0.37109375 0.9708333333333333 0.0671875 0.05416666666666667
1 0.44375 0.925 0.059375 0.05
1 0.23046875 0.990625 0.0515625 0.01875
1 0.3109375 0.95625 0.065625 0.05416666666666667
1 0.3953125 0.9072916666666667 0.05625 0.04791666666666667
1 0.16015625 0.9833333333333333 0.0703125 0.03333333333333333
1 0.2484375 0.9416666666666667 0.0625 0.04583333333333333
1 0.32421875 0.8989583333333333 0.0515625 0.04791666666666667
1 0.396875 0.8572916666666667 0.05625 0.04375
1 0.11015625 0.9739583333333334 0.0703125 0.052083333333333336
1 0.1921875 0.9260416666666667 0.065625 0.052083333333333336
1 0.2796875 0.8802083333333334 0.071875 0.052083333333333336
1 0.35703125 0.8364583333333333 0.0546875 0.04375





1 0.2375 0.8020833333333334 0.059375 0.05



1 0.0796875 0.8635416666666667 0.071875 0.06041666666666667
1 0.00546875 0.846875 0.0109375 0.035416666666666666
1 0.91171875 0.6927083333333334 0.0265625 0.04375

5 0.496875 0.7010416666666667 0.015625 0.03125
4 0.384375 0.5989583333333334 0.009375 0.022916666666666665
4 0.38984375 0.621875 0.0109375 0.027083333333333334
5 0.46484375 0.6510416666666666 0.0140625 0.027083333333333334
5 0.484375 0.7239583333333334 0.0125 0.03125
4 0.4171875 0.6135416666666667 0.00625 0.014583333333333334
4 0.3578125 0.5083333333333333 0.009375 0.020833333333333332
4 0.36171875 0.5020833333333333 0.0109375 0.0125
5 0.57421875 0.6854166666666667 0.0109375 0.029166666666666667
1 0.63671875 0.678125 0.0296875 0.05625
5 0.5796875 0.609375 0.009375 0.022916666666666665
5 0.5640625 0.5854166666666667 0.009375 0.025
5 0.62421875 0.7739583333333333 0.0140625 0.027083333333333334

5 0.63828125 0.5802083333333333 0.0109375 0.027083333333333334


5 0.6546875 0.6072916666666667 0.0125 0.027083333333333334

5 0.8 0.4875 0.01875 0.025
5 0.8 0.4875 0.01875 0.025
5 0.63828125 0.5802083333333333 0.0109375 0.022916666666666665
5 0.453125 0.5302083333333333 0.040625 0.04375
5 0.453125 0.5302083333333333 0.040625 0.04375
5 0.45390625 0.5302083333333333 0.0390625 0.04375
1 0.4546875 0.5302083333333333 0.040625 0.04375
3 0.5953125 0.459375 0.04375 0.10208333333333333
1 0.5453125 0.35 0.015625 0.029166666666666667
1 0.5421875 0.29375 0.01875 0.03333333333333333
3 0.52265625 0.17395833333333333 0.0296875 0.08958333333333333
1 0.515625 0.14375 0.0125 0.025
1 0.53359375 0.12395833333333334 0.0140625 0.022916666666666665
1 0.49375 0.16041666666666668 0.015625 0.020833333333333332
1 0.53359375 0.12395833333333334 0.0171875 0.022916666666666665
1 0.3765625 0.24895833333333334 0.01875 0.022916666666666665
1 0.3546875 0.24583333333333332 0.015625 0.025
1 0.37421875 0.22604166666666667 0.0171875 0.022916666666666665
1 0.3546875 0.22395833333333334 0.0125 0.01875
1 0.33671875 0.22291666666666668 0.0140625 0.025
1 0.31796875 0.22916666666666666 0.0140625 0.020833333333333332
1 0.32109375 0.25729166666666664 0.0171875 0.035416666666666666
1 0.2984375 0.23125 0.01875 0.025
1 0.2765625 0.22604166666666667 0.015625 0.01875
1 0.38359375 0.184375 0.0140625 0.01875
1 0.3671875 0.18958333333333333 0.015625 0.020833333333333332
1 0.3296875 0.18541666666666667 0.015625 0.025
1 0.31171875 0.190625 0.0203125 0.035416666666666666
1 0.30078125 0.16875 0.0234375 0.029166666666666667
1 0.5015625 0.17604166666666668 0.009375 0.022916666666666665
1 0.62734375 0.41770833333333335 0.0234375 0.03958333333333333
1 0.58828125 0.384375 0.0203125 0.03958333333333333
1 0.56875 0.30625 0.01875 0.03333333333333333
1 0.55390625 0.240625 0.0171875 0.03125
