
1 0.37109375 0.9708333333333333 0.0671875 0.05416666666666667
1 0.44375 0.925 0.059375 0.05
1 0.23046875 0.990625 0.0515625 0.01875
1 0.3109375 0.95625 0.065625 0.05416666666666667
1 0.3953125 0.9072916666666667 0.05625 0.04791666666666667
1 0.159375 0.9833333333333333 0.06875 0.03333333333333333
1 0.2484375 0.9416666666666667 0.0625 0.04583333333333333
1 0.32421875 0.8989583333333333 0.0515625 0.04791666666666667
1 0.396875 0.8572916666666667 0.05625 0.04375
1 0.11015625 0.9729166666666667 0.0703125 0.05416666666666667
1 0.19140625 0.9260416666666667 0.0640625 0.052083333333333336
1 0.28046875 0.8802083333333334 0.0734375 0.05625
1 0.35703125 0.8364583333333333 0.0546875 0.04375





1 0.2296875 0.80625 0.059375 0.05



1 0.0703125 0.8697916666666666 0.075 0.06041666666666667
1 0.003125 0.8510416666666667 0.00625 0.022916666666666665
1 0.91171875 0.6885416666666667 0.0265625 0.04791666666666667

5 0.49921875 0.7052083333333333 0.0171875 0.03125
4 0.38515625 0.6010416666666667 0.0109375 0.022916666666666665
4 0.390625 0.6239583333333333 0.0125 0.027083333333333334
5 0.46640625 0.6552083333333333 0.0140625 0.027083333333333334
5 0.48515625 0.728125 0.0109375 0.03125
4 0.4171875 0.6135416666666667 0.00625 0.014583333333333334
4 0.3578125 0.5083333333333333 0.009375 0.020833333333333332
4 0.36171875 0.5020833333333333 0.0109375 0.0125
5 0.57578125 0.6895833333333333 0.0109375 0.029166666666666667
1 0.63828125 0.6864583333333333 0.0296875 0.05625
5 0.57890625 0.6125 0.0109375 0.029166666666666667
5 0.56484375 0.5885416666666666 0.0078125 0.022916666666666665
5 0.6265625 0.7791666666666667 0.0125 0.029166666666666667

5 0.63828125 0.5822916666666667 0.0109375 0.022916666666666665


5 0.6546875 0.6104166666666667 0.0125 0.029166666666666667

5 0.8015625 0.48854166666666665 0.01875 0.022916666666666665
5 0.8015625 0.48854166666666665 0.01875 0.022916666666666665
5 0.6390625 0.5833333333333334 0.009375 0.020833333333333332
5 0.44921875 0.5322916666666667 0.0421875 0.04791666666666667
5 0.44921875 0.5322916666666667 0.0421875 0.04791666666666667
5 0.45 0.5322916666666667 0.040625 0.04375
1 0.45 0.5322916666666667 0.040625 0.04375
3 0.596875 0.4625 0.04375 0.1
1 0.5453125 0.353125 0.015625 0.03125
1 0.5421875 0.296875 0.01875 0.035416666666666666
3 0.5234375 0.175 0.03125 0.09166666666666666
1 0.515625 0.14375 0.0125 0.025
1 0.5328125 0.12395833333333334 0.015625 0.022916666666666665
1 0.49375 0.16041666666666668 0.015625 0.020833333333333332
1 0.53359375 0.125 0.0140625 0.020833333333333332
1 0.3765625 0.24895833333333334 0.01875 0.022916666666666665
1 0.35546875 0.24583333333333332 0.0171875 0.025
1 0.37421875 0.225 0.0171875 0.020833333333333332
1 0.35546875 0.22291666666666668 0.0140625 0.020833333333333332
1 0.3359375 0.22395833333333334 0.0125 0.022916666666666665
1 0.31796875 0.22916666666666666 0.0140625 0.020833333333333332
1 0.31875 0.25729166666666664 0.015625 0.035416666666666666
1 0.2984375 0.23125 0.01875 0.025
1 0.2765625 0.22604166666666667 0.015625 0.01875
1 0.38359375 0.184375 0.0140625 0.01875
1 0.36796875 0.18958333333333333 0.0171875 0.025
1 0.3296875 0.18645833333333334 0.015625 0.027083333333333334
1 0.31171875 0.19166666666666668 0.0203125 0.0375
1 0.30078125 0.16875 0.0234375 0.029166666666666667
1 0.5015625 0.17604166666666668 0.009375 0.022916666666666665
1 0.62734375 0.4197916666666667 0.0234375 0.03958333333333333
1 0.58984375 0.3854166666666667 0.0203125 0.0375
1 0.5703125 0.3072916666666667 0.01875 0.03125
1 0.5546875 0.24166666666666667 0.015625 0.029166666666666667
