
1 0.38046875 0.971875 0.0671875 0.05625
1 0.4515625 0.925 0.059375 0.05
1 0.2390625 0.990625 0.05 0.01875
1 0.31953125 0.95625 0.0671875 0.05416666666666667
1 0.40390625 0.9072916666666667 0.0578125 0.04791666666666667
1 0.16796875 0.9833333333333333 0.0703125 0.03333333333333333
1 0.2578125 0.9427083333333334 0.0625 0.04791666666666667
1 0.3328125 0.8989583333333333 0.053125 0.04791666666666667
1 0.4046875 0.8572916666666667 0.05625 0.04375
1 0.11953125 0.9739583333333334 0.0703125 0.052083333333333336
1 0.2 0.9270833333333334 0.065625 0.05416666666666667
1 0.28828125 0.8802083333333334 0.0734375 0.05625
1 0.36484375 0.8364583333333333 0.0578125 0.04375
1 0.07109375 0.8895833333333333 0.0671875 0.058333333333333334

1 0.12734375 0.80625 0.0640625 0.05416666666666667
1 0.321875 0.775 0.059375 0.05
1 0.32421875 0.6802083333333333 0.0546875 0.04375
1 0.43046875 0.6854166666666667 0.0484375 0.0375
1 0.47109375 0.7354166666666667 0.0578125 0.03333333333333333
1 0.5578125 0.6916666666666667 0.059375 0.041666666666666664
1 0.6328125 0.68125 0.05625 0.04583333333333333
1 0.67265625 0.7895833333333333 0.0609375 0.058333333333333334
1 0.73203125 0.703125 0.0578125 0.05625
1 0.83515625 0.7614583333333333 0.0421875 0.06041666666666667

5 0.31484375 0.5958333333333333 0.0265625 0.025
4 0.3484375 0.5604166666666667 0.00625 0.016666666666666666
4 0.36953125 0.5520833333333334 0.0078125 0.016666666666666666
5 0.40546875 0.54375 0.0078125 0.025
5 0.41875 0.5395833333333333 0.009375 0.029166666666666667
4 0.3953125 0.5322916666666667 0.00625 0.014583333333333334
4 0.36328125 0.5052083333333334 0.0109375 0.03125
4 0.36953125 0.4947916666666667 0.0140625 0.014583333333333334
5 0.521875 0.41770833333333335 0.009375 0.027083333333333334
1 0.571875 0.39791666666666664 0.025 0.0375
5 0.534375 0.41770833333333335 0.00625 0.01875
5 0.55546875 0.4125 0.0078125 0.020833333333333332
5 0.55546875 0.4322916666666667 0.0109375 0.022916666666666665
5 0.57578125 0.440625 0.0078125 0.01875
5 0.590625 0.390625 0.015625 0.01875
5 0.615625 0.4083333333333333 0.0125 0.025
5 0.6109375 0.38333333333333336 0.009375 0.020833333333333332
5 0.64296875 0.37395833333333334 0.0109375 0.022916666666666665
5 0.61875 0.3645833333333333 0.009375 0.016666666666666666
5 0.61640625 0.34479166666666666 0.0140625 0.022916666666666665
5 0.615625 0.365625 0.0125 0.01875
5 0.56875 0.36041666666666666 0.00625 0.016666666666666666
5 0.55234375 0.3697916666666667 0.0046875 0.014583333333333334
5 0.52890625 0.35625 0.0078125 0.020833333333333332
5 0.5375 0.35625 0.00625 0.016666666666666666
1 0.5390625 0.31979166666666664 0.025 0.035416666666666666
3 0.54296875 0.25416666666666665 0.0296875 0.07083333333333333
1 0.53125 0.21666666666666667 0.0125 0.020833333333333332
1 0.5296875 0.18645833333333334 0.015625 0.027083333333333334
3 0.5234375 0.14375 0.025 0.05416666666666667
1 0.51484375 0.11770833333333333 0.0109375 0.01875
1 0.5140625 0.09166666666666666 0.015625 0.03333333333333333
1 0.4921875 0.03229166666666667 0.0125 0.027083333333333334
1 0.4921875 0.030208333333333334 0.0125 0.022916666666666665
1 0.38125 0.24791666666666667 0.01875 0.025
1 0.3609375 0.24479166666666666 0.015625 0.022916666666666665
1 0.3796875 0.22291666666666668 0.015625 0.020833333333333332
1 0.3609375 0.221875 0.015625 0.01875
1 0.3421875 0.221875 0.015625 0.022916666666666665
1 0.32265625 0.228125 0.0140625 0.022916666666666665
1 0.325 0.25625 0.01875 0.03333333333333333
1 0.30390625 0.22916666666666666 0.0171875 0.025
1 0.2828125 0.225 0.015625 0.020833333333333332
1 0.38828125 0.18333333333333332 0.0140625 0.020833333333333332
1 0.37265625 0.1875 0.0203125 0.025
1 0.334375 0.184375 0.015625 0.022916666666666665
1 0.3171875 0.18958333333333333 0.01875 0.03333333333333333
1 0.30390625 0.16666666666666666 0.0203125 0.029166666666666667
1 0.49375 0.09791666666666667 0.01875 0.05416666666666667
1 0.56484375 0.25416666666666665 0.0171875 0.029166666666666667
1 0.5578125 0.21979166666666666 0.01875 0.03125
1 0.5515625 0.190625 0.01875 0.03125
1 0.54375 0.16145833333333334 0.015625 0.022916666666666665
