
1 0.37109375 0.9708333333333333 0.0671875 0.05416666666666667
1 0.44296875 0.925 0.0578125 0.05
1 0.23046875 0.990625 0.0515625 0.01875
1 0.3109375 0.95625 0.065625 0.05416666666666667
1 0.39609375 0.9072916666666667 0.0578125 0.04791666666666667
1 0.159375 0.9833333333333333 0.06875 0.03333333333333333
1 0.2484375 0.9416666666666667 0.0625 0.04583333333333333
1 0.32421875 0.8989583333333333 0.0515625 0.04791666666666667
1 0.396875 0.8572916666666667 0.05625 0.04375
1 0.11015625 0.9739583333333334 0.0703125 0.052083333333333336
1 0.19140625 0.9260416666666667 0.0640625 0.052083333333333336
1 0.28046875 0.8802083333333334 0.0734375 0.05625
1 0.35703125 0.8375 0.0546875 0.04583333333333333





1 0.2109375 0.8145833333333333 0.059375 0.05



1 0.0484375 0.88125 0.071875 0.058333333333333334

1 0.91328125 0.6729166666666667 0.0265625 0.04583333333333333

5 0.50390625 0.7135416666666666 0.0171875 0.03125
4 0.38671875 0.6041666666666666 0.0109375 0.020833333333333332
4 0.3921875 0.6270833333333333 0.009375 0.020833333333333332
5 0.46875 0.6572916666666667 0.0125 0.027083333333333334
5 0.48984375 0.734375 0.0109375 0.027083333333333334
4 0.4203125 0.6166666666666667 0.009375 0.016666666666666666
4 0.35703125 0.5083333333333333 0.0078125 0.020833333333333332
4 0.359375 0.5010416666666667 0.009375 0.010416666666666666
5 0.578125 0.6989583333333333 0.0125 0.027083333333333334
1 0.64375 0.7052083333333333 0.03125 0.05625
5 0.5828125 0.6208333333333333 0.009375 0.025
5 0.56796875 0.5989583333333334 0.0078125 0.022916666666666665
5 0.63125 0.7947916666666667 0.0125 0.027083333333333334

5 0.63984375 0.5916666666666667 0.0109375 0.025


5 0.65625 0.6197916666666666 0.0125 0.027083333333333334

5 0.803125 0.4895833333333333 0.01875 0.025
5 0.803125 0.4895833333333333 0.01875 0.025
5 0.63984375 0.590625 0.0109375 0.022916666666666665
5 0.44140625 0.5354166666666667 0.0421875 0.05416666666666667
5 0.440625 0.5395833333333333 0.040625 0.04583333333333333
5 0.44140625 0.5385416666666667 0.0421875 0.04791666666666667
1 0.44140625 0.5385416666666667 0.0421875 0.04791666666666667
3 0.5984375 0.4708333333333333 0.04375 0.10416666666666667
1 0.54453125 0.359375 0.0171875 0.03125
1 0.54375 0.3020833333333333 0.01875 0.03333333333333333
3 0.5234375 0.178125 0.03125 0.09375
1 0.51640625 0.146875 0.0140625 0.027083333333333334
1 0.53359375 0.12604166666666666 0.0140625 0.022916666666666665
1 0.49375 0.159375 0.015625 0.022916666666666665
1 0.53359375 0.125 0.0140625 0.020833333333333332
1 0.3765625 0.24895833333333334 0.01875 0.022916666666666665
1 0.35546875 0.24583333333333332 0.0171875 0.025
1 0.37421875 0.225 0.0171875 0.020833333333333332
1 0.3546875 0.22291666666666668 0.0125 0.020833333333333332
1 0.3359375 0.22395833333333334 0.0125 0.022916666666666665
1 0.31796875 0.22916666666666666 0.0140625 0.020833333333333332
1 0.3203125 0.25729166666666664 0.01875 0.035416666666666666
1 0.2984375 0.23125 0.01875 0.025
1 0.2765625 0.22604166666666667 0.015625 0.01875
1 0.38359375 0.184375 0.0140625 0.01875
1 0.36640625 0.190625 0.0171875 0.022916666666666665
1 0.33046875 0.18645833333333334 0.0171875 0.022916666666666665
1 0.31328125 0.19166666666666668 0.0203125 0.0375
1 0.30078125 0.16875 0.0234375 0.029166666666666667
1 0.5015625 0.17708333333333334 0.009375 0.025
1 0.63046875 0.42916666666666664 0.0234375 0.0375
1 0.59140625 0.39479166666666665 0.0234375 0.03958333333333333
1 0.571875 0.3145833333333333 0.01875 0.03333333333333333
1 0.55625 0.246875 0.015625 0.027083333333333334
