
1 0.37109375 0.9708333333333333 0.0671875 0.05416666666666667
1 0.44296875 0.925 0.0578125 0.05
1 0.23046875 0.990625 0.0515625 0.01875
1 0.3109375 0.95625 0.065625 0.05416666666666667
1 0.3953125 0.9072916666666667 0.05625 0.04791666666666667
1 0.16015625 0.9833333333333333 0.0703125 0.03333333333333333
1 0.24765625 0.9416666666666667 0.0609375 0.04583333333333333
1 0.32421875 0.8989583333333333 0.0515625 0.04791666666666667
1 0.396875 0.8572916666666667 0.05625 0.04375
1 0.11015625 0.9729166666666667 0.0703125 0.05416666666666667
1 0.1921875 0.9260416666666667 0.065625 0.052083333333333336
1 0.28046875 0.88125 0.0734375 0.05416666666666667
1 0.35703125 0.8375 0.0546875 0.04583333333333333





1 0.1984375 0.81875 0.059375 0.05



1 0.0359375 0.8895833333333333 0.071875 0.0625

1 0.91328125 0.6666666666666666 0.0265625 0.04583333333333333

5 0.5078125 0.7197916666666667 0.015625 0.03125
4 0.38828125 0.6041666666666666 0.0109375 0.020833333333333332
4 0.39296875 0.628125 0.0109375 0.022916666666666665
5 0.4703125 0.6604166666666667 0.0125 0.029166666666666667
5 0.49140625 0.7395833333333334 0.0109375 0.029166666666666667
4 0.421875 0.6177083333333333 0.009375 0.014583333333333334
4 0.35625 0.5083333333333333 0.009375 0.020833333333333332
4 0.35859375 0.5010416666666667 0.0078125 0.010416666666666666
5 0.58046875 0.7052083333333333 0.0109375 0.027083333333333334
1 0.6484375 0.7177083333333333 0.03125 0.06041666666666667
5 0.5828125 0.625 0.009375 0.025
5 0.56875 0.6052083333333333 0.009375 0.022916666666666665
5 0.6328125 0.8010416666666667 0.0125 0.027083333333333334

5 0.640625 0.5958333333333333 0.0125 0.025


5 0.65703125 0.6239583333333333 0.0109375 0.027083333333333334

5 0.80546875 0.490625 0.0203125 0.022916666666666665
5 0.80625 0.490625 0.01875 0.022916666666666665
5 0.640625 0.5947916666666667 0.009375 0.022916666666666665
5 0.43515625 0.5458333333333333 0.0421875 0.04583333333333333
5 0.43515625 0.5447916666666667 0.0421875 0.04791666666666667
5 0.43515625 0.5447916666666667 0.0421875 0.04375
1 0.43515625 0.5447916666666667 0.0421875 0.04375
3 0.59921875 0.475 0.0453125 0.10416666666666667
1 0.54375 0.3625 0.015625 0.029166666666666667
1 0.54375 0.30520833333333336 0.01875 0.035416666666666666
3 0.5234375 0.18020833333333333 0.03125 0.09375
1 0.51640625 0.14791666666666667 0.0140625 0.025
1 0.53359375 0.12604166666666666 0.0140625 0.022916666666666665
1 0.49375 0.159375 0.015625 0.022916666666666665
1 0.53359375 0.12604166666666666 0.0140625 0.022916666666666665
1 0.3765625 0.24895833333333334 0.01875 0.022916666666666665
1 0.35546875 0.24583333333333332 0.0171875 0.025
1 0.37578125 0.225 0.0171875 0.025
1 0.3546875 0.22291666666666668 0.0125 0.016666666666666666
1 0.3359375 0.22395833333333334 0.0125 0.022916666666666665
1 0.31796875 0.22916666666666666 0.0140625 0.020833333333333332
1 0.3203125 0.25729166666666664 0.01875 0.035416666666666666
1 0.2984375 0.23229166666666667 0.01875 0.022916666666666665
1 0.2765625 0.22604166666666667 0.015625 0.01875
1 0.38359375 0.18541666666666667 0.0140625 0.020833333333333332
1 0.36640625 0.190625 0.0171875 0.022916666666666665
1 0.328125 0.18645833333333334 0.015625 0.022916666666666665
1 0.31171875 0.190625 0.0203125 0.035416666666666666
1 0.3015625 0.16979166666666667 0.021875 0.03125
1 0.5015625 0.17708333333333334 0.009375 0.025
1 0.63203125 0.434375 0.0234375 0.03958333333333333
1 0.5921875 0.39791666666666664 0.025 0.041666666666666664
1 0.57265625 0.31875 0.0203125 0.03333333333333333
1 0.55546875 0.24791666666666667 0.0171875 0.029166666666666667
