
1 0.37109375 0.9708333333333333 0.0671875 0.05416666666666667
1 0.44296875 0.925 0.0578125 0.05
1 0.23046875 0.990625 0.0515625 0.01875
1 0.309375 0.95625 0.065625 0.05416666666666667
1 0.3953125 0.9072916666666667 0.05625 0.04791666666666667
1 0.16015625 0.9833333333333333 0.0703125 0.03333333333333333
1 0.24765625 0.9416666666666667 0.0609375 0.04583333333333333
1 0.32421875 0.8989583333333333 0.0515625 0.04791666666666667
1 0.396875 0.8572916666666667 0.05625 0.04375
1 0.11015625 0.9729166666666667 0.0703125 0.05416666666666667
1 0.1921875 0.9260416666666667 0.065625 0.052083333333333336
1 0.2796875 0.88125 0.071875 0.05416666666666667
1 0.35703125 0.8375 0.0546875 0.04583333333333333





1 0.190625 0.8229166666666666 0.059375 0.05

1 0.65078125 0.7260416666666667 0.0359375 0.06041666666666667

1 0.03125 0.8916666666666667 0.0625 0.058333333333333334

1 0.9140625 0.6604166666666667 0.028125 0.04583333333333333

5 0.51015625 0.7229166666666667 0.0171875 0.03333333333333333
4 0.38828125 0.6052083333333333 0.0109375 0.022916666666666665
4 0.39296875 0.6291666666666667 0.0109375 0.025
5 0.471875 0.6625 0.0125 0.029166666666666667
5 0.4921875 0.7416666666666667 0.0125 0.029166666666666667
4 0.42265625 0.61875 0.0078125 0.016666666666666666
4 0.35625 0.5083333333333333 0.00625 0.020833333333333332
4 0.359375 0.5010416666666667 0.009375 0.010416666666666666
5 0.58125 0.7104166666666667 0.0125 0.029166666666666667
1 0.65078125 0.7260416666666667 0.0328125 0.06041666666666667
5 0.584375 0.628125 0.009375 0.022916666666666665
5 0.56875 0.609375 0.009375 0.022916666666666665
5 0.6359375 0.80625 0.0125 0.025

5 0.64140625 0.5979166666666667 0.0109375 0.025


5 0.6578125 0.6270833333333333 0.0125 0.029166666666666667

5 0.80703125 0.490625 0.0203125 0.022916666666666665
5 0.80703125 0.490625 0.0203125 0.022916666666666665
5 0.640625 0.5979166666666667 0.009375 0.020833333333333332
5 0.43125 0.5489583333333333 0.040625 0.04375
5 0.43125 0.5489583333333333 0.040625 0.04375
5 0.43203125 0.5479166666666667 0.0421875 0.04583333333333333
1 0.43125 0.5479166666666667 0.04375 0.04583333333333333
3 0.60078125 0.4791666666666667 0.0453125 0.10416666666666667
1 0.54375 0.3645833333333333 0.015625 0.029166666666666667
1 0.54375 0.30625 0.01875 0.03333333333333333
3 0.52421875 0.18125 0.0296875 0.09583333333333334
1 0.5171875 0.14791666666666667 0.0125 0.025
1 0.534375 0.12604166666666666 0.0125 0.022916666666666665
1 0.49453125 0.159375 0.0171875 0.022916666666666665
1 0.53359375 0.12708333333333333 0.0140625 0.020833333333333332
1 0.3765625 0.24895833333333334 0.01875 0.022916666666666665
1 0.3546875 0.24583333333333332 0.015625 0.025
1 0.37421875 0.225 0.0171875 0.025
1 0.3546875 0.22291666666666668 0.0125 0.016666666666666666
1 0.3359375 0.22395833333333334 0.0125 0.022916666666666665
1 0.31796875 0.22916666666666666 0.0140625 0.020833333333333332
1 0.3203125 0.25729166666666664 0.01875 0.035416666666666666
1 0.2984375 0.23125 0.01875 0.025
1 0.2765625 0.22604166666666667 0.015625 0.01875
1 0.38359375 0.18541666666666667 0.0140625 0.020833333333333332
1 0.36640625 0.190625 0.0171875 0.022916666666666665
1 0.328125 0.1875 0.015625 0.025
1 0.31171875 0.190625 0.0203125 0.035416666666666666
1 0.3 0.16875 0.021875 0.029166666666666667
1 0.5015625 0.17708333333333334 0.009375 0.025
1 0.63359375 0.4375 0.0234375 0.0375
1 0.59375 0.4010416666666667 0.025 0.03958333333333333
1 0.5734375 0.32083333333333336 0.01875 0.03333333333333333
1 0.55703125 0.25 0.0171875 0.029166666666666667
