
1 0.37109375 0.9708333333333333 0.0671875 0.05416666666666667
1 0.44296875 0.925 0.0578125 0.05
1 0.23046875 0.990625 0.0515625 0.01875
1 0.309375 0.95625 0.065625 0.05416666666666667
1 0.3953125 0.9072916666666667 0.05625 0.04791666666666667
1 0.159375 0.9833333333333333 0.06875 0.03333333333333333
1 0.2484375 0.9416666666666667 0.0625 0.04583333333333333
1 0.32421875 0.9 0.0515625 0.04583333333333333
1 0.396875 0.8572916666666667 0.05625 0.04375
1 0.11015625 0.9729166666666667 0.0703125 0.05416666666666667
1 0.19140625 0.9260416666666667 0.0640625 0.052083333333333336
1 0.28046875 0.8802083333333334 0.0734375 0.05625
1 0.35703125 0.8364583333333333 0.0546875 0.04375





1 0.1796875 0.828125 0.059375 0.052083333333333336

1 0.6546875 0.7375 0.034375 0.0625

1 0.02421875 0.8958333333333334 0.0484375 0.05

1 0.91484375 0.6520833333333333 0.0265625 0.04583333333333333

5 0.5125 0.728125 0.01875 0.035416666666666666
4 0.38828125 0.60625 0.0109375 0.020833333333333332
4 0.3953125 0.6302083333333334 0.009375 0.01875
5 0.475 0.6645833333333333 0.009375 0.025
5 0.49375 0.7458333333333333 0.0125 0.029166666666666667
4 0.42421875 0.6197916666666666 0.0078125 0.01875
4 0.35546875 0.5083333333333333 0.0078125 0.020833333333333332
4 0.36015625 0.5010416666666667 0.0109375 0.010416666666666666
5 0.584375 0.7166666666666667 0.009375 0.025
1 0.6546875 0.7385416666666667 0.03125 0.06041666666666667
5 0.58515625 0.6354166666666666 0.0109375 0.025
5 0.57109375 0.615625 0.0078125 0.022916666666666665
5 0.63828125 0.8145833333333333 0.0109375 0.025

5 0.6421875 0.6041666666666666 0.009375 0.025


5 0.66015625 0.63125 0.0109375 0.029166666666666667

5 0.8078125 0.49166666666666664 0.021875 0.025
5 0.8078125 0.49270833333333336 0.021875 0.022916666666666665
5 0.6421875 0.603125 0.009375 0.022916666666666665
5 0.425 0.5520833333333334 0.04375 0.041666666666666664
5 0.42578125 0.5520833333333334 0.0453125 0.04583333333333333
5 0.42578125 0.5520833333333334 0.0453125 0.04583333333333333
1 0.42578125 0.5510416666666667 0.0421875 0.04375
3 0.6015625 0.48333333333333334 0.046875 0.10416666666666667
1 0.54296875 0.36875 0.0171875 0.029166666666666667
1 0.54375 0.309375 0.01875 0.035416666666666666
3 0.525 0.18229166666666666 0.03125 0.09791666666666667
1 0.5171875 0.14791666666666667 0.0125 0.025
1 0.534375 0.12708333333333333 0.0125 0.020833333333333332
1 0.49375 0.159375 0.015625 0.022916666666666665
1 0.534375 0.12708333333333333 0.0125 0.020833333333333332
1 0.3765625 0.24895833333333334 0.01875 0.022916666666666665
1 0.3546875 0.246875 0.015625 0.022916666666666665
1 0.3734375 0.22604166666666667 0.015625 0.022916666666666665
1 0.3546875 0.22395833333333334 0.0125 0.01875
1 0.33515625 0.22395833333333334 0.0140625 0.022916666666666665
1 0.31796875 0.22916666666666666 0.0140625 0.020833333333333332
1 0.31875 0.25729166666666664 0.015625 0.035416666666666666
1 0.2984375 0.23229166666666667 0.01875 0.022916666666666665
1 0.2765625 0.22604166666666667 0.015625 0.01875
1 0.38359375 0.18541666666666667 0.0140625 0.020833333333333332
1 0.36640625 0.190625 0.0171875 0.022916666666666665
1 0.328125 0.1875 0.015625 0.025
1 0.3109375 0.190625 0.01875 0.035416666666666666
1 0.29921875 0.16875 0.0203125 0.029166666666666667
1 0.5015625 0.17708333333333334 0.009375 0.025
1 0.63515625 0.4427083333333333 0.0234375 0.03958333333333333
1 0.5953125 0.4041666666666667 0.025 0.0375
1 0.57421875 0.32395833333333335 0.0203125 0.03125
1 0.55703125 0.253125 0.0171875 0.03125
