
1 0.37109375 0.971875 0.0671875 0.05625
1 0.44375 0.925 0.059375 0.05
1 0.23046875 0.990625 0.0515625 0.01875
1 0.31015625 0.95625 0.0640625 0.05416666666666667
1 0.3953125 0.9072916666666667 0.05625 0.04791666666666667
1 0.159375 0.9833333333333333 0.06875 0.03333333333333333
1 0.2484375 0.9416666666666667 0.0625 0.04583333333333333
1 0.32421875 0.8989583333333333 0.0515625 0.04791666666666667
1 0.396875 0.8572916666666667 0.05625 0.04375
1 0.11015625 0.9729166666666667 0.0703125 0.05416666666666667
1 0.19140625 0.9260416666666667 0.0640625 0.052083333333333336
1 0.28046875 0.8802083333333334 0.0734375 0.05625
1 0.35703125 0.8375 0.0546875 0.04583333333333333





1 0.171875 0.8322916666666667 0.059375 0.052083333333333336

1 0.65703125 0.7479166666666667 0.0359375 0.0625

1 0.0203125 0.9 0.040625 0.04583333333333333

1 0.915625 0.646875 0.028125 0.04375

5 0.515625 0.7322916666666667 0.015625 0.03125
4 0.3890625 0.6072916666666667 0.009375 0.022916666666666665
4 0.39609375 0.63125 0.0078125 0.020833333333333332
5 0.47578125 0.6677083333333333 0.0109375 0.027083333333333334
5 0.4953125 0.75 0.0125 0.029166666666666667
4 0.42421875 0.621875 0.0078125 0.01875
4 0.35546875 0.5083333333333333 0.0078125 0.020833333333333332
4 0.36015625 0.5010416666666667 0.0109375 0.010416666666666666
5 0.58515625 0.7208333333333333 0.0109375 0.025
1 0.65703125 0.7479166666666667 0.0328125 0.0625
5 0.58671875 0.6395833333333333 0.0109375 0.025
5 0.571875 0.61875 0.009375 0.025
5 0.63984375 0.8229166666666666 0.0140625 0.025

5 0.6421875 0.60625 0.009375 0.025


5 0.6609375 0.634375 0.0125 0.027083333333333334

5 0.809375 0.49270833333333336 0.021875 0.022916666666666665
5 0.809375 0.49270833333333336 0.021875 0.022916666666666665
5 0.6421875 0.60625 0.009375 0.020833333333333332
5 0.421875 0.5552083333333333 0.04375 0.04375
5 0.421875 0.55625 0.04375 0.04583333333333333
5 0.421875 0.5552083333333333 0.04375 0.04375
1 0.421875 0.5552083333333333 0.04375 0.04375
3 0.60390625 0.4875 0.0484375 0.10416666666666667
1 0.5421875 0.37083333333333335 0.015625 0.029166666666666667
1 0.5453125 0.31145833333333334 0.01875 0.035416666666666666
3 0.525 0.18333333333333332 0.03125 0.09583333333333334
1 0.5171875 0.15 0.0125 0.025
1 0.534375 0.128125 0.0125 0.022916666666666665
1 0.49375 0.159375 0.015625 0.022916666666666665
1 0.534375 0.12708333333333333 0.0125 0.020833333333333332
1 0.3765625 0.24895833333333334 0.01875 0.022916666666666665
1 0.3546875 0.24583333333333332 0.015625 0.025
1 0.37421875 0.22604166666666667 0.0171875 0.022916666666666665
1 0.3546875 0.22395833333333334 0.0125 0.01875
1 0.33515625 0.22395833333333334 0.0140625 0.022916666666666665
1 0.3171875 0.22916666666666666 0.0125 0.020833333333333332
1 0.31875 0.25833333333333336 0.015625 0.03333333333333333
1 0.2984375 0.23125 0.01875 0.025
1 0.2765625 0.22604166666666667 0.015625 0.01875
1 0.38359375 0.18541666666666667 0.0140625 0.020833333333333332
1 0.36640625 0.190625 0.0171875 0.022916666666666665
1 0.328125 0.1875 0.015625 0.025
1 0.3109375 0.190625 0.01875 0.035416666666666666
1 0.29921875 0.16875 0.0203125 0.029166666666666667
1 0.5015625 0.178125 0.009375 0.022916666666666665
1 0.6359375 0.446875 0.025 0.03958333333333333
1 0.59609375 0.40729166666666666 0.0234375 0.03958333333333333
1 0.575 0.32708333333333334 0.021875 0.03333333333333333
1 0.55703125 0.25625 0.0171875 0.029166666666666667
