
1 0.37109375 0.9708333333333333 0.0671875 0.05416666666666667
1 0.44296875 0.925 0.0578125 0.05
1 0.23046875 0.990625 0.0515625 0.01875
1 0.3109375 0.95625 0.065625 0.05416666666666667
1 0.3953125 0.9072916666666667 0.05625 0.04791666666666667
1 0.159375 0.9833333333333333 0.06875 0.03333333333333333
1 0.24765625 0.9416666666666667 0.0609375 0.04583333333333333
1 0.32421875 0.8989583333333333 0.0515625 0.04791666666666667
1 0.396875 0.8572916666666667 0.05625 0.04375
1 0.11015625 0.9739583333333334 0.0703125 0.052083333333333336
1 0.19140625 0.9260416666666667 0.0640625 0.052083333333333336
1 0.28046875 0.8802083333333334 0.0734375 0.05625
1 0.35703125 0.8364583333333333 0.0546875 0.04375





1 0.15859375 0.8385416666666666 0.0609375 0.052083333333333336

1 0.6609375 0.759375 0.034375 0.06041666666666667

1 0.01328125 0.9052083333333333 0.0265625 0.04375

1 0.9171875 0.6385416666666667 0.028125 0.04375

5 0.51796875 0.7375 0.0171875 0.03333333333333333
4 0.390625 0.609375 0.009375 0.022916666666666665
4 0.39609375 0.6333333333333333 0.0078125 0.020833333333333332
5 0.4765625 0.6708333333333333 0.0125 0.025
5 0.49921875 0.753125 0.0140625 0.03125
4 0.42578125 0.6239583333333333 0.0078125 0.01875
4 0.35546875 0.509375 0.0078125 0.01875
4 0.3609375 0.5010416666666667 0.009375 0.010416666666666666
5 0.5859375 0.728125 0.0125 0.027083333333333334
1 0.6609375 0.7604166666666666 0.034375 0.0625
5 0.58828125 0.64375 0.0109375 0.025
5 0.5734375 0.6260416666666667 0.009375 0.022916666666666665
5 0.6421875 0.8302083333333333 0.0125 0.03125

5 0.64296875 0.6114583333333333 0.0109375 0.022916666666666665


5 0.66171875 0.640625 0.0109375 0.027083333333333334

5 0.8125 0.4947916666666667 0.021875 0.022916666666666665
5 0.8125 0.4947916666666667 0.021875 0.022916666666666665
5 0.64375 0.6104166666666667 0.009375 0.020833333333333332
5 0.41484375 0.5604166666666667 0.0453125 0.04583333333333333
5 0.415625 0.5604166666666667 0.04375 0.04583333333333333
5 0.415625 0.5604166666666667 0.04375 0.041666666666666664
1 0.415625 0.5604166666666667 0.04375 0.041666666666666664
3 0.6046875 0.49270833333333336 0.046875 0.10625
1 0.54140625 0.37395833333333334 0.0171875 0.027083333333333334
1 0.5453125 0.315625 0.01875 0.035416666666666666
3 0.525 0.18541666666666667 0.03125 0.1
1 0.51796875 0.15208333333333332 0.0140625 0.025
1 0.534375 0.12916666666666668 0.015625 0.025
1 0.49375 0.16145833333333334 0.015625 0.022916666666666665
1 0.534375 0.12916666666666668 0.0125 0.020833333333333332
1 0.3765625 0.24895833333333334 0.01875 0.022916666666666665
1 0.3546875 0.24583333333333332 0.015625 0.025
1 0.3734375 0.22604166666666667 0.015625 0.022916666666666665
1 0.3546875 0.22291666666666668 0.0125 0.016666666666666666
1 0.33671875 0.22291666666666668 0.0140625 0.025
1 0.3171875 0.22916666666666666 0.0125 0.020833333333333332
1 0.31875 0.25833333333333336 0.015625 0.03333333333333333
1 0.29765625 0.23229166666666667 0.0171875 0.022916666666666665
1 0.278125 0.22604166666666667 0.015625 0.01875
1 0.38359375 0.18541666666666667 0.0140625 0.020833333333333332
1 0.36640625 0.190625 0.0171875 0.022916666666666665
1 0.328125 0.1875 0.015625 0.025
1 0.3109375 0.190625 0.01875 0.035416666666666666
1 0.30078125 0.16979166666666667 0.0234375 0.03125
1 0.50234375 0.178125 0.0109375 0.022916666666666665
1 0.6390625 0.45208333333333334 0.025 0.041666666666666664
1 0.596875 0.41354166666666664 0.021875 0.03958333333333333
1 0.57578125 0.33125 0.0203125 0.03333333333333333
1 0.55859375 0.259375 0.0171875 0.03125
