
1 0.37109375 0.9708333333333333 0.0671875 0.05416666666666667
1 0.44296875 0.925 0.0578125 0.05
1 0.23046875 0.990625 0.0515625 0.01875
1 0.31015625 0.95625 0.0671875 0.05416666666666667
1 0.3953125 0.9072916666666667 0.05625 0.04791666666666667
1 0.159375 0.9833333333333333 0.06875 0.03333333333333333
1 0.2484375 0.9416666666666667 0.0625 0.04583333333333333
1 0.32421875 0.8989583333333333 0.0515625 0.04791666666666667
1 0.396875 0.8572916666666667 0.05625 0.04375
1 0.11015625 0.9729166666666667 0.0703125 0.05416666666666667
1 0.19140625 0.9260416666666667 0.0640625 0.052083333333333336
1 0.28046875 0.8802083333333334 0.0734375 0.05625
1 0.35703125 0.8375 0.0546875 0.04583333333333333





1 0.1515625 0.840625 0.0625 0.052083333333333336

1 0.6640625 0.76875 0.034375 0.058333333333333334

1 0.00859375 0.9083333333333333 0.0171875 0.041666666666666664

1 0.9171875 0.634375 0.028125 0.04375

5 0.52109375 0.7416666666666667 0.0140625 0.029166666666666667
4 0.390625 0.609375 0.009375 0.01875
4 0.396875 0.6333333333333333 0.009375 0.020833333333333332
5 0.47890625 0.6729166666666667 0.0109375 0.029166666666666667
5 0.50078125 0.75625 0.0140625 0.029166666666666667
4 0.42734375 0.625 0.0078125 0.020833333333333332
4 0.35546875 0.509375 0.0078125 0.01875
4 0.359375 0.5010416666666667 0.009375 0.010416666666666666
5 0.5890625 0.7322916666666667 0.0125 0.027083333333333334
1 0.6640625 0.7697916666666667 0.034375 0.06041666666666667
5 0.58984375 0.6489583333333333 0.0109375 0.027083333333333334
5 0.57578125 0.628125 0.0078125 0.022916666666666665
5 0.64609375 0.8385416666666666 0.0109375 0.027083333333333334

5 0.64453125 0.6135416666666667 0.0078125 0.022916666666666665


5 0.6625 0.64375 0.0125 0.029166666666666667

5 0.8171875 0.4947916666666667 0.015625 0.01875
5 0.81328125 0.4947916666666667 0.0203125 0.022916666666666665
5 0.64453125 0.6145833333333334 0.0078125 0.020833333333333332
5 0.4109375 0.5635416666666667 0.04375 0.04375
5 0.4109375 0.5635416666666667 0.04375 0.04375
5 0.4109375 0.5635416666666667 0.04375 0.04375
1 0.4109375 0.5635416666666667 0.04375 0.04375
3 0.60546875 0.49583333333333335 0.0484375 0.10833333333333334
1 0.54140625 0.37604166666666666 0.0171875 0.027083333333333334
1 0.54609375 0.3177083333333333 0.0171875 0.035416666666666666
3 0.52578125 0.1875 0.0328125 0.1
1 0.51796875 0.15208333333333332 0.0140625 0.025
1 0.534375 0.13020833333333334 0.015625 0.022916666666666665
1 0.49375 0.159375 0.015625 0.022916666666666665
1 0.534375 0.12916666666666668 0.0125 0.020833333333333332
1 0.3765625 0.24895833333333334 0.01875 0.022916666666666665
1 0.3546875 0.24583333333333332 0.015625 0.025
1 0.3734375 0.22604166666666667 0.015625 0.022916666666666665
1 0.3546875 0.22291666666666668 0.0125 0.016666666666666666
1 0.33671875 0.22291666666666668 0.0140625 0.025
1 0.3171875 0.22916666666666666 0.0125 0.020833333333333332
1 0.31875 0.25729166666666664 0.015625 0.035416666666666666
1 0.29765625 0.23125 0.0171875 0.025
1 0.278125 0.22604166666666667 0.015625 0.01875
1 0.38359375 0.18541666666666667 0.0140625 0.020833333333333332
1 0.36640625 0.190625 0.0171875 0.022916666666666665
1 0.328125 0.18645833333333334 0.015625 0.022916666666666665
1 0.3109375 0.190625 0.01875 0.035416666666666666
1 0.30078125 0.16979166666666667 0.0234375 0.03125
1 0.50234375 0.17916666666666667 0.0109375 0.025
1 0.640625 0.4552083333333333 0.025 0.03958333333333333
1 0.59765625 0.4166666666666667 0.0234375 0.041666666666666664
1 0.57734375 0.3333333333333333 0.0203125 0.03333333333333333
1 0.55859375 0.26145833333333335 0.0171875 0.03125
