
1 0.37109375 0.9708333333333333 0.0671875 0.05416666666666667
1 0.44375 0.9260416666666667 0.059375 0.04791666666666667
1 0.23046875 0.990625 0.0515625 0.01875
1 0.3109375 0.95625 0.065625 0.05416666666666667
1 0.3953125 0.9072916666666667 0.05625 0.04791666666666667
1 0.159375 0.9833333333333333 0.06875 0.03333333333333333
1 0.24765625 0.9416666666666667 0.0609375 0.04583333333333333
1 0.32421875 0.8989583333333333 0.0515625 0.04791666666666667
1 0.396875 0.8572916666666667 0.05625 0.04375
1 0.11015625 0.9729166666666667 0.0703125 0.05416666666666667
1 0.19140625 0.9260416666666667 0.0640625 0.052083333333333336
1 0.28046875 0.8802083333333334 0.0734375 0.05625
1 0.35703125 0.8375 0.0546875 0.04583333333333333





1 0.13984375 0.846875 0.0609375 0.052083333333333336

1 0.66875 0.784375 0.0375 0.06458333333333334



1 0.91953125 0.6270833333333333 0.0265625 0.041666666666666664

5 0.52421875 0.746875 0.0171875 0.03125
4 0.3921875 0.6104166666666667 0.009375 0.020833333333333332
4 0.3984375 0.6364583333333333 0.009375 0.01875
5 0.48046875 0.6770833333333334 0.0109375 0.029166666666666667
5 0.50234375 0.7614583333333333 0.0140625 0.03125
4 0.428125 0.6270833333333333 0.009375 0.020833333333333332
4 0.35390625 0.509375 0.0078125 0.01875
4 0.359375 0.5 0.009375 0.008333333333333333
5 0.590625 0.740625 0.0125 0.027083333333333334
1 0.66953125 0.784375 0.0359375 0.06458333333333334
5 0.590625 0.6552083333333333 0.0125 0.027083333333333334
5 0.5765625 0.6364583333333333 0.009375 0.022916666666666665
5 0.64921875 0.8458333333333333 0.0109375 0.025

5 0.6453125 0.6197916666666666 0.009375 0.022916666666666665


5 0.6625 0.6479166666666667 0.0125 0.029166666666666667

5 0.81640625 0.496875 0.0203125 0.022916666666666665
5 0.81640625 0.496875 0.0203125 0.022916666666666665
5 0.64609375 0.6208333333333333 0.0109375 0.025
5 0.4046875 0.5677083333333334 0.04375 0.04375
5 0.4046875 0.5677083333333334 0.04375 0.04375
5 0.4046875 0.5677083333333334 0.04375 0.04375
1 0.4046875 0.5677083333333334 0.04375 0.04375
3 0.60703125 0.5010416666666667 0.0484375 0.10625
1 0.53984375 0.38125 0.0171875 0.029166666666666667
1 0.546875 0.32083333333333336 0.01875 0.03333333333333333
3 0.52578125 0.18958333333333333 0.0328125 0.10416666666666667
1 0.51796875 0.153125 0.0140625 0.027083333333333334
1 0.534375 0.13125 0.015625 0.025
1 0.4953125 0.15729166666666666 0.0125 0.01875
1 0.534375 0.13020833333333334 0.0125 0.01875
1 0.3765625 0.24895833333333334 0.01875 0.022916666666666665
1 0.3546875 0.246875 0.015625 0.022916666666666665
1 0.37421875 0.22604166666666667 0.0171875 0.022916666666666665
1 0.3546875 0.22291666666666668 0.0125 0.016666666666666666
1 0.3359375 0.22291666666666668 0.0125 0.020833333333333332
1 0.3171875 0.22916666666666666 0.0125 0.020833333333333332
1 0.31953125 0.25729166666666664 0.0171875 0.035416666666666666
1 0.2984375 0.23125 0.01875 0.025
1 0.2765625 0.22604166666666667 0.015625 0.01875
1 0.38359375 0.18541666666666667 0.0140625 0.020833333333333332
1 0.36640625 0.190625 0.0171875 0.022916666666666665
1 0.328125 0.1875 0.015625 0.025
1 0.3109375 0.190625 0.01875 0.035416666666666666
1 0.30078125 0.16979166666666667 0.0234375 0.03125
1 0.50234375 0.17916666666666667 0.0109375 0.025
1 0.6421875 0.46145833333333336 0.025 0.03958333333333333
1 0.59921875 0.42083333333333334 0.0234375 0.041666666666666664
1 0.57890625 0.3375 0.0203125 0.03333333333333333
1 0.559375 0.2635416666666667 0.01875 0.03125
