
1 0.37109375 0.9708333333333333 0.0671875 0.05416666666666667
1 0.44375 0.925 0.059375 0.05
1 0.23046875 0.990625 0.0515625 0.01875
1 0.31015625 0.95625 0.0671875 0.05416666666666667
1 0.3953125 0.9072916666666667 0.05625 0.04791666666666667
1 0.16015625 0.9833333333333333 0.0703125 0.03333333333333333
1 0.24765625 0.9416666666666667 0.0609375 0.04583333333333333
1 0.32421875 0.8989583333333333 0.0515625 0.04791666666666667
1 0.396875 0.8572916666666667 0.05625 0.04375
1 0.11015625 0.9739583333333334 0.0703125 0.052083333333333336
1 0.19140625 0.9260416666666667 0.0640625 0.052083333333333336
1 0.28046875 0.8802083333333334 0.0734375 0.05625
1 0.35703125 0.8375 0.0546875 0.04583333333333333





1 0.13125 0.8510416666666667 0.0625 0.05625

1 0.671875 0.79375 0.034375 0.0625



1 0.9203125 0.6229166666666667 0.028125 0.041666666666666664

5 0.5265625 0.7510416666666667 0.01875 0.03125
4 0.3921875 0.6125 0.009375 0.020833333333333332
4 0.396875 0.6385416666666667 0.009375 0.022916666666666665
5 0.48203125 0.6760416666666667 0.0109375 0.027083333333333334
5 0.503125 0.7645833333333333 0.0125 0.029166666666666667
4 0.428125 0.628125 0.009375 0.01875
4 0.35390625 0.509375 0.0078125 0.01875
4 0.35859375 0.5010416666666667 0.0109375 0.010416666666666666
5 0.59140625 0.7458333333333333 0.0109375 0.029166666666666667
1 0.67265625 0.79375 0.0359375 0.06666666666666667
5 0.5921875 0.659375 0.0125 0.027083333333333334
5 0.57890625 0.640625 0.0078125 0.022916666666666665
5 0.64921875 0.8552083333333333 0.0140625 0.027083333333333334

5 0.64609375 0.6239583333333333 0.0109375 0.022916666666666665


5 0.6640625 0.6520833333333333 0.0125 0.029166666666666667

5 0.81875 0.496875 0.01875 0.022916666666666665
5 0.81875 0.4979166666666667 0.01875 0.025
5 0.6453125 0.6239583333333333 0.009375 0.022916666666666665
5 0.4 0.571875 0.04375 0.04375
5 0.4 0.571875 0.046875 0.04791666666666667
5 0.39921875 0.571875 0.0453125 0.04375
1 0.40078125 0.571875 0.0453125 0.04375
3 0.6078125 0.5041666666666667 0.05 0.10833333333333334
1 0.53984375 0.3854166666666667 0.0171875 0.029166666666666667
1 0.54765625 0.3229166666666667 0.0203125 0.0375
3 0.52578125 0.190625 0.0328125 0.10625
1 0.51796875 0.15520833333333334 0.0140625 0.027083333333333334
1 0.534375 0.13229166666666667 0.015625 0.027083333333333334
1 0.49375 0.159375 0.015625 0.022916666666666665
1 0.534375 0.13020833333333334 0.0125 0.01875
1 0.3765625 0.24895833333333334 0.01875 0.022916666666666665
1 0.3546875 0.246875 0.015625 0.022916666666666665
1 0.37421875 0.22604166666666667 0.0171875 0.022916666666666665
1 0.3546875 0.22291666666666668 0.0125 0.016666666666666666
1 0.3359375 0.22291666666666668 0.0125 0.020833333333333332
1 0.31796875 0.22916666666666666 0.0140625 0.020833333333333332
1 0.31875 0.25833333333333336 0.015625 0.03333333333333333
1 0.2984375 0.23229166666666667 0.01875 0.022916666666666665
1 0.278125 0.22604166666666667 0.015625 0.01875
1 0.38359375 0.184375 0.0140625 0.01875
1 0.36640625 0.190625 0.0171875 0.022916666666666665
1 0.328125 0.18645833333333334 0.015625 0.022916666666666665
1 0.3109375 0.190625 0.01875 0.035416666666666666
1 0.30078125 0.16979166666666667 0.0234375 0.03125
1 0.50234375 0.18020833333333333 0.0109375 0.022916666666666665
1 0.64375 0.465625 0.025 0.03958333333333333
1 0.60078125 0.425 0.0234375 0.041666666666666664
1 0.57890625 0.340625 0.0203125 0.035416666666666666
1 0.559375 0.265625 0.01875 0.03125
