
1 0.37109375 0.9708333333333333 0.0671875 0.05416666666666667
1 0.44296875 0.925 0.0578125 0.05
1 0.23046875 0.990625 0.0515625 0.01875
1 0.31015625 0.95625 0.0671875 0.05416666666666667
1 0.3953125 0.9072916666666667 0.05625 0.04791666666666667
1 0.15859375 0.9833333333333333 0.0703125 0.03333333333333333
1 0.2484375 0.9416666666666667 0.0625 0.04583333333333333
1 0.32421875 0.8989583333333333 0.0515625 0.04791666666666667
1 0.396875 0.8572916666666667 0.05625 0.04375
1 0.11015625 0.9739583333333334 0.0703125 0.052083333333333336
1 0.1921875 0.9260416666666667 0.065625 0.052083333333333336
1 0.28046875 0.8802083333333334 0.0734375 0.05625
1 0.35703125 0.8375 0.0546875 0.04583333333333333





1 0.11875 0.85625 0.0625 0.05416666666666667

1 0.6765625 0.809375 0.0375 0.06458333333333334



1 0.921875 0.6145833333333334 0.028125 0.041666666666666664

5 0.5296875 0.75625 0.01875 0.03333333333333333
4 0.3921875 0.6125 0.009375 0.020833333333333332
4 0.39765625 0.6395833333333333 0.0109375 0.020833333333333332
5 0.48359375 0.6802083333333333 0.0109375 0.027083333333333334
5 0.5046875 0.7677083333333333 0.0125 0.027083333333333334
4 0.4296875 0.6291666666666667 0.009375 0.020833333333333332
4 0.35390625 0.509375 0.0078125 0.01875
4 0.359375 0.5010416666666667 0.009375 0.010416666666666666
5 0.59375 0.7510416666666667 0.0125 0.027083333333333334
1 0.67734375 0.8104166666666667 0.0359375 0.06666666666666667
5 0.59375 0.665625 0.0125 0.027083333333333334
5 0.58046875 0.646875 0.0078125 0.027083333333333334
5 0.6515625 0.8645833333333334 0.015625 0.029166666666666667

5 0.6453125 0.628125 0.009375 0.027083333333333334


5 0.66484375 0.6583333333333333 0.0140625 0.029166666666666667

5 0.82265625 0.4979166666666667 0.0203125 0.025
5 0.821875 0.49895833333333334 0.01875 0.022916666666666665
5 0.6453125 0.628125 0.009375 0.022916666666666665
5 0.39296875 0.5770833333333333 0.0453125 0.04583333333333333
5 0.3921875 0.5760416666666667 0.046875 0.04791666666666667
5 0.39296875 0.5760416666666667 0.0453125 0.04375
1 0.39296875 0.5760416666666667 0.0453125 0.04375
3 0.609375 0.5104166666666666 0.05 0.10833333333333334
1 0.5390625 0.39166666666666666 0.01875 0.03333333333333333
1 0.5484375 0.328125 0.01875 0.035416666666666666
3 0.5265625 0.19270833333333334 0.034375 0.10625
1 0.51875 0.15625 0.0125 0.025
1 0.53515625 0.13333333333333333 0.0140625 0.020833333333333332
1 0.49375 0.159375 0.015625 0.022916666666666665
1 0.53515625 0.13229166666666667 0.0140625 0.01875
1 0.3765625 0.24895833333333334 0.01875 0.022916666666666665
1 0.3546875 0.246875 0.015625 0.022916666666666665
1 0.37578125 0.22604166666666667 0.0171875 0.022916666666666665
1 0.3546875 0.22395833333333334 0.0125 0.01875
1 0.3359375 0.22291666666666668 0.0125 0.025
1 0.3171875 0.22916666666666666 0.0125 0.020833333333333332
1 0.31953125 0.25729166666666664 0.0171875 0.035416666666666666
1 0.29765625 0.23125 0.0171875 0.025
1 0.2765625 0.22604166666666667 0.015625 0.01875
1 0.38359375 0.18541666666666667 0.0140625 0.020833333333333332
1 0.36640625 0.190625 0.0171875 0.022916666666666665
1 0.328125 0.18645833333333334 0.015625 0.022916666666666665
1 0.3109375 0.190625 0.01875 0.035416666666666666
1 0.30078125 0.16979166666666667 0.0234375 0.03125
1 0.50234375 0.18020833333333333 0.0109375 0.022916666666666665
1 0.6453125 0.471875 0.025 0.04375
1 0.60078125 0.42916666666666664 0.0265625 0.04583333333333333
1 0.58046875 0.34479166666666666 0.0203125 0.035416666666666666
1 0.56015625 0.26875 0.0171875 0.029166666666666667
