
1 0.37109375 0.9708333333333333 0.0671875 0.05416666666666667
1 0.44296875 0.9260416666666667 0.0578125 0.04791666666666667
1 0.23046875 0.990625 0.0515625 0.01875
1 0.31015625 0.95625 0.0671875 0.05416666666666667
1 0.39453125 0.9072916666666667 0.0578125 0.04791666666666667
1 0.159375 0.9833333333333333 0.06875 0.03333333333333333
1 0.2484375 0.9416666666666667 0.0625 0.04583333333333333
1 0.32421875 0.8989583333333333 0.0515625 0.04791666666666667
1 0.396875 0.8572916666666667 0.05625 0.04375
1 0.11015625 0.9739583333333334 0.0703125 0.052083333333333336
1 0.19140625 0.9260416666666667 0.0640625 0.052083333333333336
1 0.28046875 0.8802083333333334 0.0734375 0.05625
1 0.35703125 0.8375 0.0546875 0.04583333333333333





1 0.09921875 0.8677083333333333 0.0640625 0.05625

1 0.68515625 0.8354166666666667 0.0359375 0.06666666666666667



1 0.92578125 0.6020833333333333 0.0265625 0.041666666666666664

5 0.53515625 0.765625 0.0171875 0.03125
4 0.39375 0.6145833333333334 0.009375 0.020833333333333332
4 0.39921875 0.6427083333333333 0.0109375 0.022916666666666665
5 0.4859375 0.6833333333333333 0.009375 0.020833333333333332
5 0.5078125 0.7760416666666666 0.0125 0.027083333333333334
4 0.43046875 0.63125 0.0078125 0.020833333333333332
4 0.35234375 0.5083333333333333 0.0078125 0.016666666666666666
4 0.35859375 0.5010416666666667 0.0109375 0.010416666666666666
5 0.596875 0.7635416666666667 0.0125 0.027083333333333334
1 0.68671875 0.8364583333333333 0.0390625 0.06875
5 0.596875 0.675 0.009375 0.025
5 0.5828125 0.659375 0.009375 0.027083333333333334
5 0.6578125 0.8822916666666667 0.0125 0.03125

5 0.64765625 0.6385416666666667 0.0109375 0.027083333333333334


5 0.66640625 0.6677083333333333 0.0140625 0.03125

5 0.825 0.5020833333333333 0.01875 0.020833333333333332
5 0.82421875 0.503125 0.0203125 0.022916666666666665
5 0.646875 0.6385416666666667 0.009375 0.022916666666666665
5 0.38046875 0.584375 0.0453125 0.04375
5 0.38046875 0.5854166666666667 0.0453125 0.04583333333333333
5 0.38046875 0.5854166666666667 0.0453125 0.04583333333333333
1 0.38046875 0.5854166666666667 0.0453125 0.04583333333333333
3 0.6125 0.5177083333333333 0.05 0.11041666666666666
1 0.53671875 0.39895833333333336 0.0171875 0.03125
1 0.54921875 0.334375 0.0203125 0.035416666666666666
3 0.52734375 0.19791666666666666 0.0328125 0.1125
1 0.51953125 0.15833333333333333 0.0140625 0.025
1 0.5359375 0.13541666666666666 0.015625 0.025
1 0.49375 0.159375 0.015625 0.022916666666666665
1 0.53515625 0.13229166666666667 0.0140625 0.01875
1 0.3765625 0.24895833333333334 0.01875 0.022916666666666665
1 0.35546875 0.246875 0.0171875 0.022916666666666665
1 0.37421875 0.225 0.0171875 0.025
1 0.3546875 0.22395833333333334 0.0125 0.01875
1 0.3359375 0.22395833333333334 0.0125 0.022916666666666665
1 0.3171875 0.22916666666666666 0.0125 0.020833333333333332
1 0.31953125 0.25729166666666664 0.0171875 0.035416666666666666
1 0.2984375 0.23125 0.01875 0.025
1 0.2765625 0.22604166666666667 0.015625 0.01875
1 0.38359375 0.18541666666666667 0.0140625 0.020833333333333332
1 0.36640625 0.190625 0.0171875 0.022916666666666665
1 0.328125 0.18645833333333334 0.015625 0.022916666666666665
1 0.3109375 0.190625 0.01875 0.035416666666666666
1 0.30078125 0.16979166666666667 0.0234375 0.03125
1 0.5015625 0.18229166666666666 0.0125 0.027083333333333334
1 0.64921875 0.4822916666666667 0.0265625 0.04375
1 0.6046875 0.43854166666666666 0.025 0.04375
1 0.58203125 0.35104166666666664 0.0203125 0.035416666666666666
1 0.56015625 0.27395833333333336 0.0171875 0.03125
