
1 0.37109375 0.971875 0.0671875 0.05625
1 0.44375 0.9260416666666667 0.059375 0.04791666666666667
1 0.23046875 0.990625 0.0515625 0.01875
1 0.31015625 0.95625 0.0671875 0.05416666666666667
1 0.39609375 0.9072916666666667 0.0578125 0.04791666666666667
1 0.15859375 0.9833333333333333 0.0703125 0.03333333333333333
1 0.24765625 0.9416666666666667 0.0609375 0.04583333333333333
1 0.32421875 0.8989583333333333 0.0515625 0.04791666666666667
1 0.396875 0.8572916666666667 0.05625 0.04375
1 0.11015625 0.9739583333333334 0.0703125 0.052083333333333336
1 0.19140625 0.9260416666666667 0.0640625 0.052083333333333336
1 0.2796875 0.8802083333333334 0.071875 0.05625
1 0.35703125 0.8375 0.0546875 0.04583333333333333





1 0.09140625 0.8708333333333333 0.0640625 0.05416666666666667

1 0.6890625 0.8458333333333333 0.0375 0.06666666666666667



1 0.9265625 0.5979166666666667 0.028125 0.041666666666666664

5 0.53671875 0.7697916666666667 0.0171875 0.03125
4 0.39453125 0.615625 0.0078125 0.01875
4 0.4 0.6447916666666667 0.009375 0.022916666666666665
5 0.4859375 0.6854166666666667 0.009375 0.020833333333333332
5 0.51015625 0.7791666666666667 0.0109375 0.029166666666666667
4 0.43125 0.6322916666666667 0.009375 0.01875
4 0.35234375 0.5083333333333333 0.0078125 0.016666666666666666
4 0.35859375 0.5010416666666667 0.0109375 0.010416666666666666
5 0.59921875 0.7677083333333333 0.0109375 0.027083333333333334
1 0.68984375 0.846875 0.0390625 0.06875
5 0.59765625 0.6791666666666667 0.0109375 0.025
5 0.58359375 0.6625 0.0078125 0.025
5 0.66015625 0.8895833333333333 0.0109375 0.029166666666666667

5 0.64765625 0.6416666666666667 0.0109375 0.025


5 0.6671875 0.6708333333333333 0.0125 0.029166666666666667

5 0.8265625 0.503125 0.01875 0.022916666666666665
5 0.8265625 0.503125 0.01875 0.022916666666666665
5 0.64765625 0.6416666666666667 0.0109375 0.025
5 0.37578125 0.5885416666666666 0.0453125 0.04375
5 0.375 0.5895833333333333 0.046875 0.04583333333333333
5 0.37578125 0.5885416666666666 0.0453125 0.04375
1 0.37578125 0.5895833333333333 0.0453125 0.04583333333333333
3 0.6125 0.521875 0.05 0.11041666666666666
1 0.5359375 0.4010416666666667 0.01875 0.03125
1 0.54921875 0.33645833333333336 0.0203125 0.035416666666666666
3 0.528125 0.2 0.034375 0.1125
1 0.51953125 0.16041666666666668 0.0140625 0.025
1 0.5359375 0.1375 0.015625 0.025
1 0.49375 0.16041666666666668 0.015625 0.020833333333333332
1 0.5359375 0.13645833333333332 0.015625 0.022916666666666665
1 0.3765625 0.24895833333333334 0.01875 0.022916666666666665
1 0.35546875 0.246875 0.0171875 0.022916666666666665
1 0.3734375 0.22604166666666667 0.015625 0.022916666666666665
1 0.3546875 0.22291666666666668 0.0125 0.020833333333333332
1 0.33515625 0.22395833333333334 0.0140625 0.022916666666666665
1 0.3171875 0.22916666666666666 0.0125 0.020833333333333332
1 0.31953125 0.25729166666666664 0.0171875 0.035416666666666666
1 0.2984375 0.23229166666666667 0.01875 0.022916666666666665
1 0.278125 0.22604166666666667 0.015625 0.01875
1 0.38359375 0.18541666666666667 0.0140625 0.020833333333333332
1 0.36640625 0.190625 0.0171875 0.022916666666666665
1 0.328125 0.1875 0.015625 0.020833333333333332
1 0.31171875 0.190625 0.0203125 0.035416666666666666
1 0.30078125 0.16875 0.0234375 0.029166666666666667
1 0.50234375 0.18229166666666666 0.0140625 0.027083333333333334
1 0.65078125 0.4864583333333333 0.0265625 0.04375
1 0.60546875 0.44375 0.0265625 0.04583333333333333
1 0.5828125 0.3541666666666667 0.021875 0.03333333333333333
1 0.56171875 0.2760416666666667 0.0171875 0.03125
