
1 0.37109375 0.971875 0.0671875 0.05625
1 0.44296875 0.9260416666666667 0.0578125 0.04791666666666667
1 0.2296875 0.990625 0.05 0.01875
1 0.309375 0.95625 0.065625 0.05416666666666667
1 0.39453125 0.9072916666666667 0.0578125 0.04791666666666667
1 0.15859375 0.9833333333333333 0.0703125 0.03333333333333333
1 0.24765625 0.9416666666666667 0.0609375 0.04583333333333333
1 0.32421875 0.9 0.0515625 0.04583333333333333
1 0.396875 0.8572916666666667 0.05625 0.04375
1 0.11015625 0.9739583333333334 0.0703125 0.052083333333333336
1 0.19140625 0.9260416666666667 0.0640625 0.052083333333333336
1 0.2796875 0.88125 0.071875 0.05416666666666667
1 0.35703125 0.8375 0.0546875 0.04583333333333333





1 0.07109375 0.88125 0.0640625 0.058333333333333334

1 0.69921875 0.8739583333333333 0.0390625 0.06875



1 0.9296875 0.5875 0.028125 0.041666666666666664

5 0.5421875 0.7802083333333333 0.01875 0.03125
4 0.3953125 0.61875 0.009375 0.020833333333333332
4 0.40078125 0.646875 0.0109375 0.022916666666666665
5 0.490625 0.6927083333333334 0.009375 0.027083333333333334
5 0.51484375 0.7875 0.0109375 0.029166666666666667
4 0.43203125 0.6354166666666666 0.0078125 0.020833333333333332
4 0.35234375 0.5083333333333333 0.0078125 0.016666666666666666
4 0.3578125 0.5010416666666667 0.009375 0.010416666666666666
5 0.603125 0.78125 0.0125 0.029166666666666667
1 0.69921875 0.875 0.0390625 0.07083333333333333
5 0.60078125 0.690625 0.0140625 0.027083333333333334
5 0.5859375 0.6760416666666667 0.009375 0.022916666666666665
5 0.66640625 0.9072916666666667 0.0140625 0.027083333333333334

5 0.6484375 0.6520833333333333 0.0125 0.029166666666666667


5 0.66875 0.68125 0.0125 0.03333333333333333

5 0.83125 0.5052083333333334 0.01875 0.022916666666666665
5 0.83125 0.50625 0.01875 0.025
5 0.64765625 0.6520833333333333 0.0109375 0.025
5 0.3625 0.5979166666666667 0.046875 0.04583333333333333
5 0.3625 0.5989583333333334 0.046875 0.04791666666666667
5 0.3625 0.5979166666666667 0.046875 0.04583333333333333
1 0.3625 0.5979166666666667 0.046875 0.04583333333333333
3 0.61484375 0.5302083333333333 0.0515625 0.11041666666666666
1 0.53203125 0.4083333333333333 0.0171875 0.029166666666666667
1 0.55078125 0.34375 0.0203125 0.0375
3 0.52890625 0.20416666666666666 0.0328125 0.1125
1 0.51953125 0.1625 0.0140625 0.025
1 0.5359375 0.13958333333333334 0.015625 0.025
1 0.49375 0.16041666666666668 0.015625 0.025
1 0.53515625 0.13854166666666667 0.0140625 0.022916666666666665
1 0.3765625 0.24895833333333334 0.01875 0.022916666666666665
1 0.3546875 0.246875 0.015625 0.022916666666666665
1 0.3734375 0.22604166666666667 0.015625 0.022916666666666665
1 0.3546875 0.22395833333333334 0.0125 0.01875
1 0.33515625 0.22395833333333334 0.0140625 0.022916666666666665
1 0.31640625 0.22916666666666666 0.0140625 0.020833333333333332
1 0.31796875 0.259375 0.0171875 0.035416666666666666
1 0.29765625 0.23125 0.0171875 0.025
1 0.278125 0.22708333333333333 0.015625 0.020833333333333332
1 0.3828125 0.18541666666666667 0.015625 0.020833333333333332
1 0.36640625 0.19166666666666668 0.0171875 0.025
1 0.32890625 0.18645833333333334 0.0171875 0.022916666666666665
1 0.31171875 0.190625 0.0203125 0.035416666666666666
1 0.3 0.16875 0.021875 0.029166666666666667
1 0.50234375 0.184375 0.0140625 0.027083333333333334
1 0.6546875 0.4979166666666667 0.028125 0.04583333333333333
1 0.60859375 0.45208333333333334 0.0265625 0.041666666666666664
1 0.5859375 0.3614583333333333 0.021875 0.035416666666666666
1 0.56171875 0.28125 0.0171875 0.029166666666666667
