
1 0.37109375 0.971875 0.0671875 0.05625
1 0.44296875 0.925 0.0578125 0.05
1 0.2296875 0.990625 0.05 0.01875
1 0.309375 0.95625 0.065625 0.05416666666666667
1 0.39453125 0.9072916666666667 0.0578125 0.04791666666666667
1 0.15859375 0.9833333333333333 0.0703125 0.03333333333333333
1 0.246875 0.9416666666666667 0.0625 0.04583333333333333
1 0.32421875 0.9 0.0515625 0.04583333333333333
1 0.396875 0.8572916666666667 0.05625 0.04375
1 0.11015625 0.9739583333333334 0.0703125 0.052083333333333336
1 0.19140625 0.9260416666666667 0.0640625 0.052083333333333336
1 0.2796875 0.88125 0.071875 0.05416666666666667
1 0.35625 0.8375 0.05625 0.04583333333333333





1 0.0578125 0.8864583333333333 0.065625 0.05625

1 0.7046875 0.8916666666666667 0.040625 0.07083333333333333



1 0.93203125 0.5802083333333333 0.0296875 0.03958333333333333

5 0.54609375 0.7864583333333334 0.0171875 0.035416666666666666
4 0.396875 0.6208333333333333 0.009375 0.020833333333333332
4 0.40078125 0.6479166666666667 0.0109375 0.025
5 0.4921875 0.6958333333333333 0.009375 0.025
5 0.515625 0.7927083333333333 0.0125 0.03125
4 0.4328125 0.6364583333333333 0.009375 0.022916666666666665
4 0.35234375 0.5083333333333333 0.0078125 0.016666666666666666
4 0.3578125 0.5010416666666667 0.009375 0.010416666666666666
5 0.6046875 0.7895833333333333 0.0125 0.029166666666666667
1 0.70546875 0.8916666666666667 0.0390625 0.07083333333333333
5 0.60390625 0.6979166666666666 0.0109375 0.025
5 0.5875 0.684375 0.009375 0.027083333333333334
5 0.66875 0.9197916666666667 0.0125 0.027083333333333334

5 0.64921875 0.659375 0.0109375 0.027083333333333334


5 0.66953125 0.6864583333333333 0.0140625 0.03125

5 0.83515625 0.5083333333333333 0.0203125 0.025
5 0.83515625 0.5083333333333333 0.0203125 0.025
5 0.64921875 0.6583333333333333 0.0109375 0.025
5 0.3546875 0.603125 0.046875 0.04375
5 0.35390625 0.6041666666666666 0.0484375 0.04583333333333333
5 0.35390625 0.6041666666666666 0.0484375 0.04583333333333333
1 0.35390625 0.6041666666666666 0.0484375 0.04583333333333333
3 0.6171875 0.5354166666666667 0.053125 0.1125
1 0.5296875 0.41354166666666664 0.01875 0.03125
1 0.55078125 0.34791666666666665 0.0203125 0.0375
3 0.52890625 0.20625 0.0328125 0.1125
1 0.51953125 0.16458333333333333 0.0140625 0.025
1 0.5359375 0.14166666666666666 0.015625 0.025
1 0.50390625 0.12395833333333334 0.0359375 0.09791666666666667
1 0.5359375 0.140625 0.0125 0.022916666666666665
1 0.3765625 0.25 0.01875 0.025
1 0.3546875 0.246875 0.015625 0.022916666666666665
1 0.3734375 0.22604166666666667 0.015625 0.022916666666666665
1 0.3546875 0.22291666666666668 0.0125 0.020833333333333332
1 0.33515625 0.22395833333333334 0.0140625 0.022916666666666665
1 0.31640625 0.22916666666666666 0.0140625 0.020833333333333332
1 0.31796875 0.259375 0.0171875 0.035416666666666666
1 0.29765625 0.23229166666666667 0.0171875 0.022916666666666665
1 0.2765625 0.22604166666666667 0.015625 0.01875
1 0.3828125 0.18541666666666667 0.015625 0.020833333333333332
1 0.365625 0.19270833333333334 0.015625 0.027083333333333334
1 0.328125 0.18645833333333334 0.015625 0.022916666666666665
1 0.31171875 0.190625 0.0203125 0.035416666666666666
1 0.30078125 0.16979166666666667 0.0234375 0.03125
1 0.503125 0.18541666666666667 0.0125 0.025
1 0.65703125 0.5052083333333334 0.0265625 0.04375
1 0.6109375 0.4583333333333333 0.025 0.041666666666666664
1 0.58671875 0.36666666666666664 0.0234375 0.0375
1 0.56328125 0.284375 0.0171875 0.03125
