
1 0.37109375 0.9708333333333333 0.0671875 0.05416666666666667
1 0.44296875 0.9260416666666667 0.0578125 0.04791666666666667
1 0.2296875 0.990625 0.05 0.01875
1 0.309375 0.95625 0.065625 0.05416666666666667
1 0.39453125 0.9072916666666667 0.0578125 0.04791666666666667
1 0.159375 0.9833333333333333 0.06875 0.03333333333333333
1 0.246875 0.9416666666666667 0.0625 0.04583333333333333
1 0.32421875 0.9 0.0515625 0.04583333333333333
1 0.396875 0.8572916666666667 0.05625 0.04375
1 0.11015625 0.9739583333333334 0.0703125 0.052083333333333336
1 0.19140625 0.9260416666666667 0.0640625 0.052083333333333336
1 0.2796875 0.8802083333333334 0.071875 0.05625
1 0.35625 0.8375 0.05625 0.04583333333333333





1 0.04921875 0.8916666666666667 0.0640625 0.058333333333333334

1 0.709375 0.9052083333333333 0.040625 0.07291666666666667



1 0.93359375 0.5760416666666667 0.0296875 0.03958333333333333

5 0.54765625 0.790625 0.0171875 0.035416666666666666
4 0.396875 0.6208333333333333 0.009375 0.020833333333333332
4 0.40078125 0.65 0.0109375 0.025
5 0.49296875 0.6979166666666666 0.0109375 0.025
5 0.51875 0.7958333333333333 0.0125 0.029166666666666667
4 0.4328125 0.6375 0.009375 0.020833333333333332
4 0.3515625 0.509375 0.00625 0.014583333333333334
4 0.3578125 0.5010416666666667 0.009375 0.010416666666666666
5 0.60625 0.7927083333333333 0.0125 0.03125
1 0.709375 0.9052083333333333 0.040625 0.07291666666666667
5 0.60546875 0.703125 0.0109375 0.027083333333333334
5 0.58828125 0.6875 0.0109375 0.025
5 0.67109375 0.9260416666666667 0.0140625 0.027083333333333334

5 0.65 0.6635416666666667 0.0125 0.027083333333333334


5 0.66953125 0.6895833333333333 0.0140625 0.03333333333333333

5 0.8375 0.5104166666666666 0.01875 0.025
5 0.83671875 0.5104166666666666 0.0203125 0.025
5 0.65 0.6635416666666667 0.009375 0.027083333333333334
5 0.34921875 0.6083333333333333 0.0484375 0.04583333333333333
5 0.34921875 0.6072916666666667 0.0484375 0.04791666666666667
5 0.34921875 0.6083333333333333 0.0484375 0.04583333333333333
1 0.34921875 0.6083333333333333 0.0484375 0.04583333333333333
3 0.6171875 0.5395833333333333 0.053125 0.1125
1 0.528125 0.41770833333333335 0.01875 0.03125
1 0.55078125 0.35 0.0203125 0.0375
3 0.5296875 0.209375 0.034375 0.11041666666666666
1 0.51953125 0.16666666666666666 0.0140625 0.025
1 0.5359375 0.14166666666666666 0.015625 0.025
1 0.49375 0.16041666666666668 0.015625 0.025
1 0.5359375 0.14166666666666666 0.015625 0.025
1 0.3765625 0.25 0.01875 0.025
1 0.3546875 0.24791666666666667 0.015625 0.025
1 0.3734375 0.22604166666666667 0.015625 0.022916666666666665
1 0.3546875 0.22291666666666668 0.0125 0.016666666666666666
1 0.33515625 0.22395833333333334 0.0140625 0.022916666666666665
1 0.31640625 0.22916666666666666 0.0140625 0.020833333333333332
1 0.3203125 0.25833333333333336 0.01875 0.0375
1 0.29765625 0.23229166666666667 0.0171875 0.022916666666666665
1 0.2765625 0.22604166666666667 0.015625 0.01875
1 0.38203125 0.18541666666666667 0.0140625 0.020833333333333332
1 0.365625 0.19270833333333334 0.015625 0.027083333333333334
1 0.328125 0.1875 0.015625 0.020833333333333332
1 0.31171875 0.190625 0.0203125 0.035416666666666666
1 0.30078125 0.16979166666666667 0.0234375 0.03125
1 0.50234375 0.184375 0.0140625 0.027083333333333334
1 0.65859375 0.5104166666666666 0.0265625 0.04583333333333333
1 0.61171875 0.4625 0.0265625 0.04583333333333333
1 0.5875 0.3697916666666667 0.021875 0.035416666666666666
1 0.56328125 0.2864583333333333 0.0171875 0.03125
