
1 0.37109375 0.971875 0.0671875 0.05625
1 0.44296875 0.9260416666666667 0.0578125 0.04791666666666667
1 0.2296875 0.990625 0.05 0.01875
1 0.309375 0.95625 0.065625 0.05416666666666667
1 0.39453125 0.9072916666666667 0.0578125 0.04791666666666667
1 0.15859375 0.9833333333333333 0.0703125 0.03333333333333333
1 0.246875 0.9416666666666667 0.0625 0.04583333333333333
1 0.32421875 0.9 0.0515625 0.04583333333333333
1 0.396875 0.8572916666666667 0.05625 0.04375
1 0.109375 0.9739583333333334 0.06875 0.052083333333333336
1 0.19140625 0.9260416666666667 0.0640625 0.052083333333333336
1 0.2796875 0.8802083333333334 0.071875 0.05625
1 0.35625 0.8375 0.05625 0.04583333333333333





1 0.0359375 0.896875 0.065625 0.05625

1 0.71640625 0.9229166666666667 0.0421875 0.075



1 0.93671875 0.5697916666666667 0.0296875 0.04375

5 0.55 0.796875 0.01875 0.03125
4 0.396875 0.621875 0.009375 0.01875
4 0.40234375 0.6520833333333333 0.0109375 0.025
5 0.49453125 0.7 0.0109375 0.025
5 0.5203125 0.7989583333333333 0.0125 0.027083333333333334
4 0.434375 0.6364583333333333 0.00625 0.01875
4 0.3515625 0.509375 0.00625 0.01875
4 0.3578125 0.5010416666666667 0.009375 0.010416666666666666
5 0.609375 0.8010416666666667 0.0125 0.027083333333333334
1 0.71640625 0.9229166666666667 0.0421875 0.075
5 0.6078125 0.7104166666666667 0.0125 0.025
5 0.590625 0.6947916666666667 0.009375 0.027083333333333334
5 0.67421875 0.9375 0.0140625 0.029166666666666667

5 0.65078125 0.6697916666666667 0.0140625 0.027083333333333334


5 0.67109375 0.696875 0.0140625 0.03125

5 0.83984375 0.5125 0.0203125 0.025
5 0.84140625 0.5114583333333333 0.0171875 0.022916666666666665
5 0.65078125 0.6708333333333333 0.0109375 0.025
5 0.33984375 0.6145833333333334 0.0453125 0.04583333333333333
5 0.33984375 0.6145833333333334 0.0453125 0.04583333333333333
5 0.33984375 0.6145833333333334 0.0453125 0.04583333333333333
1 0.33984375 0.6145833333333334 0.0484375 0.04583333333333333
3 0.61953125 0.5458333333333333 0.0515625 0.1125
1 0.52578125 0.421875 0.0203125 0.03125
1 0.55234375 0.35520833333333335 0.0203125 0.03958333333333333
3 0.5296875 0.21041666666666667 0.034375 0.11666666666666667
1 0.52109375 0.16666666666666666 0.0140625 0.025
1 0.53671875 0.14270833333333333 0.0140625 0.022916666666666665
1 0.49375 0.16041666666666668 0.015625 0.025
1 0.53671875 0.14270833333333333 0.0140625 0.022916666666666665
1 0.3765625 0.24895833333333334 0.01875 0.022916666666666665
1 0.3546875 0.246875 0.015625 0.022916666666666665
1 0.3734375 0.22604166666666667 0.015625 0.022916666666666665
1 0.3546875 0.22395833333333334 0.0125 0.01875
1 0.33515625 0.22395833333333334 0.0140625 0.022916666666666665
1 0.31640625 0.22916666666666666 0.0140625 0.020833333333333332
1 0.31875 0.259375 0.015625 0.035416666666666666
1 0.29765625 0.23229166666666667 0.0171875 0.022916666666666665
1 0.2765625 0.22708333333333333 0.015625 0.020833333333333332
1 0.3828125 0.18541666666666667 0.015625 0.020833333333333332
1 0.365625 0.19375 0.015625 0.029166666666666667
1 0.32890625 0.18645833333333334 0.0171875 0.022916666666666665
1 0.3109375 0.190625 0.01875 0.035416666666666666
1 0.30078125 0.16979166666666667 0.0234375 0.03125
1 0.503125 0.18541666666666667 0.0125 0.025
1 0.6609375 0.51875 0.028125 0.04583333333333333
1 0.61484375 0.46770833333333334 0.0265625 0.04791666666666667
1 0.5890625 0.3729166666666667 0.021875 0.0375
1 0.5640625 0.28958333333333336 0.01875 0.03333333333333333
