
1 0.37109375 0.9729166666666667 0.0671875 0.05416666666666667
1 0.44296875 0.9260416666666667 0.0578125 0.04791666666666667
1 0.2296875 0.990625 0.05 0.01875
1 0.309375 0.95625 0.065625 0.05416666666666667
1 0.39453125 0.9072916666666667 0.0578125 0.04791666666666667
1 0.15859375 0.9833333333333333 0.0703125 0.03333333333333333
1 0.24609375 0.9416666666666667 0.0609375 0.04583333333333333
1 0.32421875 0.9 0.0515625 0.04583333333333333
1 0.39609375 0.8572916666666667 0.0578125 0.04375
1 0.109375 0.9739583333333334 0.06875 0.052083333333333336
1 0.19140625 0.9260416666666667 0.0640625 0.052083333333333336
1 0.2796875 0.8802083333333334 0.071875 0.05625
1 0.35625 0.8375 0.05625 0.04583333333333333





1 0.0296875 0.9020833333333333 0.059375 0.058333333333333334

1 0.72109375 0.9364583333333333 0.0421875 0.07708333333333334



1 0.9375 0.565625 0.028125 0.03958333333333333

5 0.55234375 0.8010416666666667 0.0171875 0.035416666666666666
4 0.39765625 0.6239583333333333 0.0109375 0.01875
4 0.403125 0.6520833333333333 0.0125 0.025
5 0.49609375 0.703125 0.0109375 0.027083333333333334
5 0.521875 0.803125 0.0125 0.027083333333333334
4 0.43515625 0.6375 0.0078125 0.016666666666666666
4 0.3515625 0.5072916666666667 0.00625 0.014583333333333334
4 0.3578125 0.5010416666666667 0.009375 0.010416666666666666
5 0.6109375 0.80625 0.0125 0.029166666666666667
1 0.72109375 0.9364583333333333 0.0421875 0.07708333333333334
5 0.609375 0.715625 0.0125 0.027083333333333334
5 0.59296875 0.6958333333333333 0.0078125 0.016666666666666666
5 0.6765625 0.94375 0.0125 0.029166666666666667

5 0.6515625 0.675 0.0125 0.025


5 0.671875 0.7010416666666667 0.0125 0.03125

5 0.840625 0.5135416666666667 0.021875 0.027083333333333334
5 0.84296875 0.5125 0.0171875 0.020833333333333332
5 0.65234375 0.675 0.0109375 0.025
5 0.334375 0.6177083333333333 0.046875 0.04375
5 0.334375 0.61875 0.046875 0.04583333333333333
5 0.334375 0.6177083333333333 0.046875 0.04375
1 0.334375 0.6177083333333333 0.05 0.04791666666666667
3 0.6203125 0.5479166666666667 0.053125 0.1125
1 0.525 0.425 0.021875 0.03333333333333333
1 0.55234375 0.35833333333333334 0.0203125 0.0375
3 0.5296875 0.21458333333333332 0.034375 0.11666666666666667
1 0.52109375 0.16875 0.0140625 0.025
1 0.53671875 0.14375 0.0140625 0.025
1 0.49375 0.11770833333333333 0.015625 0.11041666666666666
1 0.53671875 0.14479166666666668 0.0140625 0.022916666666666665
1 0.3765625 0.24895833333333334 0.01875 0.022916666666666665
1 0.3546875 0.246875 0.015625 0.022916666666666665
1 0.3734375 0.22604166666666667 0.015625 0.022916666666666665
1 0.3546875 0.22291666666666668 0.0125 0.016666666666666666
1 0.33515625 0.22395833333333334 0.0140625 0.022916666666666665
1 0.31640625 0.22916666666666666 0.0140625 0.020833333333333332
1 0.31796875 0.259375 0.0171875 0.035416666666666666
1 0.29765625 0.23229166666666667 0.0171875 0.022916666666666665
1 0.2765625 0.22604166666666667 0.015625 0.01875
1 0.38203125 0.18541666666666667 0.0140625 0.020833333333333332
1 0.36640625 0.19375 0.0171875 0.029166666666666667
1 0.32890625 0.1875 0.0171875 0.025
1 0.31171875 0.190625 0.0203125 0.035416666666666666
1 0.30078125 0.16979166666666667 0.0234375 0.03125
1 0.503125 0.18645833333333334 0.0125 0.022916666666666665
1 0.6625 0.5229166666666667 0.028125 0.04583333333333333
1 0.615625 0.47291666666666665 0.028125 0.04583333333333333
1 0.58984375 0.37604166666666666 0.0234375 0.035416666666666666
1 0.56484375 0.2916666666666667 0.0171875 0.03333333333333333
