
1 0.3703125 0.971875 0.065625 0.05625
1 0.44296875 0.9260416666666667 0.0578125 0.04791666666666667
1 0.2296875 0.990625 0.05 0.01875
1 0.309375 0.95625 0.065625 0.05416666666666667
1 0.39453125 0.9072916666666667 0.0578125 0.04791666666666667
1 0.15859375 0.9833333333333333 0.0703125 0.03333333333333333
1 0.24609375 0.9416666666666667 0.0609375 0.04583333333333333
1 0.32421875 0.9 0.0515625 0.04583333333333333
1 0.39609375 0.8572916666666667 0.0578125 0.04375
1 0.109375 0.9739583333333334 0.06875 0.052083333333333336
1 0.19140625 0.9260416666666667 0.0640625 0.052083333333333336
1 0.2796875 0.88125 0.071875 0.05416666666666667
1 0.35625 0.8375 0.05625 0.04583333333333333





1 0.0234375 0.9083333333333333 0.046875 0.058333333333333334

1 0.72890625 0.95625 0.0453125 0.07916666666666666



1 0.940625 0.559375 0.028125 0.03958333333333333

5 0.55703125 0.8072916666666666 0.0171875 0.035416666666666666
4 0.3984375 0.625 0.009375 0.020833333333333332
4 0.40390625 0.6552083333333333 0.0109375 0.027083333333333334
5 0.49765625 0.70625 0.0109375 0.029166666666666667
5 0.5234375 0.8083333333333333 0.0125 0.029166666666666667
4 0.4359375 0.6385416666666667 0.00625 0.014583333333333334
4 0.35078125 0.5083333333333333 0.0078125 0.0125
4 0.3578125 0.5010416666666667 0.009375 0.010416666666666666
5 0.61328125 0.8135416666666667 0.0140625 0.027083333333333334
1 0.7296875 0.95625 0.04375 0.07916666666666666
5 0.61328125 0.721875 0.0109375 0.027083333333333334
5 0.59375 0.7083333333333334 0.009375 0.025
5 0.6796875 0.95625 0.015625 0.029166666666666667

5 0.65390625 0.68125 0.0109375 0.029166666666666667


5 0.67265625 0.70625 0.0140625 0.03333333333333333

5 0.84453125 0.515625 0.0203125 0.027083333333333334
5 0.84609375 0.5145833333333333 0.0171875 0.020833333333333332
5 0.65390625 0.6822916666666666 0.0109375 0.027083333333333334
5 0.32578125 0.6239583333333333 0.0484375 0.04791666666666667
5 0.32578125 0.6239583333333333 0.0484375 0.04791666666666667
5 0.32578125 0.6239583333333333 0.0484375 0.04791666666666667
1 0.32578125 0.6239583333333333 0.0484375 0.04791666666666667
3 0.621875 0.5541666666666667 0.053125 0.1125
1 0.52265625 0.43020833333333336 0.0234375 0.035416666666666666
1 0.55390625 0.3625 0.0203125 0.0375
3 0.53125 0.21770833333333334 0.034375 0.11875
1 0.521875 0.171875 0.015625 0.027083333333333334
1 0.53671875 0.14583333333333334 0.0171875 0.025
1 0.49375 0.11770833333333333 0.01875 0.11041666666666666
1 0.5359375 0.14479166666666668 0.015625 0.022916666666666665
1 0.37578125 0.24895833333333334 0.0171875 0.022916666666666665
1 0.3546875 0.24791666666666667 0.015625 0.025
1 0.37421875 0.22604166666666667 0.0171875 0.022916666666666665
1 0.3546875 0.22291666666666668 0.0125 0.016666666666666666
1 0.33515625 0.22395833333333334 0.0140625 0.022916666666666665
1 0.31640625 0.22916666666666666 0.0140625 0.020833333333333332
1 0.31875 0.259375 0.015625 0.035416666666666666
1 0.29765625 0.23229166666666667 0.0171875 0.022916666666666665
1 0.2765625 0.22604166666666667 0.015625 0.01875
1 0.38203125 0.18541666666666667 0.0140625 0.020833333333333332
1 0.36640625 0.19270833333333334 0.0171875 0.027083333333333334
1 0.32890625 0.1875 0.0171875 0.025
1 0.31171875 0.190625 0.0203125 0.035416666666666666
1 0.29921875 0.17083333333333334 0.0203125 0.029166666666666667
1 0.503125 0.1875 0.0125 0.025
1 0.66484375 0.53125 0.0265625 0.04583333333333333
1 0.61796875 0.478125 0.0265625 0.04375
1 0.59140625 0.38125 0.0234375 0.0375
1 0.56484375 0.29583333333333334 0.0171875 0.03333333333333333
