
1 0.3703125 0.971875 0.065625 0.05625
1 0.44296875 0.925 0.0578125 0.05
1 0.2296875 0.990625 0.05 0.01875
1 0.309375 0.95625 0.065625 0.05416666666666667
1 0.39375 0.9072916666666667 0.05625 0.04791666666666667
1 0.15859375 0.9833333333333333 0.0703125 0.03333333333333333
1 0.246875 0.9416666666666667 0.0625 0.04583333333333333
1 0.32421875 0.9 0.0515625 0.04583333333333333
1 0.39609375 0.8572916666666667 0.0578125 0.04375
1 0.109375 0.9739583333333334 0.06875 0.052083333333333336
1 0.19140625 0.9260416666666667 0.0640625 0.052083333333333336
1 0.2796875 0.88125 0.071875 0.05416666666666667
1 0.35625 0.8375 0.05625 0.04583333333333333





1 0.01953125 0.9083333333333333 0.0390625 0.05

1 0.73359375 0.9645833333333333 0.0453125 0.07083333333333333



1 0.9421875 0.5541666666666667 0.028125 0.0375

5 0.55859375 0.8125 0.0171875 0.03333333333333333
4 0.3984375 0.6260416666666667 0.009375 0.01875
4 0.40390625 0.6541666666666667 0.0109375 0.025
5 0.5 0.7083333333333334 0.0125 0.029166666666666667
5 0.525 0.8114583333333333 0.0125 0.027083333333333334
4 0.4359375 0.6416666666666667 0.009375 0.020833333333333332
4 0.35078125 0.509375 0.0078125 0.014583333333333334
4 0.35859375 0.5 0.0109375 0.0125
5 0.61640625 0.8177083333333334 0.0109375 0.027083333333333334
1 0.734375 0.965625 0.04375 0.06875
5 0.6140625 0.728125 0.0125 0.027083333333333334
5 0.5953125 0.7125 0.009375 0.025
5 0.68203125 0.9635416666666666 0.0140625 0.03125

5 0.6546875 0.6854166666666667 0.0125 0.029166666666666667


5 0.6734375 0.7114583333333333 0.0125 0.03125

5 0.84765625 0.5166666666666667 0.0203125 0.025
5 0.8484375 0.515625 0.015625 0.022916666666666665
5 0.65390625 0.6854166666666667 0.0109375 0.025
5 0.31875 0.628125 0.05 0.04791666666666667
5 0.31875 0.6291666666666667 0.05 0.05
5 0.31875 0.628125 0.05 0.04791666666666667
1 0.31953125 0.628125 0.0484375 0.04791666666666667
3 0.621875 0.5583333333333333 0.053125 0.1125
1 0.52109375 0.434375 0.0203125 0.035416666666666666
1 0.55390625 0.365625 0.0203125 0.035416666666666666
3 0.53046875 0.21875 0.0359375 0.12083333333333333
1 0.52265625 0.171875 0.0171875 0.027083333333333334
1 0.53671875 0.146875 0.0171875 0.027083333333333334
1 0.49296875 0.11770833333333333 0.0171875 0.11041666666666666
1 0.5359375 0.14479166666666668 0.015625 0.022916666666666665
1 0.3765625 0.25 0.01875 0.025
1 0.3546875 0.24791666666666667 0.015625 0.025
1 0.3734375 0.22604166666666667 0.015625 0.022916666666666665
1 0.3546875 0.22291666666666668 0.0125 0.016666666666666666
1 0.33515625 0.22395833333333334 0.0140625 0.022916666666666665
1 0.31640625 0.22916666666666666 0.0140625 0.020833333333333332
1 0.31953125 0.25833333333333336 0.0171875 0.0375
1 0.29765625 0.23229166666666667 0.0171875 0.022916666666666665
1 0.2765625 0.22708333333333333 0.015625 0.020833333333333332
1 0.38203125 0.18541666666666667 0.0140625 0.020833333333333332
1 0.36640625 0.19270833333333334 0.0171875 0.027083333333333334
1 0.32890625 0.1875 0.0171875 0.025
1 0.3109375 0.190625 0.01875 0.035416666666666666
1 0.29921875 0.16979166666666667 0.0203125 0.027083333333333334
1 0.503125 0.1875 0.0125 0.025
1 0.6671875 0.5364583333333334 0.028125 0.04791666666666667
1 0.6203125 0.4822916666666667 0.028125 0.04375
1 0.59296875 0.3854166666666667 0.0265625 0.041666666666666664
1 0.565625 0.29791666666666666 0.01875 0.03333333333333333
