
1 0.37109375 0.9729166666666667 0.0671875 0.05416666666666667
1 0.44296875 0.9260416666666667 0.0578125 0.04791666666666667
1 0.2296875 0.990625 0.05 0.01875
1 0.309375 0.95625 0.065625 0.05416666666666667
1 0.39453125 0.9072916666666667 0.0578125 0.04791666666666667
1 0.15859375 0.984375 0.0703125 0.03125
1 0.246875 0.9416666666666667 0.0625 0.04583333333333333
1 0.32421875 0.9 0.0515625 0.04583333333333333
1 0.39609375 0.8572916666666667 0.0578125 0.04375
1 0.109375 0.9739583333333334 0.06875 0.052083333333333336
1 0.19140625 0.9260416666666667 0.0640625 0.052083333333333336
1 0.2796875 0.88125 0.071875 0.05416666666666667
1 0.35625 0.8375 0.05625 0.04583333333333333





1 0.0125 0.9135416666666667 0.025 0.04791666666666667

1 0.740625 0.9739583333333334 0.04375 0.052083333333333336



1 0.9453125 0.546875 0.028125 0.03958333333333333

5 0.5609375 0.8197916666666667 0.01875 0.035416666666666666
4 0.39921875 0.6270833333333333 0.0109375 0.020833333333333332
4 0.40390625 0.6583333333333333 0.0109375 0.025
5 0.5015625 0.7114583333333333 0.0125 0.027083333333333334
5 0.528125 0.815625 0.0125 0.027083333333333334
4 0.4375 0.6416666666666667 0.00625 0.016666666666666666
4 0.35 0.5083333333333333 0.00625 0.0125
4 0.35859375 0.5010416666666667 0.0109375 0.010416666666666666
5 0.61875 0.825 0.0125 0.029166666666666667
1 0.74140625 0.975 0.0421875 0.05
5 0.6171875 0.7364583333333333 0.0125 0.027083333333333334
5 0.5984375 0.7208333333333333 0.009375 0.025
5 0.6859375 0.975 0.015625 0.03333333333333333

5 0.65546875 0.690625 0.0109375 0.027083333333333334


5 0.675 0.715625 0.0125 0.03125

5 0.85078125 0.51875 0.0203125 0.025
5 0.85078125 0.51875 0.0203125 0.025
5 0.65546875 0.690625 0.0109375 0.027083333333333334
5 0.309375 0.6354166666666666 0.05 0.05
5 0.309375 0.6354166666666666 0.05 0.05
5 0.309375 0.6354166666666666 0.05 0.05
1 0.31015625 0.634375 0.0484375 0.04791666666666667
3 0.62421875 0.5635416666666667 0.0546875 0.11458333333333333
1 0.51875 0.43854166666666666 0.021875 0.035416666666666666
1 0.55546875 0.37083333333333335 0.0203125 0.0375
3 0.5328125 0.22291666666666668 0.034375 0.12083333333333333
1 0.52265625 0.175 0.0171875 0.029166666666666667
1 0.53671875 0.14791666666666667 0.0171875 0.029166666666666667
1 0.49375 0.11770833333333333 0.015625 0.11041666666666666
1 0.53671875 0.146875 0.0140625 0.022916666666666665
1 0.3765625 0.25 0.01875 0.025
1 0.3546875 0.24791666666666667 0.015625 0.025
1 0.3734375 0.225 0.015625 0.020833333333333332
1 0.3546875 0.22395833333333334 0.0125 0.01875
1 0.33515625 0.22395833333333334 0.0140625 0.022916666666666665
1 0.31640625 0.22916666666666666 0.0140625 0.020833333333333332
1 0.31875 0.259375 0.015625 0.035416666666666666
1 0.29765625 0.23229166666666667 0.0171875 0.022916666666666665
1 0.27734375 0.22708333333333333 0.0171875 0.020833333333333332
1 0.38203125 0.18645833333333334 0.0140625 0.01875
1 0.36640625 0.19270833333333334 0.0171875 0.027083333333333334
1 0.32890625 0.1875 0.0171875 0.025
1 0.31171875 0.19166666666666668 0.0203125 0.03333333333333333
1 0.3 0.17083333333333334 0.021875 0.029166666666666667
1 0.50234375 0.1875 0.0140625 0.025
1 0.6703125 0.54375 0.028125 0.04583333333333333
1 0.621875 0.490625 0.028125 0.04375
1 0.5953125 0.38958333333333334 0.025 0.0375
1 0.5671875 0.30104166666666665 0.01875 0.035416666666666666
