
1 0.3703125 0.9729166666666667 0.065625 0.05416666666666667
1 0.4421875 0.9260416666666667 0.059375 0.04791666666666667
1 0.2296875 0.990625 0.05 0.01875
1 0.309375 0.95625 0.065625 0.05416666666666667
1 0.39375 0.9072916666666667 0.05625 0.04791666666666667
1 0.15859375 0.984375 0.0703125 0.03125
1 0.246875 0.9416666666666667 0.0625 0.04583333333333333
1 0.32421875 0.9 0.0515625 0.04583333333333333
1 0.39609375 0.8572916666666667 0.0578125 0.04375
1 0.109375 0.9739583333333334 0.06875 0.052083333333333336
1 0.19140625 0.9260416666666667 0.0640625 0.052083333333333336
1 0.27890625 0.88125 0.0734375 0.05416666666666667
1 0.35625 0.8375 0.05625 0.04583333333333333





1 0.00859375 0.9166666666666666 0.0171875 0.041666666666666664

1 0.74375 0.98125 0.0375 0.0375



1 0.94765625 0.54375 0.0265625 0.041666666666666664

5 0.5640625 0.8229166666666666 0.01875 0.0375
4 0.39921875 0.6291666666666667 0.0109375 0.020833333333333332
4 0.4046875 0.659375 0.009375 0.022916666666666665
5 0.503125 0.7145833333333333 0.0125 0.029166666666666667
5 0.53125 0.8208333333333333 0.0125 0.029166666666666667
4 0.43828125 0.64375 0.0078125 0.016666666666666666
4 0.35 0.5083333333333333 0.00625 0.0125
4 0.35859375 0.5010416666666667 0.0109375 0.010416666666666666
5 0.6203125 0.8322916666666667 0.0125 0.027083333333333334
1 0.74453125 0.9822916666666667 0.0359375 0.035416666666666666
5 0.61796875 0.740625 0.0140625 0.027083333333333334
5 0.59921875 0.7260416666666667 0.0109375 0.027083333333333334
5 0.68828125 0.984375 0.0140625 0.03125

5 0.65625 0.6979166666666666 0.0125 0.029166666666666667


5 0.6765625 0.7208333333333333 0.0125 0.029166666666666667

5 0.85234375 0.5208333333333334 0.0203125 0.025
5 0.853125 0.5208333333333334 0.01875 0.025
5 0.65546875 0.6979166666666666 0.0109375 0.025
5 0.303125 0.6395833333333333 0.05 0.05
5 0.303125 0.640625 0.05 0.052083333333333336
5 0.303125 0.6395833333333333 0.05 0.05
1 0.303125 0.6395833333333333 0.05 0.05
3 0.62578125 0.5677083333333334 0.0546875 0.11458333333333333
1 0.5171875 0.4427083333333333 0.021875 0.035416666666666666
1 0.55703125 0.3729166666666667 0.0203125 0.03333333333333333
3 0.5328125 0.225 0.034375 0.12083333333333333
1 0.5234375 0.17708333333333334 0.015625 0.029166666666666667
1 0.53671875 0.15 0.0171875 0.029166666666666667
1 0.49375 0.11770833333333333 0.015625 0.11041666666666666
1 0.53671875 0.14791666666666667 0.0140625 0.025
1 0.3765625 0.25 0.01875 0.025
1 0.3546875 0.24791666666666667 0.015625 0.025
1 0.3734375 0.225 0.015625 0.020833333333333332
1 0.3546875 0.22395833333333334 0.0125 0.01875
1 0.33515625 0.22395833333333334 0.0140625 0.022916666666666665
1 0.31640625 0.22916666666666666 0.0140625 0.020833333333333332
1 0.31953125 0.259375 0.0171875 0.035416666666666666
1 0.29765625 0.23229166666666667 0.0171875 0.022916666666666665
1 0.27578125 0.228125 0.0171875 0.01875
1 0.38203125 0.1875 0.0140625 0.020833333333333332
1 0.36640625 0.19270833333333334 0.0171875 0.027083333333333334
1 0.32890625 0.1875 0.0171875 0.025
1 0.31171875 0.19270833333333334 0.0203125 0.035416666666666666
1 0.29921875 0.16979166666666667 0.0203125 0.027083333333333334
1 0.503125 0.1875 0.0125 0.025
1 0.671875 0.5489583333333333 0.028125 0.04791666666666667
1 0.6234375 0.49270833333333336 0.028125 0.04375
1 0.59609375 0.3927083333333333 0.0234375 0.03958333333333333
1 0.5671875 0.30416666666666664 0.01875 0.03333333333333333
