
1 0.3703125 0.971875 0.065625 0.05625
1 0.4421875 0.9260416666666667 0.059375 0.04791666666666667
1 0.2296875 0.990625 0.05 0.01875
1 0.309375 0.95625 0.065625 0.05416666666666667
1 0.39453125 0.9083333333333333 0.0578125 0.05
1 0.15859375 0.984375 0.0703125 0.03125
1 0.24609375 0.9416666666666667 0.0609375 0.04583333333333333
1 0.32421875 0.9 0.0515625 0.04583333333333333
1 0.39609375 0.8583333333333333 0.0578125 0.04583333333333333
1 0.10859375 0.9739583333333334 0.0703125 0.052083333333333336
1 0.19140625 0.9260416666666667 0.0640625 0.052083333333333336
1 0.27890625 0.88125 0.0734375 0.05416666666666667
1 0.35625 0.8375 0.05625 0.04583333333333333





1 0.00234375 0.9208333333333333 0.0046875 0.029166666666666667

1 0.74765625 0.9916666666666667 0.0296875 0.016666666666666666



1 0.95 0.5375 0.028125 0.041666666666666664

5 0.5671875 0.8302083333333333 0.01875 0.035416666666666666
4 0.4 0.6302083333333334 0.009375 0.022916666666666665
4 0.40546875 0.6614583333333334 0.0109375 0.022916666666666665
5 0.50625 0.7177083333333333 0.0125 0.027083333333333334
5 0.53515625 0.8239583333333333 0.0078125 0.027083333333333334
4 0.4390625 0.6427083333333333 0.00625 0.014583333333333334
4 0.35 0.5083333333333333 0.00625 0.0125
4 0.35859375 0.5010416666666667 0.0109375 0.010416666666666666
5 0.6234375 0.8427083333333333 0.0125 0.022916666666666665
1 0.7484375 0.9916666666666667 0.028125 0.016666666666666666
5 0.62109375 0.75 0.0140625 0.029166666666666667
5 0.6015625 0.734375 0.0125 0.027083333333333334
5 0.6921875 0.9895833333333334 0.0125 0.020833333333333332

5 0.65625 0.7052083333333333 0.0125 0.027083333333333334


5 0.678125 0.7270833333333333 0.0125 0.029166666666666667

5 0.85625 0.5229166666666667 0.021875 0.025
5 0.85703125 0.5229166666666667 0.0203125 0.025
5 0.65703125 0.7041666666666667 0.0109375 0.025
5 0.29375 0.6458333333333334 0.05 0.04583333333333333
5 0.29375 0.6458333333333334 0.05 0.04583333333333333
5 0.29375 0.6458333333333334 0.05 0.04583333333333333
1 0.29375 0.646875 0.05 0.04791666666666667
3 0.62734375 0.5729166666666666 0.0546875 0.11666666666666667
1 0.5140625 0.446875 0.021875 0.035416666666666666
1 0.55703125 0.378125 0.0203125 0.035416666666666666
3 0.5328125 0.22916666666666666 0.034375 0.125
1 0.52265625 0.18020833333333333 0.0140625 0.027083333333333334
1 0.53671875 0.15104166666666666 0.0171875 0.027083333333333334
1 0.49375 0.11770833333333333 0.015625 0.11041666666666666
1 0.5375 0.15 0.015625 0.025
1 0.37578125 0.25 0.0171875 0.025
1 0.3546875 0.24791666666666667 0.015625 0.025
1 0.3734375 0.22604166666666667 0.015625 0.022916666666666665
1 0.3546875 0.22291666666666668 0.0125 0.016666666666666666
1 0.33515625 0.225 0.0140625 0.025
1 0.31640625 0.23020833333333332 0.0140625 0.01875
1 0.31953125 0.259375 0.0171875 0.035416666666666666
1 0.29765625 0.23333333333333334 0.0171875 0.025
1 0.27734375 0.22708333333333333 0.0171875 0.020833333333333332
1 0.3828125 0.1875 0.0125 0.020833333333333332
1 0.36640625 0.19270833333333334 0.0171875 0.027083333333333334
1 0.32890625 0.1875 0.0171875 0.025
1 0.31171875 0.19270833333333334 0.0203125 0.035416666666666666
1 0.3 0.17083333333333334 0.021875 0.029166666666666667
1 0.50234375 0.18854166666666666 0.0140625 0.027083333333333334
1 0.675 0.5583333333333333 0.028125 0.04583333333333333
1 0.62734375 0.5020833333333333 0.0296875 0.05
1 0.59765625 0.396875 0.0234375 0.035416666666666666
1 0.5671875 0.30833333333333335 0.01875 0.03333333333333333
