
1 0.3703125 0.9729166666666667 0.065625 0.05416666666666667
1 0.4421875 0.9260416666666667 0.059375 0.04791666666666667
1 0.2296875 0.990625 0.05 0.01875
1 0.309375 0.95625 0.065625 0.05416666666666667
1 0.39375 0.9072916666666667 0.05625 0.04791666666666667
1 0.15859375 0.984375 0.0703125 0.03125
1 0.246875 0.9416666666666667 0.0625 0.04583333333333333
1 0.32421875 0.9 0.0515625 0.04583333333333333
1 0.39609375 0.859375 0.0578125 0.04375
1 0.109375 0.9739583333333334 0.06875 0.052083333333333336
1 0.19140625 0.9260416666666667 0.0640625 0.052083333333333336
1 0.2796875 0.88125 0.071875 0.05416666666666667
1 0.35625 0.8375 0.05625 0.04583333333333333







1 0.75546875 0.9979166666666667 0.0171875 0.004166666666666667



1 0.95234375 0.534375 0.0265625 0.03958333333333333

5 0.56953125 0.8354166666666667 0.0171875 0.0375
4 0.4 0.63125 0.009375 0.020833333333333332
4 0.40625 0.6625 0.009375 0.020833333333333332
5 0.50625 0.7197916666666667 0.0125 0.027083333333333334
5 0.53671875 0.8291666666666667 0.0109375 0.025
4 0.4390625 0.646875 0.009375 0.01875
4 0.35 0.5083333333333333 0.00625 0.0125
4 0.35859375 0.5 0.0109375 0.0125
5 0.62421875 0.846875 0.0140625 0.027083333333333334

5 0.62421875 0.7541666666666667 0.0140625 0.029166666666666667
5 0.60390625 0.7385416666666667 0.0109375 0.027083333333333334
5 0.69375 0.99375 0.0125 0.0125

5 0.65703125 0.7072916666666667 0.0109375 0.027083333333333334


5 0.67890625 0.7302083333333333 0.0109375 0.03125

5 0.859375 0.525 0.021875 0.029166666666666667
5 0.859375 0.525 0.01875 0.025
5 0.659375 0.7072916666666667 0.009375 0.022916666666666665
5 0.28671875 0.6510416666666666 0.0515625 0.04791666666666667
5 0.28671875 0.6520833333333333 0.0515625 0.05
5 0.28671875 0.6510416666666666 0.0515625 0.04791666666666667
1 0.2875 0.6510416666666666 0.05 0.04791666666666667
3 0.62890625 0.5770833333333333 0.0546875 0.11666666666666667
1 0.51328125 0.45 0.0234375 0.03333333333333333
1 0.55859375 0.38229166666666664 0.0203125 0.035416666666666666
3 0.53359375 0.23020833333333332 0.0359375 0.12708333333333333
1 0.52265625 0.18125 0.0140625 0.029166666666666667
1 0.53671875 0.15208333333333332 0.0171875 0.029166666666666667
1 0.49375 0.11770833333333333 0.015625 0.11041666666666666
1 0.53828125 0.15208333333333332 0.0140625 0.025
1 0.37578125 0.25 0.0171875 0.025
1 0.3546875 0.24791666666666667 0.015625 0.025
1 0.3734375 0.22604166666666667 0.015625 0.022916666666666665
1 0.3546875 0.225 0.0125 0.020833333333333332
1 0.33515625 0.225 0.0140625 0.025
1 0.31640625 0.23020833333333332 0.0140625 0.01875
1 0.31953125 0.259375 0.0171875 0.035416666666666666
1 0.29765625 0.23333333333333334 0.0171875 0.025
1 0.2765625 0.22604166666666667 0.015625 0.01875
1 0.3828125 0.1875 0.0125 0.020833333333333332
1 0.36640625 0.19270833333333334 0.0171875 0.027083333333333334
1 0.32890625 0.1875 0.0171875 0.025
1 0.31171875 0.19270833333333334 0.0203125 0.035416666666666666
1 0.3 0.17083333333333334 0.021875 0.029166666666666667
1 0.503125 0.18854166666666666 0.0125 0.022916666666666665
1 0.6765625 0.5645833333333333 0.028125 0.05
1 0.62890625 0.5072916666666667 0.0296875 0.04791666666666667
1 0.6 0.4010416666666667 0.025 0.03958333333333333
1 0.56796875 0.309375 0.0171875 0.03125
