
1 0.3703125 0.9729166666666667 0.065625 0.05416666666666667
1 0.44296875 0.9260416666666667 0.0578125 0.04791666666666667
1 0.2296875 0.990625 0.05 0.01875
1 0.309375 0.9572916666666667 0.065625 0.052083333333333336
1 0.39375 0.9083333333333333 0.05625 0.04583333333333333
1 0.15859375 0.984375 0.0703125 0.03125
1 0.246875 0.9416666666666667 0.0625 0.04583333333333333
1 0.32421875 0.9 0.0515625 0.04583333333333333
1 0.39609375 0.859375 0.0578125 0.04375
1 0.10859375 0.9739583333333334 0.0703125 0.052083333333333336
1 0.190625 0.9260416666666667 0.065625 0.052083333333333336
1 0.2796875 0.88125 0.071875 0.05416666666666667
1 0.35625 0.8375 0.05625 0.04583333333333333











1 0.95546875 0.525 0.0265625 0.0375

5 0.5734375 0.840625 0.01875 0.035416666666666666
4 0.40078125 0.6322916666666667 0.0109375 0.022916666666666665
4 0.40625 0.6625 0.009375 0.020833333333333332
5 0.509375 0.721875 0.0125 0.027083333333333334
5 0.5375 0.8333333333333334 0.0125 0.029166666666666667
4 0.43984375 0.6479166666666667 0.0078125 0.020833333333333332
4 0.35 0.5083333333333333 0.00625 0.0125
4 0.35859375 0.5 0.0109375 0.0125
5 0.62890625 0.8541666666666666 0.0140625 0.029166666666666667

5 0.62578125 0.7645833333333333 0.0140625 0.029166666666666667
5 0.60546875 0.7479166666666667 0.0109375 0.029166666666666667


5 0.65859375 0.715625 0.0109375 0.027083333333333334


5 0.6796875 0.7375 0.0125 0.03333333333333333

5 0.8625 0.5270833333333333 0.021875 0.025
5 0.8625 0.5270833333333333 0.01875 0.025
5 0.66015625 0.7135416666666666 0.0078125 0.022916666666666665
5 0.27734375 0.6572916666666667 0.0515625 0.04791666666666667
5 0.27734375 0.6572916666666667 0.0515625 0.04791666666666667
5 0.27734375 0.6572916666666667 0.0515625 0.04791666666666667
1 0.27734375 0.6572916666666667 0.0515625 0.04791666666666667
3 0.63125 0.5822916666666667 0.05625 0.11875
1 0.51015625 0.4552083333333333 0.0234375 0.035416666666666666
1 0.55859375 0.38645833333333335 0.0203125 0.035416666666666666
3 0.53359375 0.23333333333333334 0.0359375 0.125
1 0.5234375 0.18333333333333332 0.015625 0.029166666666666667
1 0.53671875 0.15416666666666667 0.0171875 0.029166666666666667
1 0.49375 0.11770833333333333 0.015625 0.11041666666666666
1 0.5375 0.15208333333333332 0.015625 0.025
1 0.37578125 0.25 0.0171875 0.025
1 0.3546875 0.24791666666666667 0.015625 0.025
1 0.3734375 0.22604166666666667 0.015625 0.022916666666666665
1 0.3546875 0.22291666666666668 0.0125 0.016666666666666666
1 0.33515625 0.225 0.0140625 0.025
1 0.31640625 0.23020833333333332 0.0140625 0.01875
1 0.31953125 0.259375 0.0171875 0.035416666666666666
1 0.29765625 0.23333333333333334 0.0171875 0.025
1 0.2765625 0.228125 0.015625 0.01875
1 0.3828125 0.1875 0.0125 0.020833333333333332
1 0.36640625 0.19270833333333334 0.0171875 0.027083333333333334
1 0.32890625 0.1875 0.0171875 0.025
1 0.31171875 0.19270833333333334 0.0203125 0.035416666666666666
1 0.3 0.17083333333333334 0.021875 0.029166666666666667
1 0.50234375 0.18854166666666666 0.0140625 0.027083333333333334
1 0.68046875 0.5729166666666666 0.0296875 0.05
1 0.63203125 0.5135416666666667 0.0296875 0.04375
1 0.60078125 0.403125 0.0234375 0.035416666666666666
1 0.56875 0.31354166666666666 0.01875 0.035416666666666666
