
1 0.3703125 0.971875 0.065625 0.05625
1 0.4421875 0.9270833333333334 0.059375 0.05
1 0.2296875 0.990625 0.05 0.01875
1 0.309375 0.95625 0.065625 0.05416666666666667
1 0.39375 0.9083333333333333 0.05625 0.04583333333333333
1 0.15859375 0.984375 0.0703125 0.03125
1 0.24609375 0.9416666666666667 0.0609375 0.04583333333333333
1 0.32421875 0.9 0.0515625 0.04583333333333333
1 0.39609375 0.859375 0.0578125 0.04375
1 0.109375 0.9739583333333334 0.071875 0.052083333333333336
1 0.190625 0.9260416666666667 0.065625 0.052083333333333336
1 0.2796875 0.88125 0.071875 0.05416666666666667
1 0.35625 0.8375 0.05625 0.04583333333333333











1 0.9578125 0.5208333333333334 0.028125 0.0375

5 0.575 0.8458333333333333 0.01875 0.03333333333333333
4 0.40078125 0.634375 0.0109375 0.022916666666666665
4 0.40625 0.6645833333333333 0.009375 0.020833333333333332
5 0.51015625 0.725 0.0140625 0.029166666666666667
5 0.53984375 0.8385416666666666 0.0140625 0.03125
4 0.440625 0.6479166666666667 0.00625 0.016666666666666666
4 0.35 0.5083333333333333 0.00625 0.0125
4 0.36015625 0.5 0.0109375 0.0125
5 0.63046875 0.859375 0.0140625 0.027083333333333334

5 0.62890625 0.7677083333333333 0.0109375 0.027083333333333334
5 0.60703125 0.7520833333333333 0.0109375 0.029166666666666667


5 0.659375 0.71875 0.0125 0.029166666666666667


5 0.68046875 0.7427083333333333 0.0140625 0.03125

5 0.8640625 0.528125 0.021875 0.027083333333333334
5 0.86484375 0.5270833333333333 0.0203125 0.025
5 0.6609375 0.7166666666666667 0.009375 0.025
5 0.26953125 0.6635416666666667 0.0515625 0.04791666666666667
5 0.2703125 0.6635416666666667 0.053125 0.04791666666666667
5 0.26953125 0.6635416666666667 0.0515625 0.04791666666666667
1 0.26953125 0.6635416666666667 0.0515625 0.04791666666666667
3 0.63125 0.5864583333333333 0.05625 0.11875
1 0.50859375 0.45729166666666665 0.0234375 0.035416666666666666
1 0.559375 0.38958333333333334 0.021875 0.0375
3 0.534375 0.23645833333333333 0.0375 0.13125
1 0.52421875 0.18541666666666667 0.0140625 0.029166666666666667
1 0.53828125 0.15416666666666667 0.0171875 0.029166666666666667
1 0.49375 0.11770833333333333 0.015625 0.11041666666666666
1 0.53828125 0.15416666666666667 0.0140625 0.025
1 0.37578125 0.25 0.0203125 0.025
1 0.3546875 0.24791666666666667 0.015625 0.025
1 0.3734375 0.22604166666666667 0.015625 0.022916666666666665
1 0.3546875 0.22291666666666668 0.0125 0.016666666666666666
1 0.33515625 0.225 0.0140625 0.025
1 0.31640625 0.23020833333333332 0.0140625 0.01875
1 0.31953125 0.259375 0.0171875 0.035416666666666666
1 0.29765625 0.23333333333333334 0.0171875 0.025
1 0.2765625 0.228125 0.015625 0.01875
1 0.3828125 0.1875 0.0125 0.020833333333333332
1 0.36640625 0.19270833333333334 0.0171875 0.027083333333333334
1 0.32890625 0.1875 0.0171875 0.025
1 0.3125 0.19270833333333334 0.01875 0.035416666666666666
1 0.30078125 0.17083333333333334 0.0234375 0.029166666666666667
1 0.503125 0.18854166666666666 0.0125 0.022916666666666665
1 0.68203125 0.5802083333333333 0.0296875 0.052083333333333336
1 0.634375 0.5208333333333334 0.03125 0.05
1 0.60234375 0.40729166666666666 0.0234375 0.035416666666666666
1 0.56875 0.31666666666666665 0.01875 0.03333333333333333
