
1 0.37109375 0.9729166666666667 0.0671875 0.05416666666666667
1 0.44296875 0.9270833333333334 0.0578125 0.05
1 0.2296875 0.990625 0.05 0.01875
1 0.309375 0.9572916666666667 0.065625 0.052083333333333336
1 0.39375 0.9083333333333333 0.05625 0.05
1 0.15859375 0.984375 0.0703125 0.03125
1 0.24609375 0.9416666666666667 0.0609375 0.04583333333333333
1 0.32421875 0.9 0.0515625 0.04583333333333333
1 0.39609375 0.859375 0.0578125 0.04375
1 0.109375 0.9739583333333334 0.071875 0.052083333333333336
1 0.19140625 0.9260416666666667 0.0640625 0.052083333333333336
1 0.2796875 0.88125 0.071875 0.05416666666666667
1 0.35625 0.8375 0.05625 0.04583333333333333











1 0.9609375 0.5135416666666667 0.028125 0.035416666666666666

5 0.57890625 0.853125 0.0171875 0.035416666666666666
4 0.4015625 0.6364583333333333 0.009375 0.022916666666666665
4 0.40859375 0.665625 0.0078125 0.01875
5 0.5125 0.7291666666666666 0.0125 0.029166666666666667
5 0.5421875 0.8427083333333333 0.0125 0.03125
4 0.44140625 0.6489583333333333 0.0046875 0.014583333333333334
4 0.35078125 0.5083333333333333 0.0078125 0.0125
4 0.36015625 0.5 0.0109375 0.0125
5 0.6328125 0.8697916666666666 0.0125 0.027083333333333334

5 0.63125 0.7760416666666666 0.0125 0.03125
5 0.61015625 0.7604166666666666 0.0109375 0.029166666666666667


5 0.659375 0.7239583333333334 0.0125 0.027083333333333334


5 0.68203125 0.7489583333333333 0.0140625 0.03125

5 0.86875 0.5302083333333333 0.021875 0.027083333333333334
5 0.86875 0.53125 0.021875 0.025
5 0.6609375 0.725 0.009375 0.025
5 0.25859375 0.6708333333333333 0.0546875 0.05
5 0.25859375 0.6708333333333333 0.0546875 0.05
5 0.25859375 0.6708333333333333 0.0546875 0.05
1 0.259375 0.6697916666666667 0.053125 0.04791666666666667
3 0.634375 0.5927083333333333 0.05625 0.11875
1 0.50546875 0.4625 0.0234375 0.03333333333333333
1 0.5609375 0.39479166666666665 0.021875 0.03958333333333333
3 0.53515625 0.240625 0.0359375 0.13125
1 0.52421875 0.18854166666666666 0.0140625 0.027083333333333334
1 0.53828125 0.15520833333333334 0.0140625 0.027083333333333334
1 0.49375 0.11770833333333333 0.015625 0.11041666666666666
1 0.53828125 0.15625 0.0140625 0.025
1 0.3765625 0.25104166666666666 0.01875 0.022916666666666665
1 0.3546875 0.24791666666666667 0.015625 0.025
1 0.3734375 0.22604166666666667 0.015625 0.022916666666666665
1 0.3546875 0.22395833333333334 0.0125 0.01875
1 0.33515625 0.225 0.0140625 0.025
1 0.31640625 0.23125 0.0140625 0.020833333333333332
1 0.3203125 0.259375 0.01875 0.035416666666666666
1 0.29765625 0.23333333333333334 0.0171875 0.025
1 0.2765625 0.228125 0.015625 0.01875
1 0.38359375 0.1875 0.0140625 0.020833333333333332
1 0.36640625 0.19270833333333334 0.0171875 0.027083333333333334
1 0.32890625 0.1875 0.0171875 0.025
1 0.31171875 0.19270833333333334 0.0203125 0.035416666666666666
1 0.29921875 0.17083333333333334 0.0203125 0.029166666666666667
1 0.503125 0.18854166666666666 0.0125 0.022916666666666665
1 0.68515625 0.5885416666666666 0.0296875 0.052083333333333336
1 0.63828125 0.528125 0.0296875 0.04791666666666667
1 0.60390625 0.4114583333333333 0.0265625 0.03958333333333333
1 0.5703125 0.31979166666666664 0.01875 0.035416666666666666
