
1 0.3703125 0.9729166666666667 0.065625 0.05416666666666667
1 0.4421875 0.9270833333333334 0.059375 0.05
1 0.2296875 0.9916666666666667 0.05 0.016666666666666666
1 0.309375 0.9572916666666667 0.065625 0.052083333333333336
1 0.39375 0.9083333333333333 0.05625 0.05
1 0.15859375 0.984375 0.0703125 0.03125
1 0.24609375 0.9416666666666667 0.0609375 0.04583333333333333
1 0.32421875 0.9 0.0515625 0.04583333333333333
1 0.39609375 0.859375 0.0578125 0.04375
1 0.109375 0.9729166666666667 0.071875 0.05416666666666667
1 0.190625 0.9260416666666667 0.065625 0.052083333333333336
1 0.2796875 0.88125 0.071875 0.05416666666666667
1 0.35625 0.8375 0.05625 0.04583333333333333











1 0.9625 0.5104166666666666 0.028125 0.0375

5 0.58125 0.8572916666666667 0.01875 0.035416666666666666
4 0.40078125 0.6385416666666667 0.0109375 0.022916666666666665
4 0.409375 0.6666666666666666 0.00625 0.016666666666666666
5 0.5140625 0.73125 0.0125 0.029166666666666667
5 0.54375 0.846875 0.0125 0.03125
4 0.44140625 0.6489583333333333 0.0046875 0.014583333333333334
4 0.35 0.5083333333333333 0.00625 0.0125
4 0.36015625 0.5 0.0109375 0.0125
5 0.63515625 0.8760416666666667 0.0140625 0.027083333333333334

5 0.63203125 0.78125 0.0140625 0.029166666666666667
5 0.61171875 0.7666666666666667 0.0109375 0.029166666666666667


5 0.6609375 0.7291666666666666 0.009375 0.025


5 0.68359375 0.753125 0.0140625 0.03125

5 0.87109375 0.53125 0.0203125 0.025
5 0.87109375 0.53125 0.0203125 0.025
5 0.66171875 0.7291666666666666 0.0078125 0.025
5 0.2515625 0.6760416666666667 0.053125 0.052083333333333336
5 0.2515625 0.6760416666666667 0.053125 0.052083333333333336
5 0.2515625 0.6760416666666667 0.053125 0.052083333333333336
1 0.2515625 0.675 0.053125 0.05
3 0.634375 0.5958333333333333 0.05625 0.12083333333333333
1 0.50390625 0.465625 0.0234375 0.035416666666666666
1 0.56171875 0.39895833333333336 0.0234375 0.03958333333333333
3 0.53515625 0.24270833333333333 0.0359375 0.13125
1 0.52421875 0.190625 0.0140625 0.027083333333333334
1 0.5390625 0.15729166666666666 0.015625 0.027083333333333334
1 0.49375 0.11770833333333333 0.015625 0.11041666666666666
1 0.53828125 0.15729166666666666 0.0140625 0.022916666666666665
1 0.37578125 0.25104166666666666 0.0203125 0.027083333333333334
1 0.3546875 0.24791666666666667 0.015625 0.025
1 0.3734375 0.22604166666666667 0.015625 0.022916666666666665
1 0.3546875 0.225 0.0125 0.020833333333333332
1 0.33515625 0.225 0.0140625 0.025
1 0.31640625 0.23125 0.0140625 0.020833333333333332
1 0.31953125 0.259375 0.0171875 0.035416666666666666
1 0.29765625 0.23333333333333334 0.0171875 0.025
1 0.2765625 0.228125 0.015625 0.01875
1 0.38359375 0.1875 0.0140625 0.020833333333333332
1 0.36640625 0.19270833333333334 0.0171875 0.027083333333333334
1 0.32890625 0.1875 0.0171875 0.025
1 0.31171875 0.19270833333333334 0.0203125 0.035416666666666666
1 0.29921875 0.17083333333333334 0.0203125 0.029166666666666667
1 0.50234375 0.18854166666666666 0.0140625 0.027083333333333334
1 0.6875 0.5958333333333333 0.03125 0.05416666666666667
1 0.640625 0.5333333333333333 0.03125 0.05
1 0.60546875 0.41458333333333336 0.0234375 0.0375
1 0.571875 0.3229166666666667 0.01875 0.03333333333333333
