
1 0.3703125 0.9729166666666667 0.065625 0.05416666666666667
1 0.4421875 0.9270833333333334 0.059375 0.05
1 0.2296875 0.990625 0.05 0.01875
1 0.309375 0.9572916666666667 0.065625 0.052083333333333336
1 0.39453125 0.9083333333333333 0.0578125 0.05
1 0.15859375 0.984375 0.0703125 0.03125
1 0.24609375 0.9427083333333334 0.0609375 0.04375
1 0.32421875 0.9 0.0515625 0.04583333333333333
1 0.39609375 0.859375 0.0578125 0.04375
1 0.109375 0.9729166666666667 0.071875 0.05416666666666667
1 0.190625 0.9270833333333334 0.065625 0.05
1 0.2796875 0.88125 0.071875 0.05416666666666667
1 0.35625 0.8375 0.05625 0.04583333333333333











1 0.965625 0.503125 0.028125 0.035416666666666666
5 0.0046875 0.7666666666666667 0.009375 0.020833333333333332
5 0.58515625 0.865625 0.0171875 0.035416666666666666
4 0.40234375 0.6385416666666667 0.0109375 0.022916666666666665
4 0.409375 0.6697916666666667 0.00625 0.01875
5 0.515625 0.7354166666666667 0.0125 0.029166666666666667
5 0.546875 0.8510416666666667 0.0125 0.027083333333333334
4 0.44140625 0.653125 0.0078125 0.01875
4 0.34921875 0.5083333333333333 0.0078125 0.0125
4 0.359375 0.5010416666666667 0.0125 0.010416666666666666
5 0.6390625 0.884375 0.015625 0.027083333333333334

5 0.63515625 0.7895833333333333 0.0140625 0.029166666666666667
5 0.61484375 0.775 0.0109375 0.029166666666666667


5 0.66171875 0.7354166666666667 0.0109375 0.025


5 0.68359375 0.7604166666666666 0.0140625 0.03333333333333333

5 0.875 0.5333333333333333 0.021875 0.025
5 0.875 0.5333333333333333 0.021875 0.025
5 0.6625 0.7354166666666667 0.009375 0.025
5 0.23984375 0.6833333333333333 0.0546875 0.05
5 0.23984375 0.684375 0.0546875 0.052083333333333336
5 0.23984375 0.6833333333333333 0.0546875 0.05
1 0.23984375 0.6833333333333333 0.0546875 0.05
3 0.6359375 0.603125 0.05625 0.12291666666666666
1 0.51328125 0.3729166666666667 0.0484375 0.22083333333333333
1 0.56328125 0.4041666666666667 0.0234375 0.041666666666666664
3 0.5359375 0.24583333333333332 0.0375 0.1375
1 0.52421875 0.19270833333333334 0.0140625 0.027083333333333334
1 0.5390625 0.15833333333333333 0.015625 0.025
1 0.49375 0.11770833333333333 0.015625 0.11041666666666666
1 0.53828125 0.15833333333333333 0.0140625 0.025
1 0.3765625 0.25104166666666666 0.01875 0.022916666666666665
1 0.3546875 0.25 0.015625 0.025
1 0.3734375 0.22708333333333333 0.015625 0.020833333333333332
1 0.3546875 0.225 0.0125 0.020833333333333332
1 0.33515625 0.225 0.0140625 0.025
1 0.31640625 0.23125 0.0140625 0.020833333333333332
1 0.31953125 0.259375 0.0171875 0.035416666666666666
1 0.29765625 0.23333333333333334 0.0171875 0.025
1 0.2765625 0.228125 0.015625 0.01875
1 0.38359375 0.18645833333333334 0.0140625 0.01875
1 0.36640625 0.19166666666666668 0.0171875 0.025
1 0.32890625 0.1875 0.0171875 0.025
1 0.31171875 0.19270833333333334 0.0203125 0.035416666666666666
1 0.3 0.17083333333333334 0.021875 0.029166666666666667
1 0.503125 0.18958333333333333 0.0125 0.025
1 0.690625 0.6052083333333333 0.03125 0.052083333333333336
1 0.64375 0.5416666666666666 0.034375 0.05
1 0.6078125 0.4197916666666667 0.025 0.03958333333333333
1 0.571875 0.32708333333333334 0.01875 0.03333333333333333
