
1 0.3703125 0.9729166666666667 0.065625 0.05416666666666667
1 0.4421875 0.9270833333333334 0.059375 0.05
1 0.2296875 0.9916666666666667 0.05 0.016666666666666666
1 0.309375 0.9572916666666667 0.065625 0.052083333333333336
1 0.39375 0.9083333333333333 0.05625 0.05
1 0.15859375 0.984375 0.0703125 0.03125
1 0.24609375 0.9416666666666667 0.0609375 0.04583333333333333
1 0.32421875 0.9010416666666666 0.0515625 0.04791666666666667
1 0.39609375 0.859375 0.0578125 0.04375
1 0.109375 0.9739583333333334 0.071875 0.052083333333333336
1 0.190625 0.9270833333333334 0.065625 0.05
1 0.27890625 0.88125 0.0734375 0.05416666666666667
1 0.35625 0.8375 0.05625 0.04583333333333333











1 0.9671875 0.5010416666666667 0.028125 0.035416666666666666
5 0.00703125 0.7625 0.0140625 0.025
5 0.5875 0.8708333333333333 0.01875 0.0375
4 0.40234375 0.640625 0.0109375 0.022916666666666665
4 0.409375 0.6708333333333333 0.00625 0.016666666666666666
5 0.5171875 0.7354166666666667 0.0125 0.029166666666666667
5 0.54765625 0.8541666666666666 0.0140625 0.029166666666666667
4 0.4421875 0.6510416666666666 0.00625 0.014583333333333334
4 0.34921875 0.509375 0.0078125 0.014583333333333334
4 0.359375 0.5020833333333333 0.0125 0.0125
5 0.64140625 0.8885416666666667 0.0140625 0.03125

5 0.63671875 0.7958333333333333 0.0140625 0.029166666666666667
5 0.61640625 0.7791666666666667 0.0109375 0.029166666666666667


5 0.6625 0.740625 0.009375 0.027083333333333334


5 0.6859375 0.7645833333333333 0.015625 0.03333333333333333

5 0.8765625 0.5354166666666667 0.021875 0.025
5 0.8765625 0.5354166666666667 0.021875 0.025
5 0.6625 0.740625 0.009375 0.027083333333333334
5 0.23203125 0.6875 0.0546875 0.05416666666666667
5 0.2328125 0.6875 0.053125 0.05
5 0.23203125 0.6875 0.0546875 0.05416666666666667
1 0.23203125 0.6875 0.0546875 0.05
3 0.6375 0.60625 0.05625 0.12083333333333333
1 0.4984375 0.47291666666666665 0.025 0.03333333333333333
1 0.5640625 0.4083333333333333 0.025 0.041666666666666664
3 0.5359375 0.24791666666666667 0.0375 0.1375
1 0.52421875 0.19479166666666667 0.0140625 0.027083333333333334
1 0.5390625 0.15833333333333333 0.015625 0.025
1 0.49375 0.11770833333333333 0.015625 0.11041666666666666
1 0.5390625 0.159375 0.015625 0.022916666666666665
1 0.37578125 0.25 0.0203125 0.025
1 0.3546875 0.24895833333333334 0.015625 0.027083333333333334
1 0.3734375 0.22708333333333333 0.015625 0.020833333333333332
1 0.3546875 0.225 0.0125 0.020833333333333332
1 0.33515625 0.225 0.0140625 0.025
1 0.31640625 0.23125 0.0140625 0.020833333333333332
1 0.3203125 0.2604166666666667 0.01875 0.0375
1 0.29765625 0.23333333333333334 0.0171875 0.025
1 0.2765625 0.228125 0.015625 0.01875
1 0.38359375 0.18645833333333334 0.0140625 0.01875
1 0.36640625 0.19270833333333334 0.0171875 0.027083333333333334
1 0.32890625 0.1875 0.0171875 0.025
1 0.31171875 0.19270833333333334 0.0203125 0.035416666666666666
1 0.29921875 0.17083333333333334 0.0203125 0.029166666666666667
1 0.503125 0.18958333333333333 0.0125 0.025
1 0.6921875 0.6114583333333333 0.03125 0.052083333333333336
1 0.64609375 0.546875 0.0296875 0.04791666666666667
1 0.6078125 0.4239583333333333 0.025 0.03958333333333333
1 0.57265625 0.32916666666666666 0.0203125 0.03333333333333333
