
1 0.3703125 0.9729166666666667 0.065625 0.05416666666666667
1 0.44140625 0.9260416666666667 0.0578125 0.04791666666666667
1 0.2296875 0.9916666666666667 0.05 0.016666666666666666
1 0.309375 0.9572916666666667 0.065625 0.052083333333333336
1 0.39375 0.9083333333333333 0.05625 0.05
1 0.15859375 0.984375 0.0703125 0.03125
1 0.246875 0.9427083333333334 0.0625 0.04791666666666667
1 0.3234375 0.9010416666666666 0.053125 0.04791666666666667
1 0.39609375 0.859375 0.0578125 0.04375
1 0.109375 0.9739583333333334 0.071875 0.052083333333333336
1 0.190625 0.9270833333333334 0.065625 0.05
1 0.27890625 0.88125 0.0734375 0.05416666666666667
1 0.35625 0.8375 0.05625 0.04583333333333333











1 0.96953125 0.49270833333333336 0.0265625 0.035416666666666666
5 0.01171875 0.7604166666666666 0.0234375 0.025
5 0.58984375 0.8760416666666667 0.0203125 0.035416666666666666
4 0.40234375 0.640625 0.0109375 0.022916666666666665
4 0.4109375 0.671875 0.00625 0.014583333333333334
5 0.51875 0.7385416666666667 0.0125 0.027083333333333334
5 0.55078125 0.8604166666666667 0.0140625 0.029166666666666667
4 0.44375 0.6520833333333333 0.00625 0.0125
4 0.34921875 0.509375 0.0078125 0.014583333333333334
4 0.36015625 0.5010416666666667 0.0109375 0.010416666666666666
5 0.64296875 0.8989583333333333 0.0140625 0.03125

5 0.6390625 0.803125 0.0125 0.027083333333333334
5 0.61796875 0.7885416666666667 0.0109375 0.03125


5 0.66328125 0.7479166666666667 0.0109375 0.025


5 0.6875 0.7708333333333334 0.015625 0.03333333333333333

5 0.88125 0.5385416666666667 0.021875 0.027083333333333334
5 0.88125 0.5385416666666667 0.021875 0.027083333333333334
5 0.6625 0.7489583333333333 0.009375 0.027083333333333334
5 0.21953125 0.6958333333333333 0.0546875 0.05416666666666667
5 0.21953125 0.6958333333333333 0.0546875 0.05416666666666667
5 0.21953125 0.6958333333333333 0.0546875 0.05416666666666667
1 0.2203125 0.696875 0.053125 0.052083333333333336
3 0.6390625 0.6135416666666667 0.05625 0.12291666666666666
1 0.4953125 0.478125 0.021875 0.035416666666666666
1 0.565625 0.41354166666666664 0.021875 0.03958333333333333
3 0.5359375 0.253125 0.0375 0.13958333333333334
1 0.525 0.19791666666666666 0.015625 0.029166666666666667
1 0.5390625 0.16145833333333334 0.015625 0.022916666666666665
1 0.49296875 0.11875 0.0171875 0.1125
1 0.53828125 0.16145833333333334 0.0140625 0.022916666666666665
1 0.37578125 0.25104166666666666 0.0171875 0.022916666666666665
1 0.3546875 0.24895833333333334 0.015625 0.022916666666666665
1 0.3734375 0.22708333333333333 0.015625 0.020833333333333332
1 0.35390625 0.22604166666666667 0.0140625 0.01875
1 0.33515625 0.225 0.0140625 0.025
1 0.31640625 0.23125 0.0140625 0.020833333333333332
1 0.31953125 0.259375 0.0171875 0.035416666666666666
1 0.29765625 0.23333333333333334 0.0171875 0.025
1 0.2765625 0.228125 0.015625 0.01875
1 0.3828125 0.1875 0.0125 0.020833333333333332
1 0.36640625 0.19270833333333334 0.0171875 0.027083333333333334
1 0.32890625 0.18854166666666666 0.0171875 0.022916666666666665
1 0.31171875 0.19270833333333334 0.0203125 0.035416666666666666
1 0.30078125 0.17083333333333334 0.0234375 0.029166666666666667
1 0.503125 0.18958333333333333 0.0125 0.025
1 0.6953125 0.6229166666666667 0.03125 0.05416666666666667
1 0.64921875 0.5552083333333333 0.0296875 0.04791666666666667
1 0.6109375 0.42916666666666664 0.025 0.0375
1 0.57421875 0.334375 0.0203125 0.035416666666666666
