
1 0.3703125 0.9729166666666667 0.065625 0.05416666666666667
1 0.4421875 0.9270833333333334 0.059375 0.05
1 0.23046875 0.9916666666666667 0.0484375 0.016666666666666666
1 0.309375 0.9572916666666667 0.065625 0.052083333333333336
1 0.39453125 0.9083333333333333 0.0578125 0.05
1 0.15859375 0.984375 0.0703125 0.03125
1 0.246875 0.9427083333333334 0.0625 0.04791666666666667
1 0.3234375 0.9010416666666666 0.053125 0.04791666666666667
1 0.39609375 0.859375 0.0578125 0.04375
1 0.109375 0.9739583333333334 0.071875 0.052083333333333336
1 0.190625 0.9270833333333334 0.065625 0.05
1 0.27890625 0.88125 0.0734375 0.05416666666666667
1 0.35625 0.8375 0.05625 0.04583333333333333











1 0.9734375 0.48854166666666665 0.028125 0.035416666666666666
5 0.015625 0.7583333333333333 0.025 0.025
5 0.59296875 0.88125 0.0203125 0.0375
4 0.40234375 0.6427083333333333 0.0109375 0.022916666666666665
4 0.41015625 0.675 0.0078125 0.020833333333333332
5 0.5203125 0.740625 0.0125 0.027083333333333334
5 0.553125 0.8635416666666667 0.015625 0.03125
4 0.44375 0.6520833333333333 0.00625 0.0125
4 0.34921875 0.509375 0.0078125 0.010416666666666666
4 0.36015625 0.5010416666666667 0.0109375 0.014583333333333334
5 0.6453125 0.9041666666666667 0.0125 0.029166666666666667

5 0.64140625 0.809375 0.0140625 0.027083333333333334
5 0.6203125 0.7958333333333333 0.0125 0.029166666666666667


5 0.6625 0.753125 0.0125 0.027083333333333334


5 0.68828125 0.775 0.0140625 0.03333333333333333

5 0.88515625 0.540625 0.0203125 0.027083333333333334
5 0.884375 0.5395833333333333 0.01875 0.025
5 0.66328125 0.753125 0.0109375 0.027083333333333334
5 0.21171875 0.7010416666666667 0.0546875 0.052083333333333336
5 0.21171875 0.7010416666666667 0.0546875 0.052083333333333336
5 0.21171875 0.7010416666666667 0.0546875 0.052083333333333336
1 0.21171875 0.7 0.0546875 0.05
3 0.63984375 0.6166666666666667 0.0546875 0.125
1 0.49296875 0.4822916666666667 0.0234375 0.035416666666666666
1 0.565625 0.415625 0.021875 0.03958333333333333
3 0.53671875 0.2552083333333333 0.0390625 0.13958333333333334
1 0.525 0.2 0.015625 0.029166666666666667
1 0.5390625 0.16354166666666667 0.015625 0.027083333333333334
1 0.49296875 0.11875 0.0171875 0.1125
1 0.5390625 0.16354166666666667 0.015625 0.027083333333333334
1 0.37578125 0.25 0.0203125 0.025
1 0.3546875 0.25 0.015625 0.025
1 0.3734375 0.22708333333333333 0.015625 0.020833333333333332
1 0.35390625 0.225 0.0140625 0.020833333333333332
1 0.33515625 0.22604166666666667 0.0140625 0.022916666666666665
1 0.31640625 0.23125 0.0140625 0.020833333333333332
1 0.31953125 0.259375 0.0171875 0.035416666666666666
1 0.29765625 0.23333333333333334 0.0171875 0.025
1 0.2765625 0.228125 0.015625 0.01875
1 0.38203125 0.1875 0.0140625 0.020833333333333332
1 0.36640625 0.19375 0.0171875 0.025
1 0.32890625 0.18854166666666666 0.0171875 0.022916666666666665
1 0.31171875 0.19375 0.0203125 0.0375
1 0.3 0.17083333333333334 0.021875 0.029166666666666667
1 0.503125 0.18958333333333333 0.0125 0.025
1 0.69765625 0.628125 0.0296875 0.052083333333333336
1 0.6515625 0.5604166666666667 0.03125 0.05
1 0.61328125 0.4322916666666667 0.0234375 0.03958333333333333
1 0.57421875 0.33645833333333336 0.0203125 0.035416666666666666
