
1 0.36953125 0.9729166666666667 0.0671875 0.05416666666666667
1 0.4421875 0.9270833333333334 0.059375 0.05
1 0.2296875 0.9916666666666667 0.05 0.016666666666666666
1 0.309375 0.9572916666666667 0.065625 0.052083333333333336
1 0.39375 0.9083333333333333 0.05625 0.05
1 0.15859375 0.984375 0.0703125 0.03125
1 0.24609375 0.94375 0.0609375 0.04583333333333333
1 0.3234375 0.9010416666666666 0.053125 0.04791666666666667
1 0.39609375 0.859375 0.0578125 0.04375
1 0.10859375 0.9739583333333334 0.0703125 0.052083333333333336
1 0.190625 0.9270833333333334 0.065625 0.05
1 0.27890625 0.88125 0.0734375 0.05416666666666667
1 0.35546875 0.8385416666666666 0.0546875 0.04791666666666667











1 0.97578125 0.48020833333333335 0.0296875 0.03125
5 0.025 0.7510416666666667 0.025 0.027083333333333334
5 0.596875 0.8885416666666667 0.01875 0.035416666666666666
4 0.403125 0.6427083333333333 0.009375 0.022916666666666665
4 0.4109375 0.6739583333333333 0.00625 0.014583333333333334
5 0.52265625 0.74375 0.0140625 0.025
5 0.55546875 0.86875 0.0140625 0.029166666666666667
4 0.44375 0.65625 0.009375 0.016666666666666666
4 0.34921875 0.5083333333333333 0.0078125 0.0125
4 0.36015625 0.5010416666666667 0.0109375 0.010416666666666666
5 0.6484375 0.9135416666666667 0.015625 0.03125

5 0.64375 0.81875 0.0125 0.025
5 0.62265625 0.803125 0.0109375 0.03125


5 0.6640625 0.7604166666666666 0.0125 0.029166666666666667


5 0.68984375 0.7833333333333333 0.0140625 0.03333333333333333

5 0.8875 0.54375 0.021875 0.025
5 0.88828125 0.54375 0.0203125 0.025
5 0.66484375 0.7614583333333333 0.0109375 0.027083333333333334
5 0.2 0.709375 0.05625 0.052083333333333336
5 0.2 0.7104166666666667 0.05625 0.05416666666666667
5 0.2 0.709375 0.05625 0.052083333333333336
1 0.20078125 0.7083333333333334 0.0546875 0.05
3 0.64140625 0.6239583333333333 0.0578125 0.12708333333333333
1 0.4890625 0.4875 0.025 0.03333333333333333
1 0.5671875 0.421875 0.021875 0.03958333333333333
3 0.53671875 0.25833333333333336 0.0390625 0.14166666666666666
1 0.52734375 0.20208333333333334 0.0171875 0.029166666666666667
1 0.5390625 0.165625 0.015625 0.027083333333333334
1 0.4921875 0.11875 0.015625 0.1125
1 0.5390625 0.165625 0.015625 0.027083333333333334
1 0.37578125 0.25104166666666666 0.0171875 0.022916666666666665
1 0.3546875 0.25 0.015625 0.025
1 0.3734375 0.22708333333333333 0.015625 0.020833333333333332
1 0.3546875 0.225 0.0125 0.016666666666666666
1 0.33515625 0.22604166666666667 0.0140625 0.022916666666666665
1 0.31640625 0.23125 0.0140625 0.020833333333333332
1 0.31953125 0.2604166666666667 0.0171875 0.0375
1 0.29765625 0.23333333333333334 0.0171875 0.025
1 0.2765625 0.228125 0.015625 0.01875
1 0.38203125 0.1875 0.0140625 0.020833333333333332
1 0.36640625 0.19270833333333334 0.0171875 0.022916666666666665
1 0.32890625 0.18854166666666666 0.0171875 0.022916666666666665
1 0.3109375 0.19375 0.01875 0.0375
1 0.3 0.17083333333333334 0.021875 0.029166666666666667
1 0.503125 0.18958333333333333 0.0125 0.025
1 0.70078125 0.6385416666666667 0.0328125 0.05625
1 0.65546875 0.5697916666666667 0.0296875 0.04791666666666667
1 0.61484375 0.43854166666666666 0.0265625 0.04375
1 0.57578125 0.340625 0.0203125 0.035416666666666666
