
1 0.36953125 0.9729166666666667 0.0671875 0.05416666666666667
1 0.4421875 0.9270833333333334 0.059375 0.05
1 0.2296875 0.9916666666666667 0.05 0.016666666666666666
1 0.309375 0.9572916666666667 0.065625 0.052083333333333336
1 0.39375 0.909375 0.05625 0.04791666666666667
1 0.15859375 0.984375 0.0703125 0.03125
1 0.24609375 0.9427083333333334 0.0609375 0.04375
1 0.3234375 0.9010416666666666 0.053125 0.04791666666666667
1 0.39609375 0.859375 0.0578125 0.04375
1 0.109375 0.9739583333333334 0.071875 0.052083333333333336
1 0.190625 0.9270833333333334 0.065625 0.05
1 0.27890625 0.88125 0.0734375 0.05416666666666667
1 0.35546875 0.8375 0.0546875 0.04583333333333333











1 0.97734375 0.47604166666666664 0.0296875 0.035416666666666666
5 0.0296875 0.7510416666666667 0.025 0.027083333333333334
5 0.59921875 0.89375 0.0171875 0.0375
4 0.403125 0.6447916666666667 0.009375 0.022916666666666665
4 0.4109375 0.6739583333333333 0.00625 0.014583333333333334
5 0.525 0.746875 0.0125 0.027083333333333334
5 0.55703125 0.871875 0.0140625 0.027083333333333334
4 0.44375 0.6604166666666667 0.009375 0.020833333333333332
4 0.34921875 0.5083333333333333 0.0078125 0.0125
4 0.36015625 0.5010416666666667 0.0109375 0.010416666666666666
5 0.65078125 0.9208333333333333 0.0140625 0.029166666666666667

5 0.6453125 0.8260416666666667 0.009375 0.027083333333333334
5 0.625 0.809375 0.0125 0.027083333333333334


5 0.6640625 0.765625 0.0125 0.027083333333333334


5 0.690625 0.7885416666666667 0.015625 0.03125

5 0.890625 0.5447916666666667 0.021875 0.027083333333333334
5 0.890625 0.5447916666666667 0.021875 0.027083333333333334
5 0.66484375 0.765625 0.0109375 0.027083333333333334
5 0.19140625 0.7145833333333333 0.0546875 0.05416666666666667
5 0.1921875 0.7145833333333333 0.05625 0.05416666666666667
5 0.19140625 0.7145833333333333 0.0546875 0.05416666666666667
1 0.19140625 0.715625 0.0546875 0.052083333333333336
3 0.6421875 0.628125 0.05625 0.12708333333333333
1 0.4875 0.490625 0.025 0.035416666666666666
1 0.56875 0.42604166666666665 0.025 0.04375
3 0.5375 0.26145833333333335 0.040625 0.14375
1 0.52734375 0.20520833333333333 0.0171875 0.03125
1 0.53984375 0.16666666666666666 0.0171875 0.025
1 0.4921875 0.11875 0.015625 0.1125
1 0.53984375 0.16666666666666666 0.0171875 0.025
1 0.37578125 0.25104166666666666 0.0171875 0.022916666666666665
1 0.353125 0.25 0.015625 0.025
1 0.3734375 0.22708333333333333 0.015625 0.020833333333333332
1 0.35390625 0.22708333333333333 0.0140625 0.020833333333333332
1 0.33515625 0.22604166666666667 0.0140625 0.022916666666666665
1 0.31640625 0.23125 0.0140625 0.020833333333333332
1 0.31953125 0.2604166666666667 0.0171875 0.0375
1 0.29765625 0.23333333333333334 0.0171875 0.025
1 0.2765625 0.228125 0.015625 0.01875
1 0.3828125 0.1875 0.0125 0.020833333333333332
1 0.36640625 0.19270833333333334 0.0171875 0.022916666666666665
1 0.32890625 0.18854166666666666 0.0171875 0.022916666666666665
1 0.3109375 0.19375 0.01875 0.0375
1 0.29921875 0.17083333333333334 0.0203125 0.029166666666666667
1 0.503125 0.18958333333333333 0.0125 0.025
1 0.70390625 0.6447916666666667 0.0328125 0.05625
1 0.65703125 0.5770833333333333 0.0328125 0.05416666666666667
1 0.61640625 0.440625 0.0296875 0.04375
1 0.57578125 0.34270833333333334 0.0203125 0.035416666666666666
