
1 0.36953125 0.9729166666666667 0.0671875 0.05416666666666667
1 0.44140625 0.9270833333333334 0.0578125 0.05
1 0.23046875 0.9916666666666667 0.0484375 0.016666666666666666
1 0.309375 0.9572916666666667 0.065625 0.052083333333333336
1 0.39296875 0.9083333333333333 0.0578125 0.05
1 0.15859375 0.984375 0.0703125 0.03125
1 0.24609375 0.94375 0.0609375 0.04583333333333333
1 0.3234375 0.9010416666666666 0.053125 0.04791666666666667
1 0.39609375 0.859375 0.0578125 0.04375
1 0.109375 0.9739583333333334 0.071875 0.052083333333333336
1 0.190625 0.9270833333333334 0.065625 0.05
1 0.27890625 0.88125 0.0734375 0.05416666666666667
1 0.35625 0.8385416666666666 0.05625 0.04791666666666667











1 0.98203125 0.471875 0.0296875 0.035416666666666666
5 0.03828125 0.746875 0.0265625 0.027083333333333334
5 0.603125 0.9020833333333333 0.01875 0.0375
4 0.40390625 0.6447916666666667 0.0109375 0.022916666666666665
4 0.41171875 0.6760416666666667 0.0046875 0.01875
5 0.52734375 0.75 0.0140625 0.029166666666666667
5 0.5609375 0.8791666666666667 0.015625 0.029166666666666667
4 0.44453125 0.6614583333333334 0.0078125 0.01875
4 0.3484375 0.509375 0.00625 0.014583333333333334
4 0.359375 0.5010416666666667 0.0125 0.010416666666666666
5 0.6546875 0.9291666666666667 0.015625 0.03333333333333333

5 0.646875 0.8333333333333334 0.0125 0.029166666666666667
5 0.62734375 0.815625 0.0109375 0.027083333333333334


5 0.66640625 0.775 0.0109375 0.029166666666666667


5 0.69296875 0.7927083333333333 0.0140625 0.035416666666666666

5 0.89453125 0.546875 0.0203125 0.027083333333333334
5 0.89453125 0.546875 0.0203125 0.027083333333333334
5 0.66640625 0.7739583333333333 0.0109375 0.027083333333333334
5 0.178125 0.721875 0.05625 0.052083333333333336
5 0.178125 0.721875 0.05625 0.052083333333333336
5 0.178125 0.721875 0.05625 0.052083333333333336
1 0.178125 0.721875 0.05625 0.052083333333333336
3 0.64453125 0.634375 0.0578125 0.12708333333333333
1 0.48359375 0.496875 0.0265625 0.035416666666666666
1 0.56953125 0.43125 0.0265625 0.04583333333333333
3 0.5375 0.265625 0.040625 0.14375
1 0.52734375 0.20833333333333334 0.0171875 0.029166666666666667
1 0.53984375 0.16875 0.0171875 0.025
1 0.49453125 0.11875 0.0140625 0.10833333333333334
1 0.53984375 0.16770833333333332 0.0140625 0.022916666666666665
1 0.37578125 0.25104166666666666 0.0171875 0.022916666666666665
1 0.353125 0.24895833333333334 0.015625 0.022916666666666665
1 0.3734375 0.22708333333333333 0.015625 0.020833333333333332
1 0.3546875 0.22604166666666667 0.0125 0.01875
1 0.33515625 0.225 0.0140625 0.025
1 0.31640625 0.23125 0.0140625 0.020833333333333332
1 0.31953125 0.2604166666666667 0.0171875 0.0375
1 0.29765625 0.234375 0.0171875 0.022916666666666665
1 0.278125 0.228125 0.015625 0.01875
1 0.38203125 0.1875 0.0140625 0.020833333333333332
1 0.365625 0.19270833333333334 0.015625 0.022916666666666665
1 0.32890625 0.18854166666666666 0.0171875 0.022916666666666665
1 0.3109375 0.19375 0.01875 0.0375
1 0.3 0.17083333333333334 0.021875 0.029166666666666667
1 0.50234375 0.18958333333333333 0.0140625 0.025
1 0.70625 0.65625 0.03125 0.05416666666666667
1 0.66015625 0.5854166666666667 0.0328125 0.05
1 0.61796875 0.446875 0.0265625 0.03958333333333333
1 0.578125 0.346875 0.021875 0.035416666666666666
