
1 0.36953125 0.9729166666666667 0.0671875 0.05416666666666667
1 0.4421875 0.9270833333333334 0.059375 0.05
1 0.2296875 0.9916666666666667 0.05 0.016666666666666666
1 0.309375 0.9572916666666667 0.065625 0.052083333333333336
1 0.39296875 0.909375 0.0578125 0.04791666666666667
1 0.15859375 0.984375 0.0703125 0.03125
1 0.24609375 0.94375 0.0609375 0.04583333333333333
1 0.3234375 0.9010416666666666 0.053125 0.04791666666666667
1 0.3953125 0.859375 0.05625 0.04375
1 0.10859375 0.9739583333333334 0.0703125 0.052083333333333336
1 0.18984375 0.9270833333333334 0.0640625 0.05
1 0.27890625 0.88125 0.0734375 0.05416666666666667
1 0.35625 0.8385416666666666 0.05625 0.04791666666666667











1 0.984375 0.46770833333333334 0.03125 0.035416666666666666
5 0.04453125 0.7427083333333333 0.0234375 0.027083333333333334
5 0.60546875 0.90625 0.0203125 0.0375
4 0.40390625 0.646875 0.0109375 0.022916666666666665
4 0.4125 0.6770833333333334 0.00625 0.016666666666666666
5 0.528125 0.7510416666666667 0.0125 0.027083333333333334
5 0.5625 0.8833333333333333 0.015625 0.029166666666666667
4 0.44375 0.6614583333333334 0.009375 0.01875
4 0.3484375 0.509375 0.00625 0.014583333333333334
4 0.3578125 0.5010416666666667 0.0125 0.010416666666666666
5 0.65625 0.9354166666666667 0.0125 0.029166666666666667

5 0.6484375 0.8395833333333333 0.0125 0.029166666666666667
5 0.63046875 0.8239583333333333 0.0109375 0.027083333333333334


5 0.66640625 0.7802083333333333 0.0109375 0.027083333333333334


5 0.69375 0.7989583333333333 0.015625 0.035416666666666666

5 0.8984375 0.5479166666666667 0.021875 0.025
5 0.89765625 0.5479166666666667 0.0203125 0.025
5 0.66640625 0.7802083333333333 0.0109375 0.027083333333333334
5 0.16953125 0.7291666666666666 0.0578125 0.05416666666666667
5 0.16953125 0.7291666666666666 0.0578125 0.05416666666666667
5 0.16953125 0.7291666666666666 0.0578125 0.05416666666666667
1 0.1703125 0.728125 0.05625 0.052083333333333336
3 0.64609375 0.6385416666666667 0.0578125 0.12708333333333333
1 0.48046875 0.49895833333333334 0.0265625 0.035416666666666666
1 0.57109375 0.434375 0.0265625 0.04375
3 0.5375 0.26875 0.040625 0.14583333333333334
1 0.52734375 0.21041666666666667 0.0171875 0.029166666666666667
1 0.53984375 0.16979166666666667 0.0171875 0.027083333333333334
1 0.49296875 0.11979166666666667 0.0171875 0.11041666666666666
1 0.53984375 0.16979166666666667 0.0140625 0.022916666666666665
1 0.37578125 0.25104166666666666 0.0171875 0.022916666666666665
1 0.353125 0.24895833333333334 0.015625 0.022916666666666665
1 0.3734375 0.22708333333333333 0.015625 0.020833333333333332
1 0.35390625 0.22708333333333333 0.0140625 0.020833333333333332
1 0.33515625 0.22604166666666667 0.0140625 0.022916666666666665
1 0.31640625 0.23125 0.0140625 0.020833333333333332
1 0.31953125 0.2604166666666667 0.0171875 0.0375
1 0.29765625 0.234375 0.0171875 0.022916666666666665
1 0.2765625 0.228125 0.015625 0.01875
1 0.38203125 0.1875 0.0140625 0.020833333333333332
1 0.365625 0.19270833333333334 0.015625 0.022916666666666665
1 0.32890625 0.18854166666666666 0.0171875 0.022916666666666665
1 0.3109375 0.19375 0.01875 0.0375
1 0.3 0.17083333333333334 0.021875 0.029166666666666667
1 0.50234375 0.18958333333333333 0.0140625 0.025
1 0.70859375 0.6614583333333334 0.0328125 0.05625
1 0.6625 0.5916666666666667 0.03125 0.05
1 0.61953125 0.45 0.0265625 0.041666666666666664
1 0.578125 0.35 0.021875 0.0375
