
1 0.36953125 0.9729166666666667 0.0671875 0.05416666666666667
1 0.440625 0.928125 0.05625 0.04791666666666667
1 0.2296875 0.9916666666666667 0.05 0.016666666666666666
1 0.309375 0.9583333333333334 0.065625 0.05416666666666667
1 0.39296875 0.909375 0.0578125 0.04791666666666667
1 0.1578125 0.984375 0.071875 0.03125
1 0.2453125 0.94375 0.0625 0.04583333333333333
1 0.32265625 0.9010416666666666 0.0515625 0.04791666666666667
1 0.39609375 0.859375 0.0578125 0.04375
1 0.10859375 0.9739583333333334 0.0703125 0.052083333333333336
1 0.18984375 0.928125 0.0640625 0.052083333333333336
1 0.27890625 0.8822916666666667 0.0734375 0.05625
1 0.35546875 0.8385416666666666 0.0546875 0.04791666666666667











1 0.98671875 0.459375 0.0265625 0.03958333333333333
5 0.05859375 0.7354166666666667 0.0234375 0.025
5 0.6125 0.9197916666666667 0.021875 0.03958333333333333
4 0.40390625 0.6510416666666666 0.0078125 0.022916666666666665
4 0.41171875 0.6822916666666666 0.0078125 0.022916666666666665
5 0.53359375 0.7604166666666666 0.0140625 0.029166666666666667
5 0.56796875 0.8916666666666667 0.0171875 0.03333333333333333
4 0.44453125 0.665625 0.0078125 0.01875
4 0.3484375 0.5083333333333333 0.00625 0.0125
4 0.35859375 0.5 0.0109375 0.0125
5 0.66171875 0.9510416666666667 0.0140625 0.027083333333333334

5 0.65234375 0.8583333333333333 0.0140625 0.03333333333333333
5 0.6359375 0.8395833333333333 0.0125 0.029166666666666667


5 0.66875 0.7927083333333333 0.0125 0.027083333333333334


5 0.696875 0.8114583333333333 0.015625 0.03125

5 0.9046875 0.5520833333333334 0.021875 0.025
5 0.9046875 0.5520833333333334 0.021875 0.025
5 0.66875 0.7927083333333333 0.0125 0.027083333333333334
5 0.14609375 0.7447916666666666 0.0578125 0.05625
5 0.14609375 0.7447916666666666 0.0578125 0.05625
5 0.14609375 0.7447916666666666 0.0578125 0.05625
1 0.14609375 0.74375 0.0578125 0.05416666666666667
3 0.64765625 0.65 0.0578125 0.12916666666666668
1 0.47421875 0.5072916666666667 0.0265625 0.035416666666666666
1 0.5734375 0.44375 0.025 0.041666666666666664
3 0.53828125 0.2760416666666667 0.0421875 0.14791666666666667
1 0.528125 0.21666666666666667 0.015625 0.029166666666666667
1 0.540625 0.17291666666666666 0.01875 0.025
1 0.49453125 0.11979166666666667 0.0140625 0.10625
1 0.540625 0.17291666666666666 0.01875 0.025
1 0.37578125 0.25104166666666666 0.0171875 0.022916666666666665
1 0.353125 0.24895833333333334 0.015625 0.022916666666666665
1 0.3734375 0.22708333333333333 0.015625 0.020833333333333332
1 0.35390625 0.22708333333333333 0.0140625 0.020833333333333332
1 0.33515625 0.22604166666666667 0.0140625 0.022916666666666665
1 0.31640625 0.23125 0.0140625 0.020833333333333332
1 0.31953125 0.2604166666666667 0.0171875 0.0375
1 0.29765625 0.234375 0.0171875 0.022916666666666665
1 0.2765625 0.228125 0.015625 0.01875
1 0.38203125 0.1875 0.0140625 0.020833333333333332
1 0.365625 0.19375 0.015625 0.025
1 0.32890625 0.18958333333333333 0.0171875 0.025
1 0.3109375 0.19375 0.01875 0.0375
1 0.3 0.17083333333333334 0.021875 0.029166666666666667
1 0.5015625 0.190625 0.015625 0.027083333333333334
1 0.71328125 0.6802083333333333 0.0328125 0.05625
1 0.66875 0.6072916666666667 0.03125 0.052083333333333336
1 0.62265625 0.46041666666666664 0.0265625 0.041666666666666664
1 0.58046875 0.3572916666666667 0.0234375 0.03958333333333333
