
1 0.36953125 0.9729166666666667 0.0671875 0.05416666666666667
1 0.440625 0.928125 0.05625 0.04791666666666667
1 0.23046875 0.9916666666666667 0.0484375 0.016666666666666666
1 0.309375 0.9583333333333334 0.065625 0.05416666666666667
1 0.39296875 0.909375 0.0578125 0.04791666666666667
1 0.1578125 0.984375 0.071875 0.03125
1 0.2453125 0.94375 0.0625 0.04583333333333333
1 0.32265625 0.9010416666666666 0.0515625 0.04791666666666667
1 0.3953125 0.859375 0.05625 0.04375
1 0.10859375 0.9739583333333334 0.0703125 0.052083333333333336
1 0.18984375 0.928125 0.0640625 0.052083333333333336
1 0.27890625 0.8822916666666667 0.0734375 0.05625
1 0.35546875 0.8385416666666666 0.0546875 0.04791666666666667











1 0.9890625 0.4552083333333333 0.021875 0.03958333333333333
5 0.0671875 0.73125 0.025 0.025
5 0.6171875 0.9302083333333333 0.021875 0.03958333333333333
4 0.4046875 0.6520833333333333 0.009375 0.020833333333333332
4 0.41328125 0.6822916666666666 0.0078125 0.01875
5 0.534375 0.7635416666666667 0.0125 0.027083333333333334
5 0.5703125 0.8958333333333334 0.015625 0.029166666666666667
4 0.44609375 0.6677083333333333 0.0078125 0.022916666666666665
4 0.3484375 0.509375 0.00625 0.010416666666666666
4 0.359375 0.5 0.0125 0.0125
5 0.66484375 0.9604166666666667 0.0140625 0.029166666666666667

5 0.65546875 0.8625 0.0140625 0.029166666666666667
5 0.63984375 0.8479166666666667 0.0140625 0.029166666666666667


5 0.66875 0.803125 0.0125 0.027083333333333334


5 0.6984375 0.8208333333333333 0.015625 0.03333333333333333

5 0.90859375 0.55625 0.0234375 0.029166666666666667
5 0.90859375 0.5572916666666666 0.0234375 0.027083333333333334
5 0.66875 0.803125 0.0125 0.027083333333333334
5 0.13203125 0.7520833333333333 0.0578125 0.05416666666666667
5 0.13203125 0.7520833333333333 0.0578125 0.05416666666666667
5 0.13125 0.7520833333333333 0.059375 0.058333333333333334
1 0.13203125 0.7520833333333333 0.0578125 0.05416666666666667
3 0.65 0.6572916666666667 0.05625 0.13125
1 0.46953125 0.5114583333333333 0.0265625 0.035416666666666666
1 0.57578125 0.4510416666666667 0.0265625 0.04375
3 0.53984375 0.2791666666666667 0.0421875 0.15
1 0.528125 0.21875 0.015625 0.029166666666666667
1 0.54140625 0.175 0.0171875 0.029166666666666667
1 0.49375 0.11979166666666667 0.015625 0.10625
1 0.540625 0.17395833333333333 0.015625 0.022916666666666665
1 0.37578125 0.25104166666666666 0.0171875 0.022916666666666665
1 0.353125 0.25 0.015625 0.025
1 0.3734375 0.22708333333333333 0.015625 0.020833333333333332
1 0.35390625 0.22708333333333333 0.0140625 0.020833333333333332
1 0.33515625 0.22708333333333333 0.0140625 0.025
1 0.31640625 0.23125 0.0140625 0.020833333333333332
1 0.31953125 0.2604166666666667 0.0171875 0.0375
1 0.296875 0.234375 0.01875 0.022916666666666665
1 0.27734375 0.228125 0.0171875 0.01875
1 0.38203125 0.1875 0.0140625 0.020833333333333332
1 0.365625 0.19375 0.015625 0.025
1 0.32890625 0.18958333333333333 0.0171875 0.025
1 0.3109375 0.19375 0.01875 0.0375
1 0.29765625 0.171875 0.0203125 0.027083333333333334
1 0.503125 0.18958333333333333 0.0125 0.025
1 0.71796875 0.6916666666666667 0.0328125 0.058333333333333334
1 0.671875 0.6177083333333333 0.03125 0.052083333333333336
1 0.62421875 0.465625 0.0265625 0.04375
1 0.58125 0.36041666666666666 0.021875 0.0375
