
1 0.36953125 0.9729166666666667 0.0671875 0.05416666666666667
1 0.440625 0.928125 0.05625 0.04791666666666667
1 0.23046875 0.9916666666666667 0.0484375 0.016666666666666666
1 0.309375 0.9583333333333334 0.065625 0.05416666666666667
1 0.3921875 0.909375 0.05625 0.04791666666666667
1 0.15859375 0.984375 0.0703125 0.03125
1 0.2453125 0.94375 0.0625 0.04583333333333333
1 0.32265625 0.9010416666666666 0.0515625 0.04791666666666667
1 0.3953125 0.859375 0.05625 0.04375
1 0.1078125 0.9739583333333334 0.071875 0.052083333333333336
1 0.18984375 0.928125 0.0640625 0.052083333333333336
1 0.27890625 0.8822916666666667 0.0734375 0.05625
1 0.35625 0.8385416666666666 0.05625 0.04791666666666667











1 0.990625 0.44895833333333335 0.01875 0.03958333333333333
5 0.0734375 0.728125 0.025 0.027083333333333334
5 0.6203125 0.9333333333333333 0.021875 0.0375
4 0.4046875 0.653125 0.009375 0.022916666666666665
4 0.4140625 0.6854166666666667 0.00625 0.020833333333333332
5 0.5359375 0.7645833333333333 0.0125 0.029166666666666667
5 0.5734375 0.9010416666666666 0.015625 0.03125
4 0.446875 0.6697916666666667 0.009375 0.022916666666666665
4 0.3484375 0.5083333333333333 0.00625 0.0125
4 0.35859375 0.5 0.0109375 0.0125
5 0.66640625 0.96875 0.0140625 0.029166666666666667

5 0.65703125 0.8708333333333333 0.0140625 0.029166666666666667
5 0.6421875 0.85625 0.0125 0.029166666666666667


5 0.66875 0.8083333333333333 0.0125 0.029166666666666667


5 0.7 0.8260416666666667 0.015625 0.03125

5 0.91171875 0.5572916666666666 0.0234375 0.027083333333333334
5 0.9109375 0.55625 0.021875 0.025
5 0.66953125 0.8083333333333333 0.0109375 0.029166666666666667
5 0.121875 0.7572916666666667 0.059375 0.05625
5 0.121875 0.7583333333333333 0.059375 0.058333333333333334
5 0.121875 0.7583333333333333 0.059375 0.058333333333333334
1 0.121875 0.7583333333333333 0.059375 0.05416666666666667
3 0.65078125 0.6614583333333334 0.0578125 0.13125
1 0.46484375 0.515625 0.0296875 0.035416666666666666
1 0.5765625 0.45416666666666666 0.025 0.041666666666666664
3 0.53984375 0.28229166666666666 0.0421875 0.15208333333333332
1 0.52890625 0.221875 0.0171875 0.03125
1 0.54140625 0.17708333333333334 0.0171875 0.029166666666666667
1 0.49453125 0.1625 0.0140625 0.020833333333333332
1 0.54140625 0.17708333333333334 0.0171875 0.025
1 0.37578125 0.2520833333333333 0.0171875 0.025
1 0.353125 0.25 0.015625 0.025
1 0.3734375 0.22708333333333333 0.015625 0.020833333333333332
1 0.35390625 0.22708333333333333 0.0140625 0.020833333333333332
1 0.33515625 0.22708333333333333 0.0140625 0.025
1 0.31640625 0.23125 0.0140625 0.020833333333333332
1 0.31953125 0.2604166666666667 0.0171875 0.0375
1 0.296875 0.234375 0.01875 0.022916666666666665
1 0.2765625 0.228125 0.015625 0.01875
1 0.38203125 0.1875 0.0140625 0.020833333333333332
1 0.365625 0.19375 0.015625 0.025
1 0.32890625 0.18854166666666666 0.0171875 0.022916666666666665
1 0.31015625 0.19375 0.0203125 0.0375
1 0.2984375 0.171875 0.01875 0.027083333333333334
1 0.503125 0.18958333333333333 0.0125 0.025
1 0.71953125 0.6979166666666666 0.0328125 0.058333333333333334
1 0.675 0.6229166666666667 0.03125 0.05416666666666667
1 0.62578125 0.46770833333333334 0.0265625 0.04375
1 0.5828125 0.36354166666666665 0.021875 0.035416666666666666
