
1 0.36875 0.9729166666666667 0.065625 0.05416666666666667
1 0.440625 0.928125 0.05625 0.04791666666666667
1 0.2296875 0.9916666666666667 0.046875 0.016666666666666666
1 0.309375 0.9583333333333334 0.065625 0.05416666666666667
1 0.3921875 0.909375 0.05625 0.04791666666666667
1 0.1578125 0.984375 0.071875 0.03125
1 0.2453125 0.94375 0.0625 0.04583333333333333
1 0.32265625 0.9010416666666666 0.0515625 0.04791666666666667
1 0.3953125 0.859375 0.05625 0.04375
1 0.1078125 0.9739583333333334 0.071875 0.052083333333333336
1 0.18984375 0.928125 0.0640625 0.052083333333333336
1 0.27890625 0.8822916666666667 0.0734375 0.05625
1 0.35546875 0.8385416666666666 0.0578125 0.04791666666666667











1 0.9921875 0.44166666666666665 0.015625 0.03333333333333333
5 0.08125 0.7229166666666667 0.025 0.029166666666666667
5 0.625 0.9427083333333334 0.021875 0.03958333333333333
4 0.4046875 0.6541666666666667 0.009375 0.020833333333333332
4 0.41484375 0.6875 0.0078125 0.020833333333333332
5 0.5390625 0.76875 0.0125 0.029166666666666667
5 0.5765625 0.90625 0.015625 0.029166666666666667
4 0.446875 0.6708333333333333 0.009375 0.025
4 0.3484375 0.5104166666666666 0.00625 0.0125
4 0.35859375 0.5 0.0109375 0.0125
5 0.6703125 0.9760416666666667 0.0125 0.027083333333333334

5 0.66015625 0.8791666666666667 0.0109375 0.029166666666666667
5 0.6453125 0.865625 0.009375 0.027083333333333334


5 0.6703125 0.8145833333333333 0.0125 0.029166666666666667


5 0.70234375 0.8333333333333334 0.0140625 0.03333333333333333

5 0.915625 0.559375 0.021875 0.027083333333333334
5 0.91640625 0.559375 0.0203125 0.027083333333333334
5 0.6703125 0.8145833333333333 0.0125 0.029166666666666667
5 0.10703125 0.76875 0.0609375 0.058333333333333334
5 0.10703125 0.7666666666666667 0.0609375 0.05416666666666667
5 0.10703125 0.76875 0.0609375 0.058333333333333334
1 0.10703125 0.7666666666666667 0.0609375 0.05416666666666667
3 0.65390625 0.66875 0.0578125 0.13333333333333333
1 0.46171875 0.5197916666666667 0.0265625 0.035416666666666666
1 0.57890625 0.46145833333333336 0.0265625 0.04375
3 0.54140625 0.2875 0.0421875 0.15416666666666667
1 0.52890625 0.225 0.0171875 0.03333333333333333
1 0.54140625 0.17916666666666667 0.0171875 0.029166666666666667
1 0.49296875 0.12083333333333333 0.0171875 0.10833333333333334
1 0.540625 0.178125 0.015625 0.027083333333333334
1 0.37578125 0.2520833333333333 0.0171875 0.025
1 0.353125 0.25 0.015625 0.025
1 0.3734375 0.22708333333333333 0.015625 0.020833333333333332
1 0.35390625 0.22708333333333333 0.0140625 0.020833333333333332
1 0.33515625 0.22708333333333333 0.0140625 0.025
1 0.31640625 0.23125 0.0140625 0.020833333333333332
1 0.31953125 0.2604166666666667 0.0171875 0.0375
1 0.296875 0.234375 0.01875 0.022916666666666665
1 0.2765625 0.228125 0.015625 0.01875
1 0.38203125 0.1875 0.0140625 0.020833333333333332
1 0.365625 0.19375 0.015625 0.025
1 0.32890625 0.18958333333333333 0.0171875 0.025
1 0.3109375 0.19375 0.01875 0.0375
1 0.29921875 0.171875 0.0203125 0.027083333333333334
1 0.503125 0.18958333333333333 0.0125 0.025
1 0.72265625 0.7083333333333334 0.0328125 0.058333333333333334
1 0.67890625 0.6333333333333333 0.0328125 0.05416666666666667
1 0.628125 0.4739583333333333 0.028125 0.04375
1 0.58515625 0.36770833333333336 0.0234375 0.03958333333333333
