
1 0.36875 0.9729166666666667 0.065625 0.05416666666666667
1 0.440625 0.928125 0.05625 0.04791666666666667
1 0.2296875 0.9916666666666667 0.046875 0.016666666666666666
1 0.30859375 0.9583333333333334 0.0671875 0.05416666666666667
1 0.39296875 0.9083333333333333 0.0578125 0.05
1 0.1578125 0.984375 0.071875 0.03125
1 0.2453125 0.94375 0.0625 0.04583333333333333
1 0.32265625 0.9020833333333333 0.0515625 0.04583333333333333
1 0.3953125 0.859375 0.05625 0.04375
1 0.1078125 0.9739583333333334 0.071875 0.052083333333333336
1 0.18984375 0.928125 0.0640625 0.052083333333333336
1 0.27890625 0.8822916666666667 0.0734375 0.05625
1 0.3546875 0.8385416666666666 0.05625 0.04791666666666667











1 0.99296875 0.4395833333333333 0.0140625 0.03333333333333333
5 0.0859375 0.7197916666666667 0.025 0.027083333333333334
5 0.628125 0.9489583333333333 0.021875 0.03958333333333333
4 0.4046875 0.65625 0.009375 0.020833333333333332
4 0.415625 0.6864583333333333 0.009375 0.022916666666666665
5 0.5390625 0.7708333333333334 0.0125 0.029166666666666667
5 0.5796875 0.9104166666666667 0.015625 0.029166666666666667
4 0.446875 0.6708333333333333 0.009375 0.025
4 0.3484375 0.5104166666666666 0.00625 0.0125
4 0.35859375 0.5010416666666667 0.0109375 0.014583333333333334
5 0.67265625 0.9833333333333333 0.0140625 0.03333333333333333

5 0.6625 0.8854166666666666 0.0125 0.029166666666666667
5 0.64609375 0.8708333333333333 0.0109375 0.029166666666666667


5 0.671875 0.8197916666666667 0.0125 0.03125


5 0.70390625 0.8385416666666666 0.0140625 0.035416666666666666

5 0.91875 0.5604166666666667 0.021875 0.025
5 0.91875 0.5604166666666667 0.021875 0.025
5 0.671875 0.81875 0.0125 0.029166666666666667
5 0.096875 0.7729166666666667 0.059375 0.05416666666666667
5 0.096875 0.7729166666666667 0.059375 0.05416666666666667
5 0.096875 0.7729166666666667 0.059375 0.05416666666666667
1 0.09765625 0.7729166666666667 0.0609375 0.05416666666666667
3 0.65390625 0.6729166666666667 0.0578125 0.13333333333333333
1 0.4578125 0.5229166666666667 0.028125 0.0375
1 0.5796875 0.465625 0.025 0.04375
3 0.54140625 0.290625 0.0421875 0.15625
1 0.5296875 0.228125 0.015625 0.03125
1 0.54140625 0.18125 0.0171875 0.029166666666666667
1 0.49375 0.16354166666666667 0.015625 0.01875
1 0.54140625 0.17916666666666667 0.0171875 0.025
1 0.37578125 0.2520833333333333 0.0171875 0.025
1 0.353125 0.25 0.015625 0.025
1 0.3734375 0.22708333333333333 0.015625 0.020833333333333332
1 0.35390625 0.22708333333333333 0.0140625 0.020833333333333332
1 0.33515625 0.22708333333333333 0.0140625 0.025
1 0.31640625 0.23125 0.0140625 0.020833333333333332
1 0.31953125 0.2604166666666667 0.0171875 0.0375
1 0.296875 0.234375 0.01875 0.022916666666666665
1 0.2765625 0.228125 0.015625 0.01875
1 0.38203125 0.1875 0.0140625 0.020833333333333332
1 0.365625 0.19375 0.015625 0.025
1 0.328125 0.18958333333333333 0.015625 0.025
1 0.3109375 0.19375 0.01875 0.0375
1 0.29765625 0.171875 0.0203125 0.027083333333333334
1 0.503125 0.190625 0.0125 0.022916666666666665
1 0.72578125 0.7166666666666667 0.0328125 0.058333333333333334
1 0.68125 0.6395833333333333 0.03125 0.05416666666666667
1 0.6296875 0.478125 0.028125 0.04375
1 0.5859375 0.3697916666666667 0.025 0.03958333333333333
