
1 0.36953125 0.9729166666666667 0.0671875 0.05416666666666667
1 0.44140625 0.928125 0.0578125 0.04791666666666667
1 0.2296875 0.9916666666666667 0.046875 0.016666666666666666
1 0.30859375 0.9583333333333334 0.0671875 0.05416666666666667
1 0.3921875 0.909375 0.05625 0.04791666666666667
1 0.15859375 0.984375 0.0703125 0.03125
1 0.2453125 0.94375 0.0625 0.04583333333333333
1 0.32265625 0.9010416666666666 0.0515625 0.04791666666666667
1 0.3953125 0.859375 0.05625 0.04375
1 0.1078125 0.9739583333333334 0.071875 0.052083333333333336
1 0.18984375 0.928125 0.0640625 0.052083333333333336
1 0.27890625 0.8822916666666667 0.0734375 0.05625
1 0.3546875 0.8385416666666666 0.05625 0.04791666666666667











1 0.99453125 0.4375 0.0109375 0.029166666666666667
5 0.0921875 0.7166666666666667 0.025 0.025
5 0.634375 0.959375 0.025 0.04375
4 0.40546875 0.65625 0.0109375 0.020833333333333332
4 0.4171875 0.690625 0.009375 0.022916666666666665
5 0.5421875 0.775 0.0125 0.029166666666666667
5 0.5828125 0.9177083333333333 0.015625 0.03125
4 0.4484375 0.671875 0.009375 0.022916666666666665
4 0.34765625 0.5104166666666666 0.0078125 0.0125
4 0.3578125 0.5020833333333333 0.0125 0.0125
5 0.6765625 0.9885416666666667 0.0125 0.022916666666666665

5 0.66484375 0.896875 0.0140625 0.03125
5 0.65 0.8822916666666667 0.0125 0.03125


5 0.67265625 0.8270833333333333 0.0140625 0.029166666666666667


5 0.70546875 0.846875 0.0140625 0.035416666666666666

5 0.9234375 0.5645833333333333 0.021875 0.025
5 0.9234375 0.5645833333333333 0.021875 0.025
5 0.6734375 0.8270833333333333 0.0125 0.029166666666666667
5 0.08125 0.78125 0.059375 0.05416666666666667
5 0.08125 0.78125 0.059375 0.05416666666666667
5 0.08125 0.78125 0.059375 0.05416666666666667
1 0.08203125 0.7822916666666667 0.0609375 0.05625
3 0.65625 0.6802083333333333 0.059375 0.13541666666666666
1 0.453125 0.528125 0.028125 0.035416666666666666
1 0.5828125 0.4708333333333333 0.025 0.041666666666666664
3 0.5421875 0.2947916666666667 0.04375 0.15625
1 0.5296875 0.23229166666666667 0.015625 0.03125
1 0.54140625 0.18229166666666666 0.0171875 0.027083333333333334
1 0.49296875 0.12083333333333333 0.0171875 0.10833333333333334
1 0.54140625 0.18229166666666666 0.0171875 0.027083333333333334
1 0.37578125 0.2520833333333333 0.0171875 0.025
1 0.353125 0.25 0.015625 0.025
1 0.3734375 0.228125 0.015625 0.022916666666666665
1 0.35390625 0.22708333333333333 0.0140625 0.020833333333333332
1 0.33515625 0.22708333333333333 0.0140625 0.025
1 0.31640625 0.23125 0.0140625 0.020833333333333332
1 0.31953125 0.2604166666666667 0.0171875 0.0375
1 0.296875 0.234375 0.01875 0.022916666666666665
1 0.2765625 0.228125 0.015625 0.01875
1 0.38203125 0.1875 0.0140625 0.020833333333333332
1 0.365625 0.19375 0.015625 0.025
1 0.328125 0.18958333333333333 0.015625 0.025
1 0.3109375 0.19375 0.01875 0.0375
1 0.3 0.171875 0.021875 0.027083333333333334
1 0.503125 0.190625 0.0125 0.022916666666666665
1 0.72890625 0.728125 0.0328125 0.06041666666666667
1 0.68515625 0.65 0.0328125 0.058333333333333334
1 0.63125 0.484375 0.025 0.04375
1 0.5875 0.375 0.025 0.041666666666666664
