
1 0.36953125 0.9729166666666667 0.0671875 0.05416666666666667
1 0.44140625 0.928125 0.0578125 0.04791666666666667
1 0.23046875 0.9916666666666667 0.0484375 0.016666666666666666
1 0.30859375 0.9583333333333334 0.0671875 0.05416666666666667
1 0.39296875 0.909375 0.0578125 0.04791666666666667
1 0.15859375 0.984375 0.0703125 0.03125
1 0.2453125 0.94375 0.0625 0.04583333333333333
1 0.32265625 0.9020833333333333 0.0515625 0.04583333333333333
1 0.3953125 0.8604166666666667 0.05625 0.04583333333333333
1 0.1078125 0.9739583333333334 0.071875 0.052083333333333336
1 0.18984375 0.928125 0.0640625 0.052083333333333336
1 0.27890625 0.8822916666666667 0.0734375 0.05625
1 0.3546875 0.8385416666666666 0.05625 0.04791666666666667











1 0.99609375 0.43645833333333334 0.0078125 0.027083333333333334
5 0.09765625 0.7125 0.0265625 0.029166666666666667
5 0.63671875 0.9635416666666666 0.0234375 0.03958333333333333
4 0.40546875 0.65625 0.0109375 0.020833333333333332
4 0.41796875 0.6916666666666667 0.0109375 0.025
5 0.54375 0.778125 0.0125 0.027083333333333334
5 0.58515625 0.9197916666666667 0.0171875 0.03125
4 0.42265625 0.6083333333333333 0.0609375 0.15416666666666667
4 0.34765625 0.5104166666666666 0.0078125 0.0125
4 0.35859375 0.5010416666666667 0.0109375 0.014583333333333334
5 0.678125 0.9916666666666667 0.0125 0.016666666666666666

5 0.6671875 0.9020833333333333 0.015625 0.03333333333333333
5 0.6515625 0.8895833333333333 0.0125 0.029166666666666667


5 0.6734375 0.8333333333333334 0.0125 0.029166666666666667


5 0.70703125 0.8510416666666667 0.0140625 0.035416666666666666

5 0.9265625 0.565625 0.021875 0.027083333333333334
5 0.92578125 0.565625 0.0203125 0.022916666666666665
5 0.6734375 0.8333333333333334 0.0125 0.025
5 0.0703125 0.7875 0.0625 0.058333333333333334
5 0.0703125 0.7875 0.0625 0.058333333333333334
5 0.0703125 0.7885416666666667 0.0625 0.06041666666666667
1 0.0703125 0.7885416666666667 0.0625 0.05625
3 0.6578125 0.684375 0.059375 0.13541666666666666
1 0.45 0.5291666666666667 0.028125 0.0375
1 0.584375 0.47604166666666664 0.025 0.04375
3 0.54296875 0.29791666666666666 0.0453125 0.15833333333333333
1 0.5296875 0.23333333333333334 0.015625 0.029166666666666667
1 0.5421875 0.184375 0.015625 0.027083333333333334
1 0.49296875 0.16354166666666667 0.0171875 0.022916666666666665
1 0.54140625 0.18333333333333332 0.0171875 0.029166666666666667
1 0.37578125 0.2520833333333333 0.0171875 0.025
1 0.353125 0.2520833333333333 0.015625 0.025
1 0.3734375 0.22708333333333333 0.015625 0.020833333333333332
1 0.35390625 0.22708333333333333 0.0140625 0.020833333333333332
1 0.33515625 0.22708333333333333 0.0140625 0.025
1 0.31640625 0.23125 0.0140625 0.020833333333333332
1 0.31953125 0.26145833333333335 0.0171875 0.035416666666666666
1 0.296875 0.23541666666666666 0.01875 0.025
1 0.2765625 0.22916666666666666 0.015625 0.016666666666666666
1 0.38203125 0.1875 0.0140625 0.020833333333333332
1 0.365625 0.19479166666666667 0.015625 0.027083333333333334
1 0.32890625 0.18958333333333333 0.0171875 0.025
1 0.3109375 0.19375 0.01875 0.0375
1 0.29765625 0.171875 0.0203125 0.027083333333333334
1 0.503125 0.190625 0.0125 0.022916666666666665
1 0.73125 0.7364583333333333 0.034375 0.06041666666666667
1 0.6875 0.6572916666666667 0.03125 0.05625
1 0.6328125 0.48854166666666665 0.028125 0.04375
1 0.5890625 0.378125 0.025 0.03958333333333333
