
1 0.36953125 0.9729166666666667 0.0671875 0.05416666666666667
1 0.44140625 0.928125 0.0578125 0.04791666666666667
1 0.23046875 0.9916666666666667 0.0484375 0.016666666666666666
1 0.30859375 0.9583333333333334 0.0671875 0.05416666666666667
1 0.39296875 0.909375 0.0578125 0.04791666666666667
1 0.15859375 0.984375 0.0703125 0.03125
1 0.2453125 0.94375 0.0625 0.04583333333333333
1 0.32265625 0.9020833333333333 0.0515625 0.04583333333333333
1 0.3953125 0.859375 0.05625 0.04375
1 0.1078125 0.9739583333333334 0.071875 0.052083333333333336
1 0.18984375 0.928125 0.0640625 0.052083333333333336
1 0.27890625 0.8822916666666667 0.0734375 0.05625
1 0.35546875 0.8385416666666666 0.0546875 0.04791666666666667











1 0.996875 0.4354166666666667 0.00625 0.020833333333333332
5 0.10703125 0.7072916666666667 0.0265625 0.027083333333333334
5 0.64140625 0.9729166666666667 0.0203125 0.0375
4 0.40625 0.659375 0.009375 0.01875
4 0.41875 0.69375 0.009375 0.025
5 0.5453125 0.7802083333333333 0.0125 0.03125
5 0.58828125 0.9260416666666667 0.0171875 0.03125
4 0.42265625 0.6072916666666667 0.0640625 0.15625
4 0.3484375 0.5125 0.00625 0.016666666666666666
4 0.35859375 0.5010416666666667 0.0109375 0.014583333333333334
5 0.68125 0.9958333333333333 0.0125 0.008333333333333333

5 0.66953125 0.9135416666666667 0.0140625 0.03125
5 0.6546875 0.8989583333333333 0.0125 0.03125


5 0.67421875 0.8427083333333333 0.0140625 0.027083333333333334


5 0.70859375 0.8604166666666667 0.0140625 0.03333333333333333

5 0.93125 0.5677083333333334 0.021875 0.027083333333333334
5 0.93046875 0.5677083333333334 0.0203125 0.027083333333333334
5 0.67578125 0.8427083333333333 0.0109375 0.022916666666666665
5 0.05390625 0.7979166666666667 0.0640625 0.058333333333333334
5 0.05390625 0.7979166666666667 0.0640625 0.058333333333333334
5 0.05390625 0.7989583333333333 0.0640625 0.06041666666666667
1 0.05390625 0.7979166666666667 0.0640625 0.058333333333333334
3 0.659375 0.6916666666666667 0.059375 0.1375
1 0.44453125 0.5333333333333333 0.0296875 0.041666666666666664
1 0.58671875 0.4822916666666667 0.0265625 0.04791666666666667
3 0.54375 0.303125 0.04375 0.16041666666666668
1 0.53125 0.2375 0.015625 0.029166666666666667
1 0.54296875 0.18645833333333334 0.0171875 0.027083333333333334
1 0.49296875 0.16458333333333333 0.0171875 0.020833333333333332
1 0.54296875 0.18645833333333334 0.0171875 0.027083333333333334
1 0.375 0.2520833333333333 0.01875 0.025
1 0.353125 0.2520833333333333 0.015625 0.025
1 0.3734375 0.228125 0.015625 0.022916666666666665
1 0.35390625 0.22708333333333333 0.0140625 0.020833333333333332
1 0.33515625 0.22708333333333333 0.0140625 0.025
1 0.31640625 0.23125 0.0140625 0.020833333333333332
1 0.31953125 0.26145833333333335 0.0171875 0.035416666666666666
1 0.296875 0.23541666666666666 0.01875 0.025
1 0.2765625 0.228125 0.015625 0.01875
1 0.38203125 0.18854166666666666 0.0140625 0.01875
1 0.365625 0.19479166666666667 0.015625 0.027083333333333334
1 0.328125 0.18958333333333333 0.015625 0.025
1 0.3109375 0.19479166666666667 0.01875 0.03958333333333333
1 0.29765625 0.171875 0.0203125 0.027083333333333334
1 0.503125 0.190625 0.0125 0.022916666666666665
1 0.73515625 0.7489583333333333 0.0328125 0.06041666666666667
1 0.69140625 0.665625 0.0328125 0.05625
1 0.63515625 0.49375 0.0265625 0.041666666666666664
1 0.590625 0.38125 0.025 0.041666666666666664
