
1 0.36953125 0.9729166666666667 0.0671875 0.05416666666666667
1 0.44140625 0.928125 0.0578125 0.04791666666666667
1 0.23046875 0.9916666666666667 0.0484375 0.016666666666666666
1 0.30859375 0.9583333333333334 0.0671875 0.05416666666666667
1 0.3921875 0.909375 0.05625 0.04791666666666667
1 0.15859375 0.984375 0.0703125 0.03125
1 0.2453125 0.94375 0.0625 0.04583333333333333
1 0.32265625 0.9020833333333333 0.0515625 0.04583333333333333
1 0.39453125 0.859375 0.0578125 0.04375
1 0.10859375 0.9739583333333334 0.0703125 0.052083333333333336
1 0.18984375 0.928125 0.0640625 0.052083333333333336
1 0.27890625 0.8822916666666667 0.0734375 0.05625
1 0.35625 0.8385416666666666 0.05625 0.04791666666666667












5 0.11171875 0.703125 0.0265625 0.027083333333333334
5 0.64453125 0.978125 0.0203125 0.03958333333333333
4 0.40859375 0.6604166666666667 0.0109375 0.020833333333333332
4 0.42109375 0.69375 0.0078125 0.020833333333333332
5 0.546875 0.784375 0.0125 0.03125
5 0.59140625 0.9302083333333333 0.0171875 0.03125
4 0.42265625 0.6083333333333333 0.0640625 0.15833333333333333
4 0.3484375 0.5104166666666666 0.00625 0.0125
4 0.359375 0.5010416666666667 0.0125 0.014583333333333334


5 0.67265625 0.9197916666666667 0.0140625 0.03125
5 0.65703125 0.9052083333333333 0.0140625 0.03125


5 0.67578125 0.8479166666666667 0.0140625 0.029166666666666667


5 0.71015625 0.865625 0.0140625 0.035416666666666666

5 0.93359375 0.5697916666666667 0.0234375 0.027083333333333334
5 0.93359375 0.5697916666666667 0.0234375 0.027083333333333334
5 0.67734375 0.8479166666666667 0.0109375 0.025
5 0.04296875 0.8041666666666667 0.0640625 0.058333333333333334
5 0.04296875 0.8041666666666667 0.0640625 0.058333333333333334
5 0.04296875 0.8041666666666667 0.0640625 0.058333333333333334
1 0.04296875 0.803125 0.0640625 0.05625
3 0.66015625 0.6958333333333333 0.0609375 0.1375
1 0.440625 0.5395833333333333 0.028125 0.0375
1 0.5875 0.4864583333333333 0.025 0.04375
3 0.5453125 0.30520833333333336 0.04375 0.16041666666666668
1 0.53203125 0.24166666666666667 0.0171875 0.03333333333333333
1 0.54296875 0.1875 0.0171875 0.029166666666666667
1 0.49296875 0.16458333333333333 0.0171875 0.020833333333333332
1 0.54375 0.1875 0.015625 0.025
1 0.375 0.25104166666666666 0.01875 0.022916666666666665
1 0.353125 0.2520833333333333 0.015625 0.025
1 0.3734375 0.22708333333333333 0.015625 0.020833333333333332
1 0.35390625 0.22708333333333333 0.0140625 0.020833333333333332
1 0.33515625 0.22708333333333333 0.0140625 0.025
1 0.31640625 0.23125 0.0140625 0.020833333333333332
1 0.31953125 0.2604166666666667 0.0171875 0.0375
1 0.296875 0.23541666666666666 0.01875 0.025
1 0.2765625 0.228125 0.015625 0.01875
1 0.38203125 0.18958333333333333 0.0140625 0.020833333333333332
1 0.365625 0.19479166666666667 0.015625 0.027083333333333334
1 0.32890625 0.18958333333333333 0.0171875 0.025
1 0.3109375 0.19479166666666667 0.01875 0.03958333333333333
1 0.29765625 0.171875 0.0203125 0.027083333333333334
1 0.503125 0.190625 0.0125 0.022916666666666665
1 0.73828125 0.75625 0.0359375 0.0625
1 0.69296875 0.671875 0.0328125 0.05625
1 0.63671875 0.49895833333333334 0.0265625 0.04791666666666667
1 0.5921875 0.3854166666666667 0.025 0.041666666666666664
