
1 0.36953125 0.9729166666666667 0.0671875 0.05416666666666667
1 0.440625 0.928125 0.05625 0.04791666666666667
1 0.23046875 0.9916666666666667 0.0484375 0.016666666666666666
1 0.30859375 0.9583333333333334 0.0671875 0.05416666666666667
1 0.3921875 0.909375 0.05625 0.04791666666666667
1 0.15859375 0.984375 0.0703125 0.03125
1 0.2453125 0.94375 0.0625 0.04583333333333333
1 0.32265625 0.9010416666666666 0.0515625 0.04791666666666667
1 0.3953125 0.859375 0.05625 0.04375
1 0.10859375 0.9739583333333334 0.0703125 0.052083333333333336
1 0.18984375 0.928125 0.0640625 0.052083333333333336
1 0.27890625 0.8822916666666667 0.0734375 0.05625
1 0.35625 0.8385416666666666 0.05625 0.04791666666666667












5 0.11875 0.7010416666666667 0.025 0.027083333333333334
5 0.65 0.984375 0.021875 0.03125
4 0.40859375 0.6614583333333334 0.0109375 0.01875
4 0.42265625 0.6947916666666667 0.0078125 0.01875
5 0.55 0.7885416666666667 0.0125 0.03125
5 0.59609375 0.9364583333333333 0.0171875 0.03125
4 0.42265625 0.6083333333333333 0.0640625 0.15833333333333333
4 0.3484375 0.5083333333333333 0.00625 0.0125
4 0.359375 0.5 0.0125 0.0125


5 0.6765625 0.9291666666666667 0.0125 0.029166666666666667
5 0.659375 0.915625 0.0125 0.03125


5 0.67890625 0.8552083333333333 0.0109375 0.027083333333333334


5 0.71328125 0.8739583333333333 0.0171875 0.035416666666666666

5 0.93671875 0.571875 0.0234375 0.027083333333333334
5 0.93671875 0.571875 0.0234375 0.027083333333333334
5 0.678125 0.8552083333333333 0.0125 0.027083333333333334
5 0.02890625 0.8125 0.0578125 0.058333333333333334
5 0.02890625 0.8135416666666667 0.0578125 0.05625
5 0.02890625 0.8125 0.0578125 0.058333333333333334
1 0.02890625 0.8125 0.0578125 0.058333333333333334
3 0.6625 0.703125 0.0625 0.13958333333333334
1 0.4359375 0.5447916666666667 0.028125 0.035416666666666666
1 0.58984375 0.49270833333333336 0.0265625 0.04375
3 0.54609375 0.3104166666666667 0.0453125 0.1625
1 0.5328125 0.24583333333333332 0.01875 0.03333333333333333
1 0.54375 0.190625 0.015625 0.027083333333333334
1 0.49296875 0.16458333333333333 0.0171875 0.020833333333333332
1 0.54375 0.18958333333333333 0.015625 0.025
1 0.37578125 0.253125 0.0171875 0.022916666666666665
1 0.353125 0.2520833333333333 0.015625 0.025
1 0.3734375 0.228125 0.015625 0.022916666666666665
1 0.35390625 0.22708333333333333 0.0140625 0.020833333333333332
1 0.33515625 0.22708333333333333 0.0140625 0.025
1 0.31640625 0.23229166666666667 0.0140625 0.01875
1 0.31953125 0.26145833333333335 0.0171875 0.035416666666666666
1 0.296875 0.23541666666666666 0.01875 0.025
1 0.2765625 0.228125 0.015625 0.01875
1 0.38203125 0.18958333333333333 0.0140625 0.020833333333333332
1 0.36640625 0.19479166666666667 0.0171875 0.027083333333333334
1 0.328125 0.190625 0.015625 0.022916666666666665
1 0.3109375 0.19479166666666667 0.01875 0.03958333333333333
1 0.3 0.17291666666666666 0.021875 0.029166666666666667
1 0.50234375 0.19166666666666668 0.0140625 0.025
1 0.7421875 0.7677083333333333 0.034375 0.06458333333333334
1 0.69609375 0.6822916666666666 0.0328125 0.05625
1 0.6390625 0.50625 0.028125 0.05
1 0.59375 0.390625 0.028125 0.04375
