
1 0.36953125 0.9729166666666667 0.0671875 0.05416666666666667
1 0.440625 0.928125 0.05625 0.04791666666666667
1 0.23046875 0.9916666666666667 0.0484375 0.016666666666666666
1 0.30859375 0.9583333333333334 0.0671875 0.05416666666666667
1 0.39296875 0.909375 0.0578125 0.04791666666666667
1 0.15859375 0.984375 0.0703125 0.03125
1 0.2453125 0.94375 0.0625 0.04583333333333333
1 0.32265625 0.903125 0.0515625 0.04791666666666667
1 0.3953125 0.8604166666666667 0.05625 0.04583333333333333
1 0.10859375 0.9739583333333334 0.0703125 0.052083333333333336
1 0.18984375 0.928125 0.0640625 0.052083333333333336
1 0.278125 0.8822916666666667 0.071875 0.05625
1 0.35546875 0.8385416666666666 0.0578125 0.04791666666666667












5 0.13125 0.6947916666666667 0.025 0.027083333333333334
5 0.65625 0.9916666666666667 0.01875 0.016666666666666666
4 0.4109375 0.6614583333333334 0.009375 0.01875
4 0.42421875 0.6989583333333333 0.0078125 0.01875
5 0.553125 0.7947916666666667 0.0125 0.03125
5 0.60234375 0.9458333333333333 0.0171875 0.029166666666666667
4 0.42578125 0.609375 0.0609375 0.16041666666666668
4 0.3484375 0.509375 0.00625 0.010416666666666666
4 0.36015625 0.5 0.0109375 0.0125


5 0.68125 0.9458333333333333 0.015625 0.03333333333333333
5 0.66484375 0.9322916666666666 0.0109375 0.03125


5 0.68125 0.86875 0.0125 0.029166666666666667


5 0.71640625 0.8885416666666667 0.0140625 0.035416666666666666

5 0.9453125 0.5760416666666667 0.021875 0.027083333333333334
5 0.9453125 0.5770833333333333 0.021875 0.025
5 0.68046875 0.86875 0.0109375 0.029166666666666667
5 0.01484375 0.821875 0.0296875 0.04375
5 0.01484375 0.821875 0.0296875 0.04375
5 0.01484375 0.821875 0.0296875 0.04375
1 0.01484375 0.8208333333333333 0.0296875 0.041666666666666664
3 0.6671875 0.7166666666666667 0.0625 0.14166666666666666
1 0.4265625 0.553125 0.028125 0.035416666666666666
1 0.59296875 0.503125 0.0265625 0.04791666666666667
3 0.54921875 0.31979166666666664 0.0421875 0.16041666666666668
1 0.5328125 0.25104166666666666 0.01875 0.035416666666666666
1 0.54453125 0.19375 0.0171875 0.029166666666666667
1 0.49375 0.16354166666666667 0.015625 0.01875
1 0.54375 0.19270833333333334 0.015625 0.027083333333333334
1 0.37578125 0.253125 0.0171875 0.022916666666666665
1 0.353125 0.2520833333333333 0.015625 0.025
1 0.3734375 0.228125 0.015625 0.022916666666666665
1 0.35390625 0.22708333333333333 0.0140625 0.020833333333333332
1 0.33515625 0.22708333333333333 0.0140625 0.025
1 0.31640625 0.23333333333333334 0.0140625 0.020833333333333332
1 0.31953125 0.26145833333333335 0.0171875 0.035416666666666666
1 0.29765625 0.23541666666666666 0.0171875 0.025
1 0.2765625 0.22916666666666666 0.015625 0.016666666666666666
1 0.38203125 0.18958333333333333 0.0140625 0.020833333333333332
1 0.36640625 0.19479166666666667 0.0171875 0.027083333333333334
1 0.328125 0.190625 0.015625 0.022916666666666665
1 0.3109375 0.19583333333333333 0.01875 0.0375
1 0.29921875 0.171875 0.0203125 0.027083333333333334
1 0.50234375 0.19270833333333334 0.0140625 0.027083333333333334
1 0.74921875 0.7895833333333333 0.0359375 0.06666666666666667
1 0.7015625 0.6989583333333333 0.03125 0.05625
1 0.64296875 0.5145833333333333 0.0265625 0.04583333333333333
1 0.59609375 0.3958333333333333 0.0234375 0.0375
