
1 0.36953125 0.9729166666666667 0.0671875 0.05416666666666667
1 0.440625 0.928125 0.05625 0.04791666666666667
1 0.23046875 0.9916666666666667 0.0484375 0.016666666666666666
1 0.309375 0.9583333333333334 0.065625 0.05416666666666667
1 0.3921875 0.909375 0.05625 0.04791666666666667
1 0.15859375 0.984375 0.0703125 0.03125
1 0.2453125 0.94375 0.0625 0.04583333333333333
1 0.32265625 0.903125 0.0515625 0.04791666666666667
1 0.3953125 0.8604166666666667 0.05625 0.04583333333333333
1 0.1078125 0.9739583333333334 0.071875 0.052083333333333336
1 0.18984375 0.928125 0.0640625 0.052083333333333336
1 0.278125 0.8822916666666667 0.071875 0.05625
1 0.35546875 0.8385416666666666 0.0546875 0.04791666666666667












5 0.13671875 0.6916666666666667 0.0234375 0.029166666666666667
5 0.6578125 0.99375 0.015625 0.0125
4 0.41171875 0.6604166666666667 0.0109375 0.020833333333333332
4 0.42421875 0.6989583333333333 0.0078125 0.01875
5 0.5546875 0.796875 0.0125 0.03125
5 0.6046875 0.95 0.015625 0.029166666666666667
4 0.4234375 0.6114583333333333 0.065625 0.16458333333333333
4 0.3484375 0.509375 0.00625 0.010416666666666666
4 0.36015625 0.5 0.0109375 0.0125


5 0.6828125 0.953125 0.015625 0.03125
5 0.665625 0.9385416666666667 0.009375 0.027083333333333334


5 0.6828125 0.8760416666666667 0.0125 0.03125


5 0.7171875 0.8947916666666667 0.015625 0.035416666666666666

5 0.9484375 0.5791666666666667 0.021875 0.025
5 0.9484375 0.5791666666666667 0.021875 0.025
5 0.68203125 0.875 0.0109375 0.029166666666666667
5 0.00859375 0.8239583333333333 0.0171875 0.03958333333333333
5 0.00859375 0.8239583333333333 0.0171875 0.03958333333333333
5 0.009375 0.8239583333333333 0.01875 0.03958333333333333
1 0.00859375 0.8229166666666666 0.0171875 0.0375
3 0.66796875 0.7208333333333333 0.0609375 0.14166666666666666
1 0.421875 0.55625 0.03125 0.0375
1 0.5953125 0.5083333333333333 0.028125 0.04583333333333333
3 0.5546875 0.3625 0.034375 0.08333333333333333
1 0.53359375 0.25416666666666665 0.0171875 0.03333333333333333
1 0.54453125 0.19479166666666667 0.0171875 0.03125
1 0.49296875 0.165625 0.0171875 0.022916666666666665
1 0.5453125 0.19375 0.015625 0.025
1 0.37578125 0.253125 0.0171875 0.022916666666666665
1 0.353125 0.2520833333333333 0.015625 0.025
1 0.3734375 0.228125 0.015625 0.022916666666666665
1 0.35390625 0.22708333333333333 0.0140625 0.020833333333333332
1 0.33515625 0.22708333333333333 0.0140625 0.025
1 0.31640625 0.23333333333333334 0.0140625 0.020833333333333332
1 0.31953125 0.26145833333333335 0.0171875 0.035416666666666666
1 0.29765625 0.23541666666666666 0.0171875 0.025
1 0.2765625 0.22916666666666666 0.015625 0.016666666666666666
1 0.38203125 0.18958333333333333 0.0140625 0.020833333333333332
1 0.36640625 0.19479166666666667 0.0171875 0.027083333333333334
1 0.328125 0.190625 0.015625 0.022916666666666665
1 0.3109375 0.19583333333333333 0.01875 0.0375
1 0.2984375 0.171875 0.01875 0.027083333333333334
1 0.50234375 0.19270833333333334 0.0140625 0.027083333333333334
1 0.75078125 0.7979166666666667 0.0359375 0.06666666666666667
1 0.7046875 0.7052083333333333 0.03125 0.05625
1 0.6453125 0.5208333333333334 0.028125 0.05
1 0.59765625 0.4 0.0265625 0.041666666666666664
