
1 0.36953125 0.9729166666666667 0.0671875 0.05416666666666667
1 0.440625 0.928125 0.05625 0.04791666666666667
1 0.23046875 0.9916666666666667 0.0484375 0.016666666666666666
1 0.30859375 0.9583333333333334 0.0671875 0.05416666666666667
1 0.39296875 0.909375 0.0578125 0.04791666666666667
1 0.15859375 0.984375 0.0703125 0.03125
1 0.2453125 0.94375 0.0625 0.04583333333333333
1 0.32265625 0.903125 0.0515625 0.04791666666666667
1 0.3953125 0.859375 0.05625 0.04375
1 0.1078125 0.9739583333333334 0.071875 0.052083333333333336
1 0.18984375 0.9270833333333334 0.0640625 0.05
1 0.27890625 0.8822916666666667 0.0734375 0.05625
1 0.35625 0.8385416666666666 0.05625 0.04791666666666667












5 0.1484375 0.684375 0.025 0.03125

4 0.4109375 0.6625 0.0125 0.029166666666666667
4 0.425 0.703125 0.00625 0.01875
5 0.55859375 0.8052083333333333 0.0140625 0.03125
5 0.61171875 0.9614583333333333 0.0171875 0.03125
4 0.42421875 0.6114583333333333 0.0671875 0.16458333333333333
4 0.35 0.5114583333333333 0.009375 0.014583333333333334
4 0.36015625 0.5 0.0109375 0.0125


5 0.68828125 0.9697916666666667 0.0171875 0.03125
5 0.6703125 0.9572916666666667 0.0125 0.03125


5 0.684375 0.8916666666666667 0.0125 0.029166666666666667


5 0.721875 0.9083333333333333 0.015625 0.0375

5 0.95390625 0.5822916666666667 0.0234375 0.027083333333333334
5 0.95390625 0.5822916666666667 0.0234375 0.027083333333333334
5 0.684375 0.8916666666666667 0.0125 0.029166666666666667




3 0.67109375 0.734375 0.0609375 0.14375
1 0.4109375 0.5645833333333333 0.03125 0.0375
1 0.59921875 0.5197916666666667 0.0265625 0.04791666666666667
3 0.55625 0.371875 0.034375 0.08541666666666667
1 0.53515625 0.26145833333333335 0.0203125 0.035416666666666666
1 0.54453125 0.2 0.0171875 0.029166666666666667
1 0.49296875 0.165625 0.0171875 0.022916666666666665
1 0.5453125 0.19895833333333332 0.01875 0.03125
1 0.37578125 0.253125 0.0171875 0.022916666666666665
1 0.353125 0.2520833333333333 0.015625 0.025
1 0.3734375 0.228125 0.015625 0.022916666666666665
1 0.35390625 0.22708333333333333 0.0140625 0.020833333333333332
1 0.33515625 0.22708333333333333 0.0140625 0.025
1 0.31640625 0.23333333333333334 0.0140625 0.020833333333333332
1 0.31953125 0.26145833333333335 0.0171875 0.035416666666666666
1 0.29765625 0.23541666666666666 0.0171875 0.025
1 0.2765625 0.22916666666666666 0.015625 0.016666666666666666
1 0.38203125 0.18958333333333333 0.0140625 0.020833333333333332
1 0.36640625 0.19479166666666667 0.0171875 0.027083333333333334
1 0.328125 0.190625 0.015625 0.022916666666666665
1 0.3109375 0.19583333333333333 0.01875 0.0375
1 0.2984375 0.17291666666666666 0.01875 0.029166666666666667
1 0.503125 0.190625 0.0125 0.022916666666666665
1 0.75703125 0.8197916666666667 0.0359375 0.06875
1 0.7109375 0.7229166666666667 0.034375 0.0625
1 0.6484375 0.5322916666666667 0.028125 0.052083333333333336
1 0.60078125 0.40520833333333334 0.0265625 0.03958333333333333
