
1 0.36953125 0.9729166666666667 0.0671875 0.05416666666666667
1 0.440625 0.928125 0.05625 0.04791666666666667
1 0.2296875 0.9916666666666667 0.046875 0.016666666666666666
1 0.30859375 0.9583333333333334 0.0671875 0.05416666666666667
1 0.3921875 0.909375 0.05625 0.04791666666666667
1 0.15859375 0.984375 0.0703125 0.03125
1 0.2453125 0.94375 0.0625 0.04583333333333333
1 0.32265625 0.9020833333333333 0.0515625 0.04583333333333333
1 0.3953125 0.859375 0.05625 0.04375
1 0.1078125 0.9739583333333334 0.071875 0.052083333333333336
1 0.18984375 0.928125 0.0640625 0.052083333333333336
1 0.27890625 0.8822916666666667 0.0734375 0.05625
1 0.35625 0.8385416666666666 0.05625 0.04791666666666667












5 0.15390625 0.68125 0.0265625 0.029166666666666667

4 0.4125 0.6625 0.0125 0.03333333333333333
4 0.42578125 0.70625 0.0109375 0.025
5 0.56015625 0.8083333333333333 0.0140625 0.029166666666666667
5 0.61484375 0.9677083333333333 0.0171875 0.03125
4 0.42421875 0.6125 0.0671875 0.16666666666666666
4 0.3484375 0.5104166666666666 0.00625 0.0125
4 0.35859375 0.5 0.0109375 0.0125


5 0.69140625 0.9802083333333333 0.0140625 0.03125
5 0.6734375 0.9677083333333333 0.0125 0.03125


5 0.68671875 0.9 0.0140625 0.029166666666666667


5 0.7234375 0.9166666666666666 0.015625 0.0375

5 0.95859375 0.584375 0.0234375 0.027083333333333334
5 0.95859375 0.584375 0.0234375 0.027083333333333334
5 0.68671875 0.9010416666666666 0.0140625 0.027083333333333334




3 0.6734375 0.7416666666666667 0.0625 0.14583333333333334
1 0.40390625 0.5708333333333333 0.0328125 0.041666666666666664
1 0.6015625 0.5270833333333333 0.028125 0.05
3 0.5578125 0.378125 0.034375 0.08541666666666667
1 0.5359375 0.26458333333333334 0.01875 0.03333333333333333
1 0.54609375 0.20208333333333334 0.0171875 0.029166666666666667
1 0.49296875 0.165625 0.0171875 0.022916666666666665
1 0.54609375 0.20104166666666667 0.0171875 0.03125
1 0.37578125 0.253125 0.0171875 0.022916666666666665
1 0.353125 0.25104166666666666 0.015625 0.022916666666666665
1 0.3734375 0.228125 0.015625 0.022916666666666665
1 0.35390625 0.22708333333333333 0.0140625 0.020833333333333332
1 0.33515625 0.22708333333333333 0.0140625 0.025
1 0.31640625 0.23333333333333334 0.0140625 0.020833333333333332
1 0.31953125 0.26145833333333335 0.0171875 0.035416666666666666
1 0.29765625 0.23541666666666666 0.0171875 0.025
1 0.2765625 0.22916666666666666 0.015625 0.016666666666666666
1 0.38203125 0.18958333333333333 0.0140625 0.020833333333333332
1 0.36640625 0.19583333333333333 0.0171875 0.025
1 0.328125 0.190625 0.015625 0.022916666666666665
1 0.3109375 0.19583333333333333 0.01875 0.0375
1 0.2984375 0.17291666666666666 0.01875 0.029166666666666667
1 0.503125 0.190625 0.0125 0.022916666666666665
1 0.76171875 0.8333333333333334 0.0359375 0.07083333333333333
1 0.71328125 0.734375 0.0359375 0.06041666666666667
1 0.65 0.5375 0.028125 0.04583333333333333
1 0.60234375 0.41041666666666665 0.0265625 0.041666666666666664
