
1 0.36953125 0.9729166666666667 0.0671875 0.05416666666666667
1 0.44140625 0.928125 0.0578125 0.04791666666666667
1 0.2296875 0.9916666666666667 0.046875 0.016666666666666666
1 0.30859375 0.9583333333333334 0.0671875 0.05416666666666667
1 0.39296875 0.909375 0.0578125 0.04791666666666667
1 0.15859375 0.984375 0.0703125 0.03125
1 0.2453125 0.94375 0.0625 0.04583333333333333
1 0.32265625 0.9020833333333333 0.0515625 0.04583333333333333
1 0.3953125 0.8604166666666667 0.05625 0.041666666666666664
1 0.1078125 0.9739583333333334 0.071875 0.052083333333333336
1 0.18984375 0.928125 0.0640625 0.052083333333333336
1 0.27890625 0.8822916666666667 0.0734375 0.05625
1 0.35625 0.8385416666666666 0.05625 0.04791666666666667












5 0.159375 0.6791666666666667 0.025 0.029166666666666667

4 0.41171875 0.6625 0.0109375 0.03333333333333333
4 0.4265625 0.70625 0.00625 0.020833333333333332
5 0.56171875 0.8114583333333333 0.0140625 0.03125
5 0.6171875 0.9729166666666667 0.015625 0.029166666666666667
4 0.42421875 0.6125 0.0671875 0.16666666666666666
4 0.3484375 0.5104166666666666 0.00625 0.0125
4 0.35859375 0.5010416666666667 0.0109375 0.014583333333333334


5 0.69375 0.9854166666666667 0.015625 0.029166666666666667
5 0.67421875 0.9739583333333334 0.0109375 0.03125


5 0.6875 0.90625 0.0125 0.029166666666666667


5 0.725 0.9229166666666667 0.015625 0.0375

5 0.96171875 0.5875 0.0234375 0.029166666666666667
5 0.96171875 0.5864583333333333 0.0234375 0.027083333333333334
5 0.6875 0.9072916666666667 0.0125 0.027083333333333334




3 0.6734375 0.746875 0.0625 0.14791666666666667
1 0.4 0.571875 0.03125 0.035416666666666666
1 0.603125 0.5322916666666667 0.028125 0.052083333333333336
3 0.55859375 0.38125 0.0359375 0.0875
1 0.5359375 0.26875 0.01875 0.0375
1 0.54609375 0.20208333333333334 0.0171875 0.029166666666666667
1 0.49296875 0.165625 0.0171875 0.022916666666666665
1 0.54609375 0.20208333333333334 0.0171875 0.029166666666666667
1 0.37578125 0.253125 0.0171875 0.022916666666666665
1 0.353125 0.2520833333333333 0.015625 0.025
1 0.3734375 0.228125 0.015625 0.022916666666666665
1 0.35390625 0.22708333333333333 0.0140625 0.020833333333333332
1 0.33515625 0.22708333333333333 0.0140625 0.025
1 0.31640625 0.23333333333333334 0.0140625 0.020833333333333332
1 0.31953125 0.26145833333333335 0.0171875 0.035416666666666666
1 0.29765625 0.23541666666666666 0.0171875 0.025
1 0.2765625 0.23020833333333332 0.015625 0.01875
1 0.38203125 0.18958333333333333 0.0140625 0.020833333333333332
1 0.36640625 0.19479166666666667 0.0171875 0.027083333333333334
1 0.328125 0.190625 0.015625 0.022916666666666665
1 0.3109375 0.19583333333333333 0.01875 0.0375
1 0.2984375 0.17291666666666666 0.021875 0.029166666666666667
1 0.503125 0.190625 0.0125 0.022916666666666665
1 0.76328125 0.8416666666666667 0.0359375 0.07083333333333333
1 0.715625 0.740625 0.034375 0.06041666666666667
1 0.6515625 0.5416666666666666 0.028125 0.04583333333333333
1 0.60390625 0.41458333333333336 0.0265625 0.041666666666666664
