
1 0.36875 0.9729166666666667 0.065625 0.05416666666666667
1 0.440625 0.928125 0.059375 0.04791666666666667
1 0.2296875 0.9916666666666667 0.046875 0.016666666666666666
1 0.30859375 0.9583333333333334 0.0671875 0.05416666666666667
1 0.39296875 0.909375 0.0578125 0.04791666666666667
1 0.1578125 0.984375 0.071875 0.03125
1 0.2453125 0.94375 0.0625 0.04583333333333333
1 0.32265625 0.9020833333333333 0.0515625 0.04583333333333333
1 0.3953125 0.859375 0.05625 0.04375
1 0.1078125 0.9739583333333334 0.071875 0.052083333333333336
1 0.1890625 0.928125 0.065625 0.052083333333333336
1 0.278125 0.8822916666666667 0.071875 0.05625
1 0.35546875 0.8395833333333333 0.0578125 0.04583333333333333












5 0.1671875 0.675 0.025 0.029166666666666667

4 0.4109375 0.6625 0.009375 0.03333333333333333
4 0.428125 0.7072916666666667 0.009375 0.022916666666666665
5 0.5640625 0.8166666666666667 0.015625 0.029166666666666667
5 0.621875 0.9791666666666666 0.01875 0.03333333333333333
4 0.42421875 0.6135416666666667 0.0671875 0.16875
4 0.3484375 0.5104166666666666 0.00625 0.0125
4 0.359375 0.5010416666666667 0.0125 0.014583333333333334


5 0.69765625 0.990625 0.0171875 0.01875
5 0.6765625 0.984375 0.0125 0.03125


5 0.68984375 0.9166666666666666 0.0140625 0.029166666666666667


5 0.7265625 0.93125 0.015625 0.0375

5 0.96484375 0.590625 0.0234375 0.027083333333333334
5 0.9640625 0.590625 0.021875 0.027083333333333334
5 0.690625 0.9177083333333333 0.0125 0.027083333333333334




3 0.6765625 0.7552083333333334 0.0625 0.14791666666666667
1 0.39296875 0.578125 0.0328125 0.03958333333333333
1 0.6046875 0.5385416666666667 0.028125 0.04791666666666667
3 0.55859375 0.3875 0.0359375 0.0875
1 0.53671875 0.27291666666666664 0.0171875 0.03333333333333333
1 0.54609375 0.20416666666666666 0.0171875 0.029166666666666667
1 0.49296875 0.165625 0.0171875 0.022916666666666665
1 0.546875 0.20416666666666666 0.015625 0.025
1 0.37578125 0.253125 0.0171875 0.022916666666666665
1 0.353125 0.2520833333333333 0.015625 0.025
1 0.3734375 0.228125 0.015625 0.022916666666666665
1 0.35390625 0.22708333333333333 0.0140625 0.020833333333333332
1 0.33515625 0.22708333333333333 0.0140625 0.025
1 0.31640625 0.23333333333333334 0.0140625 0.020833333333333332
1 0.31953125 0.26145833333333335 0.0171875 0.035416666666666666
1 0.29765625 0.23541666666666666 0.0171875 0.025
1 0.2765625 0.22916666666666666 0.015625 0.016666666666666666
1 0.38203125 0.18958333333333333 0.0140625 0.020833333333333332
1 0.36640625 0.19479166666666667 0.0171875 0.027083333333333334
1 0.328125 0.190625 0.015625 0.022916666666666665
1 0.3109375 0.19583333333333333 0.01875 0.0375
1 0.29765625 0.171875 0.0203125 0.027083333333333334
1 0.503125 0.190625 0.0125 0.022916666666666665
1 0.7671875 0.8541666666666666 0.0375 0.07083333333333333
1 0.71875 0.753125 0.034375 0.06458333333333334
1 0.65390625 0.5489583333333333 0.0265625 0.04791666666666667
1 0.60546875 0.4197916666666667 0.0265625 0.04375
