
1 0.36953125 0.9729166666666667 0.0671875 0.05416666666666667
1 0.440625 0.928125 0.059375 0.04791666666666667
1 0.22890625 0.9916666666666667 0.0484375 0.016666666666666666
1 0.30859375 0.9583333333333334 0.0671875 0.05416666666666667
1 0.3921875 0.909375 0.05625 0.04791666666666667
1 0.15703125 0.984375 0.0703125 0.03125
1 0.2453125 0.94375 0.0625 0.04583333333333333
1 0.321875 0.9020833333333333 0.053125 0.04583333333333333
1 0.39453125 0.859375 0.0578125 0.04375
1 0.10703125 0.9739583333333334 0.0703125 0.052083333333333336
1 0.1890625 0.928125 0.065625 0.052083333333333336
1 0.27890625 0.8822916666666667 0.0734375 0.05625
1 0.3546875 0.8385416666666666 0.05625 0.04791666666666667












5 0.1703125 0.671875 0.025 0.027083333333333334

4 0.409375 0.6510416666666666 0.009375 0.01875
4 0.428125 0.7072916666666667 0.00625 0.01875
5 0.56484375 0.81875 0.0140625 0.029166666666666667
5 0.62421875 0.984375 0.0171875 0.03125
4 0.425 0.6135416666666667 0.06875 0.17291666666666666
4 0.34921875 0.5114583333333333 0.0078125 0.014583333333333334
4 0.35859375 0.5020833333333333 0.0109375 0.0125


5 0.69921875 0.99375 0.0140625 0.0125
5 0.6796875 0.9885416666666667 0.0125 0.022916666666666665


5 0.69140625 0.9229166666666667 0.0140625 0.029166666666666667


5 0.728125 0.9375 0.015625 0.0375

5 0.9671875 0.590625 0.021875 0.027083333333333334
5 0.9671875 0.590625 0.021875 0.027083333333333334
5 0.69140625 0.9229166666666667 0.0140625 0.029166666666666667




3 0.67734375 0.7604166666666666 0.0640625 0.15
1 0.38828125 0.58125 0.0328125 0.0375
1 0.60703125 0.54375 0.0296875 0.05
3 0.56015625 0.39166666666666666 0.0359375 0.0875
1 0.5375 0.275 0.01875 0.03333333333333333
1 0.54609375 0.20625 0.0171875 0.029166666666666667
1 0.49375 0.16458333333333333 0.015625 0.020833333333333332
1 0.546875 0.20520833333333333 0.015625 0.027083333333333334
1 0.37578125 0.253125 0.0171875 0.022916666666666665
1 0.353125 0.253125 0.015625 0.027083333333333334
1 0.3734375 0.228125 0.015625 0.022916666666666665
1 0.35390625 0.22708333333333333 0.0140625 0.020833333333333332
1 0.33515625 0.22708333333333333 0.0140625 0.025
1 0.31640625 0.23333333333333334 0.0140625 0.020833333333333332
1 0.31953125 0.26145833333333335 0.0171875 0.035416666666666666
1 0.29765625 0.23541666666666666 0.0171875 0.025
1 0.2765625 0.23020833333333332 0.015625 0.01875
1 0.38203125 0.18958333333333333 0.0140625 0.020833333333333332
1 0.36640625 0.19479166666666667 0.0171875 0.027083333333333334
1 0.328125 0.190625 0.015625 0.022916666666666665
1 0.3109375 0.19583333333333333 0.01875 0.0375
1 0.3 0.17291666666666666 0.021875 0.029166666666666667
1 0.50234375 0.19270833333333334 0.0140625 0.027083333333333334
1 0.76953125 0.8625 0.0359375 0.07083333333333333
1 0.72109375 0.7583333333333333 0.0328125 0.0625
1 0.65546875 0.5541666666666667 0.0296875 0.05
1 0.60703125 0.42291666666666666 0.0265625 0.041666666666666664
