
1 0.36953125 0.9729166666666667 0.0671875 0.05416666666666667
1 0.43984375 0.928125 0.0578125 0.04791666666666667
1 0.22890625 0.9916666666666667 0.0484375 0.016666666666666666
1 0.3078125 0.9583333333333334 0.065625 0.05416666666666667
1 0.3921875 0.909375 0.05625 0.04791666666666667
1 0.15703125 0.984375 0.0703125 0.03125
1 0.24453125 0.94375 0.0609375 0.04583333333333333
1 0.321875 0.9020833333333333 0.053125 0.04583333333333333
1 0.39453125 0.859375 0.0578125 0.04375
1 0.10703125 0.9739583333333334 0.0703125 0.052083333333333336
1 0.18828125 0.9270833333333334 0.0640625 0.05
1 0.278125 0.8822916666666667 0.071875 0.05625
1 0.35546875 0.8385416666666666 0.0578125 0.04791666666666667












5 0.17578125 0.671875 0.0265625 0.03125

4 0.40859375 0.6510416666666666 0.0078125 0.01875
4 0.42890625 0.709375 0.0078125 0.01875
5 0.5671875 0.8229166666666666 0.0125 0.029166666666666667
5 0.62734375 0.9875 0.0171875 0.025
4 0.425 0.6145833333333334 0.06875 0.175
4 0.34765625 0.5104166666666666 0.0078125 0.016666666666666666
4 0.3578125 0.5010416666666667 0.0125 0.014583333333333334



5 0.68125 0.9927083333333333 0.0125 0.014583333333333334


5 0.69453125 0.9333333333333333 0.0109375 0.029166666666666667


5 0.73125 0.9479166666666666 0.015625 0.0375

5 0.971875 0.59375 0.021875 0.029166666666666667
5 0.971875 0.59375 0.021875 0.029166666666666667
5 0.69453125 0.9333333333333333 0.0109375 0.029166666666666667




3 0.6796875 0.76875 0.065625 0.15
1 0.38125 0.5854166666666667 0.03125 0.0375
1 0.60859375 0.55 0.0296875 0.05
3 0.56171875 0.39791666666666664 0.0359375 0.09166666666666666
1 0.53828125 0.28020833333333334 0.0203125 0.035416666666666666
1 0.54765625 0.20833333333333334 0.0171875 0.029166666666666667
1 0.49375 0.16354166666666667 0.015625 0.01875
1 0.546875 0.20729166666666668 0.015625 0.027083333333333334
1 0.37578125 0.253125 0.0171875 0.022916666666666665
1 0.353125 0.2520833333333333 0.015625 0.025
1 0.3734375 0.228125 0.015625 0.022916666666666665
1 0.35390625 0.22708333333333333 0.0140625 0.020833333333333332
1 0.33515625 0.22708333333333333 0.0140625 0.025
1 0.31640625 0.23333333333333334 0.0140625 0.020833333333333332
1 0.31953125 0.26145833333333335 0.0171875 0.035416666666666666
1 0.296875 0.23541666666666666 0.01875 0.025
1 0.2765625 0.22916666666666666 0.015625 0.016666666666666666
1 0.38203125 0.18958333333333333 0.0140625 0.020833333333333332
1 0.36640625 0.19479166666666667 0.0171875 0.027083333333333334
1 0.328125 0.190625 0.015625 0.022916666666666665
1 0.3109375 0.19583333333333333 0.01875 0.0375
1 0.3 0.17291666666666666 0.021875 0.029166666666666667
1 0.50234375 0.19166666666666668 0.0140625 0.025
1 0.77265625 0.8760416666666667 0.0359375 0.06875
1 0.72421875 0.771875 0.0359375 0.06458333333333334
1 0.65703125 0.5604166666666667 0.0296875 0.05
1 0.60859375 0.428125 0.0265625 0.04375
