
1 0.36796875 0.9729166666666667 0.0671875 0.05416666666666667
1 0.43984375 0.928125 0.0578125 0.04791666666666667
1 0.22890625 0.9916666666666667 0.0484375 0.016666666666666666
1 0.3078125 0.9583333333333334 0.065625 0.05416666666666667
1 0.3921875 0.909375 0.05625 0.04791666666666667
1 0.15703125 0.984375 0.0703125 0.03125
1 0.24453125 0.94375 0.0609375 0.04583333333333333
1 0.321875 0.9020833333333333 0.053125 0.04583333333333333
1 0.39453125 0.859375 0.0578125 0.04375
1 0.10703125 0.9739583333333334 0.0703125 0.052083333333333336
1 0.1890625 0.928125 0.065625 0.052083333333333336
1 0.278125 0.8822916666666667 0.071875 0.05625
1 0.3546875 0.8385416666666666 0.05625 0.04791666666666667












5 0.1875 0.6635416666666667 0.028125 0.027083333333333334

4 0.40703125 0.65 0.0078125 0.016666666666666666
4 0.4296875 0.7135416666666666 0.009375 0.022916666666666665
5 0.571875 0.8302083333333333 0.015625 0.03125
5 0.634375 0.9927083333333333 0.015625 0.014583333333333334
4 0.425 0.615625 0.06875 0.17708333333333334
4 0.346875 0.5104166666666666 0.00625 0.0125
4 0.3578125 0.5010416666666667 0.0125 0.014583333333333334






5 0.69765625 0.9510416666666667 0.0140625 0.03125


5 0.734375 0.9635416666666666 0.015625 0.03958333333333333

5 0.978125 0.5989583333333334 0.021875 0.027083333333333334
5 0.978125 0.5989583333333334 0.021875 0.027083333333333334
5 0.69765625 0.9510416666666667 0.0140625 0.027083333333333334




3 0.68359375 0.7833333333333333 0.0671875 0.15416666666666667
1 0.36875 0.5947916666666667 0.034375 0.03958333333333333
1 0.61328125 0.5635416666666667 0.0296875 0.052083333333333336
3 0.56328125 0.409375 0.0390625 0.08958333333333333
1 0.53984375 0.2875 0.0203125 0.0375
1 0.54765625 0.2125 0.0171875 0.029166666666666667
1 0.49296875 0.165625 0.0171875 0.022916666666666665
1 0.5484375 0.2125 0.01875 0.03333333333333333
1 0.37578125 0.253125 0.0171875 0.022916666666666665
1 0.353125 0.2520833333333333 0.015625 0.025
1 0.3734375 0.228125 0.015625 0.022916666666666665
1 0.35390625 0.22708333333333333 0.0140625 0.020833333333333332
1 0.33515625 0.22708333333333333 0.0140625 0.025
1 0.31640625 0.23333333333333334 0.0140625 0.020833333333333332
1 0.31953125 0.26145833333333335 0.0171875 0.035416666666666666
1 0.29765625 0.23541666666666666 0.0171875 0.025
1 0.2765625 0.22916666666666666 0.015625 0.016666666666666666
1 0.38203125 0.18958333333333333 0.0140625 0.020833333333333332
1 0.365625 0.19583333333333333 0.01875 0.025
1 0.328125 0.190625 0.015625 0.022916666666666665
1 0.3109375 0.19583333333333333 0.01875 0.0375
1 0.2984375 0.17291666666666666 0.021875 0.029166666666666667
1 0.50234375 0.19270833333333334 0.0140625 0.027083333333333334
1 0.77890625 0.8989583333333333 0.0390625 0.07291666666666667
1 0.72890625 0.7895833333333333 0.0359375 0.06666666666666667
1 0.66171875 0.5729166666666666 0.0296875 0.05416666666666667
1 0.61171875 0.43645833333333334 0.0265625 0.04375
