
1 0.36875 0.9729166666666667 0.065625 0.05416666666666667
1 0.440625 0.928125 0.059375 0.04791666666666667
1 0.22890625 0.9916666666666667 0.0484375 0.016666666666666666
1 0.3078125 0.9583333333333334 0.065625 0.05416666666666667
1 0.3921875 0.909375 0.05625 0.04791666666666667
1 0.15703125 0.984375 0.0703125 0.03125
1 0.24453125 0.94375 0.0609375 0.04583333333333333
1 0.321875 0.9020833333333333 0.053125 0.04583333333333333
1 0.39375 0.859375 0.05625 0.04375
1 0.10703125 0.9739583333333334 0.0703125 0.052083333333333336
1 0.1890625 0.928125 0.065625 0.052083333333333336
1 0.27734375 0.8822916666666667 0.0734375 0.05625
1 0.3546875 0.8395833333333333 0.05625 0.04583333333333333












5 0.20625 0.653125 0.025 0.027083333333333334

4 0.40234375 0.646875 0.0109375 0.022916666666666665
4 0.4328125 0.7177083333333333 0.009375 0.022916666666666665
5 0.58046875 0.8447916666666667 0.0140625 0.03125

4 0.425 0.6177083333333333 0.071875 0.18541666666666667
4 0.3484375 0.5104166666666666 0.00625 0.0125
4 0.359375 0.5 0.009375 0.0125






5 0.70703125 0.984375 0.0140625 0.03125


5 0.74296875 0.9875 0.0171875 0.025

5 0.9890625 0.6083333333333333 0.021875 0.029166666666666667
5 0.9890625 0.6083333333333333 0.021875 0.029166666666666667
5 0.7078125 0.984375 0.0125 0.03125




3 0.6921875 0.8114583333333333 0.06875 0.15625
1 0.3421875 0.6104166666666667 0.034375 0.0375
1 0.621875 0.5895833333333333 0.028125 0.05
3 0.56875 0.43125 0.040625 0.09166666666666666
1 0.54296875 0.30416666666666664 0.0203125 0.03333333333333333
1 0.55 0.22083333333333333 0.01875 0.029166666666666667
1 0.49296875 0.165625 0.0171875 0.022916666666666665
1 0.55 0.22083333333333333 0.015625 0.025
1 0.37578125 0.253125 0.0171875 0.022916666666666665
1 0.353125 0.25104166666666666 0.015625 0.022916666666666665
1 0.3734375 0.22916666666666666 0.015625 0.020833333333333332
1 0.35390625 0.22708333333333333 0.0140625 0.020833333333333332
1 0.33515625 0.22708333333333333 0.0140625 0.025
1 0.31640625 0.23333333333333334 0.0140625 0.020833333333333332
1 0.31796875 0.26145833333333335 0.0171875 0.035416666666666666
1 0.296875 0.23541666666666666 0.01875 0.025
1 0.2765625 0.22916666666666666 0.015625 0.016666666666666666
1 0.38203125 0.18958333333333333 0.0140625 0.020833333333333332
1 0.365625 0.19583333333333333 0.01875 0.025
1 0.328125 0.190625 0.015625 0.022916666666666665
1 0.3109375 0.19583333333333333 0.01875 0.0375
1 0.2984375 0.17291666666666666 0.021875 0.029166666666666667
1 0.50234375 0.19375 0.0140625 0.029166666666666667
1 0.79140625 0.9416666666666667 0.0390625 0.075
1 0.74140625 0.8291666666666667 0.0359375 0.06666666666666667
1 0.6703125 0.5979166666666667 0.03125 0.05416666666666667
1 0.61875 0.45625 0.028125 0.04583333333333333
