
1 0.36875 0.9729166666666667 0.065625 0.05416666666666667
1 0.440625 0.928125 0.059375 0.04791666666666667
1 0.22890625 0.9916666666666667 0.0484375 0.016666666666666666
1 0.3078125 0.9583333333333334 0.065625 0.05416666666666667
1 0.3921875 0.909375 0.05625 0.04791666666666667
1 0.1578125 0.984375 0.071875 0.03125
1 0.24453125 0.94375 0.0609375 0.04583333333333333
1 0.321875 0.9020833333333333 0.053125 0.04583333333333333
1 0.39375 0.859375 0.05625 0.04375
1 0.10703125 0.9739583333333334 0.0703125 0.052083333333333336
1 0.1890625 0.928125 0.065625 0.052083333333333336
1 0.278125 0.8822916666666667 0.071875 0.05625
1 0.3546875 0.8385416666666666 0.05625 0.04791666666666667












5 0.21015625 0.6510416666666666 0.0234375 0.027083333333333334

4 0.4015625 0.6479166666666667 0.0125 0.025
4 0.43359375 0.7208333333333333 0.0109375 0.025
5 0.58203125 0.846875 0.0140625 0.03125

4 0.425 0.6177083333333333 0.071875 0.18541666666666667
4 0.3484375 0.509375 0.00625 0.010416666666666666
4 0.35859375 0.5 0.0109375 0.0125






5 0.70859375 0.9875 0.0140625 0.025


5 0.74375 0.990625 0.015625 0.01875

5 0.990625 0.6104166666666667 0.01875 0.029166666666666667
5 0.990625 0.6104166666666667 0.01875 0.029166666666666667
5 0.709375 0.9875 0.0125 0.025




3 0.69453125 0.8177083333333334 0.0703125 0.16041666666666668
1 0.33828125 0.6135416666666667 0.0328125 0.035416666666666666
1 0.6234375 0.5947916666666667 0.028125 0.052083333333333336
3 0.5703125 0.4354166666666667 0.040625 0.09583333333333334
1 0.54375 0.30833333333333335 0.021875 0.0375
1 0.55 0.22291666666666668 0.01875 0.029166666666666667
1 0.49375 0.16458333333333333 0.015625 0.020833333333333332
1 0.55 0.221875 0.015625 0.027083333333333334
1 0.37578125 0.253125 0.0171875 0.022916666666666665
1 0.353125 0.25104166666666666 0.015625 0.022916666666666665
1 0.3734375 0.22916666666666666 0.015625 0.020833333333333332
1 0.35390625 0.22708333333333333 0.0140625 0.020833333333333332
1 0.33515625 0.22708333333333333 0.0140625 0.025
1 0.31640625 0.23333333333333334 0.0140625 0.020833333333333332
1 0.31796875 0.26145833333333335 0.0171875 0.035416666666666666
1 0.296875 0.23541666666666666 0.01875 0.025
1 0.2765625 0.23020833333333332 0.015625 0.01875
1 0.38203125 0.18958333333333333 0.0140625 0.020833333333333332
1 0.36640625 0.19479166666666667 0.0171875 0.027083333333333334
1 0.328125 0.190625 0.015625 0.022916666666666665
1 0.3109375 0.19583333333333333 0.01875 0.0375
1 0.3 0.17291666666666666 0.021875 0.029166666666666667
1 0.50234375 0.19375 0.0140625 0.029166666666666667
1 0.79375 0.9510416666666667 0.0375 0.07708333333333334
1 0.74375 0.8364583333333333 0.0375 0.06875
1 0.671875 0.603125 0.03125 0.05625
1 0.61953125 0.46041666666666664 0.0265625 0.04583333333333333
