
1 0.36875 0.9729166666666667 0.065625 0.05416666666666667
1 0.43984375 0.928125 0.0578125 0.04791666666666667
1 0.22890625 0.9916666666666667 0.0484375 0.016666666666666666
1 0.3078125 0.9583333333333334 0.065625 0.05416666666666667
1 0.3921875 0.909375 0.05625 0.04791666666666667
1 0.15703125 0.984375 0.0703125 0.03125
1 0.2453125 0.94375 0.0625 0.04583333333333333
1 0.321875 0.9010416666666666 0.053125 0.04791666666666667
1 0.39375 0.859375 0.05625 0.04375
1 0.10703125 0.9739583333333334 0.0703125 0.052083333333333336
1 0.18828125 0.9270833333333334 0.0640625 0.05
1 0.27734375 0.8822916666666667 0.0734375 0.05625
1 0.3546875 0.8385416666666666 0.05625 0.04791666666666667












5 0.2140625 0.6479166666666667 0.025 0.025

4 0.40078125 0.6458333333333334 0.0109375 0.025
4 0.43515625 0.7208333333333333 0.0109375 0.025
5 0.58515625 0.8510416666666667 0.0140625 0.027083333333333334

4 0.42578125 0.61875 0.0734375 0.1875
4 0.3484375 0.5104166666666666 0.00625 0.0125
4 0.35859375 0.5 0.0109375 0.0125






5 0.71171875 0.9927083333333333 0.0140625 0.014583333333333334


5 0.7453125 0.9947916666666666 0.0125 0.010416666666666666

5 0.99296875 0.6125 0.0140625 0.029166666666666667
5 0.99296875 0.6135416666666667 0.0140625 0.027083333333333334
5 0.71171875 0.9927083333333333 0.0140625 0.014583333333333334




3 0.69765625 0.8260416666666667 0.0703125 0.16041666666666668
1 0.328125 0.6197916666666666 0.034375 0.03958333333333333
1 0.62578125 0.603125 0.0296875 0.052083333333333336
3 0.571875 0.44375 0.040625 0.09583333333333334
1 0.5453125 0.3125 0.021875 0.0375
1 0.55078125 0.225 0.0171875 0.029166666666666667
1 0.49375 0.16458333333333333 0.015625 0.020833333333333332
1 0.55078125 0.22604166666666667 0.0171875 0.03125
1 0.37578125 0.253125 0.0171875 0.022916666666666665
1 0.353125 0.2520833333333333 0.015625 0.025
1 0.3734375 0.22916666666666666 0.015625 0.020833333333333332
1 0.35390625 0.22708333333333333 0.0140625 0.020833333333333332
1 0.33515625 0.22708333333333333 0.0140625 0.025
1 0.31640625 0.23333333333333334 0.0140625 0.020833333333333332
1 0.31953125 0.26145833333333335 0.0171875 0.035416666666666666
1 0.296875 0.23541666666666666 0.01875 0.025
1 0.2765625 0.23020833333333332 0.015625 0.01875
1 0.38359375 0.18854166666666666 0.0140625 0.022916666666666665
1 0.36640625 0.19479166666666667 0.0171875 0.027083333333333334
1 0.328125 0.190625 0.015625 0.022916666666666665
1 0.3109375 0.19583333333333333 0.01875 0.0375
1 0.29765625 0.17291666666666666 0.0203125 0.029166666666666667
1 0.503125 0.19375 0.015625 0.029166666666666667
1 0.7984375 0.9635416666666666 0.040625 0.07291666666666667
1 0.7484375 0.85 0.0375 0.06666666666666667
1 0.6734375 0.6114583333333333 0.03125 0.05625
1 0.621875 0.465625 0.028125 0.04791666666666667
