
1 0.36796875 0.9729166666666667 0.0671875 0.05416666666666667
1 0.43984375 0.928125 0.0578125 0.04791666666666667
1 0.22890625 0.9916666666666667 0.0484375 0.016666666666666666
1 0.3078125 0.9583333333333334 0.065625 0.05416666666666667
1 0.3921875 0.909375 0.05625 0.04791666666666667
1 0.15703125 0.984375 0.0703125 0.03125
1 0.2453125 0.94375 0.0625 0.04583333333333333
1 0.321875 0.9020833333333333 0.053125 0.04583333333333333
1 0.39453125 0.859375 0.0578125 0.04375
1 0.10703125 0.9739583333333334 0.0703125 0.052083333333333336
1 0.1890625 0.928125 0.065625 0.052083333333333336
1 0.278125 0.8822916666666667 0.071875 0.05625
1 0.3546875 0.8385416666666666 0.05625 0.04791666666666667












5 0.2171875 0.6458333333333334 0.025 0.025

4 0.4 0.6458333333333334 0.0125 0.025
4 0.4359375 0.721875 0.009375 0.022916666666666665
5 0.58515625 0.8552083333333333 0.0140625 0.03125

4 0.42578125 0.6177083333333333 0.0734375 0.18541666666666667
4 0.346875 0.509375 0.00625 0.014583333333333334
4 0.35859375 0.5 0.0109375 0.0125






5 0.71328125 0.9958333333333333 0.0109375 0.008333333333333333


5 0.74609375 0.9979166666666667 0.0078125 0.004166666666666667

5 0.99375 0.6135416666666667 0.0125 0.027083333333333334
5 0.99375 0.6135416666666667 0.0125 0.027083333333333334
5 0.71328125 0.9958333333333333 0.0109375 0.008333333333333333




3 0.6984375 0.8333333333333334 0.071875 0.1625
1 0.3234375 0.6229166666666667 0.034375 0.041666666666666664
1 0.62734375 0.6083333333333333 0.0296875 0.05416666666666667
3 0.5734375 0.4479166666666667 0.040625 0.09583333333333334
1 0.54609375 0.31666666666666665 0.0203125 0.0375
1 0.55078125 0.22708333333333333 0.0171875 0.029166666666666667
1 0.49296875 0.165625 0.0171875 0.022916666666666665
1 0.5515625 0.228125 0.01875 0.03125
1 0.37578125 0.253125 0.0171875 0.022916666666666665
1 0.353125 0.2520833333333333 0.015625 0.025
1 0.3734375 0.22916666666666666 0.015625 0.020833333333333332
1 0.35390625 0.22708333333333333 0.0140625 0.020833333333333332
1 0.33515625 0.22708333333333333 0.0140625 0.025
1 0.31640625 0.23333333333333334 0.0140625 0.020833333333333332
1 0.31953125 0.26145833333333335 0.0171875 0.035416666666666666
1 0.296875 0.23541666666666666 0.01875 0.025
1 0.2765625 0.22916666666666666 0.015625 0.016666666666666666
1 0.38203125 0.18958333333333333 0.0140625 0.020833333333333332
1 0.36640625 0.19479166666666667 0.0171875 0.027083333333333334
1 0.328125 0.190625 0.015625 0.022916666666666665
1 0.3109375 0.19583333333333333 0.01875 0.0375
1 0.2984375 0.17291666666666666 0.01875 0.029166666666666667
1 0.503125 0.19375 0.015625 0.029166666666666667
1 0.80234375 0.9677083333333333 0.0421875 0.06458333333333334
1 0.75078125 0.8572916666666667 0.0390625 0.06875
1 0.67578125 0.6145833333333334 0.0296875 0.05416666666666667
1 0.6234375 0.46979166666666666 0.028125 0.04791666666666667
