
1 0.36796875 0.9729166666666667 0.0671875 0.05416666666666667
1 0.43984375 0.928125 0.0578125 0.04791666666666667
1 0.22890625 0.9916666666666667 0.0484375 0.016666666666666666
1 0.3078125 0.9583333333333334 0.065625 0.05416666666666667
1 0.39296875 0.909375 0.0578125 0.04791666666666667
1 0.15703125 0.984375 0.0703125 0.03125
1 0.24453125 0.94375 0.0609375 0.04583333333333333
1 0.321875 0.9010416666666666 0.053125 0.04791666666666667
1 0.39453125 0.859375 0.0578125 0.04375
1 0.10703125 0.9739583333333334 0.0703125 0.052083333333333336
1 0.1890625 0.928125 0.065625 0.052083333333333336
1 0.27734375 0.8822916666666667 0.0734375 0.05625
1 0.3546875 0.8385416666666666 0.05625 0.04791666666666667












5 0.2265625 0.64375 0.021875 0.025

4 0.39765625 0.6427083333333333 0.0109375 0.022916666666666665
4 0.43828125 0.725 0.0109375 0.020833333333333332
5 0.590625 0.8635416666666667 0.015625 0.03125

4 0.4265625 0.6208333333333333 0.075 0.19166666666666668
4 0.34765625 0.509375 0.0078125 0.014583333333333334
4 0.35859375 0.5 0.0109375 0.0125











5 0.99609375 0.6177083333333333 0.0078125 0.022916666666666665
5 0.99609375 0.6166666666666667 0.0078125 0.020833333333333332





3 0.703125 0.8489583333333334 0.071875 0.16458333333333333
1 0.30859375 0.6302083333333334 0.0328125 0.035416666666666666
1 0.63203125 0.6229166666666667 0.0296875 0.05416666666666667
3 0.5765625 0.459375 0.04375 0.09791666666666667
1 0.5484375 0.3260416666666667 0.021875 0.03958333333333333
1 0.55234375 0.23229166666666667 0.0171875 0.03125
1 0.49375 0.16354166666666667 0.015625 0.01875
1 0.5515625 0.23229166666666667 0.01875 0.03125
1 0.37578125 0.253125 0.0171875 0.022916666666666665
1 0.353125 0.2520833333333333 0.015625 0.025
1 0.3734375 0.228125 0.015625 0.022916666666666665
1 0.35390625 0.22708333333333333 0.0140625 0.020833333333333332
1 0.33515625 0.22708333333333333 0.0140625 0.025
1 0.31640625 0.23333333333333334 0.0140625 0.020833333333333332
1 0.31953125 0.26145833333333335 0.0171875 0.035416666666666666
1 0.29765625 0.23541666666666666 0.0171875 0.025
1 0.2765625 0.22916666666666666 0.015625 0.016666666666666666
1 0.38359375 0.18958333333333333 0.0140625 0.020833333333333332
1 0.36640625 0.19583333333333333 0.0171875 0.025
1 0.328125 0.190625 0.015625 0.022916666666666665
1 0.3109375 0.19583333333333333 0.01875 0.0375
1 0.2984375 0.17291666666666666 0.01875 0.029166666666666667
1 0.503125 0.19270833333333334 0.015625 0.03125
1 0.80546875 0.9791666666666666 0.0359375 0.041666666666666664
1 0.75625 0.88125 0.0375 0.07083333333333333
1 0.67890625 0.6291666666666667 0.0296875 0.05416666666666667
1 0.628125 0.48125 0.028125 0.05
