
1 0.36796875 0.9729166666666667 0.0671875 0.05416666666666667
1 0.43984375 0.928125 0.0578125 0.04791666666666667
1 0.22890625 0.9916666666666667 0.0484375 0.016666666666666666
1 0.3078125 0.9583333333333334 0.065625 0.05416666666666667
1 0.3921875 0.909375 0.05625 0.04791666666666667
1 0.15703125 0.984375 0.0703125 0.03125
1 0.2453125 0.94375 0.0625 0.04583333333333333
1 0.321875 0.9020833333333333 0.053125 0.04583333333333333
1 0.39453125 0.859375 0.0578125 0.04375
1 0.10703125 0.9739583333333334 0.0703125 0.052083333333333336
1 0.1890625 0.928125 0.065625 0.052083333333333336
1 0.27734375 0.8822916666666667 0.0734375 0.05625
1 0.3546875 0.8385416666666666 0.05625 0.04791666666666667












5 0.2328125 0.640625 0.021875 0.027083333333333334

4 0.396875 0.6427083333333333 0.009375 0.022916666666666665
4 0.4390625 0.7270833333333333 0.009375 0.020833333333333332
5 0.59375 0.8708333333333333 0.015625 0.029166666666666667

4 0.4265625 0.621875 0.075 0.19375
4 0.34765625 0.5104166666666666 0.0078125 0.0125
4 0.35859375 0.5 0.0109375 0.0125











5 0.996875 0.61875 0.00625 0.020833333333333332
5 0.996875 0.61875 0.00625 0.020833333333333332





3 0.70625 0.8572916666666667 0.075 0.16875
1 0.29921875 0.6364583333333333 0.0328125 0.035416666666666666
1 0.63515625 0.63125 0.0296875 0.05416666666666667
3 0.578125 0.4666666666666667 0.04375 0.1
1 0.54921875 0.33125 0.0203125 0.0375
1 0.55234375 0.234375 0.0171875 0.03125
1 0.49375 0.16354166666666667 0.015625 0.01875
1 0.553125 0.234375 0.01875 0.03125
1 0.37578125 0.253125 0.0171875 0.022916666666666665
1 0.353125 0.2520833333333333 0.015625 0.025
1 0.3734375 0.228125 0.015625 0.022916666666666665
1 0.35390625 0.22708333333333333 0.0140625 0.020833333333333332
1 0.33515625 0.22708333333333333 0.0140625 0.025
1 0.31640625 0.23333333333333334 0.0140625 0.020833333333333332
1 0.31953125 0.26145833333333335 0.0171875 0.035416666666666666
1 0.29765625 0.23541666666666666 0.0171875 0.025
1 0.2765625 0.22916666666666666 0.015625 0.016666666666666666
1 0.38203125 0.18958333333333333 0.0140625 0.020833333333333332
1 0.36640625 0.19583333333333333 0.0171875 0.025
1 0.328125 0.190625 0.015625 0.022916666666666665
1 0.3109375 0.19583333333333333 0.01875 0.0375
1 0.2984375 0.171875 0.021875 0.027083333333333334
1 0.50234375 0.19270833333333334 0.0171875 0.03125
1 0.80859375 0.9864583333333333 0.0328125 0.027083333333333334
1 0.7609375 0.89375 0.0375 0.07083333333333333
1 0.6828125 0.6364583333333333 0.03125 0.05625
1 0.63046875 0.4875 0.0296875 0.05
