
1 0.36875 0.9729166666666667 0.065625 0.05416666666666667
1 0.43984375 0.928125 0.0578125 0.04791666666666667
1 0.22890625 0.9916666666666667 0.0484375 0.016666666666666666
1 0.3078125 0.9583333333333334 0.065625 0.05416666666666667
1 0.3921875 0.909375 0.05625 0.04791666666666667
1 0.15703125 0.984375 0.0703125 0.03125
1 0.24453125 0.94375 0.0609375 0.04583333333333333
1 0.321875 0.9020833333333333 0.053125 0.04583333333333333
1 0.39453125 0.859375 0.0578125 0.04375
1 0.10703125 0.9739583333333334 0.0703125 0.052083333333333336
1 0.1890625 0.928125 0.065625 0.052083333333333336
1 0.27734375 0.8822916666666667 0.0734375 0.05625
1 0.3546875 0.8385416666666666 0.05625 0.04791666666666667












5 0.2390625 0.6364583333333333 0.025 0.022916666666666665
5 0.23984375 0.6354166666666666 0.0234375 0.025
4 0.39375 0.6395833333333333 0.0125 0.025
4 0.440625 0.7302083333333333 0.009375 0.022916666666666665
5 0.5984375 0.8739583333333333 0.015625 0.027083333333333334

4 0.4265625 0.621875 0.075 0.19375
4 0.34765625 0.5104166666666666 0.0078125 0.0125
4 0.35859375 0.5 0.0109375 0.0125


















3 0.7109375 0.8739583333333333 0.075 0.16875
1 0.2828125 0.646875 0.034375 0.03958333333333333
1 0.63984375 0.6458333333333334 0.0328125 0.058333333333333334
3 0.58203125 0.4791666666666667 0.0453125 0.10416666666666667
1 0.5515625 0.3416666666666667 0.021875 0.041666666666666664
1 0.553125 0.23958333333333334 0.01875 0.03333333333333333
1 0.49375 0.165625 0.01875 0.022916666666666665
1 0.553125 0.23958333333333334 0.01875 0.03333333333333333
1 0.37578125 0.253125 0.0171875 0.022916666666666665
1 0.353125 0.253125 0.015625 0.027083333333333334
1 0.3734375 0.228125 0.015625 0.022916666666666665
1 0.35390625 0.22708333333333333 0.0140625 0.020833333333333332
1 0.33515625 0.22708333333333333 0.0140625 0.025
1 0.31640625 0.23333333333333334 0.0140625 0.020833333333333332
1 0.3203125 0.26145833333333335 0.01875 0.035416666666666666
1 0.29765625 0.23541666666666666 0.0171875 0.025
1 0.2765625 0.22916666666666666 0.015625 0.016666666666666666
1 0.38359375 0.18958333333333333 0.0140625 0.025
1 0.36640625 0.19583333333333333 0.0171875 0.025
1 0.328125 0.190625 0.015625 0.022916666666666665
1 0.3109375 0.19583333333333333 0.01875 0.0375
1 0.29921875 0.17291666666666666 0.0203125 0.029166666666666667
1 0.50234375 0.19375 0.0171875 0.03333333333333333

1 0.76875 0.915625 0.0375 0.07291666666666667
1 0.68671875 0.6520833333333333 0.0328125 0.058333333333333334
1 0.63359375 0.4979166666666667 0.0296875 0.05
