
1 0.36796875 0.9729166666666667 0.0671875 0.05416666666666667
1 0.43984375 0.928125 0.0578125 0.04791666666666667
1 0.22890625 0.9916666666666667 0.0484375 0.016666666666666666
1 0.3078125 0.9583333333333334 0.065625 0.05416666666666667
1 0.39296875 0.9083333333333333 0.0578125 0.05
1 0.15703125 0.984375 0.0703125 0.03125
1 0.2453125 0.94375 0.0625 0.04583333333333333
1 0.321875 0.9020833333333333 0.053125 0.04583333333333333
1 0.39453125 0.859375 0.0578125 0.04375
1 0.10703125 0.9739583333333334 0.0703125 0.052083333333333336
1 0.18828125 0.9270833333333334 0.0640625 0.05
1 0.27734375 0.8822916666666667 0.0734375 0.05625
1 0.3546875 0.8395833333333333 0.05625 0.04583333333333333












5 0.246875 0.634375 0.021875 0.022916666666666665
5 0.24765625 0.6333333333333333 0.0203125 0.020833333333333332
4 0.39140625 0.6395833333333333 0.0109375 0.025
4 0.4421875 0.7322916666666667 0.009375 0.022916666666666665
5 0.6046875 0.8833333333333333 0.015625 0.029166666666666667

4 0.428125 0.6229166666666667 0.078125 0.19583333333333333
4 0.3484375 0.5104166666666666 0.00625 0.0125
4 0.359375 0.5 0.009375 0.0125


















3 0.715625 0.890625 0.078125 0.17291666666666666
1 0.2671875 0.65625 0.0375 0.041666666666666664
1 0.64375 0.659375 0.03125 0.05625
3 0.5859375 0.49166666666666664 0.046875 0.10416666666666667
1 0.55390625 0.35208333333333336 0.0234375 0.041666666666666664
1 0.55546875 0.24270833333333333 0.0171875 0.03125
1 0.49375 0.165625 0.01875 0.022916666666666665
1 0.55546875 0.24270833333333333 0.0171875 0.03125
1 0.37578125 0.253125 0.0171875 0.022916666666666665
1 0.353125 0.2520833333333333 0.015625 0.025
1 0.3734375 0.228125 0.015625 0.022916666666666665
1 0.35390625 0.22708333333333333 0.0140625 0.020833333333333332
1 0.33515625 0.22708333333333333 0.0140625 0.025
1 0.31640625 0.23333333333333334 0.0140625 0.020833333333333332
1 0.31953125 0.26145833333333335 0.0171875 0.035416666666666666
1 0.29765625 0.23541666666666666 0.0171875 0.025
1 0.2765625 0.228125 0.015625 0.01875
1 0.38203125 0.18958333333333333 0.0140625 0.020833333333333332
1 0.36640625 0.19479166666666667 0.0171875 0.027083333333333334
1 0.328125 0.190625 0.015625 0.022916666666666665
1 0.3109375 0.19583333333333333 0.01875 0.0375
1 0.2984375 0.17291666666666666 0.01875 0.029166666666666667
1 0.50234375 0.19375 0.0171875 0.03333333333333333

1 0.775 0.9385416666666667 0.040625 0.07708333333333334
1 0.69140625 0.665625 0.0328125 0.06041666666666667
1 0.63828125 0.509375 0.0296875 0.052083333333333336
