
1 0.36875 0.9729166666666667 0.065625 0.05416666666666667
1 0.43984375 0.928125 0.0578125 0.04791666666666667
1 0.22890625 0.9916666666666667 0.0484375 0.016666666666666666
1 0.3078125 0.9583333333333334 0.065625 0.05416666666666667
1 0.3921875 0.909375 0.05625 0.04791666666666667
1 0.15703125 0.984375 0.0703125 0.03125
1 0.2453125 0.94375 0.0625 0.04583333333333333
1 0.321875 0.9010416666666666 0.053125 0.04791666666666667
1 0.39453125 0.859375 0.0578125 0.04375
1 0.10703125 0.9739583333333334 0.0703125 0.052083333333333336
1 0.1890625 0.928125 0.065625 0.052083333333333336
1 0.27734375 0.8822916666666667 0.0734375 0.05625
1 0.3546875 0.8385416666666666 0.05625 0.04791666666666667












5 0.2546875 0.63125 0.025 0.020833333333333332
5 0.25546875 0.6302083333333334 0.0234375 0.01875
4 0.38828125 0.6395833333333333 0.0109375 0.029166666666666667
4 0.44375 0.7364583333333333 0.009375 0.022916666666666665
5 0.609375 0.89375 0.015625 0.029166666666666667

4 0.428125 0.6260416666666667 0.078125 0.19791666666666666
4 0.3484375 0.5104166666666666 0.00625 0.0125
4 0.359375 0.5010416666666667 0.0125 0.014583333333333334


















3 0.721875 0.9072916666666667 0.078125 0.17708333333333334
1 0.25 0.6645833333333333 0.0375 0.041666666666666664
1 0.64765625 0.6729166666666667 0.0328125 0.058333333333333334
3 0.5890625 0.5041666666666667 0.046875 0.10833333333333334
1 0.55546875 0.3625 0.0234375 0.041666666666666664
1 0.55625 0.24791666666666667 0.01875 0.029166666666666667
1 0.49375 0.16458333333333333 0.01875 0.025
1 0.55625 0.246875 0.01875 0.03125
1 0.37578125 0.2520833333333333 0.0171875 0.020833333333333332
1 0.35390625 0.25104166666666666 0.0140625 0.027083333333333334
1 0.3734375 0.228125 0.015625 0.022916666666666665
1 0.35390625 0.22708333333333333 0.0140625 0.020833333333333332
1 0.33515625 0.22708333333333333 0.0140625 0.025
1 0.31640625 0.23229166666666667 0.0140625 0.022916666666666665
1 0.3203125 0.26145833333333335 0.01875 0.035416666666666666
1 0.29765625 0.234375 0.0171875 0.022916666666666665
1 0.2765625 0.228125 0.015625 0.01875
1 0.38359375 0.18854166666666666 0.0140625 0.022916666666666665
1 0.36640625 0.19479166666666667 0.0171875 0.027083333333333334
1 0.32890625 0.190625 0.0171875 0.022916666666666665
1 0.3109375 0.19479166666666667 0.01875 0.03958333333333333
1 0.3 0.17291666666666666 0.021875 0.029166666666666667
1 0.50234375 0.19270833333333334 0.0171875 0.03125

1 0.7828125 0.9614583333333333 0.04375 0.07708333333333334
1 0.69609375 0.6802083333333333 0.0296875 0.05625
1 0.6421875 0.5208333333333334 0.03125 0.05
