
1 0.36875 0.9729166666666667 0.065625 0.05416666666666667
1 0.43984375 0.928125 0.0578125 0.04791666666666667
1 0.22890625 0.9916666666666667 0.0484375 0.016666666666666666
1 0.3078125 0.9583333333333334 0.065625 0.05416666666666667
1 0.3921875 0.909375 0.05625 0.04791666666666667
1 0.15703125 0.984375 0.0703125 0.03125
1 0.24453125 0.94375 0.0609375 0.04583333333333333
1 0.321875 0.9010416666666666 0.053125 0.04791666666666667
1 0.39453125 0.859375 0.0578125 0.04375
1 0.10703125 0.9739583333333334 0.0703125 0.052083333333333336
1 0.18828125 0.928125 0.0640625 0.052083333333333336
1 0.278125 0.8822916666666667 0.075 0.05625
1 0.3546875 0.8385416666666666 0.05625 0.04791666666666667












5 0.259375 0.6302083333333334 0.021875 0.01875
5 0.26015625 0.6291666666666667 0.0203125 0.020833333333333332
4 0.3875 0.6385416666666667 0.0125 0.027083333333333334
4 0.44453125 0.7364583333333333 0.0109375 0.022916666666666665
5 0.6109375 0.8958333333333334 0.015625 0.029166666666666667

4 0.4296875 0.6270833333333333 0.078125 0.19583333333333333
4 0.3484375 0.5104166666666666 0.00625 0.008333333333333333
4 0.36015625 0.5 0.0109375 0.0125


















3 0.725 0.9125 0.078125 0.175
1 0.2421875 0.66875 0.0375 0.041666666666666664
1 0.65 0.6802083333333333 0.03125 0.06041666666666667
3 0.590625 0.509375 0.046875 0.10625
1 0.55703125 0.365625 0.0234375 0.03958333333333333
1 0.55625 0.24895833333333334 0.01875 0.03125
1 0.49375 0.165625 0.01875 0.027083333333333334
1 0.55625 0.24895833333333334 0.01875 0.03125
1 0.37578125 0.2520833333333333 0.0171875 0.020833333333333332
1 0.3546875 0.25 0.015625 0.025
1 0.3734375 0.228125 0.015625 0.022916666666666665
1 0.35390625 0.22708333333333333 0.0140625 0.020833333333333332
1 0.33515625 0.22708333333333333 0.0140625 0.025
1 0.31640625 0.23229166666666667 0.0140625 0.022916666666666665
1 0.31953125 0.26145833333333335 0.0171875 0.035416666666666666
1 0.29765625 0.234375 0.0171875 0.022916666666666665
1 0.2765625 0.22916666666666666 0.015625 0.016666666666666666
1 0.3828125 0.1875 0.0125 0.020833333333333332
1 0.36640625 0.19479166666666667 0.0171875 0.027083333333333334
1 0.32890625 0.18958333333333333 0.0171875 0.025
1 0.3109375 0.19479166666666667 0.01875 0.03958333333333333
1 0.3 0.171875 0.021875 0.03125
1 0.50234375 0.19270833333333334 0.0171875 0.03125

1 0.7859375 0.9666666666666667 0.04375 0.06666666666666667
1 0.6984375 0.6875 0.03125 0.0625
1 0.64375 0.525 0.03125 0.05
