
1 0.36953125 0.9729166666666667 0.0671875 0.05416666666666667
1 0.440625 0.928125 0.05625 0.04791666666666667
1 0.22890625 0.9916666666666667 0.0484375 0.016666666666666666
1 0.3078125 0.9583333333333334 0.065625 0.05416666666666667
1 0.3921875 0.909375 0.05625 0.04791666666666667
1 0.15703125 0.984375 0.0703125 0.03125
1 0.2453125 0.94375 0.0625 0.04583333333333333
1 0.321875 0.9010416666666666 0.053125 0.04791666666666667
1 0.39453125 0.859375 0.0578125 0.04375
1 0.10703125 0.9739583333333334 0.0703125 0.052083333333333336
1 0.1890625 0.928125 0.065625 0.052083333333333336
1 0.27734375 0.8822916666666667 0.0734375 0.05625
1 0.3546875 0.8385416666666666 0.05625 0.04791666666666667












5 0.26328125 0.6291666666666667 0.0234375 0.020833333333333332
5 0.2625 0.6291666666666667 0.021875 0.020833333333333332
4 0.3859375 0.6385416666666667 0.0125 0.027083333333333334
4 0.446875 0.7385416666666667 0.009375 0.022916666666666665
5 0.61328125 0.9 0.0140625 0.029166666666666667

4 0.42890625 0.6270833333333333 0.0796875 0.19583333333333333
4 0.3484375 0.509375 0.00625 0.010416666666666666
4 0.359375 0.5 0.0125 0.0125


















3 0.72734375 0.9177083333333333 0.0796875 0.16458333333333333
1 0.23203125 0.6739583333333333 0.0359375 0.03958333333333333
1 0.65234375 0.6895833333333333 0.0296875 0.058333333333333334
3 0.59375 0.5166666666666667 0.046875 0.10833333333333334
1 0.5578125 0.37083333333333335 0.021875 0.041666666666666664
1 0.5578125 0.253125 0.01875 0.03125
1 0.49375 0.165625 0.01875 0.027083333333333334
1 0.55703125 0.2520833333333333 0.0171875 0.029166666666666667
1 0.37578125 0.25104166666666666 0.0171875 0.022916666666666665
1 0.35390625 0.25 0.0140625 0.025
1 0.3734375 0.22708333333333333 0.015625 0.020833333333333332
1 0.35390625 0.22708333333333333 0.0140625 0.020833333333333332
1 0.33515625 0.22708333333333333 0.0140625 0.025
1 0.31640625 0.23229166666666667 0.0140625 0.022916666666666665
1 0.31953125 0.2604166666666667 0.0171875 0.0375
1 0.29765625 0.234375 0.0171875 0.022916666666666665
1 0.2765625 0.228125 0.015625 0.01875
1 0.3828125 0.1875 0.0125 0.020833333333333332
1 0.36640625 0.19479166666666667 0.0171875 0.027083333333333334
1 0.32890625 0.18958333333333333 0.0171875 0.025
1 0.3109375 0.19479166666666667 0.01875 0.03958333333333333
1 0.2984375 0.171875 0.01875 0.027083333333333334
1 0.5015625 0.19270833333333334 0.01875 0.03125

1 0.7890625 0.9739583333333334 0.0375 0.052083333333333336
1 0.7015625 0.69375 0.03125 0.058333333333333334
1 0.646875 0.5333333333333333 0.03125 0.05416666666666667
