
1 0.36875 0.9729166666666667 0.065625 0.05416666666666667
1 0.440625 0.928125 0.05625 0.04791666666666667
1 0.22890625 0.9916666666666667 0.0484375 0.016666666666666666
1 0.3078125 0.9583333333333334 0.065625 0.05416666666666667
1 0.3921875 0.909375 0.05625 0.04791666666666667
1 0.15703125 0.984375 0.0703125 0.03125
1 0.2453125 0.94375 0.0625 0.04583333333333333
1 0.321875 0.9010416666666666 0.053125 0.04791666666666667
1 0.39453125 0.859375 0.0578125 0.04375
1 0.10703125 0.9739583333333334 0.0703125 0.052083333333333336
1 0.18828125 0.9270833333333334 0.0640625 0.05
1 0.27734375 0.88125 0.0734375 0.05416666666666667
1 0.3546875 0.8385416666666666 0.05625 0.04791666666666667












5 0.265625 0.6291666666666667 0.021875 0.020833333333333332
5 0.26640625 0.6291666666666667 0.0203125 0.020833333333333332
4 0.3859375 0.6375 0.0125 0.025
4 0.446875 0.7385416666666667 0.009375 0.022916666666666665
5 0.615625 0.9052083333333333 0.0125 0.03125

4 0.42890625 0.6260416666666667 0.0796875 0.19791666666666666
4 0.3484375 0.509375 0.00625 0.010416666666666666
4 0.359375 0.5 0.0125 0.0125


















3 0.7296875 0.9208333333333333 0.08125 0.15833333333333333
1 0.22421875 0.6770833333333334 0.0390625 0.041666666666666664
1 0.65390625 0.69375 0.0328125 0.0625
3 0.59453125 0.5229166666666667 0.0484375 0.10833333333333334
1 0.55859375 0.375 0.0234375 0.041666666666666664
1 0.5578125 0.25416666666666665 0.01875 0.03333333333333333
1 0.4953125 0.165625 0.01875 0.027083333333333334
1 0.5578125 0.25416666666666665 0.01875 0.03333333333333333
1 0.3765625 0.25104166666666666 0.01875 0.022916666666666665
1 0.3546875 0.25104166666666666 0.015625 0.027083333333333334
1 0.3734375 0.22708333333333333 0.015625 0.020833333333333332
1 0.3546875 0.22708333333333333 0.0125 0.020833333333333332
1 0.33515625 0.22708333333333333 0.0140625 0.025
1 0.31640625 0.23125 0.0140625 0.020833333333333332
1 0.3203125 0.2604166666666667 0.01875 0.0375
1 0.29765625 0.234375 0.0171875 0.022916666666666665
1 0.2765625 0.228125 0.015625 0.01875
1 0.3828125 0.1875 0.0125 0.020833333333333332
1 0.36640625 0.19479166666666667 0.0171875 0.027083333333333334
1 0.32890625 0.18958333333333333 0.0171875 0.025
1 0.31171875 0.19479166666666667 0.0203125 0.03958333333333333
1 0.3 0.17083333333333334 0.021875 0.029166666666666667
1 0.5015625 0.19270833333333334 0.01875 0.03125

1 0.790625 0.978125 0.034375 0.04375
1 0.703125 0.7 0.03125 0.058333333333333334
1 0.64765625 0.5364583333333334 0.0296875 0.052083333333333336
