
1 0.36953125 0.9729166666666667 0.0671875 0.05416666666666667
1 0.440625 0.928125 0.05625 0.04791666666666667
1 0.22890625 0.9916666666666667 0.0484375 0.016666666666666666
1 0.3078125 0.9572916666666667 0.065625 0.052083333333333336
1 0.3921875 0.909375 0.05625 0.04791666666666667
1 0.15703125 0.984375 0.0703125 0.03125
1 0.2453125 0.9427083333333334 0.0625 0.04791666666666667
1 0.321875 0.9010416666666666 0.053125 0.04791666666666667
1 0.39453125 0.859375 0.0578125 0.04375
1 0.10703125 0.9739583333333334 0.0703125 0.052083333333333336
1 0.1890625 0.928125 0.065625 0.052083333333333336
1 0.27734375 0.88125 0.0734375 0.05416666666666667
1 0.3546875 0.8385416666666666 0.05625 0.04791666666666667












5 0.2734375 0.628125 0.021875 0.022916666666666665
5 0.27421875 0.6260416666666667 0.0203125 0.01875
4 0.3828125 0.6375 0.0125 0.025
4 0.44921875 0.7427083333333333 0.0109375 0.022916666666666665
5 0.61953125 0.9145833333333333 0.0140625 0.03333333333333333

4 0.43125 0.6302083333333334 0.078125 0.20208333333333334
4 0.3484375 0.509375 0.00625 0.010416666666666666
4 0.359375 0.5 0.0125 0.0125


















3 0.734375 0.928125 0.08125 0.14375
1 0.20625 0.6875 0.0375 0.041666666666666664
1 0.6578125 0.7072916666666667 0.03125 0.06041666666666667
3 0.59921875 0.5354166666666667 0.0484375 0.1125
1 0.56171875 0.3854166666666667 0.0234375 0.041666666666666664
1 0.5578125 0.2604166666666667 0.01875 0.03333333333333333
1 0.4953125 0.16458333333333333 0.01875 0.029166666666666667
1 0.5578125 0.259375 0.01875 0.03125
1 0.37578125 0.25104166666666666 0.0171875 0.022916666666666665
1 0.3546875 0.25104166666666666 0.015625 0.027083333333333334
1 0.3734375 0.22708333333333333 0.015625 0.020833333333333332
1 0.3546875 0.22708333333333333 0.0125 0.020833333333333332
1 0.3359375 0.22604166666666667 0.015625 0.022916666666666665
1 0.31640625 0.23125 0.0140625 0.020833333333333332
1 0.3203125 0.2604166666666667 0.01875 0.0375
1 0.29765625 0.234375 0.0171875 0.022916666666666665
1 0.2765625 0.228125 0.015625 0.01875
1 0.38203125 0.1875 0.0140625 0.020833333333333332
1 0.36640625 0.19375 0.0171875 0.025
1 0.32890625 0.18958333333333333 0.0171875 0.025
1 0.31171875 0.19375 0.0203125 0.0375
1 0.3 0.17083333333333334 0.021875 0.029166666666666667
1 0.5015625 0.19270833333333334 0.01875 0.03125

1 0.79453125 0.9895833333333334 0.0265625 0.020833333333333332
1 0.7078125 0.7177083333333333 0.034375 0.06458333333333334
1 0.6515625 0.5479166666666667 0.03125 0.05416666666666667
