
1 0.36953125 0.9729166666666667 0.0671875 0.05416666666666667
1 0.440625 0.928125 0.05625 0.04791666666666667
1 0.228125 0.990625 0.05 0.01875
1 0.3078125 0.9572916666666667 0.065625 0.052083333333333336
1 0.3921875 0.909375 0.05625 0.04791666666666667
1 0.15625 0.984375 0.071875 0.03125
1 0.2453125 0.9427083333333334 0.0625 0.04791666666666667
1 0.321875 0.9010416666666666 0.053125 0.04791666666666667
1 0.39453125 0.859375 0.0578125 0.04375
1 0.10703125 0.9739583333333334 0.0703125 0.052083333333333336
1 0.1890625 0.928125 0.065625 0.052083333333333336
1 0.278125 0.8822916666666667 0.075 0.05625
1 0.3546875 0.8385416666666666 0.05625 0.04791666666666667












5 0.278125 0.6270833333333333 0.021875 0.020833333333333332
5 0.278125 0.6260416666666667 0.021875 0.01875
4 0.38046875 0.6354166666666666 0.0109375 0.025
4 0.45 0.7447916666666666 0.009375 0.022916666666666665
5 0.62109375 0.9208333333333333 0.0140625 0.03333333333333333
5 0.39296875 0.5864583333333333 0.0265625 0.10625
4 0.43046875 0.63125 0.0828125 0.20416666666666666
4 0.3484375 0.509375 0.00625 0.010416666666666666
4 0.359375 0.5 0.0125 0.0125


















3 0.73671875 0.9333333333333333 0.0796875 0.13333333333333333
1 0.19453125 0.6927083333333334 0.0390625 0.04375
1 0.6609375 0.7177083333333333 0.03125 0.06041666666666667
3 0.6015625 0.54375 0.05 0.1125
1 0.5625 0.3927083333333333 0.021875 0.03958333333333333
1 0.55859375 0.2625 0.0203125 0.03333333333333333
1 0.4953125 0.1625 0.01875 0.029166666666666667
1 0.55859375 0.2625 0.0203125 0.03333333333333333
1 0.3765625 0.25104166666666666 0.01875 0.022916666666666665
1 0.3546875 0.25 0.015625 0.025
1 0.3734375 0.22708333333333333 0.015625 0.020833333333333332
1 0.3546875 0.22708333333333333 0.0125 0.020833333333333332
1 0.3359375 0.22604166666666667 0.015625 0.022916666666666665
1 0.31640625 0.23125 0.0140625 0.020833333333333332
1 0.3203125 0.2604166666666667 0.01875 0.0375
1 0.29765625 0.234375 0.0171875 0.022916666666666665
1 0.2765625 0.228125 0.015625 0.01875
1 0.3828125 0.1875 0.0125 0.020833333333333332
1 0.36640625 0.19375 0.0171875 0.025
1 0.32890625 0.18958333333333333 0.0171875 0.025
1 0.3109375 0.19479166666666667 0.01875 0.03958333333333333
1 0.29921875 0.17083333333333334 0.0203125 0.029166666666666667
1 0.5015625 0.19270833333333334 0.01875 0.03125

1 0.79765625 0.9958333333333333 0.0203125 0.008333333333333333
1 0.71015625 0.721875 0.0296875 0.05625
1 0.6546875 0.5541666666666667 0.03125 0.05416666666666667
