
1 0.36875 0.9729166666666667 0.065625 0.05416666666666667
1 0.43984375 0.928125 0.0578125 0.04791666666666667
1 0.228125 0.990625 0.05 0.01875
1 0.3078125 0.9572916666666667 0.065625 0.052083333333333336
1 0.3921875 0.909375 0.05625 0.04791666666666667
1 0.15703125 0.984375 0.0703125 0.03125
1 0.2453125 0.9427083333333334 0.0625 0.04791666666666667
1 0.321875 0.9010416666666666 0.053125 0.04791666666666667
1 0.39453125 0.859375 0.0578125 0.04375
1 0.1078125 0.9729166666666667 0.071875 0.05416666666666667
1 0.18828125 0.9270833333333334 0.0640625 0.05
1 0.27734375 0.88125 0.0734375 0.05416666666666667
1 0.3546875 0.8375 0.05625 0.04583333333333333












5 0.28046875 0.6270833333333333 0.0234375 0.020833333333333332
5 0.28125 0.6260416666666667 0.021875 0.01875
4 0.37890625 0.634375 0.0109375 0.022916666666666665
4 0.4515625 0.746875 0.009375 0.022916666666666665
5 0.6234375 0.9239583333333333 0.015625 0.03125
5 0.390625 0.5895833333333333 0.028125 0.10833333333333334
4 0.43046875 0.6302083333333334 0.0828125 0.20625
4 0.3484375 0.509375 0.00625 0.010416666666666666
4 0.36015625 0.5 0.0109375 0.0125


















3 0.7375 0.9364583333333333 0.078125 0.12708333333333333
1 0.18671875 0.696875 0.0390625 0.04375
1 0.66171875 0.7239583333333334 0.0328125 0.06458333333333334
3 0.603125 0.5489583333333333 0.05 0.11458333333333333
1 0.56328125 0.396875 0.0234375 0.03958333333333333
1 0.56015625 0.26458333333333334 0.0203125 0.03333333333333333
1 0.4953125 0.1625 0.01875 0.029166666666666667
1 0.559375 0.2635416666666667 0.01875 0.03125
1 0.3765625 0.25104166666666666 0.01875 0.022916666666666665
1 0.3546875 0.25104166666666666 0.015625 0.027083333333333334
1 0.3734375 0.228125 0.015625 0.022916666666666665
1 0.3546875 0.22708333333333333 0.0125 0.020833333333333332
1 0.3359375 0.22708333333333333 0.015625 0.025
1 0.31640625 0.23125 0.0140625 0.020833333333333332
1 0.3203125 0.2604166666666667 0.01875 0.0375
1 0.29765625 0.23333333333333334 0.0171875 0.025
1 0.2765625 0.228125 0.015625 0.01875
1 0.3828125 0.1875 0.015625 0.020833333333333332
1 0.36640625 0.19375 0.0171875 0.025
1 0.32890625 0.18958333333333333 0.0171875 0.025
1 0.31171875 0.19479166666666667 0.0203125 0.03958333333333333
1 0.29921875 0.17083333333333334 0.0203125 0.029166666666666667
1 0.5015625 0.19270833333333334 0.01875 0.03125


1 0.71328125 0.73125 0.0328125 0.0625
1 0.65546875 0.559375 0.0328125 0.05625
