
1 0.36875 0.9729166666666667 0.065625 0.05416666666666667
1 0.43984375 0.928125 0.0578125 0.04791666666666667
1 0.22890625 0.990625 0.0484375 0.01875
1 0.3078125 0.9572916666666667 0.065625 0.052083333333333336
1 0.3921875 0.909375 0.05625 0.04791666666666667
1 0.15625 0.984375 0.071875 0.03125
1 0.2453125 0.9427083333333334 0.0625 0.04791666666666667
1 0.321875 0.9010416666666666 0.053125 0.04791666666666667
1 0.39453125 0.859375 0.0578125 0.04375
1 0.10703125 0.9729166666666667 0.0703125 0.05416666666666667
1 0.1890625 0.9260416666666667 0.065625 0.052083333333333336
1 0.27734375 0.8822916666666667 0.0734375 0.05625
1 0.3546875 0.8375 0.05625 0.04583333333333333












5 0.2859375 0.625 0.021875 0.020833333333333332
5 0.2859375 0.6239583333333333 0.021875 0.01875
4 0.37734375 0.6354166666666666 0.0109375 0.025
4 0.4515625 0.746875 0.009375 0.022916666666666665
5 0.62578125 0.93125 0.0140625 0.03333333333333333
5 0.38828125 0.5916666666666667 0.0328125 0.10416666666666667
4 0.43203125 0.634375 0.0796875 0.19791666666666666
4 0.3484375 0.509375 0.00625 0.010416666666666666
4 0.36015625 0.5 0.0109375 0.0125


















3 0.73984375 0.9416666666666667 0.0765625 0.11666666666666667
1 0.175 0.703125 0.0375 0.04375
1 0.66484375 0.7333333333333333 0.0328125 0.0625
3 0.60546875 0.5572916666666666 0.0515625 0.11458333333333333
1 0.56484375 0.4041666666666667 0.0234375 0.041666666666666664
1 0.56015625 0.2677083333333333 0.0203125 0.03125
1 0.4953125 0.1625 0.01875 0.029166666666666667
1 0.559375 0.2677083333333333 0.01875 0.03125
1 0.37578125 0.25104166666666666 0.0171875 0.022916666666666665
1 0.3546875 0.25 0.015625 0.025
1 0.3734375 0.22708333333333333 0.015625 0.020833333333333332
1 0.3546875 0.22708333333333333 0.0125 0.020833333333333332
1 0.3359375 0.22604166666666667 0.015625 0.022916666666666665
1 0.31640625 0.23125 0.0140625 0.020833333333333332
1 0.3203125 0.259375 0.01875 0.035416666666666666
1 0.29765625 0.23333333333333334 0.0171875 0.025
1 0.2765625 0.228125 0.015625 0.01875
1 0.38359375 0.1875 0.0140625 0.020833333333333332
1 0.36640625 0.19375 0.0171875 0.025
1 0.32890625 0.18958333333333333 0.0171875 0.025
1 0.31171875 0.19375 0.0203125 0.0375
1 0.30078125 0.171875 0.0234375 0.03125
1 0.50234375 0.19375 0.0171875 0.03333333333333333


1 0.71484375 0.740625 0.0328125 0.06458333333333334
1 0.6578125 0.5666666666666667 0.034375 0.058333333333333334
