
1 0.36953125 0.9729166666666667 0.0671875 0.05416666666666667
1 0.440625 0.9270833333333334 0.059375 0.05
1 0.228125 0.990625 0.05 0.01875
1 0.3078125 0.9572916666666667 0.065625 0.052083333333333336
1 0.3921875 0.909375 0.05625 0.04791666666666667
1 0.15625 0.984375 0.071875 0.03125
1 0.24453125 0.94375 0.0609375 0.04583333333333333
1 0.321875 0.9010416666666666 0.053125 0.04791666666666667
1 0.39453125 0.859375 0.0578125 0.04375
1 0.10703125 0.9729166666666667 0.0703125 0.05416666666666667
1 0.1890625 0.9260416666666667 0.065625 0.052083333333333336
1 0.27734375 0.88125 0.0734375 0.05416666666666667
1 0.3546875 0.8375 0.05625 0.04583333333333333












5 0.2890625 0.625 0.021875 0.020833333333333332
5 0.28828125 0.625 0.0234375 0.020833333333333332
4 0.375 0.634375 0.0125 0.022916666666666665
4 0.453125 0.7489583333333333 0.009375 0.022916666666666665
5 0.62734375 0.934375 0.0140625 0.03125
5 0.3875 0.5916666666666667 0.034375 0.10416666666666667
4 0.43046875 0.63125 0.0828125 0.20833333333333334
4 0.3484375 0.5104166666666666 0.00625 0.008333333333333333
4 0.36015625 0.5 0.0109375 0.0125


















3 0.740625 0.94375 0.075 0.1125
1 0.16796875 0.70625 0.0359375 0.041666666666666664
1 0.66640625 0.7395833333333334 0.0328125 0.0625
3 0.60625 0.5625 0.053125 0.11666666666666667
1 0.56640625 0.41041666666666665 0.0234375 0.041666666666666664
1 0.5609375 0.26979166666666665 0.01875 0.03125
1 0.4953125 0.16354166666666667 0.01875 0.03125
1 0.5609375 0.26979166666666665 0.01875 0.03125
1 0.3765625 0.25104166666666666 0.01875 0.022916666666666665
1 0.3546875 0.25104166666666666 0.015625 0.027083333333333334
1 0.3734375 0.22708333333333333 0.015625 0.020833333333333332
1 0.3546875 0.22708333333333333 0.0125 0.020833333333333332
1 0.3359375 0.22604166666666667 0.015625 0.022916666666666665
1 0.31640625 0.23125 0.0140625 0.020833333333333332
1 0.3203125 0.259375 0.01875 0.035416666666666666
1 0.29765625 0.23333333333333334 0.0171875 0.025
1 0.2765625 0.228125 0.015625 0.01875
1 0.3828125 0.1875 0.0125 0.020833333333333332
1 0.36640625 0.19375 0.0171875 0.025
1 0.32890625 0.18958333333333333 0.0171875 0.025
1 0.31171875 0.19375 0.0203125 0.0375
1 0.29921875 0.17083333333333334 0.0203125 0.029166666666666667
1 0.503125 0.19270833333333334 0.015625 0.03125


1 0.7171875 0.7479166666666667 0.03125 0.0625
1 0.659375 0.5708333333333333 0.03125 0.058333333333333334
