
1 0.36875 0.9729166666666667 0.06875 0.05416666666666667
1 0.43984375 0.9270833333333334 0.0578125 0.04583333333333333
1 0.228125 0.990625 0.05 0.01875
1 0.3078125 0.9572916666666667 0.065625 0.052083333333333336
1 0.3921875 0.909375 0.05625 0.04791666666666667
1 0.15625 0.984375 0.071875 0.03125
1 0.2453125 0.9427083333333334 0.0625 0.04791666666666667
1 0.321875 0.9010416666666666 0.053125 0.04791666666666667
1 0.39453125 0.859375 0.0578125 0.04375
1 0.10703125 0.9729166666666667 0.0703125 0.05416666666666667
1 0.1890625 0.9260416666666667 0.065625 0.052083333333333336
1 0.27734375 0.88125 0.0734375 0.05416666666666667
1 0.3546875 0.8375 0.05625 0.04583333333333333












5 0.29765625 0.6239583333333333 0.0203125 0.01875
5 0.296875 0.6229166666666667 0.021875 0.020833333333333332
4 0.37265625 0.6333333333333333 0.0109375 0.025
4 0.4546875 0.7520833333333333 0.009375 0.025
5 0.63125 0.9447916666666667 0.0125 0.03125
5 0.38671875 0.59375 0.0390625 0.1
4 0.43359375 0.6385416666666667 0.0765625 0.19791666666666666
4 0.3484375 0.509375 0.00625 0.010416666666666666
4 0.36015625 0.5 0.0109375 0.0125


















3 0.74375 0.953125 0.06875 0.09375
1 0.14765625 0.7166666666666667 0.0390625 0.04583333333333333
1 0.67109375 0.7541666666666667 0.0328125 0.0625
3 0.6109375 0.5770833333333333 0.053125 0.11666666666666667
1 0.56953125 0.421875 0.0234375 0.04375
1 0.56171875 0.27395833333333336 0.0203125 0.03125
1 0.49609375 0.16354166666666667 0.0203125 0.027083333333333334
1 0.56171875 0.27395833333333336 0.0203125 0.03125
1 0.3765625 0.25104166666666666 0.01875 0.022916666666666665
1 0.3546875 0.25 0.015625 0.025
1 0.37421875 0.22708333333333333 0.0171875 0.020833333333333332
1 0.3546875 0.22708333333333333 0.0125 0.020833333333333332
1 0.3359375 0.22604166666666667 0.015625 0.022916666666666665
1 0.31640625 0.23125 0.0140625 0.020833333333333332
1 0.3203125 0.259375 0.01875 0.035416666666666666
1 0.29765625 0.23333333333333334 0.0171875 0.025
1 0.2765625 0.228125 0.015625 0.01875
1 0.3828125 0.1875 0.0125 0.020833333333333332
1 0.36640625 0.19375 0.0171875 0.025
1 0.32890625 0.18854166666666666 0.0171875 0.022916666666666665
1 0.31171875 0.19375 0.0203125 0.0375
1 0.30078125 0.171875 0.0234375 0.03125
1 0.503125 0.190625 0.015625 0.03125


1 0.72265625 0.7635416666666667 0.0359375 0.06458333333333334
1 0.6625 0.5822916666666667 0.03125 0.05625
