
1 0.36796875 0.9729166666666667 0.0671875 0.05416666666666667
1 0.43984375 0.9270833333333334 0.0578125 0.04583333333333333
1 0.228125 0.990625 0.05 0.01875
1 0.3078125 0.9572916666666667 0.065625 0.052083333333333336
1 0.3921875 0.909375 0.05625 0.04791666666666667
1 0.15625 0.984375 0.071875 0.03125
1 0.2453125 0.9427083333333334 0.0625 0.04791666666666667
1 0.321875 0.9010416666666666 0.053125 0.04791666666666667
1 0.39453125 0.859375 0.0578125 0.04375
1 0.10703125 0.9729166666666667 0.0703125 0.05416666666666667
1 0.1890625 0.9260416666666667 0.065625 0.052083333333333336
1 0.27734375 0.88125 0.0734375 0.05416666666666667
1 0.3546875 0.8375 0.05625 0.04583333333333333












5 0.3015625 0.6229166666666667 0.021875 0.020833333333333332
5 0.3015625 0.6229166666666667 0.021875 0.020833333333333332
4 0.37109375 0.6333333333333333 0.0109375 0.025
4 0.45546875 0.753125 0.0109375 0.022916666666666665
5 0.63359375 0.95 0.0140625 0.03333333333333333
5 0.3859375 0.59375 0.040625 0.1
4 0.434375 0.640625 0.078125 0.19791666666666666
4 0.3484375 0.509375 0.00625 0.010416666666666666
4 0.36015625 0.5 0.0109375 0.0125


















3 0.7453125 0.9572916666666667 0.065625 0.08541666666666667
1 0.1359375 0.7229166666666667 0.040625 0.04583333333333333
1 0.675 0.7645833333333333 0.034375 0.0625
3 0.6125 0.5854166666666667 0.053125 0.12083333333333333
1 0.5703125 0.42916666666666664 0.025 0.04583333333333333
1 0.5625 0.278125 0.01875 0.03125
1 0.4953125 0.16354166666666667 0.01875 0.027083333333333334
1 0.5625 0.27708333333333335 0.01875 0.03333333333333333
1 0.3765625 0.25104166666666666 0.01875 0.022916666666666665
1 0.3546875 0.25 0.015625 0.025
1 0.3734375 0.22708333333333333 0.015625 0.020833333333333332
1 0.3546875 0.22708333333333333 0.0125 0.020833333333333332
1 0.3359375 0.22604166666666667 0.015625 0.022916666666666665
1 0.31640625 0.23125 0.0140625 0.020833333333333332
1 0.31953125 0.259375 0.0171875 0.035416666666666666
1 0.29765625 0.23333333333333334 0.0171875 0.025
1 0.2765625 0.228125 0.015625 0.01875
1 0.38359375 0.1875 0.0140625 0.020833333333333332
1 0.36640625 0.19375 0.0171875 0.025
1 0.32890625 0.18854166666666666 0.0171875 0.022916666666666665
1 0.31171875 0.19375 0.0203125 0.0375
1 0.29921875 0.17083333333333334 0.0203125 0.029166666666666667
1 0.503125 0.19166666666666668 0.015625 0.029166666666666667


1 0.72578125 0.775 0.0359375 0.06666666666666667
1 0.66640625 0.590625 0.0328125 0.06041666666666667
