
1 0.36796875 0.9729166666666667 0.0671875 0.05416666666666667
1 0.43984375 0.9270833333333334 0.0578125 0.04583333333333333
1 0.228125 0.990625 0.05 0.01875
1 0.3078125 0.95625 0.065625 0.05416666666666667
1 0.39296875 0.9083333333333333 0.0578125 0.05
1 0.15625 0.984375 0.071875 0.03125
1 0.2453125 0.9427083333333334 0.0625 0.04791666666666667
1 0.321875 0.9010416666666666 0.053125 0.04791666666666667
1 0.39453125 0.859375 0.0578125 0.04375
1 0.10703125 0.9729166666666667 0.0703125 0.05416666666666667
1 0.1890625 0.9260416666666667 0.065625 0.052083333333333336
1 0.27734375 0.8802083333333334 0.0734375 0.05625
1 0.3546875 0.8375 0.05625 0.04583333333333333












5 0.3109375 0.6229166666666667 0.021875 0.020833333333333332
5 0.31015625 0.621875 0.0234375 0.022916666666666665
4 0.36875 0.6322916666666667 0.0125 0.022916666666666665
4 0.4578125 0.75625 0.009375 0.020833333333333332
5 0.6390625 0.9614583333333333 0.015625 0.035416666666666666
5 0.38671875 0.5947916666666667 0.0453125 0.09375
4 0.43671875 0.6427083333333333 0.0765625 0.19791666666666666
4 0.3484375 0.509375 0.00625 0.010416666666666666
4 0.36015625 0.5 0.0109375 0.0125


















3 0.7484375 0.965625 0.0625 0.06875
1 0.1171875 0.734375 0.040625 0.04791666666666667
1 0.68125 0.78125 0.034375 0.06666666666666667
3 0.61796875 0.6 0.0546875 0.12083333333333333
1 0.5734375 0.440625 0.025 0.04791666666666667
1 0.5640625 0.2833333333333333 0.01875 0.03333333333333333
1 0.49609375 0.1625 0.0203125 0.029166666666666667
1 0.5640625 0.2833333333333333 0.01875 0.03333333333333333
1 0.378125 0.25104166666666666 0.015625 0.022916666666666665
1 0.3546875 0.25 0.015625 0.025
1 0.3734375 0.22708333333333333 0.015625 0.020833333333333332
1 0.3546875 0.22708333333333333 0.0125 0.020833333333333332
1 0.3359375 0.225 0.015625 0.025
1 0.31640625 0.23125 0.0140625 0.020833333333333332
1 0.3203125 0.259375 0.01875 0.035416666666666666
1 0.29765625 0.23333333333333334 0.0171875 0.025
1 0.2765625 0.228125 0.015625 0.01875
1 0.38359375 0.1875 0.0140625 0.020833333333333332
1 0.36640625 0.19375 0.0171875 0.025
1 0.32890625 0.18958333333333333 0.0171875 0.025
1 0.31171875 0.19375 0.0203125 0.0375
1 0.29921875 0.17083333333333334 0.0203125 0.029166666666666667
1 0.503125 0.19270833333333334 0.015625 0.03125


1 0.73046875 0.7895833333333333 0.0359375 0.07083333333333333
1 0.66953125 0.6010416666666667 0.0328125 0.06041666666666667
