
1 0.36953125 0.9729166666666667 0.0671875 0.05416666666666667
1 0.43984375 0.9260416666666667 0.0578125 0.04791666666666667
1 0.228125 0.990625 0.05 0.01875
1 0.3078125 0.95625 0.065625 0.05416666666666667
1 0.3921875 0.9083333333333333 0.05625 0.05
1 0.15625 0.9833333333333333 0.071875 0.03333333333333333
1 0.2453125 0.9427083333333334 0.0625 0.04791666666666667
1 0.321875 0.9010416666666666 0.053125 0.04791666666666667
1 0.39453125 0.859375 0.0578125 0.04375
1 0.10703125 0.9729166666666667 0.0703125 0.05416666666666667
1 0.1890625 0.9260416666666667 0.065625 0.052083333333333336
1 0.27734375 0.8802083333333334 0.0734375 0.05625
1 0.3546875 0.8375 0.05625 0.04583333333333333












5 0.3140625 0.621875 0.021875 0.022916666666666665
5 0.31328125 0.6208333333333333 0.0234375 0.020833333333333332
4 0.36875 0.6302083333333334 0.0125 0.022916666666666665
4 0.459375 0.7552083333333334 0.009375 0.01875
5 0.640625 0.965625 0.015625 0.035416666666666666
5 0.3859375 0.5947916666666667 0.046875 0.09375
4 0.43671875 0.6447916666666667 0.0765625 0.20208333333333334
4 0.3484375 0.509375 0.00625 0.010416666666666666
4 0.36015625 0.5 0.0109375 0.0125


















3 0.75 0.9697916666666667 0.059375 0.06041666666666667
1 0.109375 0.7375 0.040625 0.04583333333333333
1 0.6828125 0.7875 0.034375 0.06666666666666667
3 0.61953125 0.6052083333333333 0.0546875 0.12291666666666666
1 0.575 0.446875 0.025 0.04791666666666667
1 0.56484375 0.28541666666666665 0.0203125 0.03333333333333333
1 0.49609375 0.1625 0.0203125 0.029166666666666667
1 0.56484375 0.28541666666666665 0.0203125 0.03333333333333333
1 0.3765625 0.25104166666666666 0.01875 0.022916666666666665
1 0.3546875 0.24895833333333334 0.015625 0.022916666666666665
1 0.3734375 0.22708333333333333 0.015625 0.020833333333333332
1 0.3546875 0.22604166666666667 0.0125 0.022916666666666665
1 0.3359375 0.225 0.015625 0.025
1 0.31640625 0.23125 0.0140625 0.020833333333333332
1 0.31953125 0.259375 0.0171875 0.035416666666666666
1 0.29765625 0.23333333333333334 0.0171875 0.025
1 0.2765625 0.228125 0.015625 0.01875
1 0.3828125 0.1875 0.0125 0.020833333333333332
1 0.36640625 0.19375 0.0171875 0.025
1 0.32890625 0.18854166666666666 0.0171875 0.027083333333333334
1 0.31171875 0.19375 0.0203125 0.0375
1 0.30078125 0.17083333333333334 0.0234375 0.029166666666666667
1 0.503125 0.19375 0.015625 0.03333333333333333


1 0.73203125 0.7958333333333333 0.0359375 0.07083333333333333
1 0.6703125 0.60625 0.03125 0.058333333333333334
