
1 0.36875 0.9729166666666667 0.065625 0.05416666666666667
1 0.43984375 0.9260416666666667 0.0578125 0.04791666666666667
1 0.228125 0.990625 0.05 0.01875
1 0.3078125 0.95625 0.065625 0.05416666666666667
1 0.3921875 0.9083333333333333 0.05625 0.05
1 0.15625 0.9833333333333333 0.071875 0.03333333333333333
1 0.2453125 0.9416666666666667 0.0625 0.04583333333333333
1 0.321875 0.9 0.053125 0.04583333333333333
1 0.39453125 0.859375 0.0578125 0.04375
1 0.10703125 0.9729166666666667 0.0703125 0.05416666666666667
1 0.18828125 0.9260416666666667 0.0640625 0.052083333333333336
1 0.27734375 0.8802083333333334 0.0734375 0.05625
1 0.3546875 0.8375 0.05625 0.04583333333333333












5 0.32421875 0.6208333333333333 0.0234375 0.020833333333333332
5 0.325 0.6197916666666666 0.021875 0.022916666666666665
4 0.365625 0.6302083333333334 0.009375 0.027083333333333334
4 0.46015625 0.7614583333333333 0.0109375 0.022916666666666665
5 0.64453125 0.9760416666666667 0.0140625 0.035416666666666666
5 0.3859375 0.596875 0.05 0.08958333333333333
4 0.4703125 0.73125 0.009375 0.020833333333333332
4 0.3484375 0.509375 0.00625 0.010416666666666666
4 0.36015625 0.5 0.0109375 0.0125


















3 0.753125 0.978125 0.053125 0.04375
1 0.090625 0.7489583333333333 0.040625 0.04791666666666667
1 0.68828125 0.8052083333333333 0.0359375 0.06875
3 0.6234375 0.6197916666666666 0.05625 0.12708333333333333
1 0.57734375 0.459375 0.0265625 0.04791666666666667
1 0.56640625 0.290625 0.0203125 0.035416666666666666
1 0.49609375 0.1625 0.0203125 0.029166666666666667
1 0.565625 0.290625 0.021875 0.035416666666666666
1 0.3765625 0.25104166666666666 0.01875 0.022916666666666665
1 0.3546875 0.24895833333333334 0.015625 0.022916666666666665
1 0.37421875 0.22708333333333333 0.0171875 0.020833333333333332
1 0.3546875 0.22604166666666667 0.0125 0.022916666666666665
1 0.3359375 0.225 0.015625 0.025
1 0.31640625 0.23125 0.0140625 0.020833333333333332
1 0.31875 0.25833333333333336 0.015625 0.03333333333333333
1 0.29765625 0.23333333333333334 0.0171875 0.025
1 0.2765625 0.228125 0.015625 0.01875
1 0.38359375 0.1875 0.0140625 0.020833333333333332
1 0.36640625 0.19375 0.0171875 0.025
1 0.32890625 0.18958333333333333 0.0171875 0.025
1 0.31171875 0.19375 0.0203125 0.0375
1 0.30078125 0.17083333333333334 0.0234375 0.029166666666666667
1 0.503125 0.19375 0.015625 0.03333333333333333


1 0.7375 0.8125 0.034375 0.06666666666666667
1 0.675 0.61875 0.03125 0.058333333333333334
