
1 0.36875 0.9729166666666667 0.065625 0.05416666666666667
1 0.43984375 0.9260416666666667 0.0578125 0.04791666666666667
1 0.228125 0.990625 0.05 0.01875
1 0.3078125 0.95625 0.065625 0.05416666666666667
1 0.3921875 0.9072916666666667 0.05625 0.04791666666666667
1 0.15625 0.9833333333333333 0.071875 0.03333333333333333
1 0.2453125 0.9416666666666667 0.0625 0.04583333333333333
1 0.321875 0.9 0.053125 0.04583333333333333
1 0.39453125 0.859375 0.0578125 0.04375
1 0.10703125 0.9729166666666667 0.0703125 0.05416666666666667
1 0.1890625 0.9260416666666667 0.065625 0.052083333333333336
1 0.27734375 0.8802083333333334 0.0734375 0.05625
1 0.3546875 0.8375 0.05625 0.04583333333333333












5 0.3296875 0.621875 0.021875 0.022916666666666665
5 0.32890625 0.6208333333333333 0.0234375 0.020833333333333332
4 0.3640625 0.6302083333333334 0.009375 0.022916666666666665
4 0.4625 0.7625 0.009375 0.020833333333333332
5 0.646875 0.9822916666666667 0.015625 0.035416666666666666
5 0.384375 0.5979166666666667 0.053125 0.0875
4 0.43828125 0.6520833333333333 0.0734375 0.2
4 0.3484375 0.509375 0.00625 0.010416666666666666
4 0.36015625 0.5 0.0109375 0.0125


















3 0.7546875 0.9822916666666667 0.053125 0.035416666666666666
1 0.078125 0.7552083333333334 0.040625 0.04791666666666667
1 0.69140625 0.815625 0.0359375 0.06875
3 0.6265625 0.6291666666666667 0.05625 0.12916666666666668
1 0.5796875 0.4666666666666667 0.025 0.05
1 0.5671875 0.2947916666666667 0.021875 0.035416666666666666
1 0.49609375 0.1625 0.0203125 0.029166666666666667
1 0.5671875 0.2947916666666667 0.021875 0.035416666666666666
1 0.3765625 0.25104166666666666 0.01875 0.022916666666666665
1 0.3546875 0.24895833333333334 0.015625 0.022916666666666665
1 0.37421875 0.22708333333333333 0.0171875 0.020833333333333332
1 0.3546875 0.22604166666666667 0.0125 0.022916666666666665
1 0.3359375 0.225 0.015625 0.025
1 0.31640625 0.23125 0.0140625 0.020833333333333332
1 0.31875 0.25833333333333336 0.015625 0.03333333333333333
1 0.29765625 0.23333333333333334 0.0171875 0.025
1 0.278125 0.228125 0.015625 0.01875
1 0.38359375 0.1875 0.0140625 0.020833333333333332
1 0.36640625 0.19375 0.0171875 0.025
1 0.32890625 0.18854166666666666 0.0171875 0.022916666666666665
1 0.3125 0.19375 0.01875 0.0375
1 0.30078125 0.17083333333333334 0.0234375 0.029166666666666667
1 0.503125 0.19479166666666667 0.015625 0.035416666666666666


1 0.73984375 0.8229166666666666 0.0359375 0.07083333333333333
1 0.6765625 0.625 0.03125 0.058333333333333334
