
1 0.36875 0.9729166666666667 0.065625 0.05416666666666667
1 0.43984375 0.9260416666666667 0.0578125 0.04791666666666667
1 0.228125 0.990625 0.05 0.01875
1 0.3078125 0.95625 0.065625 0.05416666666666667
1 0.3921875 0.9083333333333333 0.05625 0.05
1 0.15625 0.9833333333333333 0.071875 0.03333333333333333
1 0.2453125 0.9416666666666667 0.0625 0.04583333333333333
1 0.321875 0.9 0.053125 0.04583333333333333
1 0.39453125 0.859375 0.0578125 0.04375
1 0.10703125 0.9729166666666667 0.0703125 0.05416666666666667
1 0.18828125 0.9260416666666667 0.0640625 0.052083333333333336
1 0.27734375 0.8802083333333334 0.0734375 0.05625
1 0.3546875 0.8375 0.05625 0.04583333333333333












5 0.33359375 0.6208333333333333 0.0234375 0.020833333333333332
5 0.33359375 0.6197916666666666 0.0234375 0.022916666666666665
4 0.36171875 0.6291666666666667 0.0109375 0.020833333333333332
4 0.4625 0.7645833333333333 0.009375 0.025
5 0.64921875 0.9854166666666667 0.0171875 0.029166666666666667
5 0.38515625 0.5979166666666667 0.0546875 0.08333333333333333
4 0.4390625 0.653125 0.071875 0.19791666666666666
4 0.3484375 0.509375 0.00625 0.010416666666666666
4 0.36015625 0.5 0.0109375 0.0125


















3 0.75625 0.9864583333333333 0.046875 0.027083333333333334
1 0.07109375 0.7572916666666667 0.0390625 0.04375
1 0.69375 0.821875 0.0375 0.07291666666666667
3 0.628125 0.6354166666666666 0.05625 0.12916666666666668
1 0.58046875 0.47291666666666665 0.0265625 0.05
1 0.56796875 0.296875 0.0203125 0.035416666666666666
1 0.49609375 0.1625 0.0203125 0.029166666666666667
1 0.5671875 0.296875 0.021875 0.035416666666666666
1 0.378125 0.25104166666666666 0.015625 0.022916666666666665
1 0.3546875 0.24895833333333334 0.015625 0.022916666666666665
1 0.37421875 0.22708333333333333 0.0171875 0.020833333333333332
1 0.35546875 0.22604166666666667 0.0140625 0.022916666666666665
1 0.3359375 0.225 0.015625 0.025
1 0.3171875 0.23125 0.0125 0.020833333333333332
1 0.31953125 0.259375 0.0171875 0.035416666666666666
1 0.29765625 0.23333333333333334 0.0171875 0.025
1 0.278125 0.228125 0.015625 0.01875
1 0.38359375 0.1875 0.0140625 0.020833333333333332
1 0.36640625 0.19375 0.0171875 0.025
1 0.32890625 0.1875 0.0171875 0.025
1 0.3125 0.19375 0.01875 0.0375
1 0.29921875 0.17083333333333334 0.0203125 0.029166666666666667
1 0.50390625 0.19479166666666667 0.0171875 0.035416666666666666


1 0.7421875 0.8291666666666667 0.034375 0.06666666666666667
1 0.678125 0.63125 0.03125 0.058333333333333334
