
1 0.36875 0.9729166666666667 0.065625 0.05416666666666667
1 0.43984375 0.9260416666666667 0.0578125 0.04791666666666667
1 0.228125 0.990625 0.05 0.01875
1 0.3078125 0.95625 0.065625 0.05416666666666667
1 0.39296875 0.9083333333333333 0.0578125 0.05
1 0.15625 0.9833333333333333 0.071875 0.03333333333333333
1 0.2453125 0.9427083333333334 0.0625 0.04791666666666667
1 0.321875 0.9010416666666666 0.053125 0.04791666666666667
1 0.39453125 0.859375 0.0578125 0.04375
1 0.10703125 0.9729166666666667 0.0703125 0.05416666666666667
1 0.1890625 0.9260416666666667 0.065625 0.052083333333333336
1 0.27734375 0.8802083333333334 0.0734375 0.05625
1 0.3546875 0.8375 0.05625 0.04583333333333333












5 0.33828125 0.6208333333333333 0.0234375 0.020833333333333332
5 0.33828125 0.6208333333333333 0.0234375 0.020833333333333332
4 0.36015625 0.6302083333333334 0.0109375 0.022916666666666665
4 0.4640625 0.7666666666666667 0.009375 0.025
5 0.6515625 0.9875 0.015625 0.025
5 0.38359375 0.5989583333333334 0.0578125 0.08541666666666667
4 0.44140625 0.653125 0.0703125 0.18958333333333333
4 0.3484375 0.509375 0.00625 0.010416666666666666
4 0.36015625 0.5 0.0109375 0.0125


















3 0.759375 0.9916666666666667 0.040625 0.016666666666666666
1 0.05859375 0.7635416666666667 0.0390625 0.04375
1 0.696875 0.8333333333333334 0.0375 0.07083333333333333
3 0.63046875 0.6447916666666667 0.0578125 0.13125
1 0.5828125 0.48125 0.025 0.05
1 0.56953125 0.30104166666666665 0.0203125 0.035416666666666666
1 0.4953125 0.1625 0.01875 0.029166666666666667
1 0.56875 0.3 0.021875 0.0375
1 0.3765625 0.25104166666666666 0.01875 0.022916666666666665
1 0.3546875 0.24895833333333334 0.015625 0.022916666666666665
1 0.37421875 0.22708333333333333 0.0171875 0.020833333333333332
1 0.3546875 0.22604166666666667 0.0125 0.022916666666666665
1 0.3359375 0.225 0.015625 0.025
1 0.3171875 0.23125 0.0125 0.020833333333333332
1 0.31953125 0.259375 0.0171875 0.035416666666666666
1 0.2984375 0.23333333333333334 0.01875 0.025
1 0.2765625 0.22708333333333333 0.015625 0.016666666666666666
1 0.38359375 0.1875 0.0140625 0.020833333333333332
1 0.36640625 0.19270833333333334 0.0171875 0.022916666666666665
1 0.32890625 0.18854166666666666 0.0171875 0.022916666666666665
1 0.3125 0.19375 0.01875 0.0375
1 0.30078125 0.17083333333333334 0.0234375 0.029166666666666667
1 0.50390625 0.19479166666666667 0.0171875 0.035416666666666666


1 0.746875 0.84375 0.0375 0.075
1 0.68125 0.6375 0.03125 0.058333333333333334
