
1 0.36875 0.9729166666666667 0.065625 0.05416666666666667
1 0.440625 0.9260416666666667 0.05625 0.04791666666666667
1 0.228125 0.990625 0.05 0.01875
1 0.3078125 0.95625 0.065625 0.05416666666666667
1 0.39296875 0.9072916666666667 0.0578125 0.04791666666666667
1 0.15625 0.9833333333333333 0.071875 0.03333333333333333
1 0.2453125 0.9416666666666667 0.0625 0.04583333333333333
1 0.321875 0.9 0.053125 0.04583333333333333
1 0.39453125 0.8583333333333333 0.0578125 0.04583333333333333
1 0.1078125 0.9729166666666667 0.071875 0.05416666666666667
1 0.18828125 0.9260416666666667 0.0640625 0.052083333333333336
1 0.278125 0.8802083333333334 0.071875 0.05625
1 0.3546875 0.8375 0.05625 0.04583333333333333












5 0.34765625 0.621875 0.0234375 0.022916666666666665
5 0.34765625 0.621875 0.0234375 0.022916666666666665
4 0.35625 0.6291666666666667 0.0125 0.025
4 0.46640625 0.76875 0.0109375 0.025
5 0.65625 0.9927083333333333 0.015625 0.014583333333333334
5 0.38046875 0.6010416666666667 0.0671875 0.08125
4 0.47265625 0.7395833333333334 0.0078125 0.020833333333333332
4 0.3484375 0.509375 0.00625 0.010416666666666666
4 0.36015625 0.5 0.0109375 0.0125












5 0.58203125 0.3645833333333333 0.0234375 0.03333333333333333






1 0.0390625 0.775 0.04375 0.05
1 0.70390625 0.85 0.0390625 0.07083333333333333
3 0.6359375 0.6604166666666667 0.059375 0.13333333333333333
1 0.58515625 0.4947916666666667 0.0265625 0.052083333333333336
1 0.5703125 0.3072916666666667 0.021875 0.035416666666666666
1 0.4953125 0.16145833333333334 0.015625 0.022916666666666665
1 0.5703125 0.3072916666666667 0.021875 0.035416666666666666
1 0.3765625 0.25104166666666666 0.01875 0.022916666666666665
1 0.3546875 0.24791666666666667 0.015625 0.025
1 0.37421875 0.22708333333333333 0.0171875 0.020833333333333332
1 0.35546875 0.22604166666666667 0.0140625 0.022916666666666665
1 0.33671875 0.225 0.0140625 0.025
1 0.3171875 0.23125 0.0125 0.020833333333333332
1 0.31953125 0.259375 0.0171875 0.035416666666666666
1 0.29765625 0.23333333333333334 0.0171875 0.025
1 0.278125 0.228125 0.015625 0.01875
1 0.38359375 0.1875 0.0140625 0.020833333333333332
1 0.36640625 0.19375 0.0171875 0.025
1 0.32890625 0.18854166666666666 0.0171875 0.022916666666666665
1 0.3125 0.19375 0.01875 0.0375
1 0.30078125 0.17083333333333334 0.0234375 0.029166666666666667
1 0.50546875 0.196875 0.0203125 0.03958333333333333


1 0.753125 0.8583333333333333 0.0375 0.07083333333333333
1 0.68515625 0.6520833333333333 0.0328125 0.0625
