
1 0.36875 0.9729166666666667 0.065625 0.05416666666666667
1 0.440625 0.9260416666666667 0.05625 0.04791666666666667
1 0.228125 0.990625 0.05 0.01875
1 0.3078125 0.95625 0.065625 0.05416666666666667
1 0.39296875 0.9072916666666667 0.0578125 0.04791666666666667
1 0.15625 0.9833333333333333 0.071875 0.03333333333333333
1 0.2453125 0.9416666666666667 0.0625 0.04583333333333333
1 0.321875 0.9 0.053125 0.04583333333333333
1 0.3953125 0.8572916666666667 0.05625 0.04375
1 0.1078125 0.9729166666666667 0.071875 0.05416666666666667
1 0.1890625 0.9260416666666667 0.065625 0.052083333333333336
1 0.27890625 0.8802083333333334 0.0734375 0.05625
1 0.3546875 0.8375 0.05625 0.04583333333333333












5 0.3515625 0.6229166666666667 0.021875 0.025
5 0.3515625 0.6229166666666667 0.021875 0.025
4 0.35625 0.63125 0.0125 0.020833333333333332
4 0.4671875 0.7697916666666667 0.009375 0.022916666666666665
5 0.65703125 0.9947916666666666 0.0140625 0.010416666666666666
5 0.3796875 0.6020833333333333 0.071875 0.07916666666666666
4 0.4734375 0.740625 0.00625 0.01875
4 0.3484375 0.509375 0.00625 0.010416666666666666
4 0.3609375 0.5 0.009375 0.0125






5 0.584375 0.3875 0.025 0.0375





5 0.58125 0.3697916666666667 0.025 0.04375
5 0.56796875 0.37083333333333335 0.0484375 0.0375
5 0.55078125 0.35 0.0203125 0.03333333333333333




1 0.03125 0.778125 0.04375 0.04791666666666667
1 0.70625 0.85625 0.0375 0.07083333333333333
3 0.6375 0.6666666666666666 0.059375 0.13333333333333333
1 0.58671875 0.5010416666666667 0.0265625 0.052083333333333336
1 0.57109375 0.309375 0.0203125 0.035416666666666666
1 0.4953125 0.16145833333333334 0.01875 0.027083333333333334
1 0.57109375 0.309375 0.0203125 0.035416666666666666
1 0.3765625 0.25104166666666666 0.01875 0.022916666666666665
1 0.3546875 0.24895833333333334 0.015625 0.022916666666666665
1 0.37421875 0.22708333333333333 0.0171875 0.020833333333333332
1 0.35546875 0.22604166666666667 0.0140625 0.022916666666666665
1 0.3359375 0.225 0.015625 0.025
1 0.3171875 0.23125 0.0125 0.020833333333333332
1 0.31953125 0.259375 0.0171875 0.035416666666666666
1 0.2984375 0.23333333333333334 0.01875 0.025
1 0.278125 0.22708333333333333 0.015625 0.020833333333333332
1 0.38359375 0.1875 0.0140625 0.020833333333333332
1 0.36640625 0.19375 0.0171875 0.025
1 0.32890625 0.18854166666666666 0.0171875 0.022916666666666665
1 0.3125 0.19375 0.01875 0.0375
1 0.30078125 0.17083333333333334 0.0234375 0.029166666666666667
1 0.50625 0.196875 0.021875 0.03958333333333333


1 0.7546875 0.865625 0.0375 0.07291666666666667
1 0.68671875 0.65625 0.0328125 0.0625
