
1 0.36875 0.9729166666666667 0.065625 0.05416666666666667
1 0.44140625 0.9260416666666667 0.0578125 0.04791666666666667
1 0.228125 0.990625 0.05 0.01875
1 0.3078125 0.95625 0.065625 0.05416666666666667
1 0.39296875 0.9072916666666667 0.0578125 0.04791666666666667
1 0.15625 0.9833333333333333 0.071875 0.03333333333333333
1 0.2453125 0.9416666666666667 0.0625 0.04583333333333333
1 0.321875 0.9 0.053125 0.04583333333333333
1 0.3953125 0.8572916666666667 0.05625 0.04375
1 0.10703125 0.9729166666666667 0.0703125 0.05416666666666667
1 0.1890625 0.9260416666666667 0.065625 0.052083333333333336
1 0.27890625 0.8802083333333334 0.0734375 0.05625
1 0.3546875 0.8375 0.05625 0.04583333333333333












5 0.35625 0.6260416666666667 0.021875 0.027083333333333334
5 0.35625 0.625 0.021875 0.029166666666666667
4 0.35390625 0.6291666666666667 0.0140625 0.025
4 0.46796875 0.7708333333333334 0.0109375 0.020833333333333332
5 0.6609375 0.9958333333333333 0.0125 0.008333333333333333
5 0.38984375 0.59375 0.0546875 0.0625
4 0.47421875 0.7427083333333333 0.0078125 0.01875
4 0.3484375 0.5083333333333333 0.00625 0.0125
4 0.359375 0.5 0.0125 0.0125






5 0.58359375 0.378125 0.0265625 0.052083333333333336





5 0.58359375 0.371875 0.0234375 0.03958333333333333
5 0.55078125 0.3541666666666667 0.0203125 0.0375
5 0.55078125 0.3541666666666667 0.0203125 0.0375




1 0.0203125 0.784375 0.040625 0.04791666666666667
1 0.709375 0.8677083333333333 0.0375 0.07291666666666667
3 0.640625 0.6760416666666667 0.059375 0.13541666666666666
1 0.5890625 0.509375 0.028125 0.052083333333333336
1 0.571875 0.31145833333333334 0.021875 0.035416666666666666
1 0.49609375 0.16145833333333334 0.0203125 0.027083333333333334
1 0.571875 0.31145833333333334 0.021875 0.035416666666666666
1 0.3765625 0.25104166666666666 0.01875 0.022916666666666665
1 0.3546875 0.24791666666666667 0.015625 0.025
1 0.37421875 0.22604166666666667 0.0171875 0.022916666666666665
1 0.35546875 0.22604166666666667 0.0140625 0.022916666666666665
1 0.33671875 0.225 0.0140625 0.025
1 0.3171875 0.23125 0.0125 0.020833333333333332
1 0.31953125 0.259375 0.0171875 0.035416666666666666
1 0.2984375 0.23333333333333334 0.01875 0.025
1 0.27890625 0.22708333333333333 0.0171875 0.020833333333333332
1 0.38359375 0.1875 0.0140625 0.020833333333333332
1 0.36640625 0.19166666666666668 0.0171875 0.025
1 0.3296875 0.1875 0.015625 0.025
1 0.3125 0.19270833333333334 0.01875 0.035416666666666666
1 0.3015625 0.17083333333333334 0.021875 0.029166666666666667
1 0.50703125 0.196875 0.0234375 0.04375


1 0.75859375 0.8760416666666667 0.0390625 0.07291666666666667
1 0.68984375 0.6645833333333333 0.0328125 0.0625
