
1 0.3796875 0.971875 0.06875 0.05625
1 0.45078125 0.9260416666666667 0.0578125 0.04791666666666667
1 0.2390625 0.990625 0.05 0.01875
1 0.31875 0.9572916666666667 0.065625 0.05625
1 0.403125 0.9072916666666667 0.05625 0.04791666666666667
1 0.16640625 0.984375 0.0703125 0.03125
1 0.25625 0.9427083333333334 0.0625 0.04791666666666667
1 0.33203125 0.9 0.0515625 0.04583333333333333
1 0.40390625 0.8583333333333333 0.0546875 0.04583333333333333
1 0.11796875 0.9739583333333334 0.0703125 0.052083333333333336
1 0.2 0.928125 0.065625 0.052083333333333336
1 0.2875 0.88125 0.071875 0.05416666666666667
1 0.3640625 0.8375 0.05625 0.04583333333333333


1 0.01875 0.8635416666666667 0.0375 0.04791666666666667
1 0.2421875 0.8166666666666667 0.0625 0.058333333333333334
1 0.2375 0.7145833333333333 0.05625 0.05
1 0.34765625 0.7104166666666667 0.0484375 0.041666666666666664
1 0.415625 0.7458333333333333 0.059375 0.041666666666666664
1 0.4953125 0.6822916666666666 0.059375 0.035416666666666666
1 0.57265625 0.6552083333333333 0.0546875 0.035416666666666666
1 0.6375 0.765625 0.059375 0.05625
1 0.6640625 0.6572916666666667 0.05625 0.04791666666666667
1 0.796875 0.66875 0.0375 0.0625

5 0.3390625 0.58125 0.021875 0.020833333333333332
4 0.346875 0.5614583333333333 0.00625 0.01875
4 0.36953125 0.5510416666666667 0.0078125 0.014583333333333334
5 0.40546875 0.5447916666666667 0.0078125 0.027083333333333334
5 0.41796875 0.540625 0.0109375 0.027083333333333334
4 0.3953125 0.5333333333333333 0.00625 0.016666666666666666
4 0.36484375 0.5083333333333333 0.0109375 0.029166666666666667
4 0.36640625 0.4864583333333333 0.0078125 0.014583333333333334
5 0.52109375 0.4197916666666667 0.0078125 0.022916666666666665
1 0.571875 0.39895833333333336 0.025 0.035416666666666666
5 0.5328125 0.4197916666666667 0.00625 0.01875
5 0.5546875 0.4125 0.009375 0.020833333333333332
5 0.5546875 0.43125 0.009375 0.020833333333333332
5 0.58046875 0.46458333333333335 0.0109375 0.025
5 0.590625 0.39166666666666666 0.0125 0.016666666666666666
5 0.61640625 0.425 0.0140625 0.025
5 0.61171875 0.38958333333333334 0.0078125 0.016666666666666666
5 0.6421875 0.375 0.009375 0.020833333333333332
5 0.6171875 0.36770833333333336 0.009375 0.022916666666666665
5 0.61484375 0.3458333333333333 0.0140625 0.020833333333333332
5 0.6171875 0.365625 0.009375 0.022916666666666665
5 0.56796875 0.3625 0.0078125 0.016666666666666666
5 0.55078125 0.37083333333333335 0.0046875 0.0125
5 0.528125 0.3572916666666667 0.00625 0.01875
5 0.53671875 0.3572916666666667 0.0046875 0.01875
1 0.5453125 0.33541666666666664 0.025 0.03333333333333333
3 0.54296875 0.2604166666666667 0.0296875 0.07083333333333333
1 0.52890625 0.21770833333333334 0.0140625 0.022916666666666665
1 0.528125 0.18645833333333334 0.015625 0.027083333333333334
3 0.521875 0.14375 0.025 0.05416666666666667
1 0.51484375 0.11770833333333333 0.0109375 0.01875
1 0.5078125 0.09166666666666666 0.025 0.03333333333333333
1 0.48984375 0.04791666666666667 0.0109375 0.020833333333333332
1 0.4984375 0.007291666666666667 0.0125 0.014583333333333334
1 0.38046875 0.24895833333333334 0.0171875 0.022916666666666665
1 0.3609375 0.246875 0.015625 0.027083333333333334
1 0.37890625 0.22291666666666668 0.0140625 0.020833333333333332
1 0.36015625 0.22291666666666668 0.0140625 0.020833333333333332
1 0.340625 0.22291666666666668 0.015625 0.025
1 0.32109375 0.22916666666666666 0.0140625 0.020833333333333332
1 0.325 0.25729166666666664 0.01875 0.035416666666666666
1 0.30390625 0.23020833333333332 0.0140625 0.022916666666666665
1 0.28125 0.22604166666666667 0.015625 0.01875
1 0.3875 0.184375 0.015625 0.01875
1 0.371875 0.18854166666666666 0.01875 0.022916666666666665
1 0.33359375 0.184375 0.0171875 0.022916666666666665
1 0.31640625 0.18958333333333333 0.0203125 0.03333333333333333
1 0.30390625 0.16875 0.0203125 0.029166666666666667
1 0.4921875 0.07604166666666666 0.025 0.022916666666666665
1 0.5625 0.25625 0.015625 0.029166666666666667
1 0.55625 0.21979166666666666 0.015625 0.03125
1 0.55 0.19270833333333334 0.01875 0.03125
1 0.5421875 0.16354166666666667 0.015625 0.022916666666666665
