
1 0.36875 0.971875 0.065625 0.05625
1 0.44140625 0.9260416666666667 0.0578125 0.04791666666666667
1 0.228125 0.990625 0.05 0.01875
1 0.30859375 0.95625 0.0671875 0.05416666666666667
1 0.39296875 0.9072916666666667 0.0578125 0.04791666666666667
1 0.15625 0.9833333333333333 0.071875 0.03333333333333333
1 0.2453125 0.9416666666666667 0.0625 0.04583333333333333
1 0.32265625 0.9 0.0515625 0.04583333333333333
1 0.3953125 0.8572916666666667 0.05625 0.04375
1 0.1078125 0.9729166666666667 0.071875 0.05416666666666667
1 0.1890625 0.9260416666666667 0.0625 0.052083333333333336
1 0.27890625 0.8802083333333334 0.0734375 0.05625
1 0.3546875 0.8375 0.05625 0.04583333333333333












5 0.36015625 0.6260416666666667 0.0234375 0.027083333333333334
5 0.359375 0.6260416666666667 0.025 0.027083333333333334
4 0.35390625 0.628125 0.0109375 0.027083333333333334
4 0.46796875 0.771875 0.0109375 0.022916666666666665

5 0.38359375 0.6010416666666667 0.0671875 0.07708333333333334
4 0.47421875 0.7427083333333333 0.0078125 0.01875
4 0.3484375 0.5083333333333333 0.00625 0.0125
4 0.35859375 0.5010416666666667 0.0109375 0.010416666666666666






5 0.584375 0.37916666666666665 0.025 0.05





5 0.584375 0.375 0.025 0.0375
5 0.55078125 0.35625 0.0203125 0.0375
5 0.55078125 0.35625 0.0203125 0.0375




1 0.015625 0.7885416666666667 0.03125 0.04791666666666667
1 0.71171875 0.8739583333333333 0.0390625 0.07291666666666667
3 0.64296875 0.6822916666666666 0.0609375 0.13541666666666666
1 0.590625 0.5145833333333333 0.028125 0.05416666666666667
1 0.57265625 0.315625 0.0203125 0.035416666666666666
1 0.4953125 0.16145833333333334 0.01875 0.027083333333333334
1 0.57265625 0.315625 0.0203125 0.035416666666666666
1 0.3765625 0.25104166666666666 0.01875 0.022916666666666665
1 0.35546875 0.24791666666666667 0.0171875 0.025
1 0.37421875 0.22604166666666667 0.0171875 0.022916666666666665
1 0.35546875 0.225 0.0140625 0.020833333333333332
1 0.33671875 0.225 0.0140625 0.025
1 0.3171875 0.23125 0.0125 0.020833333333333332
1 0.3203125 0.259375 0.01875 0.035416666666666666
1 0.2984375 0.23333333333333334 0.01875 0.025
1 0.278125 0.22708333333333333 0.015625 0.020833333333333332
1 0.38359375 0.18645833333333334 0.0140625 0.01875
1 0.36640625 0.19166666666666668 0.0171875 0.025
1 0.33046875 0.1875 0.0171875 0.025
1 0.3125 0.19270833333333334 0.01875 0.035416666666666666
1 0.3015625 0.17083333333333334 0.021875 0.029166666666666667
1 0.50625 0.196875 0.025 0.04375


1 0.76171875 0.884375 0.0390625 0.07291666666666667
1 0.69140625 0.66875 0.0328125 0.058333333333333334
