
1 0.36875 0.971875 0.065625 0.052083333333333336
1 0.44140625 0.9260416666666667 0.0578125 0.04791666666666667
1 0.228125 0.990625 0.05 0.01875
1 0.30859375 0.95625 0.0671875 0.05416666666666667
1 0.39296875 0.9072916666666667 0.0578125 0.04791666666666667
1 0.15625 0.9833333333333333 0.071875 0.03333333333333333
1 0.2453125 0.9416666666666667 0.0625 0.04583333333333333
1 0.32265625 0.9 0.0515625 0.04583333333333333
1 0.3953125 0.8572916666666667 0.05625 0.04375
1 0.1078125 0.9729166666666667 0.071875 0.05416666666666667
1 0.18984375 0.9260416666666667 0.0640625 0.052083333333333336
1 0.27890625 0.8802083333333334 0.0734375 0.05625
1 0.3546875 0.8375 0.05625 0.04583333333333333












5 0.365625 0.6229166666666667 0.021875 0.020833333333333332
5 0.3609375 0.6239583333333333 0.03125 0.022916666666666665
4 0.3515625 0.628125 0.0125 0.022916666666666665
4 0.46953125 0.775 0.0109375 0.020833333333333332

5 0.38671875 0.6 0.0671875 0.07083333333333333
4 0.4453125 0.6614583333333334 0.06875 0.18958333333333333
4 0.3484375 0.5083333333333333 0.00625 0.0125
4 0.359375 0.5 0.0125 0.0125






5 0.5859375 0.38333333333333336 0.028125 0.04583333333333333





5 0.58515625 0.38125 0.0265625 0.041666666666666664
5 0.5515625 0.3625 0.021875 0.0375
5 0.55078125 0.36354166666666665 0.0203125 0.035416666666666666




1 0.01015625 0.790625 0.0203125 0.03958333333333333
1 0.715625 0.884375 0.0375 0.07291666666666667
3 0.6453125 0.6927083333333334 0.0625 0.13958333333333334
1 0.5921875 0.5229166666666667 0.028125 0.05416666666666667
1 0.57421875 0.31979166666666664 0.0203125 0.035416666666666666
1 0.4953125 0.16145833333333334 0.01875 0.027083333333333334
1 0.5734375 0.31979166666666664 0.021875 0.035416666666666666
1 0.3765625 0.25 0.01875 0.025
1 0.35546875 0.24791666666666667 0.0171875 0.025
1 0.37421875 0.22604166666666667 0.0171875 0.022916666666666665
1 0.35546875 0.22395833333333334 0.0140625 0.01875
1 0.33671875 0.225 0.0140625 0.025
1 0.31796875 0.22916666666666666 0.0140625 0.020833333333333332
1 0.32109375 0.259375 0.0171875 0.035416666666666666
1 0.2984375 0.23229166666666667 0.01875 0.022916666666666665
1 0.278125 0.22708333333333333 0.015625 0.020833333333333332
1 0.38359375 0.18645833333333334 0.0140625 0.01875
1 0.36640625 0.19166666666666668 0.0171875 0.025
1 0.33046875 0.1875 0.0171875 0.025
1 0.3109375 0.19270833333333334 0.01875 0.035416666666666666
1 0.3015625 0.17083333333333334 0.021875 0.029166666666666667
1 0.50625 0.19791666666666666 0.025 0.04583333333333333


1 0.765625 0.8958333333333334 0.040625 0.075
1 0.69296875 0.6770833333333334 0.0328125 0.0625
