
1 0.36875 0.971875 0.065625 0.05625
1 0.44140625 0.9260416666666667 0.0578125 0.04791666666666667
1 0.22734375 0.990625 0.0515625 0.01875
1 0.30859375 0.95625 0.0671875 0.05416666666666667
1 0.39296875 0.9072916666666667 0.0578125 0.04791666666666667
1 0.15625 0.9833333333333333 0.071875 0.03333333333333333
1 0.2453125 0.9416666666666667 0.0625 0.04583333333333333
1 0.32265625 0.8989583333333333 0.0515625 0.04791666666666667
1 0.39609375 0.8572916666666667 0.0578125 0.04375
1 0.1078125 0.9729166666666667 0.071875 0.05416666666666667
1 0.18984375 0.9260416666666667 0.0640625 0.052083333333333336
1 0.278125 0.8802083333333334 0.071875 0.05625
1 0.3546875 0.8375 0.05625 0.04583333333333333












5 0.371875 0.625 0.025 0.025
5 0.37265625 0.625 0.0234375 0.020833333333333332
4 0.34921875 0.628125 0.0078125 0.022916666666666665
4 0.47109375 0.775 0.0109375 0.020833333333333332

5 0.38984375 0.6041666666666666 0.0578125 0.07083333333333333
4 0.4765625 0.74375 0.00625 0.0125
4 0.3484375 0.5083333333333333 0.00625 0.0125
4 0.35859375 0.5 0.0109375 0.0125






5 0.58671875 0.3885416666666667 0.0234375 0.04791666666666667





5 0.58671875 0.38645833333333335 0.0265625 0.04375
5 0.553125 0.390625 0.01875 0.07708333333333334
5 0.553125 0.37083333333333335 0.01875 0.0375




1 0.003125 0.8 0.00625 0.020833333333333332
1 0.7203125 0.8979166666666667 0.040625 0.075
3 0.64921875 0.7052083333333333 0.0640625 0.14375
1 0.59453125 0.534375 0.0296875 0.05625
1 0.575 0.32395833333333335 0.021875 0.035416666666666666
1 0.49609375 0.109375 0.0203125 0.13125
1 0.575 0.32395833333333335 0.021875 0.035416666666666666
1 0.3765625 0.25 0.01875 0.025
1 0.35625 0.246875 0.015625 0.022916666666666665
1 0.37421875 0.22604166666666667 0.0171875 0.022916666666666665
1 0.35546875 0.22395833333333334 0.0140625 0.01875
1 0.33671875 0.225 0.0140625 0.025
1 0.31796875 0.22916666666666666 0.0140625 0.020833333333333332
1 0.32109375 0.259375 0.0171875 0.035416666666666666
1 0.2984375 0.23229166666666667 0.01875 0.022916666666666665
1 0.2765625 0.22604166666666667 0.015625 0.01875
1 0.38359375 0.18645833333333334 0.0140625 0.01875
1 0.36640625 0.19166666666666668 0.0171875 0.025
1 0.33046875 0.1875 0.0171875 0.025
1 0.3125 0.19270833333333334 0.01875 0.035416666666666666
1 0.3015625 0.17083333333333334 0.021875 0.029166666666666667
1 0.5078125 0.19791666666666666 0.028125 0.04583333333333333


1 0.7703125 0.9083333333333333 0.040625 0.075
1 0.69765625 0.6885416666666667 0.0328125 0.06458333333333334
