
1 0.36875 0.9708333333333333 0.065625 0.05416666666666667
1 0.4421875 0.9260416666666667 0.059375 0.04791666666666667
1 0.22734375 0.990625 0.0515625 0.01875
1 0.3078125 0.95625 0.065625 0.05416666666666667
1 0.3921875 0.9072916666666667 0.05625 0.04791666666666667
1 0.15625 0.9833333333333333 0.071875 0.03333333333333333
1 0.2453125 0.9416666666666667 0.0625 0.04583333333333333
1 0.32265625 0.8989583333333333 0.0515625 0.04791666666666667
1 0.3953125 0.8572916666666667 0.05625 0.04375
1 0.10703125 0.9729166666666667 0.0703125 0.05416666666666667
1 0.18984375 0.925 0.0640625 0.05
1 0.278125 0.8791666666666667 0.071875 0.05416666666666667
1 0.3546875 0.8375 0.05625 0.04583333333333333







1 0.665625 0.7135416666666666 0.0875 0.13541666666666666




5 0.37734375 0.6270833333333333 0.0234375 0.025
5 0.3765625 0.6270833333333333 0.025 0.025
4 0.34765625 0.6270833333333333 0.0078125 0.020833333333333332
4 0.4734375 0.778125 0.0125 0.022916666666666665

5 0.39375 0.6052083333333333 0.053125 0.06875
4 0.4765625 0.7447916666666666 0.00625 0.010416666666666666
4 0.34921875 0.5083333333333333 0.0078125 0.0125
4 0.359375 0.5 0.0125 0.0125






5 0.5875 0.390625 0.025 0.04375





5 0.5875 0.3927083333333333 0.025 0.04791666666666667
5 0.55390625 0.3927083333333333 0.0203125 0.07291666666666667
5 0.55390625 0.37604166666666666 0.0203125 0.03958333333333333





1 0.72421875 0.9083333333333333 0.0421875 0.075
3 0.65234375 0.715625 0.0640625 0.14375
1 0.59765625 0.5447916666666667 0.0296875 0.05625
1 0.575 0.328125 0.021875 0.035416666666666666
1 0.49453125 0.16145833333333334 0.0171875 0.022916666666666665
1 0.575 0.328125 0.021875 0.035416666666666666
1 0.3765625 0.25 0.01875 0.025
1 0.35546875 0.24791666666666667 0.0171875 0.025
1 0.375 0.22604166666666667 0.015625 0.022916666666666665
1 0.35546875 0.225 0.0140625 0.020833333333333332
1 0.33671875 0.225 0.0140625 0.025
1 0.31796875 0.22916666666666666 0.0140625 0.020833333333333332
1 0.32109375 0.259375 0.0171875 0.035416666666666666
1 0.2984375 0.23229166666666667 0.01875 0.022916666666666665
1 0.27890625 0.22708333333333333 0.0171875 0.020833333333333332
1 0.38359375 0.18645833333333334 0.0140625 0.01875
1 0.3671875 0.19166666666666668 0.01875 0.025
1 0.33046875 0.1875 0.0171875 0.025
1 0.3125 0.19270833333333334 0.01875 0.035416666666666666
1 0.3015625 0.16979166666666667 0.021875 0.03125
1 0.5078125 0.19895833333333332 0.028125 0.04791666666666667


1 0.77421875 0.9177083333333333 0.0421875 0.08125
1 0.70078125 0.6979166666666666 0.0359375 0.06666666666666667
