
1 0.36953125 0.9708333333333333 0.0671875 0.05416666666666667
1 0.44140625 0.9260416666666667 0.0578125 0.04791666666666667
1 0.22734375 0.990625 0.0515625 0.01875
1 0.3078125 0.95625 0.065625 0.05416666666666667
1 0.39296875 0.9072916666666667 0.0578125 0.04791666666666667
1 0.15625 0.9833333333333333 0.071875 0.03333333333333333
1 0.2453125 0.9416666666666667 0.0625 0.04583333333333333
1 0.32265625 0.8989583333333333 0.0515625 0.04791666666666667
1 0.39609375 0.8572916666666667 0.0578125 0.04375
1 0.10703125 0.9729166666666667 0.0703125 0.05416666666666667
1 0.18984375 0.9260416666666667 0.0640625 0.052083333333333336
1 0.27890625 0.8802083333333334 0.0734375 0.05625
1 0.3546875 0.8364583333333333 0.05625 0.04791666666666667







1 0.65390625 0.71875 0.0640625 0.1375




5 0.38203125 0.6270833333333333 0.0203125 0.020833333333333332
5 0.38203125 0.6270833333333333 0.0203125 0.020833333333333332
4 0.3453125 0.628125 0.009375 0.022916666666666665
4 0.47421875 0.7802083333333333 0.0109375 0.022916666666666665

5 0.39609375 0.6052083333333333 0.0484375 0.06875
4 0.4765625 0.7447916666666666 0.00625 0.010416666666666666
4 0.34921875 0.5083333333333333 0.0078125 0.0125
4 0.359375 0.5 0.0125 0.0125






5 0.58671875 0.390625 0.0265625 0.04375





5 0.5921875 0.46770833333333334 0.034375 0.18958333333333333
5 0.5546875 0.3958333333333333 0.021875 0.075
5 0.5546875 0.3802083333333333 0.021875 0.03958333333333333





1 0.7265625 0.915625 0.040625 0.07291666666666667
3 0.65390625 0.7208333333333333 0.0640625 0.14583333333333334
1 0.59921875 0.55 0.0296875 0.058333333333333334
1 0.5765625 0.33125 0.021875 0.0375
1 0.50078125 0.10833333333333334 0.0265625 0.12916666666666668
1 0.5765625 0.33125 0.021875 0.0375
1 0.3765625 0.25 0.01875 0.025
1 0.35625 0.246875 0.015625 0.022916666666666665
1 0.375 0.22604166666666667 0.015625 0.022916666666666665
1 0.35625 0.22291666666666668 0.0125 0.016666666666666666
1 0.33671875 0.22395833333333334 0.0140625 0.022916666666666665
1 0.31796875 0.22916666666666666 0.0140625 0.020833333333333332
1 0.32109375 0.259375 0.0171875 0.035416666666666666
1 0.29921875 0.23229166666666667 0.0171875 0.022916666666666665
1 0.27890625 0.22708333333333333 0.0171875 0.020833333333333332
1 0.38359375 0.18541666666666667 0.0140625 0.020833333333333332
1 0.3671875 0.19166666666666668 0.01875 0.025
1 0.33046875 0.1875 0.0171875 0.025
1 0.31328125 0.19270833333333334 0.0203125 0.035416666666666666
1 0.3015625 0.16979166666666667 0.021875 0.03125
1 0.50703125 0.19895833333333332 0.0296875 0.04791666666666667


1 0.77734375 0.9270833333333334 0.0421875 0.07916666666666666
1 0.70234375 0.7041666666666667 0.0359375 0.06666666666666667
