
1 0.36953125 0.9708333333333333 0.0671875 0.05416666666666667
1 0.44140625 0.925 0.0578125 0.04583333333333333
1 0.22734375 0.990625 0.0515625 0.01875
1 0.30859375 0.95625 0.0671875 0.05416666666666667
1 0.3921875 0.9072916666666667 0.05625 0.04791666666666667
1 0.15703125 0.9822916666666667 0.0703125 0.035416666666666666
1 0.2453125 0.9416666666666667 0.0625 0.04583333333333333
1 0.32265625 0.8989583333333333 0.0515625 0.04791666666666667
1 0.39609375 0.8572916666666667 0.0578125 0.04375
1 0.10703125 0.9729166666666667 0.0703125 0.05416666666666667
1 0.18984375 0.9260416666666667 0.0640625 0.052083333333333336
1 0.278125 0.8791666666666667 0.071875 0.05416666666666667
1 0.3546875 0.8364583333333333 0.05625 0.04791666666666667







1 0.65703125 0.7302083333333333 0.0640625 0.13958333333333334




5 0.38671875 0.6291666666666667 0.0203125 0.020833333333333332
5 0.38671875 0.6291666666666667 0.0203125 0.020833333333333332
4 0.34296875 0.628125 0.0109375 0.022916666666666665
4 0.47421875 0.7822916666666667 0.0109375 0.022916666666666665

5 0.39921875 0.60625 0.0453125 0.06666666666666667
4 0.4765625 0.746875 0.00625 0.010416666666666666
4 0.34921875 0.5083333333333333 0.0078125 0.0125
4 0.359375 0.5 0.0125 0.0125






5 0.571875 0.38958333333333334 0.0125 0.03333333333333333





5 0.59609375 0.47708333333333336 0.0390625 0.2
5 0.55625 0.39895833333333336 0.01875 0.06875
5 0.55625 0.38645833333333335 0.01875 0.035416666666666666





1 0.7296875 0.925 0.040625 0.07916666666666666
3 0.65703125 0.7322916666666667 0.0640625 0.14375
1 0.60078125 0.559375 0.0296875 0.05625
1 0.57734375 0.334375 0.0203125 0.035416666666666666
1 0.49609375 0.11666666666666667 0.0203125 0.1125
1 0.57734375 0.334375 0.0234375 0.035416666666666666
1 0.37734375 0.25 0.0171875 0.025
1 0.35625 0.246875 0.015625 0.022916666666666665
1 0.375 0.22604166666666667 0.015625 0.022916666666666665
1 0.35546875 0.225 0.0140625 0.020833333333333332
1 0.33671875 0.22395833333333334 0.0140625 0.022916666666666665
1 0.31796875 0.22916666666666666 0.0140625 0.020833333333333332
1 0.32109375 0.259375 0.0171875 0.035416666666666666
1 0.2984375 0.23229166666666667 0.01875 0.022916666666666665
1 0.27890625 0.22604166666666667 0.0171875 0.01875
1 0.38359375 0.18645833333333334 0.0140625 0.01875
1 0.36640625 0.19166666666666668 0.0171875 0.025
1 0.33046875 0.1875 0.0171875 0.025
1 0.3125 0.19270833333333334 0.01875 0.035416666666666666
1 0.3015625 0.16979166666666667 0.021875 0.03125
1 0.50703125 0.19895833333333332 0.0296875 0.04791666666666667


1 0.78203125 0.9395833333333333 0.0421875 0.07916666666666666
1 0.7046875 0.7135416666666666 0.034375 0.06875
