
1 0.36953125 0.9708333333333333 0.0671875 0.05416666666666667
1 0.44140625 0.925 0.0578125 0.04583333333333333
1 0.22734375 0.990625 0.0515625 0.01875
1 0.309375 0.95625 0.065625 0.05416666666666667
1 0.3921875 0.9072916666666667 0.05625 0.04791666666666667
1 0.15625 0.9822916666666667 0.071875 0.035416666666666666
1 0.2453125 0.940625 0.0625 0.04791666666666667
1 0.32265625 0.8989583333333333 0.0515625 0.04791666666666667
1 0.39609375 0.8572916666666667 0.0578125 0.04375
1 0.10703125 0.9729166666666667 0.0703125 0.05416666666666667
1 0.18984375 0.9260416666666667 0.0640625 0.052083333333333336
1 0.27890625 0.8791666666666667 0.0734375 0.05416666666666667
1 0.3546875 0.8364583333333333 0.05625 0.04791666666666667







1 0.659375 0.7375 0.065625 0.14583333333333334




5 0.390625 0.6322916666666667 0.021875 0.022916666666666665
5 0.390625 0.63125 0.01875 0.020833333333333332
4 0.34296875 0.628125 0.0109375 0.022916666666666665
4 0.47578125 0.7833333333333333 0.0109375 0.025

5 0.40078125 0.6104166666666667 0.0421875 0.06666666666666667
4 0.4765625 0.7520833333333333 0.00625 0.020833333333333332
4 0.34921875 0.5083333333333333 0.0078125 0.0125
4 0.35859375 0.5 0.0109375 0.0125





5 0.5921875 0.42604166666666665 0.025 0.022916666666666665
5 0.59140625 0.40520833333333334 0.0265625 0.04791666666666667





5 0.59765625 0.4875 0.0390625 0.2125
5 0.55703125 0.4010416666666667 0.0203125 0.06458333333333334
5 0.55625 0.3885416666666667 0.01875 0.035416666666666666





1 0.7328125 0.9322916666666666 0.040625 0.07708333333333334
3 0.659375 0.7395833333333334 0.065625 0.14583333333333334
1 0.60234375 0.5645833333333333 0.0296875 0.058333333333333334
1 0.578125 0.33645833333333336 0.021875 0.035416666666666666
1 0.49765625 0.11354166666666667 0.0203125 0.11458333333333333
1 0.578125 0.3375 0.021875 0.0375
1 0.3765625 0.25 0.01875 0.025
1 0.35546875 0.24791666666666667 0.0171875 0.025
1 0.375 0.22604166666666667 0.015625 0.022916666666666665
1 0.35625 0.22291666666666668 0.0125 0.016666666666666666
1 0.33671875 0.22395833333333334 0.0140625 0.022916666666666665
1 0.31796875 0.22916666666666666 0.0140625 0.020833333333333332
1 0.32109375 0.25833333333333336 0.0171875 0.0375
1 0.2984375 0.23229166666666667 0.01875 0.022916666666666665
1 0.278125 0.22604166666666667 0.015625 0.01875
1 0.38359375 0.18645833333333334 0.0140625 0.01875
1 0.36640625 0.19166666666666668 0.0171875 0.025
1 0.33046875 0.1875 0.0171875 0.025
1 0.3125 0.19166666666666668 0.01875 0.0375
1 0.3015625 0.16979166666666667 0.021875 0.03125
1 0.50703125 0.19895833333333332 0.0296875 0.04791666666666667


1 0.7859375 0.946875 0.04375 0.07708333333333334
1 0.70546875 0.7177083333333333 0.0328125 0.06458333333333334
