
1 0.36953125 0.9708333333333333 0.0671875 0.05416666666666667
1 0.44140625 0.9239583333333333 0.0578125 0.04791666666666667
1 0.22734375 0.990625 0.0515625 0.01875
1 0.30859375 0.95625 0.0671875 0.05416666666666667
1 0.39296875 0.90625 0.0578125 0.05
1 0.15625 0.9822916666666667 0.071875 0.035416666666666666
1 0.2453125 0.940625 0.0625 0.04791666666666667
1 0.32265625 0.8979166666666667 0.0515625 0.04583333333333333
1 0.39609375 0.8572916666666667 0.0578125 0.04375
1 0.1078125 0.971875 0.071875 0.05625
1 0.18984375 0.9239583333333333 0.0640625 0.052083333333333336
1 0.278125 0.8791666666666667 0.071875 0.05416666666666667
1 0.3546875 0.8364583333333333 0.05625 0.04791666666666667







1 0.66171875 0.7489583333333333 0.0671875 0.14791666666666667




5 0.3953125 0.6354166666666666 0.021875 0.025
5 0.3953125 0.6354166666666666 0.021875 0.025
4 0.34140625 0.6270833333333333 0.0109375 0.025
4 0.47578125 0.7833333333333333 0.0109375 0.025

5 0.40390625 0.6114583333333333 0.0390625 0.06875
4 0.47734375 0.753125 0.0078125 0.01875
4 0.3484375 0.5083333333333333 0.00625 0.0125
4 0.359375 0.5 0.0125 0.0125

1 0.58046875 0.4875 0.0578125 0.21666666666666667



5 0.5921875 0.43020833333333336 0.025 0.022916666666666665
5 0.59140625 0.40520833333333334 0.0265625 0.04375





5 0.59921875 0.49375 0.0421875 0.21666666666666667
5 0.5578125 0.403125 0.021875 0.06041666666666667
5 0.5578125 0.39479166666666665 0.021875 0.03958333333333333





1 0.7359375 0.9427083333333334 0.040625 0.07708333333333334
3 0.6625 0.75 0.065625 0.15
1 0.60546875 0.575 0.0296875 0.058333333333333334
1 0.57890625 0.340625 0.0203125 0.035416666666666666
1 0.4984375 0.11770833333333333 0.025 0.11458333333333333
1 0.57890625 0.33958333333333335 0.0203125 0.0375
1 0.3765625 0.25 0.01875 0.025
1 0.35625 0.246875 0.015625 0.022916666666666665
1 0.375 0.22604166666666667 0.015625 0.022916666666666665
1 0.35625 0.22291666666666668 0.0125 0.016666666666666666
1 0.33671875 0.22395833333333334 0.0140625 0.022916666666666665
1 0.31796875 0.22916666666666666 0.0140625 0.020833333333333332
1 0.32109375 0.259375 0.0171875 0.035416666666666666
1 0.2984375 0.23229166666666667 0.01875 0.022916666666666665
1 0.278125 0.22604166666666667 0.015625 0.01875
1 0.38359375 0.18541666666666667 0.0140625 0.020833333333333332
1 0.36640625 0.19166666666666668 0.0171875 0.025
1 0.33046875 0.1875 0.0171875 0.025
1 0.31328125 0.19166666666666668 0.0203125 0.0375
1 0.3015625 0.16979166666666667 0.021875 0.03125
1 0.5046875 0.190625 0.015625 0.03125


1 0.78828125 0.959375 0.0421875 0.08125
1 0.709375 0.7270833333333333 0.034375 0.06666666666666667
