
1 0.36875 0.9708333333333333 0.065625 0.05416666666666667
1 0.44140625 0.9239583333333333 0.0578125 0.04791666666666667
1 0.2265625 0.9895833333333334 0.053125 0.020833333333333332
1 0.30859375 0.9552083333333333 0.0671875 0.05625
1 0.39296875 0.90625 0.0578125 0.05
1 0.15625 0.9822916666666667 0.071875 0.035416666666666666
1 0.2453125 0.940625 0.0625 0.04791666666666667
1 0.32265625 0.8979166666666667 0.0515625 0.04583333333333333
1 0.39609375 0.8572916666666667 0.0578125 0.04375
1 0.1078125 0.971875 0.071875 0.05625
1 0.1890625 0.9239583333333333 0.065625 0.052083333333333336
1 0.27890625 0.8791666666666667 0.0734375 0.05416666666666667
1 0.3546875 0.8364583333333333 0.05625 0.04791666666666667







1 0.6640625 0.75625 0.06875 0.15




5 0.3984375 0.6375 0.021875 0.025
5 0.3984375 0.6375 0.021875 0.025
4 0.33984375 0.6270833333333333 0.0109375 0.025
4 0.47734375 0.784375 0.0109375 0.022916666666666665

5 0.40625 0.6135416666666667 0.034375 0.06875
4 0.47734375 0.7552083333333334 0.0078125 0.01875
4 0.3484375 0.5072916666666667 0.00625 0.014583333333333334
4 0.35859375 0.5 0.0109375 0.0125

1 0.58671875 0.49583333333333335 0.0703125 0.225



5 0.59296875 0.42916666666666664 0.0234375 0.029166666666666667
5 0.59140625 0.40625 0.0265625 0.0375





5 0.60078125 0.49895833333333334 0.0421875 0.21875
5 0.58046875 0.34375 0.0234375 0.0375
5 0.55859375 0.4 0.0234375 0.041666666666666664





1 0.73828125 0.95 0.0421875 0.07916666666666666
3 0.66484375 0.7572916666666667 0.0671875 0.15208333333333332
1 0.60625 0.5802083333333333 0.03125 0.06041666666666667
1 0.58046875 0.34375 0.0203125 0.0375
1 0.49921875 0.11666666666666667 0.0265625 0.11666666666666667
1 0.5796875 0.34375 0.021875 0.0375
1 0.3765625 0.25 0.01875 0.025
1 0.35625 0.246875 0.015625 0.022916666666666665
1 0.375 0.22604166666666667 0.015625 0.022916666666666665
1 0.35625 0.22291666666666668 0.0125 0.016666666666666666
1 0.33671875 0.22395833333333334 0.0140625 0.022916666666666665
1 0.31796875 0.22916666666666666 0.0140625 0.020833333333333332
1 0.32109375 0.25833333333333336 0.0171875 0.03333333333333333
1 0.29921875 0.23229166666666667 0.0171875 0.022916666666666665
1 0.278125 0.22604166666666667 0.015625 0.01875
1 0.38359375 0.18541666666666667 0.0140625 0.020833333333333332
1 0.36640625 0.19166666666666668 0.0171875 0.025
1 0.33046875 0.1875 0.0171875 0.025
1 0.31328125 0.19270833333333334 0.0203125 0.035416666666666666
1 0.3015625 0.16979166666666667 0.021875 0.03125
1 0.503125 0.19791666666666666 0.021875 0.05


1 0.79140625 0.9635416666666666 0.0421875 0.07291666666666667
1 0.7109375 0.7333333333333333 0.034375 0.06666666666666667
