
1 0.36875 0.9708333333333333 0.065625 0.05416666666666667
1 0.44140625 0.9239583333333333 0.0578125 0.04791666666666667
1 0.2265625 0.9895833333333334 0.053125 0.020833333333333332
1 0.30859375 0.9552083333333333 0.0671875 0.05625
1 0.39296875 0.90625 0.0578125 0.05
1 0.15625 0.9822916666666667 0.071875 0.035416666666666666
1 0.2453125 0.940625 0.0625 0.04791666666666667
1 0.32265625 0.8979166666666667 0.0515625 0.04583333333333333
1 0.3953125 0.8572916666666667 0.05625 0.04375
1 0.1078125 0.971875 0.071875 0.05625
1 0.18984375 0.9239583333333333 0.0640625 0.052083333333333336
1 0.27890625 0.8791666666666667 0.0734375 0.05416666666666667
1 0.3546875 0.8354166666666667 0.05625 0.04583333333333333







1 0.66796875 0.7666666666666667 0.0671875 0.15




5 0.40234375 0.6395833333333333 0.0234375 0.025
5 0.40234375 0.6385416666666667 0.0234375 0.027083333333333334
4 0.33671875 0.6270833333333333 0.0109375 0.025
4 0.478125 0.7864583333333334 0.009375 0.027083333333333334

5 0.40859375 0.615625 0.0328125 0.07291666666666667
4 0.478125 0.7552083333333334 0.009375 0.01875
4 0.34921875 0.5072916666666667 0.0078125 0.014583333333333334
4 0.3578125 0.5010416666666667 0.0125 0.010416666666666666

1 0.60234375 0.50625 0.0453125 0.22083333333333333

5 0.559375 0.40625 0.01875 0.0375

5 0.59453125 0.43854166666666666 0.0234375 0.01875
5 0.59140625 0.4114583333333333 0.0265625 0.035416666666666666





5 0.60234375 0.5052083333333334 0.0453125 0.22291666666666668
5 0.58125 0.3489583333333333 0.021875 0.03958333333333333
5 0.55859375 0.40625 0.0234375 0.041666666666666664





1 0.74140625 0.9604166666666667 0.0421875 0.07916666666666666
3 0.66796875 0.7677083333333333 0.0671875 0.15208333333333332
1 0.60859375 0.5895833333333333 0.0328125 0.058333333333333334
1 0.58046875 0.34791666666666665 0.0203125 0.0375
1 0.4984375 0.11770833333333333 0.025 0.11041666666666666
1 0.58046875 0.3489583333333333 0.0203125 0.03958333333333333
1 0.3765625 0.25 0.01875 0.025
1 0.35625 0.246875 0.015625 0.022916666666666665
1 0.375 0.22604166666666667 0.015625 0.022916666666666665
1 0.35625 0.22291666666666668 0.0125 0.016666666666666666
1 0.33671875 0.22395833333333334 0.0140625 0.022916666666666665
1 0.31796875 0.22916666666666666 0.0140625 0.020833333333333332
1 0.32109375 0.25729166666666664 0.0171875 0.035416666666666666
1 0.29921875 0.23229166666666667 0.0171875 0.022916666666666665
1 0.278125 0.22604166666666667 0.015625 0.01875
1 0.38359375 0.18541666666666667 0.0140625 0.020833333333333332
1 0.36640625 0.190625 0.0171875 0.022916666666666665
1 0.33046875 0.1875 0.0171875 0.025
1 0.31328125 0.190625 0.0203125 0.035416666666666666
1 0.3015625 0.16979166666666667 0.021875 0.03125
1 0.503125 0.196875 0.021875 0.04791666666666667


1 0.7953125 0.9708333333333333 0.040625 0.058333333333333334
1 0.7140625 0.74375 0.034375 0.07083333333333333
