
1 0.36875 0.9708333333333333 0.065625 0.05416666666666667
1 0.44140625 0.9239583333333333 0.0578125 0.04791666666666667
1 0.2265625 0.9895833333333334 0.053125 0.020833333333333332
1 0.30859375 0.9541666666666667 0.0671875 0.05416666666666667
1 0.39296875 0.90625 0.0578125 0.05
1 0.15546875 0.9822916666666667 0.0703125 0.035416666666666666
1 0.2453125 0.940625 0.0625 0.04791666666666667
1 0.32265625 0.8979166666666667 0.0515625 0.04583333333333333
1 0.3953125 0.8572916666666667 0.05625 0.04375
1 0.10703125 0.971875 0.0703125 0.05625
1 0.18984375 0.9239583333333333 0.0640625 0.052083333333333336
1 0.27890625 0.8791666666666667 0.0734375 0.05416666666666667
1 0.3546875 0.8354166666666667 0.05625 0.04583333333333333







1 0.6703125 0.7739583333333333 0.06875 0.15208333333333332




5 0.40703125 0.6416666666666667 0.0234375 0.025
5 0.40625 0.640625 0.025 0.027083333333333334
4 0.3375 0.6270833333333333 0.0125 0.025
4 0.47890625 0.7885416666666667 0.0109375 0.022916666666666665

5 0.41015625 0.61875 0.0296875 0.07083333333333333
4 0.478125 0.7572916666666667 0.009375 0.022916666666666665
4 0.34921875 0.5072916666666667 0.0078125 0.014583333333333334
4 0.3578125 0.5 0.0125 0.0125

1 0.5890625 0.5104166666666666 0.071875 0.22916666666666666


5 0.5546875 0.425 0.01875 0.020833333333333332
5 0.59453125 0.44166666666666665 0.0203125 0.016666666666666666
5 0.5921875 0.4166666666666667 0.025 0.0375





5 0.603125 0.5114583333333333 0.046875 0.22708333333333333
5 0.58125 0.35104166666666664 0.021875 0.03958333333333333
5 0.58125 0.35208333333333336 0.021875 0.041666666666666664





1 0.74453125 0.9635416666666666 0.0421875 0.07291666666666667
3 0.6703125 0.775 0.06875 0.15416666666666667
1 0.61171875 0.5958333333333333 0.0328125 0.058333333333333334
1 0.58125 0.35104166666666664 0.021875 0.03958333333333333
1 0.49921875 0.11875 0.0265625 0.1125
1 0.58125 0.35104166666666664 0.021875 0.03958333333333333
1 0.3765625 0.25 0.01875 0.025
1 0.35625 0.246875 0.015625 0.022916666666666665
1 0.375 0.22604166666666667 0.015625 0.022916666666666665
1 0.35625 0.22291666666666668 0.0125 0.016666666666666666
1 0.33671875 0.22395833333333334 0.0140625 0.022916666666666665
1 0.31796875 0.22916666666666666 0.0140625 0.020833333333333332
1 0.32109375 0.25729166666666664 0.0171875 0.035416666666666666
1 0.2984375 0.23229166666666667 0.01875 0.022916666666666665
1 0.278125 0.22604166666666667 0.015625 0.01875
1 0.38359375 0.18541666666666667 0.0140625 0.020833333333333332
1 0.36640625 0.190625 0.0171875 0.022916666666666665
1 0.33046875 0.1875 0.0171875 0.025
1 0.31328125 0.190625 0.0203125 0.035416666666666666
1 0.3015625 0.16979166666666667 0.021875 0.03125
1 0.50390625 0.196875 0.0203125 0.04791666666666667


1 0.7984375 0.9739583333333334 0.040625 0.052083333333333336
1 0.71640625 0.75 0.0359375 0.07083333333333333
