
1 0.36875 0.9697916666666667 0.065625 0.052083333333333336
1 0.44140625 0.9239583333333333 0.0578125 0.04791666666666667
1 0.2265625 0.9895833333333334 0.053125 0.020833333333333332
1 0.30859375 0.9541666666666667 0.0671875 0.05416666666666667
1 0.39296875 0.90625 0.0578125 0.05
1 0.15625 0.9822916666666667 0.071875 0.035416666666666666
1 0.2453125 0.940625 0.0625 0.04791666666666667
1 0.32265625 0.8979166666666667 0.0515625 0.04583333333333333
1 0.39609375 0.8572916666666667 0.0578125 0.04375
1 0.1078125 0.971875 0.071875 0.05625
1 0.1890625 0.9239583333333333 0.065625 0.052083333333333336
1 0.278125 0.8791666666666667 0.071875 0.05416666666666667
1 0.35546875 0.8354166666666667 0.0578125 0.04583333333333333







1 0.6734375 0.7854166666666667 0.06875 0.15416666666666667




5 0.4109375 0.64375 0.021875 0.025
5 0.41171875 0.64375 0.0171875 0.020833333333333332
4 0.334375 0.625 0.009375 0.020833333333333332
4 0.4796875 0.7927083333333333 0.0125 0.03125

5 0.41484375 0.6208333333333333 0.0234375 0.07083333333333333
4 0.47890625 0.7583333333333333 0.0078125 0.020833333333333332
4 0.34921875 0.50625 0.0078125 0.016666666666666666
4 0.359375 0.5 0.0125 0.0125

1 0.590625 0.515625 0.078125 0.23125


5 0.52265625 0.4375 0.0671875 0.029166666666666667
5 0.59609375 0.44895833333333335 0.0234375 0.01875
5 0.59453125 0.42291666666666666 0.0234375 0.041666666666666664





5 0.60625 0.5177083333333333 0.05 0.23125
5 0.58203125 0.35520833333333335 0.0234375 0.03958333333333333
5 0.58203125 0.35625 0.0203125 0.0375





1 0.74765625 0.96875 0.0421875 0.0625
3 0.6734375 0.7864583333333334 0.06875 0.15625
1 0.6140625 0.6041666666666666 0.03125 0.05416666666666667
1 0.58203125 0.35520833333333335 0.0234375 0.03958333333333333
1 0.49921875 0.11875 0.0265625 0.1125
1 0.58203125 0.35520833333333335 0.0234375 0.03958333333333333
1 0.3765625 0.25 0.01875 0.025
1 0.35625 0.246875 0.015625 0.022916666666666665
1 0.375 0.22604166666666667 0.015625 0.022916666666666665
1 0.35546875 0.22395833333333334 0.0140625 0.01875
1 0.33671875 0.22395833333333334 0.0140625 0.022916666666666665
1 0.31796875 0.22916666666666666 0.0140625 0.020833333333333332
1 0.32109375 0.25729166666666664 0.0171875 0.035416666666666666
1 0.2984375 0.23125 0.01875 0.025
1 0.278125 0.22604166666666667 0.015625 0.01875
1 0.38359375 0.18541666666666667 0.0140625 0.020833333333333332
1 0.36640625 0.19166666666666668 0.0171875 0.025
1 0.33046875 0.1875 0.0171875 0.025
1 0.31328125 0.190625 0.0203125 0.035416666666666666
1 0.3015625 0.16979166666666667 0.021875 0.03125
1 0.503125 0.19583333333333333 0.021875 0.04583333333333333


1 0.803125 0.98125 0.0375 0.0375
1 0.71953125 0.7583333333333333 0.0359375 0.07083333333333333
