
1 0.36953125 0.9697916666666667 0.0671875 0.052083333333333336
1 0.44140625 0.9239583333333333 0.0578125 0.04791666666666667
1 0.2265625 0.9895833333333334 0.053125 0.020833333333333332
1 0.3078125 0.9552083333333333 0.065625 0.05625
1 0.39296875 0.90625 0.0578125 0.05
1 0.15625 0.9822916666666667 0.071875 0.035416666666666666
1 0.2453125 0.940625 0.0625 0.04791666666666667
1 0.3234375 0.8979166666666667 0.053125 0.04583333333333333
1 0.39609375 0.8572916666666667 0.0578125 0.04375
1 0.10703125 0.971875 0.0703125 0.05625
1 0.18984375 0.9239583333333333 0.0640625 0.052083333333333336
1 0.278125 0.8791666666666667 0.071875 0.05416666666666667
1 0.35546875 0.8354166666666667 0.0578125 0.04583333333333333







1 0.67578125 0.7927083333333333 0.0703125 0.15625




5 0.4140625 0.646875 0.021875 0.027083333333333334
5 0.415625 0.6458333333333334 0.01875 0.020833333333333332
4 0.334375 0.6260416666666667 0.009375 0.022916666666666665
4 0.4796875 0.7927083333333333 0.0125 0.027083333333333334

5 0.41640625 0.621875 0.0203125 0.06875
4 0.47890625 0.7604166666666666 0.0078125 0.020833333333333332
4 0.34921875 0.5072916666666667 0.0078125 0.014583333333333334
4 0.35859375 0.5 0.0109375 0.0125

1 0.5625 0.421875 0.021875 0.03958333333333333
5 0.5578125 0.42083333333333334 0.021875 0.03333333333333333

5 0.4921875 0.44895833333333335 0.0125 0.022916666666666665
5 0.596875 0.453125 0.021875 0.022916666666666665
5 0.5953125 0.4270833333333333 0.025 0.041666666666666664





5 0.6078125 0.5229166666666667 0.05 0.23333333333333334
5 0.5828125 0.359375 0.021875 0.03958333333333333
5 0.5828125 0.35833333333333334 0.021875 0.0375





1 0.75 0.971875 0.04375 0.05625
3 0.675 0.7927083333333333 0.06875 0.15625
1 0.61640625 0.6114583333333333 0.0328125 0.05625
1 0.5828125 0.35833333333333334 0.021875 0.0375
1 0.5 0.11875 0.028125 0.1125
1 0.5828125 0.35833333333333334 0.021875 0.0375
1 0.3765625 0.24895833333333334 0.01875 0.022916666666666665
1 0.35625 0.246875 0.015625 0.022916666666666665
1 0.375 0.22604166666666667 0.015625 0.022916666666666665
1 0.35546875 0.22395833333333334 0.0140625 0.01875
1 0.33671875 0.22395833333333334 0.0140625 0.022916666666666665
1 0.31796875 0.22916666666666666 0.0140625 0.020833333333333332
1 0.32109375 0.25729166666666664 0.0171875 0.035416666666666666
1 0.29921875 0.23125 0.0171875 0.025
1 0.278125 0.22604166666666667 0.015625 0.01875
1 0.38359375 0.18541666666666667 0.0140625 0.020833333333333332
1 0.3671875 0.190625 0.01875 0.022916666666666665
1 0.33046875 0.1875 0.0171875 0.025
1 0.31328125 0.190625 0.0203125 0.035416666666666666
1 0.3015625 0.16979166666666667 0.021875 0.03125
1 0.5046875 0.18958333333333333 0.015625 0.029166666666666667


1 0.8046875 0.9854166666666667 0.034375 0.029166666666666667
1 0.72109375 0.765625 0.0359375 0.06875
