
1 0.36953125 0.9697916666666667 0.0671875 0.052083333333333336
1 0.44140625 0.9239583333333333 0.0578125 0.04791666666666667
1 0.2265625 0.9895833333333334 0.053125 0.020833333333333332
1 0.30859375 0.9541666666666667 0.0671875 0.05416666666666667
1 0.39296875 0.90625 0.0578125 0.05
1 0.15625 0.9822916666666667 0.071875 0.035416666666666666
1 0.2453125 0.940625 0.0625 0.04791666666666667
1 0.32265625 0.8979166666666667 0.0515625 0.04583333333333333
1 0.3953125 0.8572916666666667 0.05625 0.04375
1 0.10703125 0.971875 0.0703125 0.05625
1 0.1890625 0.9239583333333333 0.065625 0.052083333333333336
1 0.27890625 0.8791666666666667 0.0734375 0.05416666666666667
1 0.35546875 0.8354166666666667 0.0578125 0.04583333333333333







1 0.678125 0.803125 0.071875 0.15625




5 0.4203125 0.6510416666666666 0.021875 0.027083333333333334
5 0.4203125 0.6510416666666666 0.021875 0.027083333333333334
4 0.33203125 0.6270833333333333 0.0078125 0.020833333333333332
4 0.48046875 0.79375 0.0109375 0.025

5 0.4203125 0.6260416666666667 0.01875 0.07291666666666667
4 0.4796875 0.7604166666666666 0.009375 0.020833333333333332
4 0.34921875 0.5072916666666667 0.0078125 0.014583333333333334
4 0.35859375 0.5 0.0109375 0.0125

1 0.5625 0.428125 0.021875 0.03958333333333333
5 0.53125 0.43125 0.084375 0.041666666666666664
5 0.5609375 0.4239583333333333 0.025 0.027083333333333334
5 0.49296875 0.446875 0.0109375 0.027083333333333334
5 0.5984375 0.45729166666666665 0.021875 0.01875
5 0.596875 0.4354166666666667 0.025 0.05




5 0.65703125 0.33229166666666665 0.0328125 0.03125
5 0.61015625 0.528125 0.0515625 0.23958333333333334
5 0.58359375 0.36354166666666665 0.0234375 0.03958333333333333
5 0.5828125 0.3625 0.021875 0.0375





1 0.753125 0.9770833333333333 0.040625 0.04583333333333333
3 0.67890625 0.8041666666666667 0.0703125 0.15833333333333333
1 0.61953125 0.6229166666666667 0.0328125 0.0625
1 0.584375 0.3625 0.021875 0.0375
1 0.50078125 0.11770833333333333 0.0296875 0.11458333333333333
1 0.58359375 0.3625 0.0234375 0.0375
1 0.3765625 0.25 0.01875 0.025
1 0.35625 0.246875 0.015625 0.022916666666666665
1 0.375 0.22604166666666667 0.015625 0.022916666666666665
1 0.35546875 0.22395833333333334 0.0140625 0.01875
1 0.33671875 0.22395833333333334 0.0140625 0.022916666666666665
1 0.31796875 0.22916666666666666 0.0140625 0.020833333333333332
1 0.32109375 0.25729166666666664 0.0171875 0.035416666666666666
1 0.29921875 0.23229166666666667 0.0171875 0.022916666666666665
1 0.278125 0.22604166666666667 0.015625 0.01875
1 0.38359375 0.18541666666666667 0.0140625 0.020833333333333332
1 0.3671875 0.190625 0.01875 0.022916666666666665
1 0.33046875 0.1875 0.0171875 0.025
1 0.31328125 0.190625 0.0203125 0.035416666666666666
1 0.3015625 0.16979166666666667 0.021875 0.03125
1 0.503125 0.19479166666666667 0.01875 0.03958333333333333


1 0.80703125 0.9916666666666667 0.0296875 0.016666666666666666
1 0.7234375 0.775 0.0375 0.07083333333333333
