
1 0.36953125 0.9697916666666667 0.0671875 0.052083333333333336
1 0.4421875 0.9239583333333333 0.059375 0.04791666666666667
1 0.2265625 0.9895833333333334 0.053125 0.020833333333333332
1 0.30859375 0.9552083333333333 0.0671875 0.05625
1 0.39296875 0.90625 0.0578125 0.05
1 0.15625 0.9822916666666667 0.071875 0.035416666666666666
1 0.2453125 0.940625 0.0625 0.04791666666666667
1 0.32265625 0.8979166666666667 0.0515625 0.04583333333333333
1 0.3953125 0.8572916666666667 0.05625 0.04375
1 0.1078125 0.971875 0.071875 0.05625
1 0.18984375 0.9239583333333333 0.0640625 0.052083333333333336
1 0.27890625 0.8791666666666667 0.0734375 0.05416666666666667
1 0.35546875 0.8354166666666667 0.0578125 0.04583333333333333







1 0.68046875 0.809375 0.0734375 0.16041666666666668




5 0.42421875 0.653125 0.0234375 0.027083333333333334
5 0.42421875 0.653125 0.0234375 0.027083333333333334
4 0.3296875 0.6072916666666667 0.009375 0.06458333333333334
4 0.48125 0.796875 0.0125 0.03125

5 0.4234375 0.628125 0.01875 0.07291666666666667
4 0.48046875 0.7635416666666667 0.0078125 0.022916666666666665
4 0.34921875 0.5072916666666667 0.0078125 0.014583333333333334
4 0.35859375 0.5 0.0109375 0.0125

1 0.56328125 0.4322916666666667 0.0203125 0.03958333333333333
5 0.5796875 0.43333333333333335 0.05 0.0375
5 0.5625 0.43333333333333335 0.021875 0.0375
5 0.49453125 0.4427083333333333 0.0109375 0.022916666666666665
5 0.5984375 0.459375 0.021875 0.01875
5 0.59765625 0.434375 0.0234375 0.04791666666666667




5 0.659375 0.3333333333333333 0.0375 0.03333333333333333
5 0.60859375 0.5052083333333334 0.0453125 0.26875
5 0.58515625 0.36666666666666664 0.0234375 0.041666666666666664
5 0.584375 0.36666666666666664 0.021875 0.0375





1 0.75390625 0.9802083333333333 0.0390625 0.03958333333333333
3 0.68046875 0.8104166666666667 0.0703125 0.1625
1 0.621875 0.628125 0.034375 0.06041666666666667
1 0.584375 0.365625 0.021875 0.03958333333333333
1 0.50078125 0.11875 0.0296875 0.1125
1 0.584375 0.365625 0.021875 0.03958333333333333
1 0.3765625 0.25 0.01875 0.025
1 0.35625 0.246875 0.015625 0.022916666666666665
1 0.375 0.22604166666666667 0.015625 0.022916666666666665
1 0.35625 0.22291666666666668 0.0125 0.016666666666666666
1 0.33671875 0.22395833333333334 0.0140625 0.022916666666666665
1 0.31796875 0.22916666666666666 0.0140625 0.020833333333333332
1 0.32109375 0.25729166666666664 0.0171875 0.035416666666666666
1 0.29921875 0.23229166666666667 0.0171875 0.022916666666666665
1 0.278125 0.22604166666666667 0.015625 0.01875
1 0.38359375 0.18541666666666667 0.0140625 0.020833333333333332
1 0.36640625 0.190625 0.0171875 0.022916666666666665
1 0.33046875 0.1875 0.0171875 0.025
1 0.31328125 0.190625 0.0203125 0.035416666666666666
1 0.3015625 0.16979166666666667 0.021875 0.03125
1 0.503125 0.19583333333333333 0.01875 0.041666666666666664


1 0.809375 0.9947916666666666 0.021875 0.010416666666666666
1 0.7265625 0.7822916666666667 0.0375 0.07291666666666667
