
1 0.36875 0.9697916666666667 0.065625 0.052083333333333336
1 0.4421875 0.925 0.059375 0.05
1 0.2265625 0.9895833333333334 0.053125 0.020833333333333332
1 0.30859375 0.9541666666666667 0.0671875 0.05416666666666667
1 0.39296875 0.90625 0.0578125 0.05
1 0.15546875 0.9822916666666667 0.0703125 0.035416666666666666
1 0.2453125 0.9395833333333333 0.0625 0.04583333333333333
1 0.32265625 0.8979166666666667 0.0515625 0.04583333333333333
1 0.3953125 0.85625 0.05625 0.04583333333333333
1 0.10703125 0.971875 0.0703125 0.05625
1 0.18984375 0.9239583333333333 0.0640625 0.052083333333333336
1 0.27890625 0.878125 0.0734375 0.05625
1 0.35546875 0.8354166666666667 0.0578125 0.04583333333333333







1 0.684375 0.8208333333333333 0.075 0.1625




5 0.42734375 0.6572916666666667 0.0203125 0.027083333333333334
5 0.42734375 0.6572916666666667 0.0203125 0.027083333333333334
4 0.32890625 0.6270833333333333 0.0109375 0.025
4 0.48203125 0.7989583333333333 0.0109375 0.03125

5 0.42890625 0.63125 0.0171875 0.075
4 0.48046875 0.7666666666666667 0.0078125 0.025
4 0.34921875 0.5072916666666667 0.0078125 0.014583333333333334
4 0.35859375 0.5 0.0109375 0.0125
5 0.4640625 0.515625 0.075 0.18541666666666667
1 0.565625 0.440625 0.021875 0.03958333333333333
5 0.496875 0.43854166666666666 0.0125 0.022916666666666665
5 0.56328125 0.440625 0.0234375 0.03958333333333333
5 0.49609375 0.440625 0.0109375 0.022916666666666665
5 0.6 0.46458333333333335 0.021875 0.016666666666666666
5 0.5984375 0.43854166666666666 0.025 0.052083333333333336




5 0.66015625 0.3375 0.0390625 0.041666666666666664
5 0.6015625 0.4864583333333333 0.053125 0.26875
5 0.5859375 0.37083333333333335 0.021875 0.041666666666666664
5 0.5859375 0.37083333333333335 0.021875 0.0375





1 0.75625 0.9864583333333333 0.034375 0.027083333333333334
3 0.684375 0.8208333333333333 0.071875 0.1625
1 0.625 0.6385416666666667 0.034375 0.06041666666666667
1 0.5859375 0.3697916666666667 0.021875 0.03958333333333333
1 0.5 0.11875 0.028125 0.1125
1 0.5859375 0.3697916666666667 0.021875 0.03958333333333333
1 0.3765625 0.25 0.01875 0.025
1 0.35625 0.246875 0.015625 0.022916666666666665
1 0.375 0.225 0.015625 0.020833333333333332
1 0.35625 0.22291666666666668 0.0125 0.016666666666666666
1 0.33671875 0.22395833333333334 0.0140625 0.022916666666666665
1 0.31796875 0.22916666666666666 0.0140625 0.020833333333333332
1 0.32109375 0.25729166666666664 0.0171875 0.035416666666666666
1 0.29921875 0.23229166666666667 0.0171875 0.022916666666666665
1 0.278125 0.22604166666666667 0.015625 0.01875
1 0.38359375 0.18541666666666667 0.0140625 0.020833333333333332
1 0.36640625 0.190625 0.0171875 0.022916666666666665
1 0.33046875 0.18645833333333334 0.0171875 0.022916666666666665
1 0.31328125 0.190625 0.0203125 0.035416666666666666
1 0.3015625 0.16979166666666667 0.021875 0.03125
1 0.5046875 0.18958333333333333 0.015625 0.029166666666666667



1 0.72890625 0.7895833333333333 0.0390625 0.075
