
1 0.36875 0.9708333333333333 0.065625 0.05416666666666667
1 0.44140625 0.9239583333333333 0.0578125 0.04791666666666667
1 0.2265625 0.9895833333333334 0.053125 0.020833333333333332
1 0.3078125 0.9541666666666667 0.065625 0.05416666666666667
1 0.39296875 0.90625 0.0578125 0.05
1 0.15625 0.9822916666666667 0.071875 0.035416666666666666
1 0.2453125 0.9395833333333333 0.0625 0.04583333333333333
1 0.32265625 0.8979166666666667 0.0515625 0.04583333333333333
1 0.3953125 0.85625 0.05625 0.04583333333333333
1 0.10703125 0.971875 0.0703125 0.05625
1 0.18984375 0.9239583333333333 0.0640625 0.052083333333333336
1 0.27890625 0.878125 0.0734375 0.05625
1 0.35546875 0.8354166666666667 0.0578125 0.04583333333333333







1 0.68671875 0.828125 0.0734375 0.16458333333333333




5 0.43125 0.659375 0.021875 0.027083333333333334
5 0.43203125 0.659375 0.0203125 0.027083333333333334
4 0.3265625 0.6270833333333333 0.0125 0.025
4 0.48203125 0.8 0.0109375 0.029166666666666667

5 0.43125 0.6333333333333333 0.01875 0.075
4 0.48046875 0.765625 0.0109375 0.022916666666666665
4 0.34921875 0.50625 0.0078125 0.016666666666666666
4 0.3578125 0.5 0.0125 0.0125
5 0.46328125 0.515625 0.0796875 0.18541666666666667
1 0.565625 0.44479166666666664 0.021875 0.03958333333333333
5 0.49765625 0.4375 0.0109375 0.020833333333333332
5 0.565625 0.44479166666666664 0.021875 0.03958333333333333
5 0.496875 0.4395833333333333 0.0125 0.025
5 0.6015625 0.46875 0.021875 0.016666666666666666
5 0.6 0.44375 0.025 0.04583333333333333




5 0.6625 0.33958333333333335 0.040625 0.0375
5 0.5859375 0.3729166666666667 0.021875 0.0375
5 0.58671875 0.37395833333333334 0.0234375 0.03958333333333333
5 0.5859375 0.3729166666666667 0.021875 0.0375





1 0.75703125 0.9885416666666667 0.0328125 0.022916666666666665
3 0.68671875 0.8302083333333333 0.0734375 0.16458333333333333
1 0.6265625 0.6447916666666667 0.034375 0.06041666666666667
1 0.5859375 0.3729166666666667 0.021875 0.0375
1 0.50078125 0.11875 0.0296875 0.1125
1 0.5859375 0.3729166666666667 0.021875 0.0375
1 0.3765625 0.24895833333333334 0.01875 0.022916666666666665
1 0.35625 0.246875 0.015625 0.022916666666666665
1 0.375 0.225 0.015625 0.020833333333333332
1 0.35625 0.22291666666666668 0.0125 0.016666666666666666
1 0.33671875 0.22395833333333334 0.0140625 0.022916666666666665
1 0.31796875 0.22916666666666666 0.0140625 0.020833333333333332
1 0.32109375 0.25729166666666664 0.0171875 0.035416666666666666
1 0.2984375 0.23125 0.01875 0.025
1 0.278125 0.225 0.015625 0.020833333333333332
1 0.384375 0.18541666666666667 0.015625 0.020833333333333332
1 0.36640625 0.190625 0.0171875 0.022916666666666665
1 0.33046875 0.1875 0.0171875 0.025
1 0.31328125 0.190625 0.0203125 0.035416666666666666
1 0.3015625 0.16979166666666667 0.021875 0.03125
1 0.5046875 0.18958333333333333 0.015625 0.029166666666666667



1 0.73203125 0.796875 0.0390625 0.07291666666666667
