
1 0.36875 0.9697916666666667 0.065625 0.052083333333333336
1 0.44140625 0.9239583333333333 0.0578125 0.04791666666666667
1 0.2265625 0.9895833333333334 0.053125 0.020833333333333332
1 0.30859375 0.9541666666666667 0.0671875 0.05416666666666667
1 0.39296875 0.9052083333333333 0.0578125 0.04791666666666667
1 0.15625 0.9822916666666667 0.071875 0.035416666666666666
1 0.2453125 0.9395833333333333 0.0625 0.04583333333333333
1 0.32265625 0.896875 0.0515625 0.04791666666666667
1 0.3953125 0.85625 0.05625 0.04583333333333333
1 0.10703125 0.971875 0.0703125 0.05625
1 0.18984375 0.9239583333333333 0.0640625 0.052083333333333336
1 0.27890625 0.8791666666666667 0.0734375 0.05416666666666667
1 0.35546875 0.8354166666666667 0.0578125 0.04583333333333333







1 0.68984375 0.8395833333333333 0.0734375 0.1625




5 0.4359375 0.6635416666666667 0.021875 0.027083333333333334
5 0.4359375 0.6635416666666667 0.021875 0.027083333333333334
4 0.32578125 0.6260416666666667 0.0109375 0.022916666666666665
4 0.484375 0.8020833333333334 0.0125 0.025

5 0.434375 0.6364583333333333 0.021875 0.07291666666666667
4 0.45625 0.6927083333333334 0.059375 0.17291666666666666
4 0.34921875 0.5072916666666667 0.0078125 0.014583333333333334
4 0.35859375 0.5 0.0109375 0.0125
5 0.46484375 0.5208333333333334 0.0828125 0.19583333333333333
1 0.56640625 0.45208333333333334 0.0203125 0.041666666666666664
5 0.5 0.43645833333333334 0.0125 0.022916666666666665
5 0.56640625 0.45208333333333334 0.0203125 0.041666666666666664
5 0.49765625 0.43645833333333334 0.0109375 0.022916666666666665
5 0.60234375 0.47291666666666665 0.0203125 0.016666666666666666
5 0.6 0.453125 0.025 0.052083333333333336




5 0.66328125 0.33958333333333335 0.0359375 0.0375
5 0.5875 0.3770833333333333 0.021875 0.0375
5 0.5875 0.37916666666666665 0.021875 0.041666666666666664
5 0.5875 0.378125 0.021875 0.03958333333333333





1 0.759375 0.9947916666666666 0.025 0.010416666666666666
3 0.68984375 0.840625 0.0734375 0.16458333333333333
1 0.6296875 0.65625 0.034375 0.0625
1 0.58828125 0.3802083333333333 0.0234375 0.04375
1 0.50078125 0.11979166666666667 0.0296875 0.11458333333333333
1 0.58671875 0.378125 0.0234375 0.03958333333333333
1 0.3765625 0.24895833333333334 0.01875 0.022916666666666665
1 0.35625 0.246875 0.015625 0.022916666666666665
1 0.375 0.225 0.015625 0.020833333333333332
1 0.35625 0.22291666666666668 0.0125 0.016666666666666666
1 0.33671875 0.22395833333333334 0.0140625 0.022916666666666665
1 0.31796875 0.22916666666666666 0.0140625 0.020833333333333332
1 0.32109375 0.25729166666666664 0.0171875 0.035416666666666666
1 0.29921875 0.23125 0.0171875 0.025
1 0.278125 0.22604166666666667 0.015625 0.01875
1 0.38359375 0.18541666666666667 0.0140625 0.020833333333333332
1 0.3671875 0.190625 0.01875 0.022916666666666665
1 0.33046875 0.1875 0.0171875 0.025
1 0.3125 0.190625 0.01875 0.035416666666666666
1 0.3015625 0.16979166666666667 0.021875 0.03125
1 0.5046875 0.18958333333333333 0.015625 0.029166666666666667



1 0.734375 0.80625 0.0375 0.07083333333333333
