
1 0.36875 0.9697916666666667 0.065625 0.052083333333333336
1 0.44140625 0.9239583333333333 0.0578125 0.04791666666666667
1 0.2265625 0.9895833333333334 0.053125 0.020833333333333332
1 0.3078125 0.9541666666666667 0.065625 0.05416666666666667
1 0.39296875 0.9052083333333333 0.0578125 0.04791666666666667
1 0.15625 0.9822916666666667 0.071875 0.035416666666666666
1 0.2453125 0.9395833333333333 0.0625 0.04583333333333333
1 0.32265625 0.8979166666666667 0.0515625 0.04583333333333333
1 0.3953125 0.85625 0.05625 0.04583333333333333
1 0.10703125 0.971875 0.0703125 0.05625
1 0.18984375 0.9239583333333333 0.0640625 0.052083333333333336
1 0.27890625 0.878125 0.0734375 0.05625
1 0.35546875 0.8354166666666667 0.0578125 0.04583333333333333







1 0.6921875 0.8479166666666667 0.075 0.16666666666666666




5 0.4390625 0.665625 0.021875 0.027083333333333334
5 0.43984375 0.665625 0.0203125 0.027083333333333334
4 0.3234375 0.6270833333333333 0.0125 0.025
4 0.48515625 0.8041666666666667 0.0109375 0.029166666666666667

5 0.4359375 0.6385416666666667 0.025 0.07708333333333334
4 0.45703125 0.69375 0.0609375 0.175
4 0.34921875 0.50625 0.0078125 0.0125
4 0.3578125 0.49895833333333334 0.009375 0.010416666666666666
5 0.41328125 0.5229166666666667 0.1828125 0.2
1 0.56796875 0.45729166666666665 0.0203125 0.03958333333333333
5 0.49921875 0.43333333333333335 0.0109375 0.020833333333333332
5 0.5671875 0.45729166666666665 0.021875 0.03958333333333333
5 0.49765625 0.4354166666666667 0.0078125 0.020833333333333332
5 0.603125 0.47708333333333336 0.021875 0.016666666666666666
5 0.60078125 0.45625 0.0265625 0.05




5 0.66328125 0.34270833333333334 0.0390625 0.03958333333333333
5 0.5875 0.3802083333333333 0.021875 0.03958333333333333
5 0.58828125 0.38125 0.0234375 0.041666666666666664
5 0.5875 0.38125 0.021875 0.041666666666666664






3 0.69296875 0.8479166666666667 0.0734375 0.16666666666666666
1 0.63203125 0.6614583333333334 0.0359375 0.06458333333333334
1 0.58828125 0.38229166666666664 0.0234375 0.04375
1 0.5 0.11875 0.03125 0.11666666666666667
1 0.5875 0.3802083333333333 0.021875 0.03958333333333333
1 0.37734375 0.25 0.0203125 0.029166666666666667
1 0.35625 0.246875 0.015625 0.022916666666666665
1 0.375 0.225 0.015625 0.020833333333333332
1 0.35546875 0.22395833333333334 0.0140625 0.01875
1 0.33671875 0.22395833333333334 0.0140625 0.022916666666666665
1 0.31796875 0.22916666666666666 0.0140625 0.020833333333333332
1 0.32109375 0.25729166666666664 0.0171875 0.035416666666666666
1 0.29921875 0.23229166666666667 0.0171875 0.022916666666666665
1 0.278125 0.22604166666666667 0.015625 0.01875
1 0.38359375 0.18541666666666667 0.0140625 0.020833333333333332
1 0.36640625 0.190625 0.0171875 0.022916666666666665
1 0.33046875 0.18645833333333334 0.0171875 0.022916666666666665
1 0.31328125 0.190625 0.0203125 0.035416666666666666
1 0.3015625 0.16979166666666667 0.021875 0.03125
1 0.5046875 0.18854166666666666 0.0125 0.027083333333333334



1 0.73671875 0.8135416666666667 0.0390625 0.07291666666666667
