
1 0.36875 0.96875 0.065625 0.05416666666666667
1 0.44140625 0.9239583333333333 0.0578125 0.04791666666666667
1 0.22578125 0.9895833333333334 0.0546875 0.020833333333333332
1 0.3078125 0.9541666666666667 0.065625 0.05416666666666667
1 0.39296875 0.9052083333333333 0.0578125 0.04791666666666667
1 0.15546875 0.9822916666666667 0.0703125 0.035416666666666666
1 0.2453125 0.9395833333333333 0.0625 0.04583333333333333
1 0.32265625 0.896875 0.0515625 0.04791666666666667
1 0.3953125 0.85625 0.05625 0.04583333333333333
1 0.10703125 0.971875 0.0703125 0.05625
1 0.18984375 0.9239583333333333 0.0640625 0.052083333333333336
1 0.27890625 0.878125 0.0734375 0.05625
1 0.3546875 0.8354166666666667 0.05625 0.04583333333333333







1 0.69609375 0.8583333333333333 0.0765625 0.16666666666666666




5 0.4453125 0.6697916666666667 0.021875 0.027083333333333334
5 0.44609375 0.6697916666666667 0.0203125 0.027083333333333334
4 0.3203125 0.6270833333333333 0.0125 0.025
4 0.48671875 0.8041666666666667 0.0109375 0.025

5 0.434375 0.6364583333333333 0.01875 0.06875
4 0.45703125 0.6927083333333334 0.0609375 0.17708333333333334
4 0.34921875 0.5072916666666667 0.0078125 0.014583333333333334
4 0.3578125 0.49895833333333334 0.009375 0.010416666666666666
5 0.41171875 0.528125 0.1890625 0.21458333333333332
1 0.56953125 0.46458333333333335 0.0203125 0.041666666666666664
5 0.5015625 0.43020833333333336 0.009375 0.022916666666666665
5 0.56953125 0.46458333333333335 0.0203125 0.041666666666666664
5 0.5 0.43333333333333335 0.009375 0.020833333333333332
5 0.60390625 0.48333333333333334 0.0234375 0.016666666666666666
5 0.60234375 0.46458333333333335 0.0265625 0.05416666666666667




5 0.665625 0.34375 0.0375 0.0375
5 0.596875 0.42916666666666664 0.0375 0.125
5 0.58828125 0.38645833333333335 0.0234375 0.04375
5 0.58828125 0.38645833333333335 0.0234375 0.03958333333333333






3 0.696875 0.859375 0.075 0.16875
1 0.6359375 0.6708333333333333 0.034375 0.0625
1 0.5890625 0.3854166666666667 0.021875 0.0375
1 0.50078125 0.11875 0.0296875 0.1125
1 0.58828125 0.3854166666666667 0.0234375 0.041666666666666664
1 0.3765625 0.24895833333333334 0.01875 0.022916666666666665
1 0.35625 0.246875 0.015625 0.022916666666666665
1 0.375 0.225 0.015625 0.020833333333333332
1 0.35625 0.22291666666666668 0.0125 0.016666666666666666
1 0.33671875 0.22395833333333334 0.0140625 0.022916666666666665
1 0.31796875 0.22916666666666666 0.0140625 0.020833333333333332
1 0.32109375 0.25729166666666664 0.0171875 0.035416666666666666
1 0.29921875 0.23125 0.0171875 0.025
1 0.278125 0.22604166666666667 0.015625 0.01875
1 0.384375 0.18541666666666667 0.015625 0.020833333333333332
1 0.36640625 0.190625 0.0171875 0.022916666666666665
1 0.33046875 0.18645833333333334 0.0171875 0.022916666666666665
1 0.31328125 0.190625 0.0203125 0.035416666666666666
1 0.3015625 0.16979166666666667 0.021875 0.03125
1 0.5046875 0.18854166666666666 0.015625 0.027083333333333334



1 0.73984375 0.8229166666666666 0.0390625 0.075
