
1 0.36875 0.9697916666666667 0.065625 0.052083333333333336
1 0.44140625 0.9239583333333333 0.0578125 0.04791666666666667
1 0.22578125 0.9895833333333334 0.0546875 0.020833333333333332
1 0.3078125 0.9541666666666667 0.065625 0.05416666666666667
1 0.3921875 0.9052083333333333 0.05625 0.04791666666666667
1 0.15625 0.9822916666666667 0.071875 0.035416666666666666
1 0.2453125 0.9395833333333333 0.0625 0.04583333333333333
1 0.321875 0.896875 0.053125 0.04791666666666667
1 0.3953125 0.85625 0.05625 0.04583333333333333
1 0.10703125 0.9708333333333333 0.0703125 0.05416666666666667
1 0.18984375 0.9239583333333333 0.0640625 0.052083333333333336
1 0.27890625 0.878125 0.0734375 0.05625
1 0.35546875 0.8354166666666667 0.0546875 0.04583333333333333







1 0.6984375 0.8666666666666667 0.078125 0.17083333333333334




5 0.4484375 0.6739583333333333 0.021875 0.027083333333333334
5 0.4484375 0.6739583333333333 0.021875 0.027083333333333334
4 0.3203125 0.6260416666666667 0.009375 0.022916666666666665
4 0.48671875 0.8052083333333333 0.0109375 0.022916666666666665

5 0.43515625 0.6385416666666667 0.0171875 0.06458333333333334
4 0.45703125 0.69375 0.0609375 0.175
4 0.34921875 0.5072916666666667 0.0078125 0.014583333333333334
4 0.3578125 0.49895833333333334 0.009375 0.010416666666666666
5 0.41171875 0.5208333333333334 0.1890625 0.20833333333333334
1 0.57109375 0.46979166666666666 0.0203125 0.03958333333333333
5 0.5015625 0.428125 0.009375 0.022916666666666665
5 0.5703125 0.46979166666666666 0.021875 0.04375
5 0.5 0.43125 0.009375 0.020833333333333332
5 0.6046875 0.4864583333333333 0.021875 0.014583333333333334
5 0.60390625 0.46770833333333334 0.0265625 0.05625




5 0.6671875 0.34270833333333334 0.0375 0.035416666666666666
5 0.5984375 0.4322916666666667 0.0375 0.12708333333333333
5 0.58984375 0.3885416666666667 0.0234375 0.03958333333333333
5 0.5890625 0.3875 0.021875 0.0375






3 0.6984375 0.8666666666666667 0.075 0.17083333333333334
1 0.63828125 0.678125 0.0359375 0.06458333333333334
1 0.5890625 0.3875 0.021875 0.0375
1 0.50078125 0.11979166666666667 0.0296875 0.11458333333333333
1 0.5890625 0.3875 0.021875 0.0375
1 0.3765625 0.24895833333333334 0.01875 0.022916666666666665
1 0.35625 0.246875 0.015625 0.022916666666666665
1 0.375 0.225 0.015625 0.020833333333333332
1 0.35625 0.22291666666666668 0.0125 0.016666666666666666
1 0.33671875 0.22395833333333334 0.0140625 0.022916666666666665
1 0.31796875 0.22916666666666666 0.0140625 0.020833333333333332
1 0.32109375 0.25729166666666664 0.0171875 0.035416666666666666
1 0.29921875 0.23125 0.0171875 0.025
1 0.27890625 0.225 0.0171875 0.020833333333333332
1 0.38359375 0.18541666666666667 0.0140625 0.020833333333333332
1 0.36640625 0.190625 0.0171875 0.022916666666666665
1 0.33046875 0.18645833333333334 0.0171875 0.022916666666666665
1 0.31328125 0.190625 0.0203125 0.035416666666666666
1 0.3015625 0.16875 0.021875 0.029166666666666667
1 0.50546875 0.18854166666666666 0.0140625 0.027083333333333334



1 0.7421875 0.8291666666666667 0.0375 0.075
