
1 0.36875 0.96875 0.065625 0.05416666666666667
1 0.44140625 0.9239583333333333 0.0578125 0.04791666666666667
1 0.22578125 0.9895833333333334 0.0546875 0.020833333333333332
1 0.3078125 0.9541666666666667 0.065625 0.05416666666666667
1 0.39296875 0.9052083333333333 0.0578125 0.04791666666666667
1 0.15703125 0.98125 0.0734375 0.0375
1 0.2453125 0.9395833333333333 0.0625 0.04583333333333333
1 0.32265625 0.896875 0.0515625 0.04791666666666667
1 0.39609375 0.85625 0.0578125 0.04583333333333333
1 0.10703125 0.971875 0.0703125 0.05625
1 0.18984375 0.9229166666666667 0.0640625 0.05416666666666667
1 0.27890625 0.878125 0.0734375 0.05625
1 0.3546875 0.8354166666666667 0.05625 0.04583333333333333







1 0.7015625 0.878125 0.078125 0.17291666666666666




5 0.45390625 0.6760416666666667 0.0203125 0.027083333333333334
5 0.45390625 0.6760416666666667 0.0203125 0.027083333333333334
4 0.31875 0.6270833333333333 0.0125 0.025
4 0.48828125 0.80625 0.0109375 0.025

5 0.43125 0.61875 0.009375 0.020833333333333332
4 0.45703125 0.6947916666666667 0.0609375 0.16875
4 0.34921875 0.50625 0.0078125 0.0125
4 0.35859375 0.49895833333333334 0.0109375 0.010416666666666666
5 0.4109375 0.5229166666666667 0.190625 0.21666666666666667
1 0.57265625 0.47708333333333336 0.0203125 0.041666666666666664
5 0.50390625 0.42604166666666665 0.0078125 0.01875
5 0.571875 0.478125 0.021875 0.03958333333333333
5 0.5015625 0.428125 0.009375 0.01875
5 0.60625 0.49270833333333336 0.021875 0.014583333333333334
5 0.60546875 0.47291666666666665 0.0265625 0.05416666666666667




5 0.66953125 0.346875 0.0359375 0.03958333333333333
5 0.59921875 0.4375 0.0390625 0.125
5 0.58984375 0.39375 0.0234375 0.041666666666666664
5 0.58984375 0.3927083333333333 0.0234375 0.035416666666666666






3 0.70234375 0.878125 0.0765625 0.17291666666666666
1 0.64140625 0.6885416666666667 0.0359375 0.06458333333333334
1 0.590625 0.3927083333333333 0.021875 0.035416666666666666
1 0.50078125 0.11979166666666667 0.0296875 0.11458333333333333
1 0.58984375 0.3927083333333333 0.0234375 0.03958333333333333
1 0.3765625 0.24895833333333334 0.01875 0.022916666666666665
1 0.35625 0.246875 0.015625 0.022916666666666665
1 0.375 0.225 0.015625 0.020833333333333332
1 0.35625 0.22291666666666668 0.0125 0.016666666666666666
1 0.33671875 0.22395833333333334 0.0140625 0.022916666666666665
1 0.31796875 0.22916666666666666 0.0140625 0.020833333333333332
1 0.321875 0.25729166666666664 0.01875 0.035416666666666666
1 0.29921875 0.23125 0.0171875 0.025
1 0.27890625 0.225 0.0140625 0.020833333333333332
1 0.384375 0.18541666666666667 0.015625 0.020833333333333332
1 0.36640625 0.190625 0.0171875 0.022916666666666665
1 0.33046875 0.18541666666666667 0.0171875 0.025
1 0.3125 0.190625 0.01875 0.035416666666666666
1 0.3015625 0.16875 0.021875 0.029166666666666667
1 0.50546875 0.18854166666666666 0.0140625 0.027083333333333334



1 0.7453125 0.8375 0.040625 0.075
