
1 0.36875 0.96875 0.065625 0.05416666666666667
1 0.4421875 0.9239583333333333 0.059375 0.04791666666666667
1 0.22578125 0.9895833333333334 0.0546875 0.020833333333333332
1 0.3078125 0.9541666666666667 0.065625 0.05416666666666667
1 0.39296875 0.9052083333333333 0.0578125 0.04791666666666667
1 0.15625 0.98125 0.071875 0.0375
1 0.2453125 0.9395833333333333 0.0625 0.04583333333333333
1 0.32265625 0.896875 0.0515625 0.04791666666666667
1 0.39609375 0.85625 0.0578125 0.04583333333333333
1 0.10703125 0.971875 0.0703125 0.05625
1 0.18984375 0.9229166666666667 0.0640625 0.05416666666666667
1 0.27890625 0.878125 0.0734375 0.05625
1 0.3546875 0.8354166666666667 0.05625 0.04583333333333333







1 0.7046875 0.8864583333333333 0.078125 0.17291666666666666




5 0.45625 0.6802083333333333 0.021875 0.027083333333333334
5 0.45703125 0.6802083333333333 0.0203125 0.027083333333333334
4 0.31875 0.625 0.009375 0.025
4 0.4890625 0.8083333333333333 0.0125 0.025

5 0.4328125 0.6197916666666666 0.009375 0.022916666666666665
4 0.45703125 0.6958333333333333 0.0609375 0.17083333333333334
4 0.34921875 0.50625 0.0078125 0.0125
4 0.35859375 0.49895833333333334 0.0109375 0.010416666666666666
5 0.503125 0.42291666666666666 0.009375 0.025
1 0.5734375 0.446875 0.021875 0.11875
5 0.50625 0.42291666666666666 0.00625 0.0125
5 0.57265625 0.48333333333333334 0.0234375 0.041666666666666664
5 0.50234375 0.4270833333333333 0.0109375 0.020833333333333332
5 0.6078125 0.496875 0.021875 0.014583333333333334
5 0.60546875 0.47708333333333336 0.0265625 0.058333333333333334




5 0.671875 0.346875 0.0375 0.035416666666666666
5 0.6 0.44166666666666665 0.040625 0.12916666666666668
5 0.590625 0.396875 0.025 0.04375
5 0.58984375 0.39479166666666665 0.0234375 0.03958333333333333






3 0.7046875 0.8864583333333333 0.078125 0.17291666666666666
1 0.64453125 0.6958333333333333 0.0359375 0.06666666666666667
1 0.590625 0.3958333333333333 0.021875 0.0375
1 0.4953125 0.159375 0.015625 0.022916666666666665
1 0.58984375 0.39479166666666665 0.0234375 0.03958333333333333
1 0.37734375 0.24895833333333334 0.0171875 0.022916666666666665
1 0.35625 0.246875 0.015625 0.022916666666666665
1 0.375 0.225 0.015625 0.020833333333333332
1 0.35625 0.22291666666666668 0.0125 0.016666666666666666
1 0.33671875 0.22395833333333334 0.0140625 0.022916666666666665
1 0.31796875 0.22916666666666666 0.0140625 0.020833333333333332
1 0.321875 0.25729166666666664 0.01875 0.035416666666666666
1 0.29921875 0.23125 0.0171875 0.025
1 0.27890625 0.225 0.0140625 0.020833333333333332
1 0.384375 0.18541666666666667 0.015625 0.020833333333333332
1 0.36640625 0.190625 0.0171875 0.022916666666666665
1 0.33046875 0.18541666666666667 0.0171875 0.025
1 0.3125 0.190625 0.01875 0.035416666666666666
1 0.3015625 0.16875 0.021875 0.029166666666666667
1 0.50546875 0.18854166666666666 0.0140625 0.027083333333333334



1 0.74765625 0.84375 0.0390625 0.075
