
1 0.36875 0.96875 0.065625 0.05416666666666667
1 0.4421875 0.9239583333333333 0.059375 0.04791666666666667
1 0.225 0.9895833333333334 0.05625 0.020833333333333332
1 0.3078125 0.9541666666666667 0.065625 0.05416666666666667
1 0.3921875 0.9052083333333333 0.05625 0.04791666666666667
1 0.15625 0.98125 0.071875 0.0375
1 0.2453125 0.9395833333333333 0.0625 0.04583333333333333
1 0.32265625 0.896875 0.0515625 0.04791666666666667
1 0.3953125 0.85625 0.05625 0.04583333333333333
1 0.1078125 0.9708333333333333 0.071875 0.058333333333333334
1 0.18984375 0.9229166666666667 0.0640625 0.05416666666666667
1 0.278125 0.878125 0.071875 0.05625
1 0.3546875 0.8354166666666667 0.05625 0.04583333333333333







1 0.70859375 0.8989583333333333 0.0796875 0.17708333333333334




5 0.4609375 0.6854166666666667 0.021875 0.029166666666666667
5 0.46171875 0.6854166666666667 0.0203125 0.029166666666666667
4 0.315625 0.6239583333333333 0.0125 0.027083333333333334
4 0.4890625 0.8104166666666667 0.0125 0.020833333333333332

5 0.43359375 0.6239583333333333 0.0109375 0.027083333333333334
4 0.45625 0.696875 0.05625 0.16875
4 0.34921875 0.5072916666666667 0.0078125 0.010416666666666666
4 0.359375 0.49895833333333334 0.0125 0.010416666666666666
5 0.5046875 0.42083333333333334 0.009375 0.025
1 0.57421875 0.49166666666666664 0.0203125 0.041666666666666664
5 0.5078125 0.42291666666666666 0.00625 0.020833333333333332
5 0.5734375 0.490625 0.021875 0.04375
5 0.50390625 0.42291666666666666 0.0109375 0.025
5 0.609375 0.503125 0.021875 0.014583333333333334
5 0.60703125 0.48333333333333334 0.0265625 0.058333333333333334




5 0.67421875 0.35 0.0390625 0.0375
5 0.6015625 0.44583333333333336 0.040625 0.12916666666666668
5 0.59296875 0.4 0.0265625 0.041666666666666664
5 0.5921875 0.4010416666666667 0.025 0.03958333333333333






3 0.70859375 0.8989583333333333 0.0796875 0.17708333333333334
1 0.64765625 0.70625 0.0390625 0.06666666666666667
1 0.5921875 0.4 0.025 0.0375
1 0.49765625 0.11875 0.0234375 0.10833333333333334
1 0.5921875 0.4 0.025 0.0375
1 0.3765625 0.24895833333333334 0.01875 0.022916666666666665
1 0.35625 0.246875 0.015625 0.022916666666666665
1 0.375 0.225 0.015625 0.020833333333333332
1 0.35625 0.221875 0.0125 0.01875
1 0.33671875 0.22291666666666668 0.0140625 0.025
1 0.31796875 0.22916666666666666 0.0140625 0.020833333333333332
1 0.321875 0.25729166666666664 0.01875 0.035416666666666666
1 0.29921875 0.23125 0.0171875 0.025
1 0.27890625 0.225 0.0171875 0.020833333333333332
1 0.384375 0.18541666666666667 0.015625 0.020833333333333332
1 0.36640625 0.190625 0.0171875 0.022916666666666665
1 0.33046875 0.18541666666666667 0.0171875 0.025
1 0.31328125 0.190625 0.0203125 0.035416666666666666
1 0.3015625 0.16979166666666667 0.021875 0.03125
1 0.50546875 0.18854166666666666 0.0140625 0.027083333333333334



1 0.7515625 0.8541666666666666 0.040625 0.075
