
1 0.36875 0.96875 0.065625 0.05416666666666667
1 0.4421875 0.9239583333333333 0.059375 0.04791666666666667
1 0.225 0.9895833333333334 0.05625 0.020833333333333332
1 0.3078125 0.9541666666666667 0.065625 0.05416666666666667
1 0.39296875 0.9052083333333333 0.0578125 0.04791666666666667
1 0.15546875 0.98125 0.0703125 0.0375
1 0.2453125 0.9395833333333333 0.0625 0.04583333333333333
1 0.32265625 0.896875 0.0515625 0.04791666666666667
1 0.3953125 0.85625 0.05625 0.04583333333333333
1 0.10703125 0.9708333333333333 0.0703125 0.05416666666666667
1 0.1890625 0.9229166666666667 0.065625 0.05416666666666667
1 0.27890625 0.8770833333333333 0.0734375 0.05416666666666667
1 0.3546875 0.834375 0.05625 0.04791666666666667







1 0.7109375 0.9072916666666667 0.08125 0.17708333333333334




5 0.46484375 0.6875 0.0203125 0.029166666666666667
5 0.46484375 0.6875 0.0203125 0.029166666666666667
4 0.3140625 0.625 0.0125 0.029166666666666667
4 0.48984375 0.8135416666666667 0.0140625 0.027083333333333334

5 0.43515625 0.6270833333333333 0.0109375 0.025
4 0.434375 0.6260416666666667 0.00625 0.014583333333333334
4 0.34921875 0.50625 0.0078125 0.0125
4 0.359375 0.49895833333333334 0.0125 0.010416666666666666
5 0.50546875 0.41875 0.0078125 0.025
1 0.575 0.496875 0.021875 0.04375
5 0.5078125 0.41875 0.00625 0.016666666666666666
5 0.575 0.496875 0.021875 0.04375
5 0.5046875 0.421875 0.009375 0.022916666666666665
5 0.61015625 0.5072916666666667 0.0234375 0.01875
5 0.60859375 0.4875 0.0265625 0.058333333333333334




5 0.67578125 0.35208333333333336 0.0390625 0.0375
5 0.60234375 0.4510416666666667 0.0390625 0.13125
5 0.59296875 0.4041666666666667 0.0265625 0.041666666666666664
5 0.5921875 0.403125 0.025 0.03958333333333333






3 0.7109375 0.9072916666666667 0.08125 0.17708333333333334
1 0.65 0.7145833333333333 0.0375 0.06666666666666667
1 0.59296875 0.403125 0.0234375 0.03958333333333333
1 0.4984375 0.11770833333333333 0.025 0.11041666666666666
1 0.59296875 0.403125 0.0234375 0.03958333333333333
1 0.37734375 0.24895833333333334 0.0171875 0.022916666666666665
1 0.35625 0.246875 0.015625 0.022916666666666665
1 0.375 0.225 0.015625 0.020833333333333332
1 0.35625 0.221875 0.0125 0.01875
1 0.33671875 0.221875 0.0140625 0.022916666666666665
1 0.31796875 0.22916666666666666 0.0140625 0.020833333333333332
1 0.321875 0.25729166666666664 0.01875 0.035416666666666666
1 0.29921875 0.23125 0.0171875 0.025
1 0.27890625 0.225 0.0140625 0.020833333333333332
1 0.384375 0.184375 0.015625 0.01875
1 0.36796875 0.18958333333333333 0.0171875 0.020833333333333332
1 0.33046875 0.18541666666666667 0.0171875 0.025
1 0.31328125 0.190625 0.0203125 0.035416666666666666
1 0.3015625 0.16875 0.021875 0.029166666666666667
1 0.50546875 0.18854166666666666 0.0140625 0.027083333333333334



1 0.753125 0.8604166666666667 0.040625 0.075
