
1 0.36875 0.96875 0.065625 0.05416666666666667
1 0.4421875 0.9239583333333333 0.059375 0.04791666666666667
1 0.225 0.9895833333333334 0.05625 0.020833333333333332
1 0.3078125 0.9541666666666667 0.065625 0.05416666666666667
1 0.39375 0.9052083333333333 0.05625 0.04791666666666667
1 0.15546875 0.98125 0.0703125 0.0375
1 0.2453125 0.9395833333333333 0.0625 0.04583333333333333
1 0.32265625 0.896875 0.0515625 0.04791666666666667
1 0.3953125 0.85625 0.05625 0.04583333333333333
1 0.10703125 0.971875 0.0703125 0.05625
1 0.18984375 0.9229166666666667 0.0640625 0.05416666666666667
1 0.278125 0.878125 0.071875 0.05625
1 0.3546875 0.834375 0.05625 0.04791666666666667







1 0.71484375 0.9145833333333333 0.0828125 0.17083333333333334




5 0.47109375 0.6927083333333334 0.0203125 0.027083333333333334
5 0.47109375 0.6927083333333334 0.0203125 0.027083333333333334
4 0.31171875 0.6260416666666667 0.0140625 0.027083333333333334
4 0.43125 0.6875 0.134375 0.2791666666666667

5 0.43671875 0.6302083333333334 0.0140625 0.022916666666666665
4 0.45703125 0.7 0.0546875 0.15833333333333333
4 0.34921875 0.5072916666666667 0.0078125 0.010416666666666666
4 0.359375 0.5 0.0125 0.0125
5 0.50625 0.41770833333333335 0.009375 0.022916666666666665
1 0.5765625 0.5041666666666667 0.021875 0.041666666666666664
5 0.5078125 0.4166666666666667 0.00625 0.016666666666666666
5 0.57578125 0.5052083333333334 0.0234375 0.04375
5 0.50625 0.41875 0.009375 0.020833333333333332
5 0.6109375 0.5145833333333333 0.025 0.020833333333333332
5 0.609375 0.49375 0.028125 0.058333333333333334




5 0.678125 0.353125 0.040625 0.03958333333333333
5 0.60390625 0.45625 0.0390625 0.13333333333333333
5 0.59375 0.409375 0.025 0.04375
5 0.59375 0.4083333333333333 0.025 0.041666666666666664






3 0.715625 0.9145833333333333 0.08125 0.17083333333333334
1 0.65390625 0.725 0.0390625 0.06666666666666667
1 0.59453125 0.4083333333333333 0.0234375 0.0375
1 0.5 0.11666666666666667 0.025 0.10833333333333334
1 0.59453125 0.4083333333333333 0.0234375 0.041666666666666664
1 0.37734375 0.24895833333333334 0.0171875 0.022916666666666665
1 0.35625 0.246875 0.015625 0.022916666666666665
1 0.375 0.225 0.015625 0.020833333333333332
1 0.35625 0.221875 0.0125 0.01875
1 0.33671875 0.22291666666666668 0.0140625 0.025
1 0.31796875 0.22916666666666666 0.0140625 0.020833333333333332
1 0.31953125 0.25729166666666664 0.0171875 0.035416666666666666
1 0.29921875 0.23125 0.0171875 0.025
1 0.278125 0.225 0.015625 0.020833333333333332
1 0.384375 0.184375 0.015625 0.01875
1 0.36796875 0.18958333333333333 0.0171875 0.020833333333333332
1 0.33046875 0.18541666666666667 0.0171875 0.025
1 0.31328125 0.18958333333333333 0.0203125 0.03333333333333333
1 0.3015625 0.16875 0.021875 0.029166666666666667
1 0.50546875 0.18854166666666666 0.0140625 0.027083333333333334



1 0.75703125 0.8708333333333333 0.0421875 0.07916666666666666
