
1 0.36875 0.96875 0.065625 0.05416666666666667
1 0.4421875 0.9239583333333333 0.059375 0.04791666666666667
1 0.225 0.9895833333333334 0.05625 0.020833333333333332
1 0.3078125 0.9541666666666667 0.065625 0.05416666666666667
1 0.39375 0.9052083333333333 0.05625 0.04791666666666667
1 0.15546875 0.98125 0.0703125 0.0375
1 0.2453125 0.9395833333333333 0.0625 0.04583333333333333
1 0.32265625 0.896875 0.0515625 0.04791666666666667
1 0.3953125 0.85625 0.05625 0.04583333333333333
1 0.10703125 0.9708333333333333 0.0703125 0.05416666666666667
1 0.18984375 0.9229166666666667 0.0640625 0.05416666666666667
1 0.27890625 0.878125 0.0734375 0.05625
1 0.3546875 0.834375 0.05625 0.04791666666666667







1 0.7171875 0.9177083333333333 0.084375 0.16458333333333333




5 0.47421875 0.696875 0.0203125 0.027083333333333334
5 0.47421875 0.6958333333333333 0.0203125 0.025
4 0.3109375 0.6260416666666667 0.0125 0.027083333333333334
4 0.43125 0.6875 0.134375 0.2791666666666667

5 0.43828125 0.63125 0.0140625 0.020833333333333332
4 0.43671875 0.63125 0.0109375 0.016666666666666666
4 0.34921875 0.5072916666666667 0.0078125 0.010416666666666666
4 0.359375 0.49895833333333334 0.0125 0.010416666666666666
5 0.50625 0.415625 0.009375 0.022916666666666665
1 0.578125 0.509375 0.021875 0.04375
5 0.509375 0.41458333333333336 0.00625 0.016666666666666666
5 0.57734375 0.5104166666666666 0.0234375 0.04583333333333333
5 0.50703125 0.4197916666666667 0.0078125 0.014583333333333334
5 0.6125 0.51875 0.025 0.020833333333333332
5 0.6109375 0.4979166666666667 0.028125 0.058333333333333334




5 0.6796875 0.35520833333333335 0.040625 0.03958333333333333
5 0.6046875 0.459375 0.040625 0.13541666666666666
5 0.59375 0.46145833333333336 0.028125 0.13958333333333334
5 0.5953125 0.4125 0.025 0.041666666666666664






3 0.71796875 0.9177083333333333 0.0828125 0.16458333333333333
1 0.65546875 0.7322916666666667 0.0390625 0.06875
1 0.5953125 0.4125 0.025 0.041666666666666664
1 0.4984375 0.11666666666666667 0.021875 0.10833333333333334
1 0.5953125 0.4125 0.025 0.041666666666666664
1 0.37734375 0.24895833333333334 0.0171875 0.022916666666666665
1 0.35625 0.246875 0.015625 0.022916666666666665
1 0.375 0.225 0.015625 0.020833333333333332
1 0.35625 0.221875 0.0125 0.01875
1 0.33671875 0.22291666666666668 0.0140625 0.025
1 0.31796875 0.22916666666666666 0.0140625 0.020833333333333332
1 0.31953125 0.25729166666666664 0.0171875 0.035416666666666666
1 0.29921875 0.23125 0.0171875 0.025
1 0.278125 0.225 0.015625 0.020833333333333332
1 0.38359375 0.184375 0.0140625 0.01875
1 0.36796875 0.18958333333333333 0.0171875 0.020833333333333332
1 0.33046875 0.18541666666666667 0.0171875 0.025
1 0.31328125 0.18958333333333333 0.0203125 0.03333333333333333
1 0.3015625 0.16875 0.021875 0.029166666666666667
1 0.50546875 0.18854166666666666 0.0140625 0.027083333333333334



1 0.759375 0.8760416666666667 0.040625 0.07708333333333334
