
1 0.36875 0.96875 0.065625 0.05416666666666667
1 0.4421875 0.9239583333333333 0.059375 0.04791666666666667
1 0.225 0.9895833333333334 0.05625 0.020833333333333332
1 0.3078125 0.9541666666666667 0.065625 0.05416666666666667
1 0.39296875 0.9052083333333333 0.0578125 0.04791666666666667
1 0.15625 0.98125 0.071875 0.0375
1 0.2453125 0.9385416666666667 0.0625 0.04791666666666667
1 0.32265625 0.8958333333333334 0.0515625 0.04583333333333333
1 0.3953125 0.85625 0.05625 0.04583333333333333
1 0.10703125 0.9708333333333333 0.0703125 0.05416666666666667
1 0.1890625 0.9229166666666667 0.065625 0.05416666666666667
1 0.278125 0.8770833333333333 0.071875 0.05416666666666667
1 0.3546875 0.834375 0.05625 0.04791666666666667







1 0.72109375 0.9239583333333333 0.0859375 0.15208333333333332




5 0.47890625 0.7010416666666667 0.0203125 0.027083333333333334
5 0.47890625 0.7010416666666667 0.0203125 0.027083333333333334
4 0.30859375 0.6260416666666667 0.0140625 0.027083333333333334
4 0.43125 0.6864583333333333 0.134375 0.28125

5 0.4390625 0.6364583333333333 0.0125 0.022916666666666665
4 0.43828125 0.634375 0.0078125 0.014583333333333334
4 0.34921875 0.50625 0.0078125 0.0125
4 0.359375 0.5 0.0125 0.0125
5 0.50703125 0.41354166666666664 0.0078125 0.022916666666666665
1 0.5796875 0.5177083333333333 0.021875 0.04375
5 0.51015625 0.4125 0.0078125 0.016666666666666666
5 0.57890625 0.51875 0.0234375 0.04583333333333333
5 0.50859375 0.4166666666666667 0.0078125 0.016666666666666666
5 0.61328125 0.525 0.0234375 0.020833333333333332
5 0.6125 0.5041666666666667 0.028125 0.058333333333333334




5 0.6828125 0.3572916666666667 0.040625 0.03958333333333333
5 0.60546875 0.46458333333333335 0.0421875 0.13333333333333333
5 0.5953125 0.41875 0.025 0.041666666666666664
5 0.5953125 0.41770833333333335 0.025 0.03958333333333333






3 0.721875 0.9239583333333333 0.084375 0.15208333333333332
1 0.659375 0.7416666666666667 0.040625 0.07083333333333333
1 0.59609375 0.41770833333333335 0.0234375 0.03958333333333333
1 0.50078125 0.13125 0.0296875 0.14166666666666666
1 0.5953125 0.41770833333333335 0.025 0.04375
1 0.37734375 0.24895833333333334 0.0171875 0.022916666666666665
1 0.35625 0.246875 0.015625 0.022916666666666665
1 0.375 0.22395833333333334 0.015625 0.022916666666666665
1 0.35625 0.221875 0.0125 0.01875
1 0.33671875 0.22291666666666668 0.0140625 0.025
1 0.31796875 0.228125 0.0140625 0.022916666666666665
1 0.31953125 0.25729166666666664 0.0171875 0.035416666666666666
1 0.29921875 0.23125 0.0171875 0.025
1 0.278125 0.225 0.015625 0.020833333333333332
1 0.38359375 0.184375 0.0140625 0.01875
1 0.36640625 0.18958333333333333 0.0171875 0.025
1 0.33046875 0.18541666666666667 0.0171875 0.025
1 0.3125 0.18958333333333333 0.01875 0.03333333333333333
1 0.3015625 0.16875 0.021875 0.029166666666666667
1 0.50546875 0.18854166666666666 0.0140625 0.027083333333333334



1 0.76328125 0.8864583333333333 0.0421875 0.07708333333333334
