
1 0.36875 0.96875 0.065625 0.05416666666666667
1 0.4421875 0.9239583333333333 0.059375 0.04791666666666667
1 0.225 0.9895833333333334 0.05625 0.020833333333333332
1 0.3078125 0.9541666666666667 0.065625 0.05416666666666667
1 0.39296875 0.9052083333333333 0.0578125 0.04791666666666667
1 0.15546875 0.98125 0.0703125 0.0375
1 0.2453125 0.9395833333333333 0.0625 0.04583333333333333
1 0.32265625 0.8958333333333334 0.0515625 0.04583333333333333
1 0.3953125 0.85625 0.05625 0.04583333333333333
1 0.10703125 0.9708333333333333 0.0703125 0.05416666666666667
1 0.18984375 0.9229166666666667 0.0640625 0.05416666666666667
1 0.27890625 0.8770833333333333 0.0734375 0.05416666666666667
1 0.3546875 0.834375 0.05625 0.04791666666666667







1 0.7234375 0.9270833333333334 0.084375 0.14583333333333334




5 0.4828125 0.7041666666666667 0.01875 0.029166666666666667
5 0.4828125 0.7041666666666667 0.01875 0.029166666666666667
4 0.3078125 0.625 0.0125 0.029166666666666667
4 0.434375 0.6895833333333333 0.13125 0.2833333333333333

5 0.43984375 0.6385416666666667 0.0109375 0.022916666666666665
4 0.43984375 0.6375 0.0078125 0.016666666666666666
4 0.34921875 0.50625 0.0078125 0.0125
4 0.359375 0.49895833333333334 0.0125 0.010416666666666666
5 0.50859375 0.4125 0.0078125 0.020833333333333332
1 0.58125 0.5229166666666667 0.021875 0.041666666666666664
5 0.5109375 0.41041666666666665 0.00625 0.016666666666666666
5 0.58046875 0.5229166666666667 0.0234375 0.04583333333333333
5 0.509375 0.41458333333333336 0.00625 0.016666666666666666
5 0.6140625 0.5302083333333333 0.025 0.022916666666666665
5 0.61328125 0.5083333333333333 0.0296875 0.058333333333333334




5 0.68359375 0.359375 0.0390625 0.03958333333333333
5 0.60703125 0.46875 0.0421875 0.1375
5 0.58671875 0.47708333333333336 0.0359375 0.15
5 0.59609375 0.42083333333333334 0.0234375 0.041666666666666664






3 0.72265625 0.928125 0.0828125 0.14375
1 0.6625 0.75 0.040625 0.07083333333333333
1 0.5953125 0.42083333333333334 0.021875 0.041666666666666664
1 0.50078125 0.11770833333333333 0.0296875 0.11041666666666666
1 0.59609375 0.42083333333333334 0.0234375 0.041666666666666664
1 0.37734375 0.24895833333333334 0.0171875 0.022916666666666665
1 0.35625 0.24583333333333332 0.015625 0.025
1 0.375 0.22395833333333334 0.015625 0.022916666666666665
1 0.35546875 0.22291666666666668 0.0140625 0.020833333333333332
1 0.33671875 0.22291666666666668 0.0140625 0.025
1 0.31796875 0.228125 0.0140625 0.022916666666666665
1 0.31953125 0.25729166666666664 0.0171875 0.035416666666666666
1 0.29921875 0.23125 0.0171875 0.025
1 0.27890625 0.225 0.0171875 0.020833333333333332
1 0.384375 0.184375 0.015625 0.01875
1 0.36796875 0.18958333333333333 0.0171875 0.020833333333333332
1 0.33046875 0.18541666666666667 0.0171875 0.025
1 0.3125 0.18958333333333333 0.01875 0.03333333333333333
1 0.3015625 0.16875 0.021875 0.029166666666666667
1 0.5046875 0.18958333333333333 0.015625 0.029166666666666667



1 0.76484375 0.89375 0.0421875 0.07916666666666666
