
1 0.3796875 0.971875 0.06875 0.05625
1 0.45078125 0.9270833333333334 0.0578125 0.05
1 0.2390625 0.990625 0.05 0.01875
1 0.31875 0.9572916666666667 0.065625 0.05625
1 0.403125 0.9072916666666667 0.05625 0.04791666666666667
1 0.16640625 0.984375 0.0703125 0.03125
1 0.25625 0.9427083333333334 0.0625 0.04791666666666667
1 0.33203125 0.9 0.0515625 0.04583333333333333
1 0.40390625 0.8583333333333333 0.0546875 0.041666666666666664
1 0.11796875 0.9739583333333334 0.0703125 0.052083333333333336
1 0.19921875 0.9270833333333334 0.0640625 0.05
1 0.2875 0.88125 0.071875 0.05416666666666667
1 0.3640625 0.8375 0.05625 0.04583333333333333



1 0.21796875 0.8302083333333333 0.0609375 0.06041666666666667
1 0.2125 0.7270833333333333 0.05625 0.05
1 0.3234375 0.7197916666666667 0.05 0.04375
1 0.3984375 0.7510416666666667 0.059375 0.04375
1 0.4765625 0.68125 0.059375 0.0375
1 0.5546875 0.6510416666666666 0.05625 0.035416666666666666
1 0.62734375 0.759375 0.0609375 0.052083333333333336
1 0.64609375 0.65 0.0578125 0.05
1 0.78671875 0.6385416666666667 0.0359375 0.06041666666666667

5 0.34296875 0.5791666666666667 0.0234375 0.020833333333333332
4 0.34765625 0.5604166666666667 0.0078125 0.016666666666666666
4 0.36875 0.5520833333333334 0.009375 0.016666666666666666
5 0.4046875 0.5447916666666667 0.009375 0.027083333333333334
5 0.4171875 0.5416666666666666 0.009375 0.025
4 0.3953125 0.534375 0.00625 0.014583333333333334
4 0.365625 0.509375 0.009375 0.027083333333333334
4 0.36796875 0.49166666666666664 0.0078125 0.020833333333333332
5 0.52109375 0.41875 0.0078125 0.020833333333333332
1 0.571875 0.39895833333333336 0.025 0.035416666666666666
5 0.5328125 0.41875 0.00625 0.016666666666666666
5 0.55390625 0.41354166666666664 0.0078125 0.01875
5 0.5546875 0.43125 0.009375 0.020833333333333332
5 0.58359375 0.4708333333333333 0.0109375 0.025
5 0.590625 0.39166666666666666 0.0125 0.016666666666666666
5 0.6171875 0.428125 0.0125 0.022916666666666665
5 0.61171875 0.3885416666666667 0.0078125 0.014583333333333334
5 0.64140625 0.375 0.0078125 0.020833333333333332
5 0.61875 0.36770833333333336 0.009375 0.022916666666666665
5 0.61484375 0.346875 0.0140625 0.01875
5 0.6171875 0.3645833333333333 0.009375 0.025
5 0.5671875 0.3625 0.00625 0.016666666666666666
5 0.55078125 0.37083333333333335 0.0046875 0.0125
5 0.52890625 0.35625 0.0046875 0.016666666666666666
5 0.53671875 0.3572916666666667 0.0046875 0.01875
1 0.546875 0.3385416666666667 0.025 0.035416666666666666
3 0.54375 0.2625 0.03125 0.07083333333333333
1 0.5296875 0.21770833333333334 0.0125 0.022916666666666665
1 0.528125 0.18645833333333334 0.015625 0.027083333333333334
3 0.521875 0.14375 0.025 0.05416666666666667
1 0.51484375 0.11770833333333333 0.0109375 0.01875
1 0.50703125 0.09166666666666666 0.0265625 0.03333333333333333
1 0.48984375 0.052083333333333336 0.0109375 0.020833333333333332
1 0.49921875 0.008333333333333333 0.0140625 0.016666666666666666
1 0.38046875 0.24895833333333334 0.0171875 0.022916666666666665
1 0.3609375 0.246875 0.015625 0.027083333333333334
1 0.37890625 0.22291666666666668 0.0140625 0.020833333333333332
1 0.36015625 0.22291666666666668 0.0140625 0.020833333333333332
1 0.33984375 0.22291666666666668 0.0140625 0.025
1 0.32109375 0.22916666666666666 0.0140625 0.020833333333333332
1 0.32421875 0.25729166666666664 0.0171875 0.035416666666666666
1 0.30390625 0.22916666666666666 0.0140625 0.020833333333333332
1 0.28125 0.22604166666666667 0.015625 0.01875
1 0.3875 0.184375 0.015625 0.01875
1 0.371875 0.18854166666666666 0.01875 0.022916666666666665
1 0.33359375 0.18541666666666667 0.0171875 0.025
1 0.31640625 0.18958333333333333 0.0203125 0.03333333333333333
1 0.30390625 0.16875 0.0203125 0.029166666666666667
1 0.490625 0.075 0.025 0.020833333333333332
1 0.5625 0.25625 0.015625 0.029166666666666667
1 0.5578125 0.21979166666666666 0.01875 0.03125
1 0.55 0.19270833333333334 0.01875 0.03125
1 0.5421875 0.16354166666666667 0.015625 0.022916666666666665
