
1 0.36875 0.96875 0.065625 0.05416666666666667
1 0.4421875 0.9239583333333333 0.059375 0.04791666666666667
1 0.22421875 0.9895833333333334 0.0578125 0.020833333333333332
1 0.3078125 0.9541666666666667 0.065625 0.05416666666666667
1 0.39375 0.9052083333333333 0.05625 0.04791666666666667
1 0.15625 0.98125 0.071875 0.0375
1 0.2453125 0.9385416666666667 0.0625 0.04791666666666667
1 0.32265625 0.8958333333333334 0.0515625 0.04583333333333333
1 0.3953125 0.85625 0.05625 0.04583333333333333
1 0.10703125 0.9697916666666667 0.0703125 0.05625
1 0.1890625 0.921875 0.065625 0.052083333333333336
1 0.278125 0.8770833333333333 0.071875 0.05416666666666667
1 0.3546875 0.834375 0.05625 0.04791666666666667







1 0.725 0.9333333333333333 0.08125 0.13333333333333333




5 0.48828125 0.709375 0.0203125 0.027083333333333334
5 0.48828125 0.709375 0.0203125 0.027083333333333334
4 0.30703125 0.6260416666666667 0.0140625 0.027083333333333334
4 0.43203125 0.690625 0.1421875 0.29375

5 0.44140625 0.6416666666666667 0.0109375 0.025
4 0.440625 0.640625 0.009375 0.01875
4 0.34921875 0.50625 0.0078125 0.0125
4 0.36015625 0.49895833333333334 0.0109375 0.010416666666666666
5 0.509375 0.409375 0.009375 0.01875
1 0.5828125 0.5322916666666667 0.025 0.04791666666666667
5 0.5140625 0.40729166666666666 0.00625 0.014583333333333334
5 0.58203125 0.5322916666666667 0.0234375 0.04791666666666667
5 0.509375 0.41041666666666665 0.009375 0.020833333333333332
5 0.6171875 0.5354166666666667 0.025 0.020833333333333332
5 0.61484375 0.515625 0.0296875 0.06458333333333334




5 0.68671875 0.36041666666666666 0.0390625 0.0375
5 0.60859375 0.47604166666666664 0.0421875 0.13958333333333334
5 0.5875 0.4875 0.0375 0.15
5 0.596875 0.425 0.021875 0.041666666666666664






3 0.725 0.9333333333333333 0.08125 0.13333333333333333
1 0.665625 0.7604166666666666 0.040625 0.07083333333333333
1 0.596875 0.42604166666666665 0.021875 0.03958333333333333
1 0.50078125 0.11666666666666667 0.0296875 0.1125
1 0.56484375 0.22604166666666667 0.0890625 0.44375
1 0.37734375 0.24895833333333334 0.0171875 0.022916666666666665
1 0.35625 0.246875 0.015625 0.022916666666666665
1 0.375 0.22395833333333334 0.015625 0.022916666666666665
1 0.35625 0.221875 0.0125 0.01875
1 0.33671875 0.22291666666666668 0.0140625 0.025
1 0.31796875 0.228125 0.0140625 0.022916666666666665
1 0.32109375 0.25625 0.0171875 0.03333333333333333
1 0.29921875 0.23125 0.0171875 0.025
1 0.278125 0.225 0.015625 0.020833333333333332
1 0.38359375 0.184375 0.0140625 0.01875
1 0.36875 0.18958333333333333 0.015625 0.020833333333333332
1 0.33046875 0.18541666666666667 0.0171875 0.025
1 0.3125 0.18958333333333333 0.01875 0.03333333333333333
1 0.3015625 0.16875 0.021875 0.029166666666666667
1 0.5046875 0.190625 0.015625 0.03125



1 0.76796875 0.903125 0.0421875 0.08125
