
1 0.36875 0.96875 0.065625 0.05416666666666667
1 0.4421875 0.9239583333333333 0.059375 0.04791666666666667
1 0.22421875 0.9895833333333334 0.0578125 0.020833333333333332
1 0.3078125 0.9541666666666667 0.065625 0.05416666666666667
1 0.39296875 0.9052083333333333 0.0578125 0.04791666666666667
1 0.15546875 0.98125 0.0703125 0.0375
1 0.2453125 0.9385416666666667 0.0625 0.04791666666666667
1 0.321875 0.8958333333333334 0.053125 0.04583333333333333
1 0.3953125 0.85625 0.05625 0.04583333333333333
1 0.10703125 0.9697916666666667 0.0703125 0.05625
1 0.1890625 0.921875 0.065625 0.052083333333333336
1 0.278125 0.8770833333333333 0.071875 0.05416666666666667
1 0.3546875 0.834375 0.05625 0.04791666666666667







1 0.72578125 0.9375 0.0796875 0.125




5 0.4921875 0.7145833333333333 0.01875 0.029166666666666667
5 0.49140625 0.7135416666666666 0.0171875 0.027083333333333334
4 0.30546875 0.625 0.0140625 0.029166666666666667
4 0.43359375 0.6916666666666667 0.1390625 0.29583333333333334

5 0.44140625 0.64375 0.0109375 0.025
4 0.44140625 0.64375 0.0078125 0.020833333333333332
4 0.3484375 0.50625 0.00625 0.0125
4 0.36015625 0.49895833333333334 0.0109375 0.010416666666666666
5 0.509375 0.4083333333333333 0.009375 0.020833333333333332
1 0.584375 0.5385416666666667 0.025 0.04791666666666667
5 0.5140625 0.40625 0.00625 0.0125
5 0.584375 0.5385416666666667 0.025 0.04791666666666667
5 0.51015625 0.41354166666666664 0.0078125 0.014583333333333334
5 0.6171875 0.5395833333333333 0.025 0.020833333333333332
5 0.615625 0.51875 0.03125 0.0625




5 0.68984375 0.3645833333333333 0.0421875 0.041666666666666664
5 0.60859375 0.47604166666666664 0.0421875 0.13958333333333334
5 0.5890625 0.490625 0.0375 0.15208333333333332
5 0.59765625 0.428125 0.0234375 0.04375






3 0.7265625 0.9375 0.078125 0.125
1 0.66796875 0.765625 0.0390625 0.06875
1 0.59765625 0.42916666666666664 0.0234375 0.041666666666666664
1 0.50078125 0.11666666666666667 0.0296875 0.1125
1 0.5640625 0.22604166666666667 0.09375 0.45208333333333334
1 0.37734375 0.24895833333333334 0.0171875 0.022916666666666665
1 0.35625 0.24583333333333332 0.015625 0.025
1 0.375 0.22395833333333334 0.015625 0.022916666666666665
1 0.35625 0.221875 0.0125 0.01875
1 0.33671875 0.221875 0.0140625 0.022916666666666665
1 0.31796875 0.228125 0.0140625 0.022916666666666665
1 0.32109375 0.25625 0.0171875 0.03333333333333333
1 0.29921875 0.23125 0.0171875 0.025
1 0.278125 0.225 0.015625 0.020833333333333332
1 0.38359375 0.184375 0.0140625 0.01875
1 0.36875 0.18854166666666666 0.015625 0.022916666666666665
1 0.33046875 0.18541666666666667 0.0171875 0.025
1 0.3125 0.18958333333333333 0.01875 0.03333333333333333
1 0.3015625 0.16875 0.021875 0.029166666666666667
1 0.50546875 0.18854166666666666 0.0140625 0.027083333333333334



1 0.7703125 0.9104166666666667 0.04375 0.07916666666666666
