
1 0.36875 0.96875 0.065625 0.05416666666666667
1 0.4421875 0.9239583333333333 0.059375 0.04791666666666667
1 0.22421875 0.9895833333333334 0.0578125 0.020833333333333332
1 0.3078125 0.9541666666666667 0.065625 0.05416666666666667
1 0.39296875 0.9052083333333333 0.0578125 0.04791666666666667
1 0.15625 0.98125 0.071875 0.0375
1 0.2453125 0.9385416666666667 0.0625 0.04791666666666667
1 0.321875 0.8958333333333334 0.053125 0.04583333333333333
1 0.39453125 0.85625 0.0578125 0.04583333333333333
1 0.10703125 0.9697916666666667 0.0703125 0.05625
1 0.1890625 0.921875 0.065625 0.052083333333333336
1 0.278125 0.8770833333333333 0.071875 0.05416666666666667
1 0.3546875 0.834375 0.05625 0.04791666666666667







1 0.728125 0.9427083333333334 0.075 0.11458333333333333




5 0.49765625 0.71875 0.0203125 0.029166666666666667
5 0.49765625 0.71875 0.0203125 0.029166666666666667
4 0.303125 0.6270833333333333 0.009375 0.025
4 0.43125 0.6916666666666667 0.14375 0.29583333333333334

5 0.44296875 0.6489583333333333 0.0109375 0.022916666666666665
4 0.44296875 0.6479166666666667 0.0078125 0.020833333333333332
4 0.35 0.5052083333333334 0.00625 0.014583333333333334
4 0.35625 0.5020833333333333 0.0125 0.0125
5 0.5109375 0.40729166666666666 0.009375 0.01875
1 0.5859375 0.546875 0.025 0.04791666666666667
5 0.515625 0.40520833333333334 0.00625 0.010416666666666666
5 0.5859375 0.5479166666666667 0.025 0.05
5 0.5109375 0.4114583333333333 0.00625 0.014583333333333334
5 0.61875 0.5489583333333333 0.025 0.027083333333333334
5 0.6171875 0.5270833333333333 0.03125 0.06666666666666667




5 0.6921875 0.3645833333333333 0.040625 0.041666666666666664
5 0.61015625 0.4822916666666667 0.0453125 0.14791666666666667
5 0.5890625 0.496875 0.0375 0.16041666666666668
5 0.59921875 0.4322916666666667 0.0234375 0.04791666666666667






3 0.728125 0.9427083333333334 0.075 0.11458333333333333
1 0.671875 0.778125 0.040625 0.07291666666666667
1 0.6 0.43333333333333335 0.025 0.05
1 0.50078125 0.11666666666666667 0.0265625 0.10833333333333334
1 0.5640625 0.228125 0.096875 0.45625
1 0.37734375 0.24895833333333334 0.0171875 0.022916666666666665
1 0.35546875 0.24583333333333332 0.0171875 0.025
1 0.375 0.22395833333333334 0.015625 0.022916666666666665
1 0.35625 0.221875 0.0125 0.01875
1 0.33671875 0.221875 0.0140625 0.022916666666666665
1 0.31796875 0.22708333333333333 0.0140625 0.020833333333333332
1 0.32109375 0.25625 0.0171875 0.03333333333333333
1 0.29921875 0.23020833333333332 0.0171875 0.022916666666666665
1 0.278125 0.225 0.015625 0.020833333333333332
1 0.38359375 0.184375 0.0140625 0.01875
1 0.36875 0.18854166666666666 0.01875 0.022916666666666665
1 0.33046875 0.18541666666666667 0.0171875 0.025
1 0.31328125 0.18958333333333333 0.0203125 0.03333333333333333
1 0.3015625 0.16875 0.021875 0.029166666666666667
1 0.50546875 0.18854166666666666 0.0140625 0.027083333333333334



1 0.7734375 0.91875 0.04375 0.08333333333333333
