
1 0.36875 0.96875 0.065625 0.05416666666666667
1 0.44140625 0.9239583333333333 0.0578125 0.04791666666666667
1 0.22421875 0.9895833333333334 0.0578125 0.020833333333333332
1 0.3078125 0.953125 0.065625 0.05625
1 0.39296875 0.9052083333333333 0.0578125 0.04791666666666667
1 0.15546875 0.98125 0.0703125 0.0375
1 0.2453125 0.9385416666666667 0.0625 0.04791666666666667
1 0.321875 0.8958333333333334 0.053125 0.04583333333333333
1 0.3953125 0.85625 0.05625 0.04583333333333333
1 0.10625 0.9697916666666667 0.06875 0.05625
1 0.1890625 0.921875 0.065625 0.052083333333333336
1 0.278125 0.8770833333333333 0.071875 0.05416666666666667
1 0.3546875 0.834375 0.05625 0.04791666666666667







1 0.72890625 0.946875 0.0734375 0.10625




5 0.50078125 0.721875 0.0203125 0.027083333333333334
5 0.50078125 0.721875 0.0203125 0.027083333333333334
4 0.30234375 0.6270833333333333 0.0109375 0.025
4 0.43203125 0.6895833333333333 0.1421875 0.2916666666666667

5 0.44375 0.6510416666666666 0.009375 0.022916666666666665
4 0.44296875 0.65 0.0078125 0.020833333333333332
4 0.34921875 0.50625 0.0078125 0.0125
4 0.36015625 0.49895833333333334 0.0109375 0.010416666666666666
5 0.51171875 0.40625 0.0078125 0.020833333333333332
1 0.5875 0.5520833333333334 0.025 0.04583333333333333
5 0.51484375 0.403125 0.0078125 0.01875
5 0.5875 0.5520833333333334 0.025 0.04583333333333333
5 0.51171875 0.40625 0.0078125 0.020833333333333332
5 0.6203125 0.5510416666666667 0.025 0.022916666666666665
5 0.61796875 0.528125 0.0296875 0.06041666666666667




5 0.69375 0.36666666666666664 0.040625 0.041666666666666664
5 0.6109375 0.484375 0.04375 0.14791666666666667
5 0.590625 0.5 0.034375 0.1625
5 0.59921875 0.434375 0.0234375 0.04791666666666667






3 0.7296875 0.946875 0.071875 0.10625
1 0.67421875 0.7854166666666667 0.0390625 0.07083333333333333
1 0.59921875 0.4354166666666667 0.0234375 0.04583333333333333
1 0.5015625 0.13125 0.03125 0.14166666666666666
1 0.5640625 0.23020833333333332 0.096875 0.46041666666666664
1 0.37734375 0.24895833333333334 0.0171875 0.022916666666666665
1 0.35625 0.24583333333333332 0.015625 0.025
1 0.37578125 0.22395833333333334 0.0171875 0.022916666666666665
1 0.35625 0.22083333333333333 0.0125 0.016666666666666666
1 0.33671875 0.221875 0.0140625 0.022916666666666665
1 0.31796875 0.22708333333333333 0.0140625 0.020833333333333332
1 0.32109375 0.25625 0.0171875 0.03333333333333333
1 0.29921875 0.23020833333333332 0.0171875 0.022916666666666665
1 0.278125 0.22395833333333334 0.015625 0.01875
1 0.38359375 0.184375 0.0140625 0.01875
1 0.36796875 0.18854166666666666 0.0171875 0.022916666666666665
1 0.33046875 0.18541666666666667 0.0171875 0.025
1 0.31328125 0.18958333333333333 0.0203125 0.03333333333333333
1 0.3015625 0.16875 0.021875 0.029166666666666667
1 0.50546875 0.18854166666666666 0.0140625 0.027083333333333334



1 0.7765625 0.9260416666666667 0.04375 0.08541666666666667
