
1 0.36875 0.96875 0.065625 0.05416666666666667
1 0.44140625 0.9239583333333333 0.0578125 0.04791666666666667
1 0.22421875 0.9895833333333334 0.0578125 0.020833333333333332
1 0.3078125 0.9520833333333333 0.065625 0.05416666666666667
1 0.39296875 0.9052083333333333 0.0578125 0.04791666666666667
1 0.15625 0.98125 0.071875 0.0375
1 0.2453125 0.9385416666666667 0.0625 0.04791666666666667
1 0.321875 0.8958333333333334 0.053125 0.04583333333333333
1 0.39453125 0.85625 0.0578125 0.04583333333333333
1 0.10703125 0.9697916666666667 0.0703125 0.05625
1 0.1890625 0.921875 0.065625 0.052083333333333336
1 0.278125 0.8770833333333333 0.071875 0.05416666666666667
1 0.3546875 0.834375 0.05625 0.04791666666666667







1 0.73203125 0.953125 0.0703125 0.09375




5 0.50703125 0.7291666666666666 0.0203125 0.029166666666666667
5 0.50625 0.7291666666666666 0.01875 0.029166666666666667
4 0.30078125 0.6260416666666667 0.0140625 0.027083333333333334
4 0.43359375 0.6927083333333334 0.1453125 0.29791666666666666

5 0.44453125 0.653125 0.0109375 0.022916666666666665
4 0.44453125 0.6520833333333333 0.0078125 0.020833333333333332
4 0.34921875 0.50625 0.0078125 0.0125
4 0.36015625 0.49895833333333334 0.0109375 0.010416666666666666
5 0.5109375 0.403125 0.009375 0.022916666666666665
1 0.58984375 0.5614583333333333 0.0265625 0.04791666666666667
5 0.515625 0.403125 0.009375 0.01875
5 0.58984375 0.5614583333333333 0.0265625 0.04791666666666667
5 0.51171875 0.40520833333333334 0.0078125 0.01875
5 0.621875 0.5583333333333333 0.025 0.025
5 0.61953125 0.5354166666666667 0.0296875 0.0625




5 0.69609375 0.36875 0.0421875 0.041666666666666664
5 0.6125 0.49166666666666664 0.046875 0.14583333333333334
5 0.59296875 0.5083333333333333 0.0359375 0.16666666666666666
5 0.60078125 0.4427083333333333 0.0234375 0.04375






3 0.73125 0.953125 0.06875 0.09375
1 0.6796875 0.7958333333333333 0.040625 0.07083333333333333
1 0.60078125 0.4427083333333333 0.0234375 0.04375
1 0.50078125 0.13229166666666667 0.0296875 0.13958333333333334
1 0.5640625 0.23333333333333334 0.096875 0.4625
1 0.37734375 0.24895833333333334 0.0171875 0.022916666666666665
1 0.35625 0.24583333333333332 0.015625 0.025
1 0.37578125 0.22395833333333334 0.0171875 0.022916666666666665
1 0.35625 0.22083333333333333 0.0125 0.016666666666666666
1 0.33671875 0.221875 0.0140625 0.022916666666666665
1 0.31796875 0.22708333333333333 0.0140625 0.020833333333333332
1 0.32109375 0.25625 0.0171875 0.03333333333333333
1 0.29921875 0.23020833333333332 0.0171875 0.022916666666666665
1 0.27890625 0.22395833333333334 0.0171875 0.01875
1 0.38359375 0.184375 0.0140625 0.01875
1 0.36796875 0.1875 0.0140625 0.020833333333333332
1 0.33046875 0.18541666666666667 0.0171875 0.025
1 0.31328125 0.18958333333333333 0.0203125 0.03333333333333333
1 0.3015625 0.16875 0.021875 0.029166666666666667
1 0.50546875 0.190625 0.0140625 0.027083333333333334



1 0.78046875 0.9375 0.0453125 0.08333333333333333
