
1 0.36875 0.96875 0.065625 0.05416666666666667
1 0.44140625 0.9229166666666667 0.0578125 0.05
1 0.22421875 0.9885416666666667 0.0578125 0.022916666666666665
1 0.3078125 0.9520833333333333 0.065625 0.05416666666666667
1 0.39296875 0.9052083333333333 0.0578125 0.04791666666666667
1 0.15625 0.98125 0.071875 0.0375
1 0.2453125 0.9385416666666667 0.0625 0.04791666666666667
1 0.321875 0.8958333333333334 0.053125 0.04583333333333333
1 0.39453125 0.85625 0.0578125 0.04583333333333333
1 0.10703125 0.9697916666666667 0.0703125 0.05625
1 0.1890625 0.921875 0.065625 0.052083333333333336
1 0.278125 0.8770833333333333 0.071875 0.05416666666666667
1 0.3546875 0.834375 0.05625 0.04791666666666667







1 0.7328125 0.95625 0.06875 0.0875




5 0.51015625 0.7333333333333333 0.0203125 0.029166666666666667
5 0.509375 0.7333333333333333 0.01875 0.029166666666666667
4 0.2984375 0.6260416666666667 0.015625 0.027083333333333334
4 0.4265625 0.6854166666666667 0.14375 0.2916666666666667

5 0.4453125 0.6552083333333333 0.009375 0.027083333333333334
4 0.44609375 0.653125 0.0046875 0.014583333333333334
4 0.3484375 0.50625 0.00625 0.0125
4 0.359375 0.5 0.0125 0.0125
5 0.51171875 0.4041666666666667 0.0078125 0.020833333333333332
1 0.59140625 0.5666666666666667 0.0265625 0.05
5 0.515625 0.4010416666666667 0.009375 0.01875
5 0.59140625 0.5666666666666667 0.0265625 0.05
5 0.51328125 0.4083333333333333 0.0078125 0.0125
5 0.62265625 0.5635416666666667 0.0265625 0.027083333333333334
5 0.62109375 0.5395833333333333 0.0296875 0.0625




5 0.6984375 0.37083333333333335 0.040625 0.041666666666666664
5 0.61328125 0.496875 0.0453125 0.14375
5 0.59453125 0.5125 0.0359375 0.16666666666666666
5 0.60078125 0.446875 0.0234375 0.04791666666666667





1 0.5140625 0.3 0.025 0.20833333333333334
3 0.73359375 0.95625 0.0671875 0.0875
1 0.68203125 0.8041666666666667 0.0421875 0.075
1 0.60078125 0.446875 0.0234375 0.04375
1 0.5015625 0.13125 0.028125 0.14166666666666666
1 0.56484375 0.23541666666666666 0.0984375 0.4708333333333333
1 0.37734375 0.24895833333333334 0.0171875 0.022916666666666665
1 0.35625 0.24583333333333332 0.015625 0.025
1 0.375 0.22395833333333334 0.015625 0.022916666666666665
1 0.35546875 0.221875 0.0140625 0.01875
1 0.33671875 0.221875 0.0140625 0.022916666666666665
1 0.31796875 0.228125 0.0140625 0.022916666666666665
1 0.32109375 0.25625 0.0171875 0.03333333333333333
1 0.29921875 0.23020833333333332 0.0171875 0.022916666666666665
1 0.278125 0.22395833333333334 0.015625 0.01875
1 0.38359375 0.184375 0.0140625 0.01875
1 0.36796875 0.1875 0.0140625 0.020833333333333332
1 0.33046875 0.18541666666666667 0.0171875 0.025
1 0.31328125 0.18958333333333333 0.0203125 0.03333333333333333
1 0.3015625 0.16875 0.021875 0.029166666666666667
1 0.50546875 0.190625 0.0140625 0.027083333333333334



1 0.78203125 0.94375 0.0453125 0.08333333333333333
