
1 0.36875 0.96875 0.065625 0.05416666666666667
1 0.440625 0.9239583333333333 0.05625 0.04791666666666667
1 0.22421875 0.9895833333333334 0.0578125 0.020833333333333332
1 0.3078125 0.9520833333333333 0.065625 0.05416666666666667
1 0.39296875 0.9041666666666667 0.0578125 0.05
1 0.15625 0.98125 0.071875 0.0375
1 0.24453125 0.9385416666666667 0.0609375 0.04791666666666667
1 0.321875 0.8958333333333334 0.053125 0.04583333333333333
1 0.39453125 0.85625 0.0578125 0.04583333333333333
1 0.10625 0.9697916666666667 0.06875 0.05625
1 0.1890625 0.921875 0.065625 0.052083333333333336
1 0.278125 0.8770833333333333 0.071875 0.05416666666666667
1 0.3546875 0.834375 0.05625 0.04791666666666667







1 0.73515625 0.9625 0.0640625 0.075




5 0.5140625 0.7375 0.01875 0.029166666666666667
5 0.5140625 0.7375 0.01875 0.029166666666666667
4 0.2953125 0.6260416666666667 0.0125 0.027083333333333334
4 0.41875 0.6802083333333333 0.128125 0.28125

5 0.446875 0.659375 0.009375 0.022916666666666665
4 0.446875 0.6604166666666667 0.009375 0.020833333333333332
4 0.3484375 0.5052083333333334 0.00625 0.014583333333333334
4 0.359375 0.49895833333333334 0.0125 0.010416666666666666
5 0.5125 0.40208333333333335 0.00625 0.020833333333333332
1 0.59375 0.5760416666666667 0.028125 0.052083333333333336
5 0.51875 0.4 0.00625 0.016666666666666666
5 0.59375 0.5760416666666667 0.028125 0.04791666666666667
5 0.51484375 0.40520833333333334 0.0078125 0.014583333333333334
5 0.62421875 0.56875 0.0265625 0.020833333333333332
5 0.621875 0.5479166666666667 0.03125 0.06666666666666667




5 0.7015625 0.3729166666666667 0.040625 0.041666666666666664
5 0.6140625 0.5041666666666667 0.046875 0.14583333333333334
5 0.5953125 0.5197916666666667 0.034375 0.16875
5 0.60234375 0.453125 0.0234375 0.04375





1 0.51171875 0.321875 0.0203125 0.17291666666666666
3 0.73515625 0.9635416666666666 0.0640625 0.07291666666666667
1 0.6859375 0.8166666666666667 0.04375 0.07916666666666666
1 0.60234375 0.453125 0.0234375 0.04375
1 0.5015625 0.13125 0.028125 0.14166666666666666
1 0.56484375 0.23854166666666668 0.0984375 0.47708333333333336
1 0.37734375 0.24895833333333334 0.0171875 0.022916666666666665
1 0.35625 0.24583333333333332 0.015625 0.025
1 0.37578125 0.22395833333333334 0.0171875 0.022916666666666665
1 0.35625 0.22083333333333333 0.0125 0.016666666666666666
1 0.33671875 0.221875 0.0140625 0.022916666666666665
1 0.31796875 0.22708333333333333 0.0140625 0.020833333333333332
1 0.32109375 0.25625 0.0171875 0.03333333333333333
1 0.29921875 0.23020833333333332 0.0171875 0.022916666666666665
1 0.278125 0.22395833333333334 0.015625 0.01875
1 0.384375 0.18333333333333332 0.015625 0.020833333333333332
1 0.36796875 0.1875 0.0140625 0.020833333333333332
1 0.33046875 0.18541666666666667 0.0171875 0.025
1 0.3125 0.18958333333333333 0.01875 0.03333333333333333
1 0.3015625 0.16875 0.021875 0.029166666666666667
1 0.50546875 0.19375 0.0171875 0.03333333333333333



1 0.78671875 0.9552083333333333 0.0453125 0.08958333333333333
