
1 0.36875 0.96875 0.065625 0.05416666666666667
1 0.4421875 0.9229166666666667 0.059375 0.05
1 0.22421875 0.9885416666666667 0.0578125 0.022916666666666665
1 0.3078125 0.9520833333333333 0.065625 0.05416666666666667
1 0.39296875 0.9041666666666667 0.0578125 0.05
1 0.15625 0.9802083333333333 0.071875 0.03958333333333333
1 0.2453125 0.9385416666666667 0.0625 0.04791666666666667
1 0.321875 0.8958333333333334 0.053125 0.04583333333333333
1 0.39453125 0.85625 0.0578125 0.04583333333333333
1 0.10703125 0.9697916666666667 0.0703125 0.05625
1 0.1890625 0.921875 0.065625 0.052083333333333336
1 0.278125 0.8770833333333333 0.071875 0.05416666666666667
1 0.3546875 0.8333333333333334 0.05625 0.04583333333333333







1 0.7359375 0.9666666666666667 0.0625 0.06666666666666667




5 0.5171875 0.7427083333333333 0.01875 0.027083333333333334
5 0.5171875 0.7416666666666667 0.01875 0.025
4 0.2953125 0.6260416666666667 0.009375 0.022916666666666665
4 0.37109375 0.5427083333333333 0.0140625 0.014583333333333334

5 0.44765625 0.6614583333333334 0.0109375 0.022916666666666665
4 0.446875 0.6614583333333334 0.009375 0.01875
4 0.3484375 0.50625 0.00625 0.0125
4 0.359375 0.49895833333333334 0.0125 0.010416666666666666
5 0.5125 0.40208333333333335 0.00625 0.016666666666666666
1 0.5953125 0.58125 0.028125 0.05
5 0.51875 0.39895833333333336 0.00625 0.01875
5 0.5953125 0.58125 0.028125 0.05
5 0.515625 0.40520833333333334 0.00625 0.010416666666666666
5 0.62578125 0.5739583333333333 0.0265625 0.022916666666666665
5 0.62421875 0.55 0.0296875 0.0625




5 0.70390625 0.37395833333333334 0.0421875 0.04375
5 0.61484375 0.50625 0.0484375 0.14166666666666666
5 0.596875 0.5260416666666666 0.034375 0.17291666666666666
5 0.603125 0.45729166666666665 0.025 0.04375





1 0.51171875 0.3229166666666667 0.0203125 0.175
3 0.73671875 0.9666666666666667 0.0609375 0.06666666666666667
1 0.6890625 0.8229166666666666 0.04375 0.07916666666666666
1 0.60234375 0.45729166666666665 0.0234375 0.04375
1 0.5015625 0.13125 0.028125 0.14166666666666666
1 0.56640625 0.24166666666666667 0.0984375 0.475
1 0.37734375 0.24895833333333334 0.0171875 0.022916666666666665
1 0.35625 0.24583333333333332 0.015625 0.025
1 0.375 0.22395833333333334 0.015625 0.022916666666666665
1 0.35625 0.22083333333333333 0.0125 0.016666666666666666
1 0.33671875 0.221875 0.0140625 0.022916666666666665
1 0.31796875 0.22708333333333333 0.0140625 0.020833333333333332
1 0.32109375 0.25625 0.0171875 0.03333333333333333
1 0.29921875 0.22916666666666666 0.0171875 0.025
1 0.27890625 0.22395833333333334 0.0140625 0.01875
1 0.384375 0.18333333333333332 0.015625 0.020833333333333332
1 0.36875 0.18854166666666666 0.01875 0.022916666666666665
1 0.33046875 0.18541666666666667 0.0171875 0.025
1 0.3125 0.18958333333333333 0.01875 0.03333333333333333
1 0.3015625 0.16770833333333332 0.021875 0.03125
1 0.50546875 0.19270833333333334 0.0171875 0.03125



1 0.78984375 0.959375 0.0453125 0.08125
