
1 0.36875 0.96875 0.065625 0.05416666666666667
1 0.4421875 0.9229166666666667 0.059375 0.05
1 0.2234375 0.9885416666666667 0.059375 0.022916666666666665
1 0.3078125 0.9520833333333333 0.065625 0.05416666666666667
1 0.39296875 0.9052083333333333 0.0578125 0.04791666666666667
1 0.15625 0.9802083333333333 0.071875 0.03958333333333333
1 0.2453125 0.9385416666666667 0.0625 0.04791666666666667
1 0.321875 0.8958333333333334 0.053125 0.04583333333333333
1 0.39453125 0.85625 0.0578125 0.04583333333333333
1 0.10703125 0.9697916666666667 0.0703125 0.05625
1 0.1890625 0.921875 0.065625 0.052083333333333336
1 0.27734375 0.8760416666666667 0.0734375 0.05625
1 0.3546875 0.8333333333333334 0.05625 0.04583333333333333







1 0.73828125 0.9729166666666667 0.0578125 0.05416666666666667




5 0.5234375 0.7479166666666667 0.01875 0.029166666666666667
5 0.5234375 0.7489583333333333 0.01875 0.027083333333333334
4 0.29375 0.6260416666666667 0.0125 0.027083333333333334
4 0.38984375 0.5291666666666667 0.0234375 0.016666666666666666

5 0.44921875 0.6677083333333333 0.0109375 0.022916666666666665
4 0.45 0.6666666666666666 0.009375 0.020833333333333332
4 0.3484375 0.5052083333333334 0.00625 0.014583333333333334
4 0.3578125 0.5 0.0125 0.0125
5 0.5140625 0.4010416666666667 0.00625 0.014583333333333334
1 0.5984375 0.5916666666666667 0.028125 0.05
5 0.51875 0.39895833333333336 0.00625 0.014583333333333334
5 0.5984375 0.5916666666666667 0.028125 0.05
5 0.51640625 0.403125 0.0078125 0.010416666666666666
5 0.62734375 0.58125 0.0265625 0.025
5 0.62578125 0.55625 0.0296875 0.0625




5 0.7078125 0.37604166666666666 0.04375 0.04375
5 0.61640625 0.5125 0.0484375 0.14583333333333334
5 0.59921875 0.5354166666666667 0.0328125 0.17083333333333334
5 0.60390625 0.46145833333333336 0.0265625 0.04375





1 0.5125 0.3229166666666667 0.021875 0.17083333333333334
3 0.73828125 0.9729166666666667 0.0578125 0.05416666666666667
1 0.6921875 0.8364583333333333 0.04375 0.08125
1 0.603125 0.46145833333333336 0.025 0.04375
1 0.50078125 0.13229166666666667 0.0265625 0.13958333333333334
1 0.5671875 0.24479166666666666 0.1 0.48125
1 0.37734375 0.24895833333333334 0.0171875 0.022916666666666665
1 0.35625 0.24583333333333332 0.015625 0.025
1 0.375 0.22395833333333334 0.015625 0.022916666666666665
1 0.35625 0.22083333333333333 0.0125 0.016666666666666666
1 0.33671875 0.221875 0.0140625 0.022916666666666665
1 0.31796875 0.228125 0.0140625 0.022916666666666665
1 0.32109375 0.25625 0.0171875 0.03333333333333333
1 0.29921875 0.22916666666666666 0.0171875 0.025
1 0.2796875 0.22395833333333334 0.015625 0.01875
1 0.384375 0.18333333333333332 0.015625 0.020833333333333332
1 0.36875 0.1875 0.015625 0.020833333333333332
1 0.33046875 0.184375 0.0171875 0.022916666666666665
1 0.31328125 0.18958333333333333 0.0203125 0.03333333333333333
1 0.3015625 0.16875 0.021875 0.029166666666666667
1 0.50625 0.19479166666666667 0.015625 0.03125



1 0.7921875 0.9645833333333333 0.04375 0.07083333333333333
