
1 0.36875 0.96875 0.065625 0.05416666666666667
1 0.44140625 0.921875 0.0578125 0.04791666666666667
1 0.22421875 0.9885416666666667 0.0578125 0.022916666666666665
1 0.3078125 0.9520833333333333 0.065625 0.05416666666666667
1 0.39296875 0.9041666666666667 0.0578125 0.05
1 0.15625 0.98125 0.071875 0.0375
1 0.2453125 0.9375 0.0625 0.04583333333333333
1 0.321875 0.8958333333333334 0.053125 0.04583333333333333
1 0.3953125 0.85625 0.05625 0.04583333333333333
1 0.10703125 0.9697916666666667 0.0703125 0.05625
1 0.1890625 0.921875 0.065625 0.052083333333333336
1 0.278125 0.8760416666666667 0.071875 0.05625
1 0.3546875 0.8333333333333334 0.05625 0.04583333333333333







1 0.7421875 0.9833333333333333 0.053125 0.03333333333333333




5 0.53203125 0.759375 0.0203125 0.027083333333333334
5 0.5328125 0.759375 0.01875 0.027083333333333334
4 0.28984375 0.6260416666666667 0.0140625 0.027083333333333334
4 0.3953125 0.53125 0.0125 0.016666666666666666

5 0.45078125 0.6739583333333333 0.0109375 0.022916666666666665
4 0.4515625 0.6739583333333333 0.009375 0.01875
4 0.34921875 0.50625 0.0078125 0.0125
4 0.36015625 0.49895833333333334 0.0109375 0.010416666666666666
5 0.5140625 0.39895833333333336 0.00625 0.010416666666666666
1 0.603125 0.60625 0.028125 0.05
5 0.51953125 0.3958333333333333 0.0078125 0.016666666666666666
5 0.603125 0.6072916666666667 0.028125 0.052083333333333336
5 0.5140625 0.39791666666666664 0.009375 0.016666666666666666
5 0.63203125 0.5927083333333333 0.0265625 0.022916666666666665
5 0.62890625 0.56875 0.0328125 0.06666666666666667




5 0.71171875 0.3802083333333333 0.0453125 0.04375
5 0.61953125 0.5239583333333333 0.0515625 0.14791666666666667
5 0.603125 0.5427083333333333 0.03125 0.18541666666666667
5 0.60625 0.47291666666666665 0.025 0.04583333333333333





1 0.52265625 0.3229166666666667 0.0328125 0.1625
3 0.7421875 0.984375 0.05 0.03125
1 0.69921875 0.853125 0.0453125 0.07708333333333334
1 0.60546875 0.47291666666666665 0.0265625 0.04583333333333333
1 0.50078125 0.13125 0.0265625 0.14166666666666666
1 0.56875 0.25104166666666666 0.103125 0.4895833333333333
1 0.37734375 0.24895833333333334 0.0171875 0.022916666666666665
1 0.35625 0.24583333333333332 0.015625 0.025
1 0.375 0.22395833333333334 0.015625 0.022916666666666665
1 0.35625 0.22083333333333333 0.0125 0.016666666666666666
1 0.33671875 0.221875 0.0140625 0.022916666666666665
1 0.31796875 0.228125 0.0140625 0.022916666666666665
1 0.32109375 0.25625 0.0171875 0.03333333333333333
1 0.29921875 0.22916666666666666 0.0171875 0.025
1 0.2796875 0.22395833333333334 0.015625 0.01875
1 0.384375 0.18333333333333332 0.015625 0.020833333333333332
1 0.36875 0.18854166666666666 0.01875 0.022916666666666665
1 0.33046875 0.184375 0.0171875 0.022916666666666665
1 0.31328125 0.18958333333333333 0.0203125 0.03333333333333333
1 0.3015625 0.16666666666666666 0.021875 0.029166666666666667
1 0.50703125 0.196875 0.0171875 0.03125



1 0.7984375 0.9739583333333334 0.040625 0.052083333333333336
