
1 0.36875 0.96875 0.065625 0.05416666666666667
1 0.440625 0.921875 0.05625 0.04791666666666667
1 0.22421875 0.9885416666666667 0.0578125 0.022916666666666665
1 0.3078125 0.9520833333333333 0.065625 0.05416666666666667
1 0.39375 0.9041666666666667 0.05625 0.05
1 0.15625 0.98125 0.071875 0.0375
1 0.2453125 0.9385416666666667 0.0625 0.04791666666666667
1 0.321875 0.8958333333333334 0.053125 0.04583333333333333
1 0.3953125 0.85625 0.05625 0.04583333333333333
1 0.10703125 0.96875 0.0703125 0.05416666666666667
1 0.1890625 0.921875 0.065625 0.052083333333333336
1 0.278125 0.8760416666666667 0.071875 0.05625
1 0.3546875 0.8333333333333334 0.05625 0.04583333333333333







1 0.74375 0.9875 0.046875 0.025




5 0.53515625 0.7645833333333333 0.0203125 0.029166666666666667
5 0.5359375 0.7635416666666667 0.01875 0.027083333333333334
4 0.28984375 0.6270833333333333 0.0140625 0.025
4 0.39453125 0.53125 0.0140625 0.016666666666666666

5 0.45234375 0.675 0.0109375 0.020833333333333332
4 0.45234375 0.6760416666666667 0.0109375 0.01875
4 0.3484375 0.5052083333333334 0.00625 0.014583333333333334
4 0.359375 0.49895833333333334 0.0125 0.010416666666666666
5 0.515625 0.4 0.00625 0.008333333333333333
1 0.60546875 0.6125 0.0296875 0.05416666666666667
5 0.5203125 0.39479166666666665 0.00625 0.014583333333333334
5 0.60546875 0.6125 0.0296875 0.05416666666666667
5 0.515625 0.39895833333333336 0.00625 0.010416666666666666
5 0.63359375 0.596875 0.0265625 0.022916666666666665
5 0.63046875 0.5729166666666666 0.0328125 0.0625




5 0.7140625 0.38125 0.04375 0.04583333333333333
5 0.62109375 0.5291666666666667 0.0515625 0.15
5 0.60546875 0.5447916666666667 0.0296875 0.18125
5 0.60703125 0.47708333333333336 0.0265625 0.04583333333333333





1 0.53125 0.275 0.01875 0.04583333333333333
3 0.74453125 0.9885416666666667 0.0453125 0.022916666666666665
1 0.703125 0.8604166666666667 0.04375 0.07916666666666666
1 0.60625 0.47604166666666664 0.025 0.04375
1 0.5015625 0.13125 0.028125 0.14166666666666666
1 0.56875 0.253125 0.103125 0.49375
1 0.37734375 0.24895833333333334 0.0171875 0.022916666666666665
1 0.35625 0.24583333333333332 0.015625 0.025
1 0.37578125 0.22395833333333334 0.0171875 0.022916666666666665
1 0.35546875 0.221875 0.0140625 0.01875
1 0.33671875 0.221875 0.0140625 0.022916666666666665
1 0.31796875 0.22708333333333333 0.0140625 0.020833333333333332
1 0.32109375 0.25625 0.0171875 0.03333333333333333
1 0.29921875 0.22916666666666666 0.0171875 0.025
1 0.2796875 0.22395833333333334 0.015625 0.01875
1 0.384375 0.18333333333333332 0.015625 0.020833333333333332
1 0.36875 0.18854166666666666 0.01875 0.022916666666666665
1 0.33046875 0.184375 0.0171875 0.022916666666666665
1 0.31328125 0.18958333333333333 0.0203125 0.03333333333333333
1 0.3015625 0.16770833333333332 0.021875 0.03125
1 0.50703125 0.19791666666666666 0.0171875 0.029166666666666667



1 0.8 0.9770833333333333 0.040625 0.04583333333333333
