
1 0.36875 0.96875 0.065625 0.05416666666666667
1 0.4421875 0.9229166666666667 0.059375 0.05
1 0.2234375 0.9885416666666667 0.059375 0.022916666666666665
1 0.3078125 0.9520833333333333 0.065625 0.05416666666666667
1 0.39296875 0.9052083333333333 0.0578125 0.04791666666666667
1 0.15625 0.9802083333333333 0.071875 0.03958333333333333
1 0.2453125 0.9375 0.0625 0.04583333333333333
1 0.32265625 0.8958333333333334 0.0515625 0.04583333333333333
1 0.3953125 0.85625 0.05625 0.04583333333333333
1 0.10703125 0.96875 0.0703125 0.05416666666666667
1 0.1890625 0.921875 0.065625 0.052083333333333336
1 0.278125 0.8760416666666667 0.071875 0.05625
1 0.35546875 0.8333333333333334 0.0578125 0.04583333333333333







1 0.74765625 0.99375 0.0390625 0.0125




5 0.540625 0.7708333333333334 0.01875 0.029166666666666667
5 0.540625 0.7697916666666667 0.01875 0.027083333333333334
4 0.28828125 0.6270833333333333 0.0140625 0.025
4 0.39375 0.5302083333333333 0.015625 0.01875

5 0.4546875 0.68125 0.009375 0.020833333333333332
4 0.4546875 0.6802083333333333 0.009375 0.01875
4 0.34921875 0.5072916666666667 0.0078125 0.010416666666666666
4 0.36015625 0.49895833333333334 0.0109375 0.010416666666666666
5 0.515625 0.39895833333333336 0.00625 0.010416666666666666
1 0.60859375 0.6229166666666667 0.0296875 0.05416666666666667
5 0.52109375 0.39479166666666665 0.0078125 0.014583333333333334
5 0.60859375 0.6239583333333333 0.0296875 0.052083333333333336
5 0.51875 0.396875 0.009375 0.014583333333333334
5 0.63515625 0.6041666666666666 0.0265625 0.025
5 0.63203125 0.5791666666666667 0.0328125 0.0625




5 0.71640625 0.38333333333333336 0.0421875 0.04583333333333333
5 0.62265625 0.534375 0.0515625 0.15208333333333332
5 0.6078125 0.553125 0.028125 0.18958333333333333
5 0.6078125 0.48125 0.025 0.04583333333333333





1 0.521875 0.3260416666666667 0.034375 0.15208333333333332
3 0.74765625 0.99375 0.0390625 0.0125
1 0.70703125 0.8739583333333333 0.0453125 0.08125
1 0.6078125 0.48125 0.025 0.04583333333333333
1 0.50078125 0.13125 0.0265625 0.14166666666666666
1 0.56953125 0.25729166666666664 0.1046875 0.49375
1 0.37734375 0.24895833333333334 0.0171875 0.022916666666666665
1 0.35625 0.24583333333333332 0.015625 0.025
1 0.37578125 0.22395833333333334 0.0171875 0.022916666666666665
1 0.35625 0.22083333333333333 0.0125 0.016666666666666666
1 0.3375 0.221875 0.015625 0.022916666666666665
1 0.31796875 0.22708333333333333 0.0140625 0.020833333333333332
1 0.32109375 0.2552083333333333 0.0171875 0.035416666666666666
1 0.29921875 0.22916666666666666 0.0171875 0.025
1 0.2796875 0.22395833333333334 0.015625 0.01875
1 0.384375 0.18333333333333332 0.015625 0.020833333333333332
1 0.36875 0.1875 0.015625 0.020833333333333332
1 0.33046875 0.184375 0.0171875 0.022916666666666665
1 0.31328125 0.18854166666666666 0.0203125 0.03125
1 0.3015625 0.16770833333333332 0.021875 0.03125
1 0.50703125 0.19895833333333332 0.0171875 0.03125



1 0.80234375 0.9833333333333333 0.0359375 0.03333333333333333
