
1 0.36875 0.96875 0.065625 0.05416666666666667
1 0.4421875 0.9229166666666667 0.059375 0.05
1 0.22421875 0.9885416666666667 0.0578125 0.022916666666666665
1 0.3078125 0.9520833333333333 0.065625 0.05416666666666667
1 0.39296875 0.9052083333333333 0.0578125 0.04791666666666667
1 0.15625 0.9802083333333333 0.071875 0.03958333333333333
1 0.2453125 0.9375 0.0625 0.04583333333333333
1 0.32265625 0.8958333333333334 0.0515625 0.04583333333333333
1 0.3953125 0.8552083333333333 0.05625 0.04791666666666667
1 0.10703125 0.96875 0.0703125 0.05416666666666667
1 0.18828125 0.921875 0.0640625 0.052083333333333336
1 0.278125 0.8760416666666667 0.071875 0.05625
1 0.35546875 0.8333333333333334 0.0546875 0.04583333333333333







1 0.75703125 0.996875 0.0203125 0.00625




5 0.54453125 0.7760416666666666 0.0203125 0.03125
5 0.5453125 0.7760416666666666 0.01875 0.03125
4 0.2859375 0.6270833333333333 0.009375 0.025
4 0.39375 0.5322916666666667 0.015625 0.01875

5 0.4546875 0.6822916666666666 0.009375 0.022916666666666665
4 0.4546875 0.6833333333333333 0.009375 0.020833333333333332
4 0.34921875 0.5072916666666667 0.0078125 0.010416666666666666
4 0.36015625 0.49895833333333334 0.0109375 0.010416666666666666
5 0.515625 0.39895833333333336 0.00625 0.010416666666666666
1 0.6109375 0.6302083333333334 0.03125 0.05625
5 0.52109375 0.39375 0.0078125 0.0125
5 0.61015625 0.6291666666666667 0.0296875 0.05416666666666667
5 0.51875 0.39791666666666664 0.009375 0.0125
5 0.63515625 0.6104166666666667 0.0265625 0.025
5 0.63359375 0.584375 0.0328125 0.06458333333333334




5 0.71875 0.384375 0.04375 0.04375
5 0.62265625 0.5395833333333333 0.0515625 0.15416666666666667
5 0.61015625 0.5572916666666666 0.0296875 0.18958333333333333
5 0.6078125 0.48541666666666666 0.025 0.04583333333333333





1 0.521875 0.32395833333333335 0.034375 0.14791666666666667
3 0.75703125 0.9979166666666667 0.0203125 0.004166666666666667
1 0.71015625 0.8822916666666667 0.0453125 0.08125
1 0.6078125 0.48541666666666666 0.025 0.04583333333333333
1 0.50078125 0.13125 0.0265625 0.14166666666666666
1 0.56953125 0.26145833333333335 0.1046875 0.4979166666666667
1 0.37734375 0.24895833333333334 0.0171875 0.022916666666666665
1 0.35625 0.24583333333333332 0.015625 0.025
1 0.37578125 0.22395833333333334 0.0171875 0.022916666666666665
1 0.35625 0.22083333333333333 0.0125 0.016666666666666666
1 0.3375 0.221875 0.015625 0.022916666666666665
1 0.31796875 0.22708333333333333 0.0140625 0.020833333333333332
1 0.32109375 0.2552083333333333 0.0171875 0.035416666666666666
1 0.29921875 0.22916666666666666 0.0171875 0.025
1 0.2796875 0.22395833333333334 0.015625 0.01875
1 0.384375 0.18333333333333332 0.015625 0.020833333333333332
1 0.36875 0.1875 0.015625 0.020833333333333332
1 0.33046875 0.184375 0.0171875 0.022916666666666665
1 0.31328125 0.18854166666666666 0.0203125 0.03125
1 0.3015625 0.16770833333333332 0.021875 0.03125
1 0.50703125 0.2 0.0171875 0.029166666666666667



1 0.80390625 0.9864583333333333 0.0328125 0.027083333333333334
