
1 0.36953125 0.96875 0.0671875 0.05416666666666667
1 0.4421875 0.9229166666666667 0.059375 0.05
1 0.22421875 0.9885416666666667 0.0578125 0.022916666666666665
1 0.3078125 0.9520833333333333 0.065625 0.05416666666666667
1 0.39296875 0.9052083333333333 0.0578125 0.04791666666666667
1 0.15625 0.98125 0.071875 0.0375
1 0.2453125 0.9375 0.0625 0.04583333333333333
1 0.32265625 0.8958333333333334 0.0515625 0.04583333333333333
1 0.3953125 0.85625 0.05625 0.04583333333333333
1 0.10703125 0.9697916666666667 0.0703125 0.05625
1 0.1890625 0.921875 0.065625 0.052083333333333336
1 0.278125 0.8770833333333333 0.071875 0.05416666666666667
1 0.3546875 0.8333333333333334 0.05625 0.04583333333333333












5 0.54921875 0.7822916666666667 0.0203125 0.03125
5 0.54921875 0.7833333333333333 0.0203125 0.029166666666666667
4 0.284375 0.6270833333333333 0.0125 0.025
4 0.3921875 0.5322916666666667 0.01875 0.01875

5 0.45703125 0.6854166666666667 0.0109375 0.029166666666666667
4 0.45625 0.684375 0.00625 0.01875
4 0.34921875 0.50625 0.0078125 0.0125
4 0.36015625 0.49895833333333334 0.0109375 0.010416666666666666
5 0.51640625 0.396875 0.0078125 0.010416666666666666
1 0.6140625 0.640625 0.03125 0.05625
5 0.521875 0.39375 0.00625 0.0125
5 0.61328125 0.6395833333333333 0.0296875 0.05416666666666667
5 0.5140625 0.3958333333333333 0.009375 0.016666666666666666
5 0.63828125 0.6145833333333334 0.0265625 0.020833333333333332
5 0.63515625 0.5916666666666667 0.0328125 0.0625




5 0.721875 0.38645833333333335 0.04375 0.04375
5 0.625 0.5458333333333333 0.053125 0.15416666666666667
5 0.6109375 0.565625 0.03125 0.19375
5 0.61015625 0.49166666666666664 0.0265625 0.04583333333333333





1 0.52265625 0.3260416666666667 0.0328125 0.14791666666666667

1 0.71484375 0.8927083333333333 0.0453125 0.08125
1 0.61015625 0.49166666666666664 0.0265625 0.04583333333333333
1 0.5015625 0.13125 0.028125 0.14166666666666666
1 0.5703125 0.265625 0.10625 0.5020833333333333
1 0.37734375 0.24895833333333334 0.0171875 0.022916666666666665
1 0.35625 0.24583333333333332 0.015625 0.025
1 0.37578125 0.22395833333333334 0.0171875 0.022916666666666665
1 0.35625 0.22083333333333333 0.0125 0.016666666666666666
1 0.3375 0.221875 0.015625 0.022916666666666665
1 0.31796875 0.228125 0.0140625 0.022916666666666665
1 0.321875 0.25625 0.01875 0.03333333333333333
1 0.29921875 0.22916666666666666 0.0171875 0.025
1 0.2796875 0.22395833333333334 0.015625 0.01875
1 0.384375 0.18333333333333332 0.015625 0.020833333333333332
1 0.36875 0.1875 0.015625 0.020833333333333332
1 0.33046875 0.184375 0.0171875 0.022916666666666665
1 0.31328125 0.18854166666666666 0.0203125 0.03125
1 0.3015625 0.16770833333333332 0.021875 0.03125
1 0.50703125 0.20104166666666667 0.0171875 0.03125



1 0.80546875 0.9916666666666667 0.0296875 0.016666666666666666
