
1 0.36953125 0.96875 0.0671875 0.05416666666666667
1 0.44140625 0.9239583333333333 0.0578125 0.04791666666666667
1 0.22421875 0.9885416666666667 0.0578125 0.022916666666666665
1 0.3078125 0.9520833333333333 0.065625 0.05416666666666667
1 0.39296875 0.9041666666666667 0.0578125 0.05
1 0.15703125 0.9802083333333333 0.0734375 0.03958333333333333
1 0.2453125 0.9375 0.0625 0.04583333333333333
1 0.32265625 0.8958333333333334 0.0515625 0.04583333333333333
1 0.3953125 0.8552083333333333 0.05625 0.04791666666666667
1 0.10703125 0.9697916666666667 0.0703125 0.05625
1 0.18828125 0.921875 0.0640625 0.052083333333333336
1 0.278125 0.8760416666666667 0.071875 0.05625
1 0.35546875 0.8333333333333334 0.0546875 0.04583333333333333












5 0.55234375 0.7875 0.0203125 0.03333333333333333
5 0.553125 0.7885416666666667 0.01875 0.03125
4 0.28359375 0.6260416666666667 0.0140625 0.027083333333333334
4 0.3921875 0.53125 0.01875 0.016666666666666666

5 0.4578125 0.6875 0.009375 0.020833333333333332
4 0.4578125 0.6875 0.00625 0.016666666666666666
4 0.34921875 0.5072916666666667 0.0078125 0.010416666666666666
4 0.36015625 0.49895833333333334 0.0109375 0.010416666666666666
5 0.51875 0.396875 0.00625 0.010416666666666666
1 0.615625 0.6458333333333334 0.03125 0.05416666666666667
5 0.52265625 0.39375 0.0078125 0.0125
5 0.615625 0.646875 0.03125 0.05625
5 0.5203125 0.3958333333333333 0.009375 0.0125
5 0.63984375 0.621875 0.0265625 0.022916666666666665
5 0.63671875 0.5958333333333333 0.0328125 0.0625




5 0.72421875 0.38645833333333335 0.0453125 0.04375
5 0.6265625 0.55 0.053125 0.15416666666666667
5 0.6140625 0.56875 0.03125 0.19583333333333333
5 0.6109375 0.496875 0.025 0.04791666666666667





1 0.52265625 0.3260416666666667 0.0328125 0.14791666666666667

1 0.7171875 0.9 0.046875 0.07916666666666666
1 0.6109375 0.49583333333333335 0.025 0.04583333333333333
1 0.503125 0.13958333333333334 0.03125 0.15833333333333333
1 0.57109375 0.2677083333333333 0.1078125 0.50625
1 0.37734375 0.24895833333333334 0.0171875 0.022916666666666665
1 0.35625 0.24583333333333332 0.015625 0.025
1 0.37578125 0.22395833333333334 0.0171875 0.022916666666666665
1 0.35625 0.22083333333333333 0.0125 0.016666666666666666
1 0.3375 0.221875 0.015625 0.022916666666666665
1 0.31796875 0.228125 0.0140625 0.022916666666666665
1 0.31953125 0.25625 0.0171875 0.03333333333333333
1 0.29921875 0.22916666666666666 0.0171875 0.025
1 0.2796875 0.22395833333333334 0.015625 0.01875
1 0.384375 0.18333333333333332 0.015625 0.020833333333333332
1 0.36875 0.1875 0.015625 0.020833333333333332
1 0.33046875 0.184375 0.0171875 0.022916666666666665
1 0.31328125 0.18854166666666666 0.0203125 0.03125
1 0.3015625 0.16770833333333332 0.021875 0.03125
1 0.5078125 0.20208333333333334 0.01875 0.029166666666666667



1 0.8078125 0.9947916666666666 0.021875 0.010416666666666666
