
1 0.36875 0.96875 0.065625 0.05416666666666667
1 0.4421875 0.9229166666666667 0.059375 0.05
1 0.22421875 0.9885416666666667 0.0578125 0.022916666666666665
1 0.3078125 0.9520833333333333 0.065625 0.05416666666666667
1 0.39375 0.9052083333333333 0.05625 0.04791666666666667
1 0.15625 0.98125 0.071875 0.0375
1 0.2453125 0.9375 0.0625 0.04583333333333333
1 0.32265625 0.8958333333333334 0.0515625 0.04583333333333333
1 0.3953125 0.85625 0.05625 0.04583333333333333
1 0.10703125 0.9697916666666667 0.0703125 0.05625
1 0.18984375 0.921875 0.0640625 0.052083333333333336
1 0.278125 0.8770833333333333 0.071875 0.05416666666666667
1 0.3546875 0.8333333333333334 0.05625 0.04583333333333333












5 0.55859375 0.796875 0.0234375 0.03125
5 0.55859375 0.796875 0.0203125 0.03125
4 0.28203125 0.6260416666666667 0.0140625 0.027083333333333334
4 0.38984375 0.5333333333333333 0.0203125 0.025

5 0.459375 0.6927083333333334 0.009375 0.01875
4 0.459375 0.6916666666666667 0.00625 0.016666666666666666
4 0.34921875 0.50625 0.0078125 0.0125
4 0.3609375 0.49895833333333334 0.0125 0.010416666666666666
5 0.51953125 0.39895833333333336 0.0078125 0.010416666666666666
1 0.61953125 0.6583333333333333 0.0328125 0.058333333333333334
5 0.52265625 0.39375 0.0078125 0.0125
5 0.61953125 0.6583333333333333 0.0328125 0.058333333333333334
5 0.521875 0.3958333333333333 0.009375 0.0125
5 0.6421875 0.6302083333333334 0.028125 0.022916666666666665
5 0.63984375 0.6020833333333333 0.0328125 0.0625




5 0.7265625 0.3885416666666667 0.046875 0.04375
5 0.62890625 0.55625 0.0546875 0.15416666666666667
5 0.61953125 0.6572916666666667 0.0328125 0.05625
5 0.6125 0.5020833333333333 0.025 0.05




1 0.5078125 0.20520833333333333 0.015625 0.027083333333333334
1 0.5234375 0.32708333333333334 0.0375 0.14583333333333334

1 0.721875 0.9114583333333334 0.046875 0.08125
1 0.6125 0.5020833333333333 0.025 0.05
1 0.503125 0.140625 0.03125 0.15625
1 0.571875 0.271875 0.10625 0.5104166666666666
1 0.37734375 0.24895833333333334 0.0171875 0.022916666666666665
1 0.35625 0.24583333333333332 0.015625 0.025
1 0.37578125 0.22395833333333334 0.0171875 0.022916666666666665
1 0.35625 0.22083333333333333 0.0125 0.016666666666666666
1 0.3375 0.221875 0.015625 0.022916666666666665
1 0.31796875 0.228125 0.0140625 0.022916666666666665
1 0.321875 0.25625 0.01875 0.03333333333333333
1 0.29921875 0.22916666666666666 0.0171875 0.025
1 0.2796875 0.22395833333333334 0.015625 0.01875
1 0.384375 0.18333333333333332 0.015625 0.020833333333333332
1 0.36875 0.1875 0.015625 0.020833333333333332
1 0.33046875 0.184375 0.0171875 0.022916666666666665
1 0.3140625 0.18854166666666666 0.01875 0.03125
1 0.3015625 0.16770833333333332 0.021875 0.03125
1 0.50859375 0.20520833333333333 0.0171875 0.03125




