
1 0.36953125 0.96875 0.0671875 0.05416666666666667
1 0.44140625 0.9229166666666667 0.0578125 0.04583333333333333
1 0.22421875 0.9895833333333334 0.0578125 0.020833333333333332
1 0.3078125 0.9520833333333333 0.065625 0.05416666666666667
1 0.39375 0.9041666666666667 0.05625 0.05
1 0.15703125 0.9802083333333333 0.0734375 0.03958333333333333
1 0.2453125 0.9375 0.0625 0.04583333333333333
1 0.3234375 0.8958333333333334 0.053125 0.04583333333333333
1 0.39609375 0.85625 0.0578125 0.04583333333333333
1 0.10703125 0.9697916666666667 0.0703125 0.05625
1 0.1890625 0.921875 0.065625 0.052083333333333336
1 0.278125 0.8760416666666667 0.071875 0.05625
1 0.35625 0.8333333333333334 0.05625 0.04583333333333333












5 0.5625 0.8010416666666667 0.021875 0.03125
5 0.56328125 0.8010416666666667 0.0203125 0.03125
4 0.2796875 0.6270833333333333 0.0125 0.025
4 0.39140625 0.5322916666666667 0.0203125 0.01875

5 0.46015625 0.6947916666666667 0.0109375 0.01875
4 0.459375 0.69375 0.009375 0.016666666666666666
4 0.34921875 0.5072916666666667 0.0078125 0.010416666666666666
4 0.36015625 0.49895833333333334 0.0109375 0.010416666666666666
5 0.51953125 0.39791666666666664 0.0078125 0.008333333333333333
1 0.621875 0.6635416666666667 0.03125 0.05625
5 0.5203125 0.39479166666666665 0.009375 0.014583333333333334
5 0.621875 0.6645833333333333 0.03125 0.058333333333333334
5 0.521875 0.39375 0.009375 0.0125
5 0.64375 0.6333333333333333 0.028125 0.020833333333333332
5 0.64140625 0.6072916666666667 0.0328125 0.06041666666666667




5 0.7296875 0.390625 0.046875 0.04791666666666667
5 0.6296875 0.5614583333333333 0.05625 0.15625
5 0.621875 0.6635416666666667 0.03125 0.05625
5 0.6140625 0.50625 0.025 0.04583333333333333


1 0.5390625 0.30520833333333336 0.0125 0.022916666666666665


1 0.52421875 0.32708333333333334 0.0359375 0.14166666666666666

1 0.72578125 0.9197916666666667 0.0453125 0.08125
1 0.61328125 0.5072916666666667 0.0265625 0.04791666666666667
1 0.5046875 0.14270833333333333 0.03125 0.16041666666666668
1 0.5734375 0.27395833333333336 0.109375 0.5145833333333333
1 0.37734375 0.24895833333333334 0.0171875 0.022916666666666665
1 0.35625 0.24583333333333332 0.015625 0.025
1 0.37578125 0.22395833333333334 0.0171875 0.022916666666666665
1 0.35625 0.22083333333333333 0.0125 0.016666666666666666
1 0.3375 0.221875 0.015625 0.022916666666666665
1 0.31796875 0.228125 0.0140625 0.022916666666666665
1 0.32109375 0.25625 0.0171875 0.03333333333333333
1 0.29921875 0.22916666666666666 0.0171875 0.025
1 0.2796875 0.22395833333333334 0.015625 0.01875
1 0.384375 0.18333333333333332 0.015625 0.020833333333333332
1 0.36875 0.1875 0.015625 0.020833333333333332
1 0.33046875 0.184375 0.0140625 0.01875
1 0.31328125 0.18854166666666666 0.0203125 0.03125
1 0.3015625 0.16666666666666666 0.021875 0.029166666666666667
1 0.50859375 0.20520833333333333 0.0171875 0.03125




