
1 0.36953125 0.96875 0.0671875 0.05416666666666667
1 0.44140625 0.9239583333333333 0.0578125 0.04791666666666667
1 0.22421875 0.9895833333333334 0.0578125 0.020833333333333332
1 0.3078125 0.9520833333333333 0.065625 0.05416666666666667
1 0.39375 0.9052083333333333 0.05625 0.04791666666666667
1 0.15703125 0.9802083333333333 0.0734375 0.03958333333333333
1 0.2453125 0.9375 0.0625 0.04583333333333333
1 0.3234375 0.8958333333333334 0.053125 0.04583333333333333
1 0.39609375 0.85625 0.0578125 0.04583333333333333
1 0.10703125 0.9697916666666667 0.0703125 0.05625
1 0.18984375 0.921875 0.0640625 0.052083333333333336
1 0.278125 0.8770833333333333 0.071875 0.05416666666666667
1 0.35546875 0.8333333333333334 0.0546875 0.04583333333333333












5 0.56875 0.809375 0.021875 0.03125
5 0.56796875 0.8083333333333333 0.0203125 0.029166666666666667
4 0.27734375 0.6270833333333333 0.0140625 0.029166666666666667
4 0.3921875 0.5302083333333333 0.01875 0.01875

5 0.46171875 0.6989583333333333 0.0109375 0.022916666666666665
4 0.46171875 0.6989583333333333 0.0078125 0.01875
4 0.34921875 0.50625 0.0078125 0.0125
4 0.359375 0.49895833333333334 0.0125 0.010416666666666666
5 0.5203125 0.396875 0.00625 0.010416666666666666
1 0.62578125 0.675 0.0328125 0.058333333333333334
5 0.5203125 0.3958333333333333 0.009375 0.016666666666666666
5 0.6265625 0.6739583333333333 0.034375 0.06041666666666667
5 0.52265625 0.3927083333333333 0.0078125 0.010416666666666666
5 0.6453125 0.64375 0.03125 0.025
5 0.64375 0.6145833333333334 0.034375 0.0625




5 0.7328125 0.39375 0.046875 0.04583333333333333
5 0.63125 0.565625 0.05625 0.15625
5 0.62578125 0.6739583333333333 0.0328125 0.05625
5 0.61484375 0.5114583333333333 0.0265625 0.04791666666666667


1 0.578125 0.40520833333333334 0.090625 0.21875


1 0.5234375 0.328125 0.0375 0.13958333333333334

1 0.7296875 0.93125 0.046875 0.08333333333333333
1 0.61484375 0.5114583333333333 0.0265625 0.04791666666666667
1 0.5046875 0.14270833333333333 0.03125 0.16041666666666668
1 0.57421875 0.27708333333333335 0.1109375 0.5208333333333334
1 0.37734375 0.24791666666666667 0.0171875 0.025
1 0.35859375 0.24583333333333332 0.0171875 0.025
1 0.37578125 0.22395833333333334 0.0171875 0.022916666666666665
1 0.35625 0.221875 0.0125 0.01875
1 0.3375 0.221875 0.015625 0.022916666666666665
1 0.31875 0.228125 0.015625 0.022916666666666665
1 0.321875 0.25625 0.01875 0.03333333333333333
1 0.29921875 0.22916666666666666 0.0171875 0.025
1 0.2796875 0.22395833333333334 0.015625 0.01875
1 0.38515625 0.18333333333333332 0.0140625 0.020833333333333332
1 0.36875 0.1875 0.015625 0.020833333333333332
1 0.33046875 0.184375 0.0140625 0.01875
1 0.3140625 0.18854166666666666 0.01875 0.03125
1 0.3015625 0.16770833333333332 0.021875 0.027083333333333334
1 0.50859375 0.20625 0.0171875 0.029166666666666667




