
1 0.36953125 0.96875 0.0671875 0.05416666666666667
1 0.4421875 0.9229166666666667 0.059375 0.05
1 0.22421875 0.9885416666666667 0.0578125 0.022916666666666665
1 0.3078125 0.9520833333333333 0.065625 0.05416666666666667
1 0.39375 0.9041666666666667 0.05625 0.05
1 0.15703125 0.9802083333333333 0.0734375 0.03958333333333333
1 0.2453125 0.9375 0.0625 0.04583333333333333
1 0.3234375 0.8958333333333334 0.053125 0.04583333333333333
1 0.39609375 0.85625 0.0578125 0.04583333333333333
1 0.10703125 0.9697916666666667 0.0703125 0.05625
1 0.18984375 0.921875 0.0640625 0.052083333333333336
1 0.27890625 0.8770833333333333 0.0734375 0.05416666666666667
1 0.35625 0.8333333333333334 0.05625 0.04583333333333333












5 0.57265625 0.8135416666666667 0.0203125 0.03125
5 0.57265625 0.8135416666666667 0.0203125 0.03125
4 0.2765625 0.6270833333333333 0.009375 0.020833333333333332
4 0.39140625 0.528125 0.0171875 0.01875

5 0.46328125 0.703125 0.0109375 0.022916666666666665
4 0.4625 0.703125 0.009375 0.01875
4 0.34921875 0.50625 0.0078125 0.0125
4 0.3609375 0.49895833333333334 0.0125 0.010416666666666666
5 0.51953125 0.39895833333333336 0.0078125 0.010416666666666666
1 0.62734375 0.68125 0.0328125 0.058333333333333334
5 0.52265625 0.39375 0.0078125 0.0125
5 0.628125 0.6822916666666666 0.034375 0.06041666666666667
5 0.52265625 0.39375 0.0078125 0.0125
5 0.64765625 0.646875 0.0296875 0.022916666666666665
5 0.6453125 0.6197916666666666 0.034375 0.06041666666666667




5 0.73515625 0.39375 0.0484375 0.04583333333333333
5 0.6328125 0.571875 0.059375 0.15625
5 0.62734375 0.6802083333333333 0.0328125 0.05625
5 0.61640625 0.5166666666666667 0.0265625 0.04583333333333333


1 0.58046875 0.41770833333333335 0.0953125 0.23958333333333334


1 0.5234375 0.32708333333333334 0.0375 0.14166666666666666

1 0.73359375 0.9375 0.0484375 0.08333333333333333
1 0.61640625 0.515625 0.0265625 0.04791666666666667
1 0.5046875 0.14166666666666666 0.03125 0.1625
1 0.575 0.28020833333333334 0.109375 0.5229166666666667
1 0.37734375 0.246875 0.0171875 0.022916666666666665
1 0.35625 0.24583333333333332 0.015625 0.025
1 0.3765625 0.22395833333333334 0.01875 0.022916666666666665
1 0.35625 0.221875 0.0125 0.01875
1 0.3375 0.221875 0.015625 0.022916666666666665
1 0.31875 0.228125 0.015625 0.022916666666666665
1 0.321875 0.25625 0.01875 0.03333333333333333
1 0.29921875 0.22916666666666666 0.0171875 0.025
1 0.2796875 0.22395833333333334 0.015625 0.01875
1 0.384375 0.18333333333333332 0.015625 0.020833333333333332
1 0.36875 0.1875 0.015625 0.020833333333333332
1 0.33046875 0.18541666666666667 0.0140625 0.020833333333333332
1 0.3140625 0.18958333333333333 0.01875 0.03333333333333333
1 0.3015625 0.16770833333333332 0.021875 0.03125
1 0.50859375 0.20625 0.0171875 0.029166666666666667




