
1 0.37890625 0.971875 0.0671875 0.05625
1 0.45078125 0.9270833333333334 0.0578125 0.05
1 0.2390625 0.990625 0.05 0.01875
1 0.31875 0.9572916666666667 0.065625 0.05625
1 0.40234375 0.9083333333333333 0.0578125 0.05
1 0.1671875 0.984375 0.071875 0.03125
1 0.25625 0.9427083333333334 0.0625 0.04791666666666667
1 0.33203125 0.9 0.0515625 0.04583333333333333
1 0.40390625 0.8583333333333333 0.0546875 0.041666666666666664
1 0.11796875 0.9739583333333334 0.0703125 0.052083333333333336
1 0.19921875 0.9270833333333334 0.0640625 0.05
1 0.2875 0.88125 0.071875 0.05416666666666667
1 0.36328125 0.8375 0.0546875 0.04583333333333333



1 0.1984375 0.840625 0.0625 0.06041666666666667
1 0.19296875 0.7364583333333333 0.0546875 0.052083333333333336
1 0.30390625 0.7291666666666666 0.0515625 0.04583333333333333
1 0.38828125 0.75625 0.0578125 0.04583333333333333
1 0.4609375 0.6833333333333333 0.059375 0.0375
1 0.54140625 0.6489583333333333 0.0578125 0.035416666666666666
1 0.6203125 0.7541666666666667 0.059375 0.05416666666666667
1 0.6328125 0.6427083333333333 0.059375 0.04791666666666667
1 0.7796875 0.61875 0.034375 0.058333333333333334

5 0.346875 0.5760416666666667 0.025 0.022916666666666665
4 0.34921875 0.5604166666666667 0.0078125 0.0125
4 0.36953125 0.5520833333333334 0.0078125 0.016666666666666666
5 0.40390625 0.54375 0.0078125 0.025
5 0.4171875 0.5416666666666666 0.009375 0.025
4 0.3953125 0.534375 0.00625 0.014583333333333334
4 0.365625 0.5104166666666666 0.009375 0.025
4 0.3671875 0.49375 0.0125 0.025
5 0.52109375 0.4197916666666667 0.0078125 0.022916666666666665
1 0.571875 0.39895833333333336 0.025 0.035416666666666666
5 0.5328125 0.41875 0.00625 0.016666666666666666
5 0.55390625 0.4125 0.0078125 0.020833333333333332
5 0.5546875 0.43125 0.0125 0.020833333333333332
5 0.5859375 0.475 0.0125 0.020833333333333332
5 0.590625 0.39166666666666666 0.0125 0.016666666666666666
5 0.61796875 0.4322916666666667 0.0109375 0.022916666666666665
5 0.61171875 0.38958333333333334 0.0078125 0.016666666666666666
5 0.64140625 0.375 0.0078125 0.020833333333333332
5 0.61875 0.36875 0.009375 0.025
5 0.61484375 0.3458333333333333 0.0140625 0.020833333333333332
5 0.6171875 0.36770833333333336 0.0125 0.027083333333333334
5 0.5671875 0.3625 0.00625 0.016666666666666666
5 0.55078125 0.37083333333333335 0.0046875 0.0125
5 0.52890625 0.35625 0.0046875 0.016666666666666666
5 0.53671875 0.3572916666666667 0.0046875 0.01875
1 0.54765625 0.33958333333333335 0.0234375 0.0375
3 0.54375 0.2635416666666667 0.03125 0.07291666666666667
1 0.5296875 0.21875 0.0125 0.025
1 0.528125 0.18645833333333334 0.015625 0.027083333333333334
3 0.521875 0.14270833333333333 0.025 0.05625
1 0.51484375 0.115625 0.0109375 0.01875
1 0.50546875 0.09166666666666666 0.0265625 0.03333333333333333
1 0.48984375 0.05520833333333333 0.0109375 0.01875
1 0.49921875 0.010416666666666666 0.0171875 0.020833333333333332
1 0.38046875 0.24895833333333334 0.0171875 0.022916666666666665
1 0.3609375 0.246875 0.015625 0.027083333333333334
1 0.37890625 0.22291666666666668 0.0140625 0.020833333333333332
1 0.36015625 0.22291666666666668 0.0140625 0.020833333333333332
1 0.33984375 0.22291666666666668 0.0140625 0.025
1 0.32109375 0.22916666666666666 0.0140625 0.020833333333333332
1 0.32421875 0.25729166666666664 0.0171875 0.035416666666666666
1 0.30390625 0.23020833333333332 0.0140625 0.022916666666666665
1 0.28125 0.22604166666666667 0.015625 0.01875
1 0.38671875 0.184375 0.0140625 0.01875
1 0.371875 0.18854166666666666 0.01875 0.022916666666666665
1 0.33359375 0.184375 0.0171875 0.022916666666666665
1 0.31640625 0.18958333333333333 0.0203125 0.03333333333333333
1 0.30390625 0.16875 0.0203125 0.029166666666666667
1 0.490625 0.07604166666666666 0.025 0.022916666666666665
1 0.5625 0.25625 0.015625 0.029166666666666667
1 0.55703125 0.21979166666666666 0.0171875 0.03125
1 0.54921875 0.19270833333333334 0.0171875 0.03125
1 0.5421875 0.16354166666666667 0.015625 0.022916666666666665
