
1 0.3703125 0.96875 0.065625 0.05416666666666667
1 0.4421875 0.9229166666666667 0.059375 0.05
1 0.22421875 0.9885416666666667 0.0578125 0.022916666666666665
1 0.30859375 0.9520833333333333 0.0640625 0.05416666666666667
1 0.39375 0.9052083333333333 0.05625 0.04791666666666667
1 0.15703125 0.9802083333333333 0.0734375 0.03958333333333333
1 0.24609375 0.9375 0.0609375 0.04583333333333333
1 0.3234375 0.8958333333333334 0.053125 0.04583333333333333
1 0.39609375 0.85625 0.0578125 0.04583333333333333
1 0.10703125 0.9697916666666667 0.0703125 0.05625
1 0.18984375 0.921875 0.0640625 0.052083333333333336
1 0.278125 0.8770833333333333 0.071875 0.05416666666666667
1 0.35625 0.8333333333333334 0.05625 0.04583333333333333












5 0.5765625 0.8239583333333333 0.021875 0.035416666666666666
5 0.5765625 0.8229166666666666 0.021875 0.03333333333333333
4 0.275 0.6270833333333333 0.009375 0.020833333333333332
4 0.3921875 0.5302083333333333 0.01875 0.01875

5 0.4640625 0.70625 0.009375 0.025
4 0.4640625 0.7052083333333333 0.00625 0.01875
4 0.35 0.50625 0.00625 0.0125
4 0.3609375 0.49895833333333334 0.0125 0.010416666666666666
5 0.51640625 0.39895833333333336 0.0109375 0.014583333333333334
1 0.63203125 0.6916666666666667 0.0328125 0.058333333333333334
5 0.521875 0.39479166666666665 0.009375 0.014583333333333334
5 0.63203125 0.69375 0.0328125 0.0625
5 0.5203125 0.39479166666666665 0.009375 0.014583333333333334
5 0.65078125 0.6552083333333333 0.0265625 0.022916666666666665
5 0.646875 0.628125 0.034375 0.06041666666666667




5 0.73828125 0.396875 0.0484375 0.04791666666666667
5 0.634375 0.575 0.059375 0.15
5 0.6328125 0.690625 0.03125 0.05625
5 0.61796875 0.5239583333333333 0.0265625 0.04791666666666667
5 0.528125 0.296875 0.0375 0.06041666666666667
5 0.53125 0.29375 0.04375 0.07083333333333333
1 0.53984375 0.3145833333333333 0.0109375 0.020833333333333332


1 0.5265625 0.290625 0.0375 0.07291666666666667

1 0.73828125 0.9510416666666667 0.0484375 0.08541666666666667
1 0.61796875 0.5229166666666667 0.0265625 0.04583333333333333
1 0.5046875 0.14270833333333333 0.03125 0.16458333333333333
1 0.57578125 0.284375 0.1109375 0.5270833333333333
1 0.37734375 0.24895833333333334 0.0171875 0.022916666666666665
1 0.35625 0.24583333333333332 0.015625 0.025
1 0.3765625 0.225 0.01875 0.025
1 0.35625 0.221875 0.0125 0.01875
1 0.3375 0.221875 0.015625 0.022916666666666665
1 0.31875 0.228125 0.015625 0.022916666666666665
1 0.321875 0.25625 0.01875 0.03333333333333333
1 0.29921875 0.22916666666666666 0.0171875 0.025
1 0.2796875 0.225 0.015625 0.020833333333333332
1 0.384375 0.18333333333333332 0.015625 0.020833333333333332
1 0.36875 0.1875 0.015625 0.020833333333333332
1 0.33125 0.184375 0.015625 0.022916666666666665
1 0.3140625 0.18958333333333333 0.01875 0.03333333333333333
1 0.3015625 0.16770833333333332 0.021875 0.03125
1 0.50859375 0.20833333333333334 0.0171875 0.029166666666666667


1 0.5375 0.2520833333333333 0.009375 0.14166666666666666

