
1 0.3703125 0.96875 0.065625 0.05416666666666667
1 0.4421875 0.9229166666666667 0.059375 0.05
1 0.22421875 0.9895833333333334 0.0578125 0.020833333333333332
1 0.309375 0.953125 0.065625 0.052083333333333336
1 0.39375 0.9052083333333333 0.05625 0.04791666666666667
1 0.1578125 0.9802083333333333 0.071875 0.03958333333333333
1 0.24609375 0.9375 0.0609375 0.04583333333333333
1 0.3234375 0.8958333333333334 0.053125 0.04583333333333333
1 0.39609375 0.85625 0.0578125 0.04583333333333333
1 0.10703125 0.9697916666666667 0.0703125 0.05625
1 0.18984375 0.921875 0.0640625 0.052083333333333336
1 0.27890625 0.8770833333333333 0.0734375 0.05416666666666667
1 0.35625 0.8333333333333334 0.05625 0.04583333333333333












5 0.58125 0.828125 0.021875 0.03125
5 0.58125 0.828125 0.021875 0.03125
4 0.2734375 0.628125 0.009375 0.022916666666666665
4 0.39140625 0.534375 0.0203125 0.022916666666666665

5 0.46796875 0.7083333333333334 0.0109375 0.025
4 0.46484375 0.7083333333333334 0.0078125 0.016666666666666666
4 0.35 0.5072916666666667 0.00625 0.010416666666666666
4 0.36171875 0.49895833333333334 0.0109375 0.010416666666666666
5 0.515625 0.39895833333333336 0.0125 0.014583333333333334
1 0.63515625 0.7 0.0328125 0.0625
5 0.52109375 0.3927083333333333 0.0109375 0.01875
5 0.634375 0.7020833333333333 0.034375 0.06666666666666667
5 0.52109375 0.39375 0.0109375 0.016666666666666666
5 0.65234375 0.6614583333333334 0.0265625 0.022916666666666665
5 0.6484375 0.634375 0.034375 0.06458333333333334




5 0.740625 0.39791666666666664 0.05 0.04583333333333333
5 0.6359375 0.5802083333333333 0.059375 0.15208333333333332
5 0.634375 0.6979166666666666 0.03125 0.058333333333333334
5 0.61875 0.5270833333333333 0.028125 0.05
5 0.52734375 0.29270833333333335 0.0359375 0.06875
5 0.52734375 0.2552083333333333 0.0359375 0.14375
1 0.540625 0.31666666666666665 0.009375 0.020833333333333332


1 0.52890625 0.25625 0.0328125 0.14583333333333334

1 0.740625 0.9583333333333334 0.05 0.08333333333333333
1 0.61796875 0.528125 0.0265625 0.04791666666666667
1 0.50546875 0.14270833333333333 0.0328125 0.16458333333333333
1 0.57734375 0.2864583333333333 0.1109375 0.53125
1 0.37734375 0.24791666666666667 0.0171875 0.025
1 0.35625 0.24583333333333332 0.015625 0.025
1 0.37734375 0.225 0.0171875 0.025
1 0.35703125 0.221875 0.0140625 0.01875
1 0.3375 0.221875 0.015625 0.022916666666666665
1 0.31875 0.228125 0.015625 0.022916666666666665
1 0.321875 0.25625 0.01875 0.03333333333333333
1 0.29921875 0.22916666666666666 0.0171875 0.025
1 0.2796875 0.22395833333333334 0.015625 0.01875
1 0.384375 0.184375 0.015625 0.01875
1 0.36875 0.1875 0.015625 0.020833333333333332
1 0.33125 0.184375 0.015625 0.022916666666666665
1 0.3140625 0.18958333333333333 0.01875 0.03333333333333333
1 0.3015625 0.16770833333333332 0.021875 0.03125
1 0.509375 0.209375 0.015625 0.03125


1 0.52734375 0.2552083333333333 0.0359375 0.14375

