
1 0.3703125 0.96875 0.065625 0.05416666666666667
1 0.4421875 0.9239583333333333 0.059375 0.04791666666666667
1 0.22421875 0.9895833333333334 0.0578125 0.020833333333333332
1 0.309375 0.953125 0.065625 0.05625
1 0.39375 0.9041666666666667 0.05625 0.05
1 0.15625 0.98125 0.071875 0.0375
1 0.24609375 0.9375 0.0609375 0.04583333333333333
1 0.3234375 0.8958333333333334 0.053125 0.04583333333333333
1 0.39609375 0.85625 0.0578125 0.04583333333333333
1 0.1078125 0.9697916666666667 0.071875 0.05625
1 0.18984375 0.921875 0.0640625 0.052083333333333336
1 0.27890625 0.8770833333333333 0.0734375 0.05416666666666667
1 0.35625 0.8333333333333334 0.05625 0.04583333333333333












5 0.58671875 0.8364583333333333 0.0203125 0.035416666666666666
5 0.58671875 0.8364583333333333 0.0203125 0.03125
4 0.27109375 0.6270833333333333 0.0078125 0.025
4 0.390625 0.5333333333333333 0.021875 0.025

5 0.46875 0.7145833333333333 0.0125 0.025
4 0.4671875 0.7145833333333333 0.009375 0.020833333333333332
4 0.35 0.5072916666666667 0.00625 0.010416666666666666
4 0.3609375 0.49895833333333334 0.0125 0.010416666666666666
5 0.51484375 0.39895833333333336 0.0140625 0.014583333333333334
1 0.6390625 0.709375 0.034375 0.06041666666666667
5 0.51953125 0.3927083333333333 0.0140625 0.01875
5 0.63984375 0.7114583333333333 0.0359375 0.06458333333333334
5 0.51796875 0.39375 0.0109375 0.016666666666666666
5 0.6546875 0.6708333333333333 0.028125 0.025
5 0.65078125 0.6416666666666667 0.0359375 0.0625




5 0.74375 0.39895833333333336 0.05 0.04375
5 0.61953125 0.534375 0.0265625 0.04791666666666667
5 0.63984375 0.7104166666666667 0.0328125 0.058333333333333334
5 0.6203125 0.534375 0.028125 0.052083333333333336
5 0.54140625 0.32083333333333336 0.0109375 0.020833333333333332
5 0.5296875 0.2635416666666667 0.034375 0.13541666666666666
1 0.54140625 0.31979166666666664 0.0109375 0.022916666666666665

1 0.51015625 0.209375 0.0171875 0.027083333333333334
1 0.53359375 0.25833333333333336 0.0265625 0.14583333333333334

1 0.74609375 0.9635416666666666 0.0515625 0.07291666666666667
1 0.61953125 0.5333333333333333 0.0265625 0.05
1 0.50546875 0.14375 0.0328125 0.16666666666666666
1 0.578125 0.2916666666666667 0.1125 0.5375
1 0.37734375 0.24895833333333334 0.0171875 0.022916666666666665
1 0.35625 0.24583333333333332 0.015625 0.025
1 0.3765625 0.225 0.01875 0.025
1 0.35703125 0.221875 0.0140625 0.01875
1 0.3375 0.221875 0.015625 0.022916666666666665
1 0.31875 0.228125 0.015625 0.022916666666666665
1 0.321875 0.25625 0.01875 0.03333333333333333
1 0.3 0.22916666666666666 0.01875 0.025
1 0.2796875 0.225 0.015625 0.020833333333333332
1 0.38515625 0.18333333333333332 0.0140625 0.020833333333333332
1 0.36875 0.1875 0.015625 0.020833333333333332
1 0.33125 0.184375 0.015625 0.022916666666666665
1 0.3140625 0.18958333333333333 0.01875 0.03333333333333333
1 0.3015625 0.16770833333333332 0.021875 0.03125
1 0.51015625 0.21041666666666667 0.0171875 0.029166666666666667


1 0.5296875 0.2604166666666667 0.034375 0.14166666666666666

