
1 0.3703125 0.96875 0.065625 0.05416666666666667
1 0.4421875 0.9239583333333333 0.059375 0.04791666666666667
1 0.22421875 0.9885416666666667 0.0578125 0.022916666666666665
1 0.309375 0.953125 0.065625 0.05625
1 0.39375 0.9052083333333333 0.05625 0.04791666666666667
1 0.15703125 0.9802083333333333 0.0734375 0.03958333333333333
1 0.24609375 0.9385416666666667 0.0609375 0.04791666666666667
1 0.3234375 0.8958333333333334 0.053125 0.04583333333333333
1 0.39609375 0.85625 0.0578125 0.04583333333333333
1 0.1078125 0.9697916666666667 0.071875 0.05625
1 0.18984375 0.921875 0.0640625 0.052083333333333336
1 0.27890625 0.8770833333333333 0.0734375 0.05416666666666667
1 0.35546875 0.8333333333333334 0.0546875 0.04583333333333333












5 0.58984375 0.8427083333333333 0.0234375 0.03125
5 0.590625 0.8427083333333333 0.021875 0.03125
4 0.26953125 0.628125 0.0109375 0.027083333333333334
4 0.38984375 0.534375 0.0203125 0.022916666666666665

5 0.46953125 0.7166666666666667 0.0109375 0.025
4 0.4671875 0.715625 0.009375 0.01875
4 0.35 0.5072916666666667 0.00625 0.010416666666666666
4 0.36015625 0.49895833333333334 0.0109375 0.010416666666666666
5 0.5375 0.35104166666666664 0.01875 0.07708333333333334
1 0.6421875 0.71875 0.034375 0.0625
5 0.52421875 0.37916666666666665 0.0171875 0.020833333333333332
5 0.6421875 0.7197916666666667 0.034375 0.06458333333333334
5 0.51953125 0.3927083333333333 0.0140625 0.01875
5 0.65546875 0.6760416666666667 0.0296875 0.022916666666666665
5 0.65234375 0.65 0.0359375 0.07083333333333333




5 0.74609375 0.4 0.0484375 0.04583333333333333
5 0.62109375 0.5385416666666667 0.0265625 0.04791666666666667
5 0.64140625 0.7177083333333333 0.0328125 0.06041666666666667
5 0.621875 0.5395833333333333 0.028125 0.05
5 0.54140625 0.325 0.0109375 0.025
5 0.53671875 0.265625 0.0234375 0.13958333333333334
1 0.5421875 0.32395833333333335 0.009375 0.022916666666666665


1 0.53359375 0.2635416666666667 0.0265625 0.14791666666666667

1 0.74765625 0.9677083333333333 0.0484375 0.06458333333333334
1 0.62109375 0.5385416666666667 0.0265625 0.04791666666666667
1 0.50546875 0.14375 0.0328125 0.16666666666666666
1 0.57890625 0.2947916666666667 0.1140625 0.5395833333333333
1 0.37734375 0.24895833333333334 0.0171875 0.022916666666666665
1 0.35625 0.24583333333333332 0.015625 0.025
1 0.37734375 0.22395833333333334 0.0171875 0.022916666666666665
1 0.35703125 0.221875 0.0140625 0.01875
1 0.33828125 0.221875 0.0140625 0.022916666666666665
1 0.31875 0.228125 0.015625 0.022916666666666665
1 0.321875 0.25625 0.01875 0.03333333333333333
1 0.29921875 0.23020833333333332 0.0171875 0.022916666666666665
1 0.2796875 0.225 0.015625 0.020833333333333332
1 0.38515625 0.18333333333333332 0.0140625 0.020833333333333332
1 0.36875 0.1875 0.015625 0.020833333333333332
1 0.33125 0.184375 0.0125 0.01875
1 0.3140625 0.18958333333333333 0.01875 0.03333333333333333
1 0.3015625 0.16770833333333332 0.021875 0.03125
1 0.51015625 0.21145833333333333 0.0171875 0.03125


1 0.5375 0.265625 0.025 0.14375

