
1 0.3703125 0.96875 0.065625 0.05416666666666667
1 0.4421875 0.9229166666666667 0.059375 0.04583333333333333
1 0.225 0.9895833333333334 0.05625 0.020833333333333332
1 0.309375 0.9541666666666667 0.065625 0.05416666666666667
1 0.39375 0.9041666666666667 0.05625 0.05
1 0.15625 0.98125 0.071875 0.0375
1 0.24609375 0.9375 0.0609375 0.04583333333333333
1 0.3234375 0.8958333333333334 0.053125 0.04583333333333333
1 0.39609375 0.85625 0.0578125 0.04583333333333333
1 0.1078125 0.9697916666666667 0.071875 0.05625
1 0.18984375 0.921875 0.0640625 0.052083333333333336
1 0.27890625 0.8770833333333333 0.0734375 0.05416666666666667
1 0.35625 0.834375 0.05625 0.04791666666666667












5 0.596875 0.8510416666666667 0.01875 0.03125
5 0.596875 0.8510416666666667 0.01875 0.03125
4 0.26796875 0.628125 0.0109375 0.027083333333333334
4 0.3921875 0.5302083333333333 0.01875 0.01875

5 0.4703125 0.7197916666666667 0.0125 0.027083333333333334
4 0.46875 0.7197916666666667 0.009375 0.01875
4 0.34921875 0.50625 0.0078125 0.0125
4 0.36015625 0.49895833333333334 0.0109375 0.010416666666666666
5 0.5375 0.34479166666666666 0.01875 0.06458333333333334
1 0.6453125 0.7302083333333333 0.034375 0.06458333333333334
5 0.5359375 0.3489583333333333 0.021875 0.06875
5 0.64609375 0.7322916666666667 0.0359375 0.06875
5 0.51796875 0.39375 0.0171875 0.020833333333333332
5 0.65859375 0.6833333333333333 0.0296875 0.025
5 0.65546875 0.6572916666666667 0.0390625 0.07291666666666667




5 0.74921875 0.4010416666666667 0.0484375 0.04375
5 0.62265625 0.5447916666666667 0.0265625 0.04791666666666667
5 0.64609375 0.7291666666666666 0.0328125 0.0625
5 0.6234375 0.5447916666666667 0.028125 0.052083333333333336
5 0.5421875 0.2677083333333333 0.009375 0.14375
5 0.54296875 0.2677083333333333 0.0109375 0.14375
1 0.5421875 0.325 0.009375 0.025


1 0.5421875 0.265625 0.0125 0.14791666666666667

1 0.7515625 0.9729166666666667 0.046875 0.05416666666666667
1 0.62265625 0.5447916666666667 0.0265625 0.04791666666666667
1 0.5046875 0.14375 0.034375 0.16666666666666666
1 0.5796875 0.2989583333333333 0.1125 0.54375
1 0.378125 0.24791666666666667 0.01875 0.025
1 0.35625 0.24583333333333332 0.015625 0.025
1 0.3765625 0.22395833333333334 0.01875 0.022916666666666665
1 0.35703125 0.221875 0.0140625 0.01875
1 0.33828125 0.221875 0.0140625 0.022916666666666665
1 0.31953125 0.228125 0.0140625 0.022916666666666665
1 0.321875 0.25625 0.01875 0.03333333333333333
1 0.3 0.22916666666666666 0.01875 0.025
1 0.2796875 0.225 0.015625 0.020833333333333332
1 0.38515625 0.18333333333333332 0.0140625 0.020833333333333332
1 0.36875 0.1875 0.015625 0.020833333333333332
1 0.33125 0.184375 0.0125 0.01875
1 0.3140625 0.18958333333333333 0.01875 0.03333333333333333
1 0.3015625 0.16666666666666666 0.021875 0.029166666666666667
1 0.51015625 0.2125 0.0171875 0.029166666666666667


1 0.54296875 0.2677083333333333 0.0140625 0.14375

