
1 0.3703125 0.96875 0.065625 0.05416666666666667
1 0.44296875 0.9229166666666667 0.0578125 0.05
1 0.225 0.9885416666666667 0.05625 0.022916666666666665
1 0.309375 0.953125 0.065625 0.052083333333333336
1 0.39375 0.9041666666666667 0.05625 0.05
1 0.1578125 0.9802083333333333 0.071875 0.03958333333333333
1 0.24609375 0.9385416666666667 0.0609375 0.04791666666666667
1 0.32421875 0.8958333333333334 0.0515625 0.04583333333333333
1 0.39609375 0.85625 0.0578125 0.04583333333333333
1 0.1078125 0.9697916666666667 0.071875 0.05625
1 0.18984375 0.921875 0.0640625 0.052083333333333336
1 0.27890625 0.8760416666666667 0.0734375 0.05625
1 0.35625 0.8333333333333334 0.05625 0.04583333333333333












5 0.6 0.8583333333333333 0.021875 0.029166666666666667
5 0.6 0.8583333333333333 0.021875 0.029166666666666667
4 0.2671875 0.628125 0.0125 0.027083333333333334
4 0.3921875 0.53125 0.01875 0.016666666666666666

5 0.47109375 0.721875 0.0078125 0.022916666666666665
4 0.4703125 0.7229166666666667 0.009375 0.020833333333333332
4 0.35 0.50625 0.00625 0.0125
4 0.36015625 0.49895833333333334 0.0109375 0.010416666666666666
5 0.54296875 0.328125 0.0078125 0.022916666666666665
1 0.6484375 0.7375 0.034375 0.0625
5 0.53828125 0.346875 0.0203125 0.06041666666666667
5 0.64765625 0.7375 0.0359375 0.0625
5 0.51484375 0.39479166666666665 0.0140625 0.01875
5 0.66015625 0.690625 0.0296875 0.027083333333333334
5 0.65703125 0.6635416666666667 0.0359375 0.06875




5 0.7515625 0.40208333333333335 0.05 0.04583333333333333
5 0.6234375 0.5489583333333333 0.028125 0.052083333333333336
5 0.6484375 0.7364583333333333 0.034375 0.06041666666666667
5 0.6234375 0.55 0.028125 0.05416666666666667
5 0.5421875 0.2677083333333333 0.009375 0.14375
5 0.54296875 0.26875 0.0109375 0.14583333333333334
1 0.5421875 0.328125 0.009375 0.022916666666666665

1 0.51015625 0.21354166666666666 0.0171875 0.027083333333333334
1 0.5421875 0.26979166666666665 0.009375 0.14375

1 0.753125 0.9770833333333333 0.04375 0.04583333333333333
1 0.6234375 0.5489583333333333 0.028125 0.052083333333333336
1 0.50546875 0.14479166666666668 0.0328125 0.16875
1 0.58046875 0.303125 0.1140625 0.5479166666666667
1 0.378125 0.24791666666666667 0.01875 0.025
1 0.35625 0.24583333333333332 0.015625 0.025
1 0.37578125 0.22395833333333334 0.0171875 0.022916666666666665
1 0.35703125 0.22291666666666668 0.0140625 0.020833333333333332
1 0.33828125 0.22083333333333333 0.0140625 0.020833333333333332
1 0.31953125 0.228125 0.0140625 0.022916666666666665
1 0.321875 0.25625 0.01875 0.03333333333333333
1 0.3 0.22916666666666666 0.01875 0.025
1 0.2796875 0.22395833333333334 0.015625 0.01875
1 0.38515625 0.18333333333333332 0.0140625 0.020833333333333332
1 0.36953125 0.1875 0.0171875 0.020833333333333332
1 0.33125 0.18541666666666667 0.0125 0.020833333333333332
1 0.3140625 0.18958333333333333 0.01875 0.03333333333333333
1 0.3015625 0.16875 0.021875 0.029166666666666667
1 0.51015625 0.21458333333333332 0.0171875 0.029166666666666667


1 0.54375 0.26875 0.0125 0.14583333333333334

