
1 0.3703125 0.96875 0.065625 0.05416666666666667
1 0.44296875 0.9239583333333333 0.0578125 0.04791666666666667
1 0.225 0.9895833333333334 0.05625 0.020833333333333332
1 0.309375 0.953125 0.065625 0.052083333333333336
1 0.39375 0.9041666666666667 0.05625 0.05
1 0.15703125 0.9802083333333333 0.0734375 0.03958333333333333
1 0.24609375 0.9375 0.0609375 0.04583333333333333
1 0.32421875 0.8958333333333334 0.0515625 0.04583333333333333
1 0.39609375 0.85625 0.0578125 0.04583333333333333
1 0.1078125 0.9697916666666667 0.071875 0.05625
1 0.190625 0.921875 0.065625 0.052083333333333336
1 0.27890625 0.8760416666666667 0.0734375 0.05625
1 0.35625 0.8333333333333334 0.05625 0.04583333333333333












5 0.60859375 0.8708333333333333 0.0234375 0.03333333333333333
5 0.60859375 0.8708333333333333 0.0234375 0.03333333333333333
4 0.26328125 0.628125 0.0109375 0.022916666666666665
4 0.3921875 0.534375 0.01875 0.022916666666666665

5 0.47421875 0.7291666666666666 0.0078125 0.020833333333333332
4 0.471875 0.7291666666666666 0.009375 0.020833333333333332
4 0.34921875 0.50625 0.0078125 0.0125
4 0.36015625 0.49895833333333334 0.0109375 0.010416666666666666
5 0.54375 0.33229166666666665 0.009375 0.022916666666666665
1 0.65546875 0.75625 0.0359375 0.06666666666666667
5 0.53828125 0.35 0.0203125 0.058333333333333334
5 0.65546875 0.7552083333333334 0.0359375 0.06458333333333334
5 0.51640625 0.3927083333333333 0.0171875 0.027083333333333334
5 0.66484375 0.7052083333333333 0.0296875 0.027083333333333334
5 0.6609375 0.6770833333333334 0.0375 0.07083333333333333




5 0.75703125 0.403125 0.0484375 0.04375
5 0.6265625 0.5614583333333333 0.028125 0.052083333333333336
5 0.65546875 0.7552083333333334 0.0359375 0.06458333333333334
5 0.6265625 0.5625 0.03125 0.05416666666666667
5 0.54296875 0.27395833333333336 0.0109375 0.13958333333333334
5 0.54375 0.275 0.009375 0.14166666666666666
1 0.54375 0.33229166666666665 0.009375 0.022916666666666665

1 0.51015625 0.21666666666666667 0.0171875 0.025
1 0.54296875 0.275 0.0109375 0.1375

1 0.75703125 0.9864583333333333 0.0359375 0.027083333333333334
1 0.6265625 0.5604166666666667 0.028125 0.05
1 0.50390625 0.14583333333333334 0.0359375 0.17083333333333334
1 0.58203125 0.309375 0.1171875 0.55625
1 0.378125 0.24791666666666667 0.01875 0.025
1 0.35625 0.24583333333333332 0.015625 0.025
1 0.3765625 0.22395833333333334 0.01875 0.022916666666666665
1 0.35703125 0.221875 0.0140625 0.01875
1 0.33828125 0.221875 0.0140625 0.022916666666666665
1 0.31953125 0.228125 0.0140625 0.022916666666666665
1 0.321875 0.25625 0.01875 0.03333333333333333
1 0.3 0.22916666666666666 0.01875 0.025
1 0.2796875 0.225 0.015625 0.020833333333333332
1 0.38515625 0.18333333333333332 0.0140625 0.020833333333333332
1 0.36875 0.1875 0.015625 0.020833333333333332
1 0.33125 0.184375 0.0125 0.01875
1 0.3140625 0.18958333333333333 0.01875 0.03333333333333333
1 0.3015625 0.16875 0.021875 0.029166666666666667
1 0.51015625 0.21666666666666667 0.0171875 0.029166666666666667

1 0.528125 0.21666666666666667 0.040625 0.025
1 0.53671875 0.275 0.0265625 0.14166666666666666

