
1 0.3703125 0.96875 0.065625 0.05416666666666667
1 0.44296875 0.9239583333333333 0.0578125 0.04791666666666667
1 0.225 0.9895833333333334 0.05625 0.020833333333333332
1 0.309375 0.953125 0.065625 0.052083333333333336
1 0.39375 0.9041666666666667 0.05625 0.05
1 0.1578125 0.9802083333333333 0.071875 0.03958333333333333
1 0.24609375 0.9385416666666667 0.0609375 0.04791666666666667
1 0.32421875 0.8958333333333334 0.0515625 0.04583333333333333
1 0.39609375 0.85625 0.0578125 0.04583333333333333
1 0.1078125 0.9697916666666667 0.071875 0.05625
1 0.190625 0.921875 0.065625 0.052083333333333336
1 0.278125 0.8770833333333333 0.071875 0.05416666666666667
1 0.35625 0.8333333333333334 0.05625 0.04583333333333333












5 0.61484375 0.88125 0.0203125 0.03333333333333333
5 0.61484375 0.8802083333333334 0.0203125 0.03125
4 0.26015625 0.628125 0.0109375 0.027083333333333334
4 0.3921875 0.534375 0.01875 0.022916666666666665

5 0.47421875 0.7322916666666667 0.0109375 0.022916666666666665
4 0.47421875 0.7322916666666667 0.0109375 0.01875
4 0.35 0.5072916666666667 0.00625 0.010416666666666666
4 0.3609375 0.49895833333333334 0.0125 0.010416666666666666
5 0.53671875 0.353125 0.0234375 0.05625
1 0.659375 0.76875 0.0375 0.06666666666666667
5 0.534375 0.359375 0.021875 0.052083333333333336
5 0.659375 0.7677083333333333 0.0375 0.06458333333333334
5 0.52109375 0.38645833333333335 0.0140625 0.03125
5 0.66875 0.7125 0.03125 0.025
5 0.6640625 0.6864583333333333 0.040625 0.07708333333333334




5 0.76171875 0.40520833333333334 0.0515625 0.04375
5 0.628125 0.5677083333333334 0.028125 0.052083333333333336
5 0.66015625 0.7666666666666667 0.0359375 0.0625
5 0.62890625 0.56875 0.0296875 0.05416666666666667
5 0.54375 0.33645833333333336 0.009375 0.022916666666666665
5 0.54453125 0.28229166666666666 0.0078125 0.13541666666666666
1 0.54453125 0.33645833333333336 0.0109375 0.022916666666666665

1 0.51015625 0.21875 0.0171875 0.029166666666666667
1 0.54453125 0.278125 0.0109375 0.13958333333333334

1 0.759375 0.9916666666666667 0.03125 0.016666666666666666
1 0.628125 0.5677083333333334 0.028125 0.052083333333333336
1 0.50390625 0.146875 0.0359375 0.17291666666666666
1 0.584375 0.31354166666666666 0.11875 0.5604166666666667
1 0.378125 0.24791666666666667 0.01875 0.025
1 0.35625 0.24583333333333332 0.015625 0.025
1 0.3765625 0.22395833333333334 0.01875 0.022916666666666665
1 0.35703125 0.22291666666666668 0.0140625 0.020833333333333332
1 0.33828125 0.221875 0.0140625 0.022916666666666665
1 0.31875 0.228125 0.015625 0.022916666666666665
1 0.321875 0.25625 0.01875 0.03333333333333333
1 0.3 0.22916666666666666 0.01875 0.025
1 0.2796875 0.225 0.015625 0.020833333333333332
1 0.38515625 0.18333333333333332 0.0140625 0.020833333333333332
1 0.36875 0.1875 0.015625 0.020833333333333332
1 0.33125 0.184375 0.0125 0.01875
1 0.3140625 0.18958333333333333 0.01875 0.03333333333333333
1 0.3015625 0.16770833333333332 0.021875 0.03125
1 0.51015625 0.21875 0.0171875 0.029166666666666667

1 0.52421875 0.21875 0.0421875 0.029166666666666667
1 0.5375 0.278125 0.025 0.14375

