
1 0.3703125 0.96875 0.065625 0.05416666666666667
1 0.44375 0.9239583333333333 0.059375 0.04791666666666667
1 0.225 0.9895833333333334 0.05625 0.020833333333333332
1 0.309375 0.953125 0.065625 0.052083333333333336
1 0.39375 0.9041666666666667 0.05625 0.05
1 0.1578125 0.9802083333333333 0.071875 0.03958333333333333
1 0.24609375 0.9385416666666667 0.0609375 0.04791666666666667
1 0.32421875 0.8958333333333334 0.0515625 0.04583333333333333
1 0.39609375 0.85625 0.0578125 0.04583333333333333
1 0.1078125 0.9697916666666667 0.071875 0.05625
1 0.190625 0.921875 0.065625 0.052083333333333336
1 0.27890625 0.8770833333333333 0.0734375 0.05416666666666667
1 0.35625 0.8333333333333334 0.05625 0.04583333333333333












5 0.61875 0.8885416666666667 0.021875 0.03125
5 0.61953125 0.8885416666666667 0.0203125 0.03125
4 0.259375 0.6291666666666667 0.0125 0.029166666666666667
4 0.3921875 0.534375 0.01875 0.022916666666666665

5 0.475 0.7364583333333333 0.009375 0.022916666666666665
4 0.475 0.7375 0.009375 0.020833333333333332
4 0.35 0.50625 0.00625 0.0125
4 0.36171875 0.49895833333333334 0.0109375 0.010416666666666666
5 0.54375 0.3385416666666667 0.009375 0.022916666666666665
1 0.6625 0.7760416666666666 0.0375 0.06458333333333334
5 0.5359375 0.35625 0.021875 0.05416666666666667
5 0.6625 0.775 0.0375 0.0625
5 0.52109375 0.37916666666666665 0.0140625 0.020833333333333332
5 0.6703125 0.71875 0.03125 0.025
5 0.665625 0.69375 0.040625 0.075




5 0.76171875 0.4041666666666667 0.0453125 0.0375
5 0.6296875 0.5729166666666666 0.028125 0.05
5 0.6625 0.775 0.0375 0.0625
5 0.6296875 0.5729166666666666 0.03125 0.05416666666666667
5 0.54453125 0.3385416666666667 0.0078125 0.01875
5 0.5453125 0.33958333333333335 0.009375 0.020833333333333332
1 0.54453125 0.3385416666666667 0.0109375 0.022916666666666665

1 0.51015625 0.21979166666666666 0.0171875 0.027083333333333334
1 0.5453125 0.28020833333333334 0.009375 0.13958333333333334

1 0.76328125 0.9958333333333333 0.0234375 0.008333333333333333
1 0.6296875 0.5729166666666666 0.028125 0.05
1 0.50390625 0.14895833333333333 0.0359375 0.17291666666666666
1 0.584375 0.3177083333333333 0.11875 0.5645833333333333
1 0.378125 0.24895833333333334 0.01875 0.022916666666666665
1 0.35625 0.24583333333333332 0.015625 0.025
1 0.3765625 0.225 0.01875 0.025
1 0.35703125 0.22291666666666668 0.0140625 0.020833333333333332
1 0.33828125 0.221875 0.0140625 0.022916666666666665
1 0.31953125 0.228125 0.0140625 0.022916666666666665
1 0.321875 0.25625 0.01875 0.03333333333333333
1 0.3 0.22916666666666666 0.01875 0.025
1 0.2796875 0.225 0.015625 0.020833333333333332
1 0.38515625 0.18333333333333332 0.0140625 0.020833333333333332
1 0.36875 0.1875 0.015625 0.020833333333333332
1 0.33125 0.184375 0.0125 0.01875
1 0.3140625 0.18958333333333333 0.01875 0.03333333333333333
1 0.3015625 0.16875 0.021875 0.029166666666666667
1 0.5109375 0.22083333333333333 0.015625 0.029166666666666667

1 0.51015625 0.22083333333333333 0.0171875 0.029166666666666667
1 0.54375 0.2791666666666667 0.0125 0.14166666666666666

