
1 0.3703125 0.96875 0.065625 0.05416666666666667
1 0.44296875 0.9239583333333333 0.0578125 0.04791666666666667
1 0.225 0.9895833333333334 0.05625 0.020833333333333332
1 0.309375 0.9520833333333333 0.065625 0.05416666666666667
1 0.39375 0.9041666666666667 0.05625 0.05
1 0.1578125 0.9802083333333333 0.071875 0.03958333333333333
1 0.246875 0.9375 0.0625 0.04583333333333333
1 0.32421875 0.8958333333333334 0.0515625 0.04583333333333333
1 0.39609375 0.85625 0.0578125 0.04583333333333333
1 0.1078125 0.9697916666666667 0.071875 0.05625
1 0.190625 0.921875 0.065625 0.052083333333333336
1 0.278125 0.8770833333333333 0.071875 0.05416666666666667
1 0.35625 0.8333333333333334 0.05625 0.04583333333333333












5 0.62421875 0.896875 0.0234375 0.035416666666666666
5 0.62421875 0.896875 0.0234375 0.035416666666666666
4 0.25859375 0.628125 0.0078125 0.01875
4 0.39296875 0.5302083333333333 0.0171875 0.01875

5 0.47734375 0.7395833333333334 0.0109375 0.020833333333333332
4 0.4765625 0.7395833333333334 0.009375 0.020833333333333332
4 0.35 0.5072916666666667 0.00625 0.010416666666666666
4 0.36015625 0.49895833333333334 0.0109375 0.010416666666666666
5 0.5453125 0.3416666666666667 0.009375 0.025
1 0.6671875 0.7895833333333333 0.0375 0.06666666666666667
5 0.5375 0.3572916666666667 0.021875 0.052083333333333336
5 0.66796875 0.7895833333333333 0.0390625 0.07083333333333333
5 0.51796875 0.38645833333333335 0.0171875 0.03125
5 0.6734375 0.7302083333333333 0.03125 0.027083333333333334
5 0.66953125 0.7020833333333333 0.0390625 0.07916666666666666




5 0.77265625 0.40729166666666666 0.0609375 0.04375
5 0.63125 0.578125 0.028125 0.052083333333333336
5 0.6671875 0.7885416666666667 0.0375 0.06458333333333334
5 0.63125 0.578125 0.028125 0.052083333333333336
5 0.5453125 0.3416666666666667 0.009375 0.020833333333333332
5 0.54609375 0.34270833333333334 0.0078125 0.022916666666666665
1 0.5453125 0.340625 0.009375 0.022916666666666665

1 0.51015625 0.221875 0.0171875 0.027083333333333334
1 0.5453125 0.28541666666666665 0.009375 0.13333333333333333


1 0.63046875 0.578125 0.0296875 0.052083333333333336
1 0.50390625 0.14791666666666667 0.0359375 0.175
1 0.5859375 0.321875 0.121875 0.5729166666666666
1 0.378125 0.24895833333333334 0.01875 0.022916666666666665
1 0.35625 0.24583333333333332 0.015625 0.025
1 0.37578125 0.22395833333333334 0.0171875 0.022916666666666665
1 0.35703125 0.22291666666666668 0.0140625 0.020833333333333332
1 0.33828125 0.221875 0.0140625 0.022916666666666665
1 0.31953125 0.228125 0.0140625 0.022916666666666665
1 0.321875 0.25625 0.01875 0.03333333333333333
1 0.3 0.22916666666666666 0.01875 0.025
1 0.2796875 0.22395833333333334 0.015625 0.01875
1 0.38515625 0.18333333333333332 0.0140625 0.020833333333333332
1 0.36796875 0.18854166666666666 0.0171875 0.022916666666666665
1 0.33125 0.184375 0.0125 0.01875
1 0.3140625 0.18958333333333333 0.01875 0.03333333333333333
1 0.3015625 0.16770833333333332 0.021875 0.03125
1 0.5109375 0.221875 0.015625 0.027083333333333334

1 0.475 0.22291666666666668 0.0875 0.029166666666666667
1 0.5359375 0.28541666666666665 0.028125 0.13333333333333333

