
1 0.3703125 0.96875 0.065625 0.05416666666666667
1 0.44296875 0.9229166666666667 0.0578125 0.04583333333333333
1 0.225 0.9885416666666667 0.05625 0.022916666666666665
1 0.309375 0.9541666666666667 0.065625 0.05416666666666667
1 0.39375 0.9052083333333333 0.05625 0.04791666666666667
1 0.15703125 0.98125 0.0703125 0.0375
1 0.24609375 0.9375 0.0609375 0.04583333333333333
1 0.32421875 0.8958333333333334 0.0515625 0.04583333333333333
1 0.39609375 0.85625 0.0578125 0.04583333333333333
1 0.1078125 0.9697916666666667 0.071875 0.05625
1 0.190625 0.921875 0.065625 0.052083333333333336
1 0.278125 0.8770833333333333 0.071875 0.05416666666666667
1 0.35625 0.8333333333333334 0.05625 0.04583333333333333












5 0.62734375 0.903125 0.0234375 0.035416666666666666
5 0.62734375 0.9041666666666667 0.0234375 0.03333333333333333
4 0.25703125 0.6302083333333334 0.0109375 0.027083333333333334
4 0.3921875 0.53125 0.01875 0.016666666666666666

5 0.478125 0.7427083333333333 0.009375 0.022916666666666665
4 0.478125 0.7416666666666667 0.009375 0.020833333333333332
4 0.35 0.50625 0.00625 0.0125
4 0.36171875 0.49895833333333334 0.0109375 0.010416666666666666
5 0.5453125 0.34270833333333334 0.009375 0.022916666666666665
1 0.67109375 0.796875 0.0390625 0.06458333333333334
5 0.53046875 0.3729166666666667 0.0109375 0.025
5 0.67109375 0.7958333333333333 0.0359375 0.0625
5 0.5203125 0.38645833333333335 0.015625 0.03125
5 0.6765625 0.7364583333333333 0.03125 0.027083333333333334
5 0.671875 0.7083333333333334 0.040625 0.07916666666666666




5 0.77421875 0.409375 0.0578125 0.04375
5 0.63203125 0.5833333333333334 0.0265625 0.05
5 0.671875 0.796875 0.0375 0.06458333333333334
5 0.6328125 0.584375 0.028125 0.052083333333333336
5 0.54453125 0.34479166666666666 0.0109375 0.022916666666666665
5 0.54609375 0.34375 0.0078125 0.020833333333333332
1 0.5453125 0.34375 0.0125 0.025

1 0.51015625 0.22291666666666668 0.0171875 0.029166666666666667
1 0.546875 0.28854166666666664 0.0125 0.13541666666666666


1 0.63203125 0.584375 0.0296875 0.052083333333333336
1 0.50546875 0.14895833333333333 0.0390625 0.17708333333333334
1 0.58671875 0.3229166666666667 0.1203125 0.575
1 0.378125 0.24895833333333334 0.01875 0.022916666666666665
1 0.35625 0.24583333333333332 0.015625 0.025
1 0.37578125 0.22395833333333334 0.0171875 0.022916666666666665
1 0.35703125 0.22291666666666668 0.0140625 0.020833333333333332
1 0.3375 0.221875 0.0125 0.022916666666666665
1 0.31953125 0.228125 0.0140625 0.022916666666666665
1 0.321875 0.25625 0.01875 0.03333333333333333
1 0.3 0.22916666666666666 0.01875 0.025
1 0.2796875 0.225 0.015625 0.020833333333333332
1 0.38515625 0.18333333333333332 0.0140625 0.020833333333333332
1 0.3703125 0.18854166666666666 0.01875 0.022916666666666665
1 0.33125 0.184375 0.0125 0.01875
1 0.3140625 0.18958333333333333 0.01875 0.03333333333333333
1 0.3015625 0.16770833333333332 0.021875 0.03125
1 0.51015625 0.22291666666666668 0.0171875 0.029166666666666667

1 0.51015625 0.22395833333333334 0.0171875 0.03125
1 0.53515625 0.2875 0.0296875 0.1375

