
1 0.3703125 0.96875 0.065625 0.05416666666666667
1 0.44296875 0.9239583333333333 0.0578125 0.04791666666666667
1 0.225 0.9895833333333334 0.05625 0.020833333333333332
1 0.309375 0.953125 0.065625 0.052083333333333336
1 0.39375 0.9052083333333333 0.05625 0.04791666666666667
1 0.15703125 0.98125 0.0703125 0.0375
1 0.246875 0.9385416666666667 0.0625 0.04791666666666667
1 0.32421875 0.8958333333333334 0.0515625 0.04583333333333333
1 0.39609375 0.85625 0.0578125 0.04583333333333333
1 0.1078125 0.9697916666666667 0.071875 0.05625
1 0.190625 0.921875 0.065625 0.052083333333333336
1 0.27890625 0.8770833333333333 0.0734375 0.05416666666666667
1 0.35625 0.8333333333333334 0.05625 0.04583333333333333












5 0.6359375 0.9135416666666667 0.021875 0.035416666666666666
5 0.63515625 0.9125 0.0203125 0.03333333333333333
4 0.25546875 0.6302083333333334 0.0109375 0.027083333333333334
4 0.3921875 0.534375 0.01875 0.022916666666666665

5 0.4796875 0.746875 0.009375 0.022916666666666665
4 0.4796875 0.746875 0.009375 0.022916666666666665
4 0.35 0.50625 0.00625 0.0125
4 0.36015625 0.49895833333333334 0.0109375 0.010416666666666666
5 0.54609375 0.3458333333333333 0.0109375 0.025
1 0.6765625 0.809375 0.0375 0.06458333333333334
5 0.53046875 0.3729166666666667 0.0109375 0.025
5 0.67578125 0.809375 0.0390625 0.06458333333333334
5 0.5203125 0.3802083333333333 0.015625 0.022916666666666665
5 0.67890625 0.7458333333333333 0.0296875 0.029166666666666667
5 0.67421875 0.7177083333333333 0.0390625 0.07708333333333334


5 0.5375 0.3572916666666667 0.025 0.035416666666666666

5 0.77578125 0.4114583333333333 0.0546875 0.04375
5 0.63359375 0.5916666666666667 0.0296875 0.05416666666666667
5 0.6765625 0.809375 0.0375 0.06458333333333334
5 0.6328125 0.590625 0.028125 0.052083333333333336
5 0.54609375 0.346875 0.0078125 0.022916666666666665
5 0.54765625 0.346875 0.0078125 0.022916666666666665
1 0.546875 0.3458333333333333 0.009375 0.025

1 0.51171875 0.22604166666666667 0.0140625 0.027083333333333334
1 0.54765625 0.29270833333333335 0.0109375 0.13125


1 0.63359375 0.5916666666666667 0.0296875 0.05416666666666667
1 0.50546875 0.14895833333333333 0.0390625 0.18125
1 0.5875 0.328125 0.121875 0.5770833333333333
1 0.378125 0.24895833333333334 0.01875 0.022916666666666665
1 0.35625 0.24583333333333332 0.015625 0.025
1 0.3765625 0.225 0.01875 0.025
1 0.35703125 0.22291666666666668 0.0140625 0.020833333333333332
1 0.33828125 0.221875 0.0140625 0.022916666666666665
1 0.31953125 0.228125 0.0140625 0.022916666666666665
1 0.32265625 0.25625 0.0171875 0.03333333333333333
1 0.3 0.23020833333333332 0.01875 0.022916666666666665
1 0.2796875 0.225 0.015625 0.020833333333333332
1 0.38515625 0.184375 0.0140625 0.01875
1 0.36875 0.18854166666666666 0.015625 0.022916666666666665
1 0.33125 0.184375 0.015625 0.022916666666666665
1 0.3140625 0.18958333333333333 0.01875 0.03333333333333333
1 0.3015625 0.16770833333333332 0.021875 0.03125
1 0.5109375 0.225 0.015625 0.029166666666666667

1 0.4640625 0.21666666666666667 0.103125 0.041666666666666664
1 0.53671875 0.29375 0.0265625 0.12916666666666668

