
1 0.3703125 0.96875 0.065625 0.05416666666666667
1 0.4421875 0.9239583333333333 0.05625 0.04791666666666667
1 0.225 0.9895833333333334 0.05625 0.020833333333333332
1 0.309375 0.9541666666666667 0.065625 0.05416666666666667
1 0.39375 0.9052083333333333 0.05625 0.04791666666666667
1 0.1578125 0.9802083333333333 0.071875 0.03958333333333333
1 0.246875 0.9385416666666667 0.0625 0.04791666666666667
1 0.32421875 0.8958333333333334 0.0515625 0.04583333333333333
1 0.39609375 0.85625 0.0578125 0.04583333333333333
1 0.1078125 0.9697916666666667 0.071875 0.05625
1 0.190625 0.921875 0.065625 0.052083333333333336
1 0.278125 0.8770833333333333 0.071875 0.05416666666666667
1 0.35625 0.8333333333333334 0.05625 0.04583333333333333












5 0.6375 0.921875 0.021875 0.03125
5 0.6375 0.9208333333333333 0.021875 0.029166666666666667
4 0.253125 0.6302083333333334 0.009375 0.027083333333333334
4 0.3921875 0.534375 0.01875 0.022916666666666665

5 0.48125 0.75 0.009375 0.020833333333333332
4 0.4796875 0.75 0.009375 0.020833333333333332
4 0.35 0.5072916666666667 0.00625 0.010416666666666666
4 0.36015625 0.49895833333333334 0.0109375 0.010416666666666666
5 0.546875 0.34791666666666665 0.009375 0.020833333333333332
1 0.6796875 0.81875 0.0375 0.06666666666666667
5 0.53046875 0.371875 0.0109375 0.027083333333333334
5 0.6796875 0.8177083333333334 0.0375 0.06458333333333334
5 0.5203125 0.38333333333333336 0.015625 0.029166666666666667
5 0.68125 0.7520833333333333 0.03125 0.029166666666666667
5 0.6765625 0.725 0.04375 0.07916666666666666


5 0.53203125 0.3260416666666667 0.0390625 0.06458333333333334

5 0.77734375 0.4114583333333333 0.0515625 0.04375
5 0.63515625 0.5958333333333333 0.0296875 0.05416666666666667
5 0.6796875 0.8177083333333334 0.0375 0.06458333333333334
5 0.634375 0.5958333333333333 0.028125 0.05416666666666667
5 0.54609375 0.34791666666666665 0.0109375 0.020833333333333332
5 0.54765625 0.3489583333333333 0.0078125 0.01875
1 0.546875 0.34791666666666665 0.009375 0.020833333333333332

1 0.5125 0.22708333333333333 0.015625 0.029166666666666667
1 0.54765625 0.2947916666666667 0.0109375 0.12708333333333333


1 0.63515625 0.5958333333333333 0.0296875 0.05416666666666667
1 0.50546875 0.15 0.0390625 0.18333333333333332
1 0.5875 0.33229166666666665 0.121875 0.58125
1 0.378125 0.24895833333333334 0.01875 0.022916666666666665
1 0.35859375 0.24583333333333332 0.0171875 0.025
1 0.37734375 0.225 0.0171875 0.025
1 0.35703125 0.22291666666666668 0.0140625 0.020833333333333332
1 0.33828125 0.221875 0.0140625 0.022916666666666665
1 0.31953125 0.228125 0.0140625 0.022916666666666665
1 0.32265625 0.25625 0.0171875 0.03333333333333333
1 0.3 0.23020833333333332 0.01875 0.022916666666666665
1 0.2796875 0.225 0.015625 0.020833333333333332
1 0.38515625 0.184375 0.0140625 0.01875
1 0.36875 0.18854166666666666 0.015625 0.022916666666666665
1 0.33125 0.18541666666666667 0.0125 0.020833333333333332
1 0.3140625 0.18958333333333333 0.01875 0.03333333333333333
1 0.30234375 0.16875 0.0203125 0.029166666666666667
1 0.5109375 0.22708333333333333 0.015625 0.029166666666666667

1 0.42734375 0.209375 0.0328125 0.027083333333333334
1 0.54609375 0.2947916666666667 0.0140625 0.13125

