
1 0.3703125 0.96875 0.065625 0.05416666666666667
1 0.44296875 0.9239583333333333 0.0578125 0.04791666666666667
1 0.225 0.9895833333333334 0.05625 0.020833333333333332
1 0.309375 0.9541666666666667 0.065625 0.05416666666666667
1 0.39375 0.9052083333333333 0.05625 0.04791666666666667
1 0.1578125 0.9802083333333333 0.071875 0.03958333333333333
1 0.246875 0.9375 0.0625 0.04583333333333333
1 0.32421875 0.8958333333333334 0.0515625 0.04583333333333333
1 0.39609375 0.85625 0.0578125 0.04583333333333333
1 0.1078125 0.9697916666666667 0.071875 0.05625
1 0.190625 0.921875 0.065625 0.052083333333333336
1 0.278125 0.8770833333333333 0.071875 0.05416666666666667
1 0.35625 0.8333333333333334 0.05625 0.04583333333333333












5 0.64296875 0.93125 0.0234375 0.0375
5 0.64375 0.9302083333333333 0.021875 0.035416666666666666
4 0.2515625 0.63125 0.009375 0.025
4 0.39296875 0.5354166666666667 0.0171875 0.020833333333333332

5 0.48359375 0.753125 0.0109375 0.022916666666666665
4 0.48203125 0.7541666666666667 0.0109375 0.020833333333333332
4 0.35078125 0.50625 0.0078125 0.0125
4 0.36015625 0.49895833333333334 0.0109375 0.010416666666666666
5 0.546875 0.353125 0.009375 0.022916666666666665
1 0.68515625 0.83125 0.0390625 0.07083333333333333
5 0.53046875 0.37083333333333335 0.0109375 0.029166666666666667
5 0.68515625 0.83125 0.0390625 0.06666666666666667
5 0.52265625 0.37916666666666665 0.0171875 0.020833333333333332
5 0.68515625 0.7614583333333333 0.0328125 0.027083333333333334
5 0.6796875 0.7333333333333333 0.04375 0.07916666666666666


5 0.53046875 0.328125 0.0359375 0.052083333333333336

5 0.7828125 0.41354166666666664 0.053125 0.04375
5 0.63671875 0.603125 0.0296875 0.052083333333333336
5 0.68515625 0.83125 0.0390625 0.06666666666666667
5 0.63671875 0.603125 0.0296875 0.052083333333333336
5 0.54765625 0.35208333333333336 0.0078125 0.020833333333333332
5 0.54765625 0.35208333333333336 0.0078125 0.020833333333333332
1 0.54765625 0.35208333333333336 0.0109375 0.020833333333333332

1 0.51328125 0.22916666666666666 0.0140625 0.029166666666666667
1 0.54921875 0.29791666666666666 0.0109375 0.125


1 0.63671875 0.603125 0.0296875 0.052083333333333336
1 0.50546875 0.15208333333333332 0.0390625 0.18333333333333332
1 0.5890625 0.33541666666666664 0.125 0.5875
1 0.378125 0.24895833333333334 0.01875 0.022916666666666665
1 0.35859375 0.24583333333333332 0.0171875 0.025
1 0.37578125 0.22395833333333334 0.0171875 0.022916666666666665
1 0.35703125 0.22291666666666668 0.0140625 0.020833333333333332
1 0.33828125 0.221875 0.0140625 0.022916666666666665
1 0.31953125 0.228125 0.0140625 0.022916666666666665
1 0.32265625 0.25625 0.0171875 0.03333333333333333
1 0.3 0.23020833333333332 0.01875 0.022916666666666665
1 0.2796875 0.22395833333333334 0.015625 0.01875
1 0.38515625 0.184375 0.0140625 0.01875
1 0.36875 0.18854166666666666 0.015625 0.022916666666666665
1 0.33125 0.18541666666666667 0.0125 0.020833333333333332
1 0.3140625 0.18958333333333333 0.01875 0.03333333333333333
1 0.30234375 0.16875 0.0203125 0.029166666666666667
1 0.51171875 0.22916666666666666 0.0171875 0.029166666666666667

1 0.42578125 0.209375 0.0296875 0.027083333333333334
1 0.54765625 0.3 0.0140625 0.13333333333333333

