
1 0.3703125 0.96875 0.065625 0.05416666666666667
1 0.44296875 0.9239583333333333 0.0578125 0.04791666666666667
1 0.225 0.9895833333333334 0.05625 0.020833333333333332
1 0.309375 0.9541666666666667 0.065625 0.05416666666666667
1 0.39453125 0.9052083333333333 0.0578125 0.04791666666666667
1 0.1578125 0.9802083333333333 0.071875 0.03958333333333333
1 0.246875 0.9375 0.0625 0.04583333333333333
1 0.32421875 0.8958333333333334 0.0515625 0.04583333333333333
1 0.39609375 0.85625 0.0578125 0.04583333333333333
1 0.1078125 0.9697916666666667 0.071875 0.05625
1 0.190625 0.921875 0.065625 0.052083333333333336
1 0.27890625 0.8770833333333333 0.0734375 0.05416666666666667
1 0.35625 0.834375 0.05625 0.04791666666666667












5 0.64765625 0.9375 0.0234375 0.03333333333333333
5 0.6484375 0.9375 0.021875 0.03333333333333333
4 0.25078125 0.6322916666666667 0.0109375 0.022916666666666665
4 0.39296875 0.53125 0.0171875 0.016666666666666666

5 0.4859375 0.7552083333333334 0.00625 0.01875
4 0.4828125 0.7552083333333334 0.009375 0.01875
4 0.35078125 0.50625 0.0078125 0.0125
4 0.3609375 0.49895833333333334 0.0125 0.010416666666666666
5 0.5484375 0.3541666666666667 0.009375 0.020833333333333332
1 0.6890625 0.840625 0.040625 0.07291666666666667
5 0.5296875 0.37083333333333335 0.0125 0.029166666666666667
5 0.68828125 0.8395833333333333 0.0390625 0.07083333333333333
5 0.52265625 0.3770833333333333 0.0171875 0.025
5 0.68671875 0.7677083333333333 0.0328125 0.027083333333333334
5 0.68203125 0.7395833333333334 0.0421875 0.07916666666666666


5 0.5328125 0.33229166666666665 0.040625 0.06041666666666667

5 0.78515625 0.41458333333333336 0.0515625 0.041666666666666664
5 0.63828125 0.6083333333333333 0.0296875 0.05416666666666667
5 0.6890625 0.8395833333333333 0.040625 0.07083333333333333
5 0.63828125 0.6072916666666667 0.0296875 0.052083333333333336
5 0.54765625 0.353125 0.0078125 0.01875
5 0.54765625 0.353125 0.0078125 0.01875
1 0.5484375 0.3541666666666667 0.009375 0.020833333333333332

1 0.51484375 0.23020833333333332 0.0109375 0.027083333333333334
1 0.5484375 0.3020833333333333 0.0125 0.125


1 0.63828125 0.6083333333333333 0.0296875 0.05416666666666667
1 0.5046875 0.153125 0.0375 0.18541666666666667
1 0.590625 0.33958333333333335 0.125 0.5916666666666667
1 0.378125 0.24895833333333334 0.01875 0.022916666666666665
1 0.35859375 0.24583333333333332 0.0171875 0.025
1 0.37578125 0.22395833333333334 0.0171875 0.022916666666666665
1 0.35703125 0.22291666666666668 0.0140625 0.020833333333333332
1 0.33828125 0.221875 0.0140625 0.022916666666666665
1 0.31953125 0.228125 0.0140625 0.022916666666666665
1 0.32265625 0.25625 0.0171875 0.03333333333333333
1 0.3 0.23020833333333332 0.01875 0.022916666666666665
1 0.2796875 0.225 0.015625 0.020833333333333332
1 0.38515625 0.18333333333333332 0.0140625 0.020833333333333332
1 0.36796875 0.18854166666666666 0.0171875 0.022916666666666665
1 0.33125 0.18541666666666667 0.0125 0.020833333333333332
1 0.3140625 0.18958333333333333 0.01875 0.03333333333333333
1 0.30234375 0.16875 0.0203125 0.029166666666666667
1 0.51171875 0.22916666666666666 0.0171875 0.029166666666666667

1 0.425 0.209375 0.03125 0.027083333333333334
1 0.55 0.30104166666666665 0.0125 0.12708333333333333

