
1 0.3703125 0.96875 0.065625 0.05416666666666667
1 0.44296875 0.9239583333333333 0.0578125 0.04791666666666667
1 0.22578125 0.9895833333333334 0.0578125 0.020833333333333332
1 0.309375 0.9541666666666667 0.065625 0.05416666666666667
1 0.39375 0.9041666666666667 0.05625 0.05
1 0.1578125 0.9802083333333333 0.071875 0.03958333333333333
1 0.246875 0.9385416666666667 0.0625 0.04791666666666667
1 0.32421875 0.8958333333333334 0.0515625 0.04583333333333333
1 0.39609375 0.85625 0.0578125 0.04583333333333333
1 0.10859375 0.9697916666666667 0.0703125 0.05625
1 0.190625 0.921875 0.065625 0.052083333333333336
1 0.27890625 0.8770833333333333 0.0734375 0.05416666666666667
1 0.35625 0.8333333333333334 0.05625 0.04583333333333333












5 0.653125 0.9489583333333333 0.025 0.035416666666666666
5 0.65390625 0.9489583333333333 0.0234375 0.035416666666666666
4 0.24921875 0.63125 0.0109375 0.020833333333333332
4 0.39375 0.5354166666666667 0.015625 0.020833333333333332

5 0.48671875 0.759375 0.0078125 0.01875
4 0.4859375 0.7583333333333333 0.00625 0.016666666666666666
4 0.35 0.5052083333333334 0.009375 0.014583333333333334
4 0.3609375 0.49895833333333334 0.0125 0.010416666666666666
5 0.5484375 0.3572916666666667 0.009375 0.022916666666666665
1 0.69375 0.853125 0.040625 0.07291666666666667
5 0.52890625 0.36875 0.0109375 0.029166666666666667
5 0.69375 0.8541666666666666 0.040625 0.07083333333333333
5 0.52109375 0.378125 0.0171875 0.027083333333333334
5 0.690625 0.7760416666666666 0.03125 0.027083333333333334
5 0.6859375 0.746875 0.040625 0.07708333333333334


5 0.54921875 0.3572916666666667 0.0078125 0.01875

5 0.78984375 0.41458333333333336 0.0546875 0.041666666666666664
5 0.640625 0.6166666666666667 0.03125 0.05416666666666667
5 0.69375 0.8541666666666666 0.040625 0.07083333333333333
5 0.640625 0.615625 0.03125 0.05625
5 0.5484375 0.3572916666666667 0.009375 0.01875
5 0.54921875 0.35625 0.0078125 0.020833333333333332
1 0.5484375 0.35625 0.009375 0.020833333333333332

1 0.51484375 0.23229166666666667 0.0140625 0.027083333333333334
1 0.55 0.30625 0.0125 0.125


1 0.640625 0.615625 0.03125 0.052083333333333336
1 0.50546875 0.153125 0.0390625 0.18958333333333333
1 0.5921875 0.34375 0.128125 0.5958333333333333
1 0.378125 0.24895833333333334 0.01875 0.022916666666666665
1 0.359375 0.24583333333333332 0.01875 0.025
1 0.37578125 0.22395833333333334 0.0171875 0.022916666666666665
1 0.35703125 0.22291666666666668 0.0140625 0.020833333333333332
1 0.33828125 0.221875 0.0140625 0.022916666666666665
1 0.31953125 0.228125 0.0140625 0.022916666666666665
1 0.32265625 0.25625 0.0171875 0.03333333333333333
1 0.3 0.23020833333333332 0.01875 0.022916666666666665
1 0.2796875 0.225 0.015625 0.020833333333333332
1 0.38515625 0.184375 0.0140625 0.01875
1 0.36953125 0.18854166666666666 0.0171875 0.022916666666666665
1 0.33203125 0.18541666666666667 0.0140625 0.020833333333333332
1 0.3140625 0.18958333333333333 0.01875 0.03333333333333333
1 0.30234375 0.16875 0.0203125 0.029166666666666667
1 0.51171875 0.23125 0.0171875 0.029166666666666667

1 0.43046875 0.209375 0.0421875 0.027083333333333334
1 0.55078125 0.30520833333333336 0.0109375 0.12291666666666666

