
1 0.3703125 0.96875 0.065625 0.05416666666666667
1 0.44296875 0.9239583333333333 0.0578125 0.04791666666666667
1 0.2265625 0.9895833333333334 0.05625 0.020833333333333332
1 0.309375 0.9541666666666667 0.065625 0.05416666666666667
1 0.39453125 0.9041666666666667 0.0578125 0.05
1 0.1578125 0.98125 0.071875 0.0375
1 0.246875 0.9385416666666667 0.0625 0.04791666666666667
1 0.32421875 0.8958333333333334 0.0515625 0.04583333333333333
1 0.39609375 0.85625 0.0578125 0.04583333333333333
1 0.10859375 0.9697916666666667 0.0703125 0.05625
1 0.190625 0.921875 0.065625 0.052083333333333336
1 0.2796875 0.8770833333333333 0.071875 0.05416666666666667
1 0.35625 0.8333333333333334 0.05625 0.04583333333333333












5 0.65859375 0.95625 0.0234375 0.03333333333333333
5 0.659375 0.9552083333333333 0.021875 0.03125
4 0.24765625 0.63125 0.0109375 0.020833333333333332
4 0.39296875 0.5354166666666667 0.0171875 0.020833333333333332

5 0.4875 0.7614583333333333 0.00625 0.01875
4 0.4859375 0.7614583333333333 0.009375 0.01875
4 0.35 0.50625 0.00625 0.0125
4 0.3609375 0.49895833333333334 0.0125 0.010416666666666666
5 0.5484375 0.35833333333333334 0.009375 0.020833333333333332
1 0.69765625 0.8614583333333333 0.0421875 0.06875
5 0.52734375 0.3697916666666667 0.0109375 0.03125
5 0.69765625 0.8614583333333333 0.0421875 0.06875
5 0.52109375 0.378125 0.0171875 0.027083333333333334
5 0.69375 0.7833333333333333 0.03125 0.025
5 0.68828125 0.7552083333333334 0.0421875 0.08125


5 0.54921875 0.359375 0.0109375 0.022916666666666665

5 0.7921875 0.4166666666666667 0.053125 0.041666666666666664
5 0.6421875 0.6208333333333333 0.03125 0.05416666666666667
5 0.69765625 0.8625 0.0421875 0.07083333333333333
5 0.64296875 0.6208333333333333 0.0328125 0.05416666666666667
5 0.5484375 0.35833333333333334 0.009375 0.020833333333333332
5 0.54921875 0.35833333333333334 0.0078125 0.020833333333333332
1 0.55 0.35833333333333334 0.009375 0.020833333333333332

1 0.5140625 0.23229166666666667 0.0125 0.027083333333333334
1 0.55078125 0.309375 0.0140625 0.12291666666666666


1 0.6421875 0.6208333333333333 0.03125 0.05416666666666667
1 0.50546875 0.153125 0.0390625 0.18958333333333333
1 0.59296875 0.34791666666666665 0.1296875 0.6
1 0.378125 0.24895833333333334 0.01875 0.022916666666666665
1 0.359375 0.24583333333333332 0.01875 0.025
1 0.37734375 0.225 0.0171875 0.025
1 0.35703125 0.22291666666666668 0.0140625 0.020833333333333332
1 0.33828125 0.221875 0.0140625 0.022916666666666665
1 0.31953125 0.228125 0.0140625 0.022916666666666665
1 0.32265625 0.25625 0.0171875 0.03333333333333333
1 0.30078125 0.23020833333333332 0.0171875 0.022916666666666665
1 0.2796875 0.22395833333333334 0.015625 0.01875
1 0.38515625 0.184375 0.0140625 0.01875
1 0.36953125 0.18854166666666666 0.0171875 0.022916666666666665
1 0.33203125 0.18541666666666667 0.0140625 0.020833333333333332
1 0.3140625 0.18958333333333333 0.01875 0.03333333333333333
1 0.30234375 0.16875 0.0203125 0.029166666666666667
1 0.5125 0.23333333333333334 0.01875 0.029166666666666667

1 0.43046875 0.209375 0.0421875 0.027083333333333334
1 0.5515625 0.30833333333333335 0.0125 0.12083333333333333

