
1 0.37109375 0.96875 0.0671875 0.05416666666666667
1 0.44296875 0.9239583333333333 0.0578125 0.04791666666666667
1 0.2265625 0.9895833333333334 0.05625 0.020833333333333332
1 0.309375 0.9541666666666667 0.065625 0.05416666666666667
1 0.39453125 0.9041666666666667 0.0578125 0.05
1 0.1578125 0.98125 0.071875 0.0375
1 0.246875 0.9385416666666667 0.0625 0.04791666666666667
1 0.32421875 0.8958333333333334 0.0515625 0.04583333333333333
1 0.396875 0.85625 0.05625 0.04583333333333333
1 0.10859375 0.9697916666666667 0.0703125 0.05625
1 0.190625 0.921875 0.065625 0.052083333333333336
1 0.2796875 0.8770833333333333 0.071875 0.05416666666666667
1 0.35703125 0.834375 0.0546875 0.04791666666666667












5 0.66796875 0.9739583333333334 0.0234375 0.035416666666666666
5 0.66796875 0.975 0.0234375 0.03333333333333333
4 0.24375 0.63125 0.009375 0.020833333333333332
4 0.39140625 0.534375 0.0171875 0.022916666666666665

5 0.4890625 0.7677083333333333 0.009375 0.022916666666666665
4 0.4890625 0.76875 0.009375 0.020833333333333332
4 0.35078125 0.50625 0.0078125 0.0125
4 0.3609375 0.49895833333333334 0.0125 0.010416666666666666
5 0.55 0.3645833333333333 0.009375 0.020833333333333332
1 0.7078125 0.884375 0.040625 0.06875
5 0.525 0.3697916666666667 0.0125 0.03125
5 0.70703125 0.884375 0.0421875 0.06875
5 0.521875 0.3770833333333333 0.015625 0.025
5 0.69921875 0.8 0.0328125 0.025
5 0.69453125 0.771875 0.0421875 0.08125


5 0.55 0.36354166666666665 0.009375 0.022916666666666665

5 0.80078125 0.41770833333333335 0.0546875 0.03958333333333333
5 0.6453125 0.6333333333333333 0.03125 0.05416666666666667
5 0.7078125 0.884375 0.040625 0.06875
5 0.64453125 0.6333333333333333 0.0296875 0.05416666666666667
5 0.54921875 0.3645833333333333 0.0078125 0.020833333333333332
5 0.54921875 0.36354166666666665 0.0078125 0.01875
1 0.55 0.3625 0.009375 0.020833333333333332

1 0.51328125 0.23645833333333333 0.0140625 0.027083333333333334
1 0.55234375 0.315625 0.0140625 0.11875


1 0.6453125 0.6333333333333333 0.03125 0.05416666666666667
1 0.5125 0.15416666666666667 0.053125 0.19166666666666668
1 0.5953125 0.35520833333333335 0.13125 0.6104166666666667
1 0.378125 0.24895833333333334 0.01875 0.022916666666666665
1 0.359375 0.24583333333333332 0.01875 0.025
1 0.37578125 0.22395833333333334 0.0171875 0.022916666666666665
1 0.35703125 0.22291666666666668 0.0140625 0.020833333333333332
1 0.33828125 0.22291666666666668 0.0140625 0.020833333333333332
1 0.31953125 0.22916666666666666 0.0140625 0.020833333333333332
1 0.32265625 0.25625 0.0171875 0.03333333333333333
1 0.3 0.23125 0.01875 0.025
1 0.28046875 0.225 0.0171875 0.020833333333333332
1 0.38515625 0.184375 0.0140625 0.01875
1 0.36953125 0.18854166666666666 0.0171875 0.022916666666666665
1 0.33203125 0.18541666666666667 0.0140625 0.020833333333333332
1 0.3140625 0.18958333333333333 0.01875 0.03333333333333333
1 0.30234375 0.16875 0.0203125 0.029166666666666667
1 0.51328125 0.23645833333333333 0.0171875 0.03125

1 0.4234375 0.209375 0.028125 0.027083333333333334
1 0.55390625 0.3145833333333333 0.0140625 0.11666666666666667

