1 0.0265625 0.9427083333333334 0.053125 0.06041666666666667
1 0.38203125 0.9697916666666667 0.0671875 0.05625
1 0.45234375 0.925 0.0578125 0.05
1 0.23984375 0.990625 0.0515625 0.01875
1 0.3203125 0.95625 0.065625 0.05416666666666667
1 0.4046875 0.9072916666666667 0.05625 0.04791666666666667
1 0.1671875 0.9833333333333333 0.071875 0.03333333333333333
1 0.2578125 0.9427083333333334 0.0625 0.04791666666666667
1 0.33359375 0.8979166666666667 0.0515625 0.04583333333333333
1 0.40546875 0.8572916666666667 0.0546875 0.04375
1 0.12109375 0.9729166666666667 0.0703125 0.05416666666666667
1 0.20078125 0.9260416666666667 0.0640625 0.052083333333333336
1 0.2890625 0.8802083333333334 0.071875 0.05625
1 0.36640625 0.8354166666666667 0.0578125 0.04583333333333333
1 0.17109375 0.8364583333333333 0.0640625 0.05625
1 0.10078125 0.7739583333333333 0.0609375 0.052083333333333336
1 0.2328125 0.7520833333333333 0.059375 0.05
1 0.39375 0.7447916666666666 0.059375 0.04375
1 0.40234375 0.659375 0.0546875 0.03958333333333333
1 0.503125 0.678125 0.05 0.035416666666666666
1 0.52578125 0.7416666666666667 0.0609375 0.041666666666666664
1 0.60859375 0.7072916666666667 0.0578125 0.04375
1 0.6890625 0.7177083333333333 0.053125 0.052083333333333336
1 0.7078125 0.8177083333333334 0.059375 0.06458333333333334
1 0.80390625 0.7645833333333333 0.0609375 0.058333333333333334
1 0.871875 0.8552083333333333 0.046875 0.06458333333333334
5 0.0125 0.778125 0.025 0.03125
5 0.28671875 0.6083333333333333 0.0265625 0.025
4 0.34921875 0.5604166666666667 0.0078125 0.016666666666666666
4 0.36953125 0.5520833333333334 0.0078125 0.016666666666666666
5 0.40625 0.5416666666666666 0.009375 0.029166666666666667
5 0.41953125 0.5395833333333333 0.0109375 0.029166666666666667
4 0.396875 0.53125 0.00625 0.0125
4 0.3640625 0.5114583333333333 0.009375 0.022916666666666665
4 0.37265625 0.5 0.0109375 0.0125
5 0.521875 0.41770833333333335 0.009375 0.022916666666666665
1 0.571875 0.39791666666666664 0.025 0.0375
5 0.53515625 0.41770833333333335 0.0078125 0.01875
5 0.55625 0.4114583333333333 0.009375 0.022916666666666665
5 0.55625 0.43125 0.0125 0.025
5 0.57109375 0.43020833333333336 0.0078125 0.01875
5 0.59140625 0.38958333333333334 0.0140625 0.020833333333333332
5 0.615625 0.40208333333333335 0.0125 0.025
5 0.61328125 0.3854166666666667 0.0109375 0.016666666666666666
5 0.64375 0.371875 0.009375 0.01875
5 0.61953125 0.365625 0.0078125 0.01875
5 0.61640625 0.34375 0.0140625 0.020833333333333332
5 0.5953125 0.3645833333333333 0.015625 0.020833333333333332
5 0.56953125 0.36041666666666666 0.0078125 0.016666666666666666
5 0.553125 0.3697916666666667 0.00625 0.014583333333333334
5 0.53125 0.3541666666666667 0.00625 0.016666666666666666
5 0.53828125 0.35520833333333335 0.0046875 0.014583333333333334
1 0.5296875 0.2989583333333333 0.021875 0.035416666666666666
3 0.54375 0.2520833333333333 0.028125 0.07083333333333333
1 0.53125 0.21458333333333332 0.0125 0.020833333333333332
1 0.53046875 0.18541666666666667 0.0171875 0.029166666666666667
3 0.52421875 0.14375 0.0234375 0.05416666666666667
1 0.5171875 0.11666666666666667 0.0125 0.020833333333333332
1 0.51328125 0.0875 0.0171875 0.029166666666666667
1 0.50625 0.05625 0.009375 0.0125
1 0.49375 0.013541666666666667 0.015625 0.027083333333333334
1 0.38359375 0.246875 0.0171875 0.027083333333333334
1 0.36171875 0.24375 0.0171875 0.025
1 0.38046875 0.221875 0.0140625 0.022916666666666665
1 0.3609375 0.22083333333333333 0.015625 0.020833333333333332
1 0.34296875 0.22083333333333333 0.0171875 0.025
1 0.3234375 0.22604166666666667 0.015625 0.022916666666666665
1 0.32578125 0.253125 0.0171875 0.03125
1 0.30546875 0.22916666666666666 0.0171875 0.025
1 0.28359375 0.22395833333333334 0.0171875 0.01875
1 0.38984375 0.18333333333333332 0.0140625 0.020833333333333332
1 0.3734375 0.1875 0.01875 0.025
1 0.33515625 0.184375 0.0171875 0.022916666666666665
1 0.3171875 0.18854166666666666 0.01875 0.03125
1 0.3046875 0.16666666666666666 0.01875 0.029166666666666667
1 0.490625 0.07604166666666666 0.0125 0.01875
1 0.56484375 0.25416666666666665 0.0171875 0.029166666666666667
1 0.559375 0.21875 0.01875 0.029166666666666667
1 0.5515625 0.190625 0.01875 0.03125
1 0.5453125 0.16145833333333334 0.015625 0.022916666666666665
