
1 0.37890625 0.971875 0.0671875 0.05625
1 0.45078125 0.9270833333333334 0.0578125 0.05
1 0.2390625 0.990625 0.05 0.01875
1 0.31875 0.9572916666666667 0.065625 0.05625
1 0.40234375 0.9083333333333333 0.0578125 0.05
1 0.16640625 0.984375 0.0703125 0.03125
1 0.25625 0.9427083333333334 0.0625 0.04791666666666667
1 0.33125 0.9 0.053125 0.04583333333333333
1 0.403125 0.8583333333333333 0.05625 0.041666666666666664
1 0.11796875 0.9739583333333334 0.0703125 0.052083333333333336
1 0.19921875 0.9270833333333334 0.0640625 0.05
1 0.2875 0.88125 0.071875 0.05416666666666667
1 0.36328125 0.8375 0.0546875 0.04583333333333333



1 0.1796875 0.8510416666666667 0.065625 0.06041666666666667
1 0.171875 0.7458333333333333 0.059375 0.05416666666666667
1 0.284375 0.7375 0.05 0.04583333333333333
1 0.3765625 0.7604166666666666 0.059375 0.04583333333333333
1 0.4453125 0.684375 0.059375 0.03958333333333333
1 0.528125 0.646875 0.05625 0.035416666666666666
1 0.61171875 0.7510416666666667 0.0640625 0.05625
1 0.61953125 0.6364583333333333 0.0578125 0.04791666666666667
1 0.771875 0.596875 0.034375 0.05625

5 0.34921875 0.5760416666666667 0.0265625 0.022916666666666665
4 0.3484375 0.559375 0.00625 0.010416666666666666
4 0.36953125 0.5520833333333334 0.0078125 0.016666666666666666
5 0.40390625 0.5447916666666667 0.0078125 0.027083333333333334
5 0.41796875 0.5416666666666666 0.0109375 0.025
4 0.3953125 0.5322916666666667 0.00625 0.014583333333333334
4 0.36640625 0.5104166666666666 0.0109375 0.025
4 0.3671875 0.49375 0.0125 0.025
5 0.52109375 0.41875 0.0078125 0.020833333333333332
1 0.571875 0.39895833333333336 0.025 0.035416666666666666
5 0.5328125 0.41770833333333335 0.00625 0.01875
5 0.55390625 0.41354166666666664 0.0078125 0.01875
5 0.55390625 0.43125 0.0109375 0.020833333333333332
5 0.58828125 0.4822916666666667 0.0109375 0.022916666666666665
5 0.58984375 0.3927083333333333 0.0140625 0.01875
5 0.61796875 0.4375 0.0109375 0.020833333333333332
5 0.61171875 0.390625 0.0078125 0.014583333333333334
5 0.640625 0.375 0.009375 0.020833333333333332
5 0.61875 0.375 0.009375 0.020833333333333332
5 0.61484375 0.3458333333333333 0.0140625 0.020833333333333332
5 0.61484375 0.3541666666666667 0.0109375 0.025
5 0.56796875 0.3625 0.0078125 0.016666666666666666
5 0.55078125 0.37083333333333335 0.0046875 0.0125
5 0.52890625 0.35625 0.0046875 0.016666666666666666
5 0.53671875 0.35833333333333334 0.0046875 0.016666666666666666
1 0.54765625 0.3416666666666667 0.0234375 0.0375
3 0.54375 0.26458333333333334 0.03125 0.07083333333333333
1 0.5296875 0.21979166666666666 0.0125 0.022916666666666665
1 0.52734375 0.18645833333333334 0.0171875 0.027083333333333334
3 0.521875 0.14270833333333333 0.025 0.05625
1 0.51484375 0.115625 0.0109375 0.01875
1 0.5046875 0.09166666666666666 0.028125 0.03333333333333333
1 0.4890625 0.05625 0.009375 0.016666666666666666
1 0.49921875 0.011458333333333333 0.0203125 0.022916666666666665
1 0.38046875 0.24895833333333334 0.0171875 0.022916666666666665
1 0.3609375 0.246875 0.015625 0.027083333333333334
1 0.37890625 0.22291666666666668 0.0140625 0.020833333333333332
1 0.36015625 0.22291666666666668 0.0140625 0.020833333333333332
1 0.33984375 0.22291666666666668 0.0140625 0.025
1 0.32109375 0.22916666666666666 0.0140625 0.020833333333333332
1 0.32421875 0.25729166666666664 0.0171875 0.035416666666666666
1 0.30390625 0.23020833333333332 0.0140625 0.022916666666666665
1 0.28125 0.22604166666666667 0.015625 0.01875
1 0.38671875 0.184375 0.0140625 0.01875
1 0.371875 0.18854166666666666 0.01875 0.022916666666666665
1 0.33359375 0.184375 0.0171875 0.022916666666666665
1 0.315625 0.18958333333333333 0.01875 0.03333333333333333
1 0.30390625 0.16875 0.0203125 0.029166666666666667
1 0.484375 0.06979166666666667 0.01875 0.022916666666666665
1 0.5625 0.25625 0.015625 0.029166666666666667
1 0.55703125 0.21979166666666666 0.0171875 0.03125
1 0.5484375 0.19166666666666668 0.015625 0.029166666666666667
1 0.5421875 0.16354166666666667 0.015625 0.022916666666666665
