
1 0.3703125 0.96875 0.065625 0.05416666666666667
1 0.44375 0.9239583333333333 0.059375 0.04791666666666667
1 0.2265625 0.9895833333333334 0.05625 0.020833333333333332
1 0.309375 0.9541666666666667 0.065625 0.05416666666666667
1 0.3953125 0.9041666666666667 0.05625 0.05
1 0.1578125 0.98125 0.071875 0.0375
1 0.246875 0.9385416666666667 0.0625 0.04791666666666667
1 0.32421875 0.8958333333333334 0.0515625 0.04583333333333333
1 0.396875 0.85625 0.05625 0.04583333333333333
1 0.10859375 0.9697916666666667 0.0703125 0.05625
1 0.190625 0.921875 0.065625 0.052083333333333336
1 0.28046875 0.8770833333333333 0.0734375 0.05416666666666667
1 0.35703125 0.834375 0.0546875 0.04791666666666667












5 0.67421875 0.984375 0.0203125 0.03125
5 0.67421875 0.984375 0.0203125 0.03125
4 0.24140625 0.6322916666666667 0.0109375 0.022916666666666665
4 0.39296875 0.5354166666666667 0.0171875 0.020833333333333332

5 0.490625 0.7729166666666667 0.009375 0.020833333333333332
4 0.490625 0.7729166666666667 0.009375 0.020833333333333332
4 0.35078125 0.5072916666666667 0.0078125 0.010416666666666666
4 0.3609375 0.49895833333333334 0.0125 0.010416666666666666
5 0.55078125 0.36666666666666664 0.0078125 0.020833333333333332
1 0.71328125 0.8989583333333333 0.0421875 0.07291666666666667
5 0.52421875 0.36770833333333336 0.0109375 0.03125
5 0.71328125 0.8989583333333333 0.0421875 0.07291666666666667
5 0.52265625 0.37604166666666666 0.0140625 0.027083333333333334
5 0.7046875 0.809375 0.034375 0.027083333333333334
5 0.69921875 0.78125 0.0453125 0.07916666666666666


5 0.55078125 0.36666666666666664 0.0078125 0.020833333333333332

5 0.8046875 0.41875 0.053125 0.041666666666666664
5 0.6484375 0.6416666666666667 0.03125 0.05416666666666667
5 0.71328125 0.8979166666666667 0.0421875 0.07083333333333333
5 0.64765625 0.6416666666666667 0.0296875 0.05416666666666667
5 0.55078125 0.36666666666666664 0.0078125 0.020833333333333332
5 0.55078125 0.365625 0.0078125 0.01875
1 0.55078125 0.36666666666666664 0.0078125 0.020833333333333332

1 0.51484375 0.2375 0.0140625 0.029166666666666667
1 0.553125 0.31875 0.015625 0.11666666666666667


1 0.64765625 0.6416666666666667 0.0296875 0.05416666666666667
1 0.5140625 0.15416666666666667 0.05 0.19166666666666668
1 0.596875 0.3614583333333333 0.134375 0.61875
1 0.378125 0.24895833333333334 0.01875 0.022916666666666665
1 0.359375 0.24583333333333332 0.01875 0.025
1 0.3765625 0.22395833333333334 0.015625 0.022916666666666665
1 0.35703125 0.22291666666666668 0.0140625 0.020833333333333332
1 0.33828125 0.22291666666666668 0.0140625 0.020833333333333332
1 0.31953125 0.22916666666666666 0.0140625 0.020833333333333332
1 0.32265625 0.25625 0.0171875 0.03333333333333333
1 0.30078125 0.23125 0.0171875 0.025
1 0.28046875 0.22395833333333334 0.0171875 0.01875
1 0.38515625 0.184375 0.0140625 0.01875
1 0.36953125 0.18958333333333333 0.0171875 0.020833333333333332
1 0.33203125 0.18541666666666667 0.0140625 0.020833333333333332
1 0.3140625 0.18958333333333333 0.01875 0.03333333333333333
1 0.30234375 0.16875 0.0203125 0.029166666666666667
1 0.51328125 0.23854166666666668 0.0171875 0.03125

1 0.4234375 0.209375 0.028125 0.027083333333333334
1 0.55390625 0.3177083333333333 0.0140625 0.11458333333333333

