
1 0.37109375 0.96875 0.0671875 0.05416666666666667
1 0.44375 0.9239583333333333 0.059375 0.04791666666666667
1 0.2265625 0.9895833333333334 0.05625 0.020833333333333332
1 0.309375 0.9541666666666667 0.065625 0.05416666666666667
1 0.3953125 0.9041666666666667 0.05625 0.05
1 0.1578125 0.98125 0.071875 0.0375
1 0.246875 0.9385416666666667 0.0625 0.04791666666666667
1 0.32421875 0.8958333333333334 0.0515625 0.04583333333333333
1 0.396875 0.85625 0.05625 0.04583333333333333
1 0.109375 0.9708333333333333 0.071875 0.058333333333333334
1 0.190625 0.921875 0.065625 0.052083333333333336
1 0.2796875 0.8770833333333333 0.071875 0.05416666666666667
1 0.35703125 0.834375 0.0546875 0.04791666666666667












5 0.6765625 0.9885416666666667 0.021875 0.022916666666666665
5 0.6765625 0.9885416666666667 0.021875 0.022916666666666665
4 0.240625 0.6322916666666667 0.009375 0.022916666666666665
4 0.390625 0.534375 0.015625 0.022916666666666665

5 0.49140625 0.775 0.0078125 0.020833333333333332
4 0.49140625 0.7739583333333333 0.0078125 0.01875
4 0.35078125 0.5072916666666667 0.0078125 0.010416666666666666
4 0.3609375 0.49895833333333334 0.0125 0.010416666666666666
5 0.55078125 0.3697916666666667 0.0078125 0.01875
1 0.7171875 0.9083333333333333 0.04375 0.07083333333333333
5 0.5265625 0.365625 0.009375 0.022916666666666665
5 0.71796875 0.9083333333333333 0.0421875 0.07083333333333333
5 0.52265625 0.375 0.0140625 0.025
5 0.70703125 0.815625 0.0328125 0.027083333333333334
5 0.7015625 0.7875 0.04375 0.07916666666666666


5 0.5515625 0.3697916666666667 0.009375 0.022916666666666665

5 0.80703125 0.41770833333333335 0.0515625 0.03958333333333333
5 0.65 0.6479166666666667 0.03125 0.058333333333333334
5 0.71796875 0.9083333333333333 0.0421875 0.07083333333333333
5 0.64921875 0.6489583333333333 0.0328125 0.06041666666666667
5 0.55078125 0.36875 0.0078125 0.020833333333333332
5 0.55078125 0.36770833333333336 0.0078125 0.01875
1 0.5515625 0.36875 0.009375 0.020833333333333332

1 0.51484375 0.23958333333333334 0.0140625 0.029166666666666667
1 0.55390625 0.3229166666666667 0.0140625 0.11666666666666667


1 0.64921875 0.6489583333333333 0.0328125 0.06041666666666667
1 0.515625 0.15416666666666667 0.053125 0.19583333333333333
1 0.5984375 0.3645833333333333 0.134375 0.625
1 0.378125 0.24895833333333334 0.01875 0.022916666666666665
1 0.359375 0.24583333333333332 0.01875 0.025
1 0.3765625 0.22395833333333334 0.015625 0.022916666666666665
1 0.35703125 0.22291666666666668 0.0140625 0.020833333333333332
1 0.33828125 0.22291666666666668 0.0140625 0.020833333333333332
1 0.31953125 0.22916666666666666 0.0140625 0.020833333333333332
1 0.32265625 0.25625 0.0171875 0.03333333333333333
1 0.30078125 0.23125 0.0171875 0.025
1 0.28046875 0.225 0.0171875 0.020833333333333332
1 0.38515625 0.184375 0.0140625 0.01875
1 0.36953125 0.18958333333333333 0.0171875 0.020833333333333332
1 0.33203125 0.18541666666666667 0.0140625 0.020833333333333332
1 0.3140625 0.18958333333333333 0.01875 0.03333333333333333
1 0.30234375 0.16875 0.0203125 0.029166666666666667
1 0.51328125 0.23958333333333334 0.0171875 0.029166666666666667

1 0.421875 0.209375 0.028125 0.027083333333333334
1 0.55390625 0.321875 0.0140625 0.11458333333333333

