
1 0.37109375 0.96875 0.0671875 0.05416666666666667
1 0.44375 0.9239583333333333 0.059375 0.04791666666666667
1 0.2265625 0.9895833333333334 0.05625 0.020833333333333332
1 0.309375 0.9541666666666667 0.065625 0.05416666666666667
1 0.39453125 0.9052083333333333 0.0578125 0.04791666666666667
1 0.1578125 0.98125 0.071875 0.0375
1 0.246875 0.9385416666666667 0.0625 0.04791666666666667
1 0.32421875 0.8958333333333334 0.0515625 0.04583333333333333
1 0.396875 0.85625 0.05625 0.04583333333333333
1 0.109375 0.9708333333333333 0.071875 0.058333333333333334
1 0.19140625 0.921875 0.0640625 0.052083333333333336
1 0.28046875 0.8770833333333333 0.0734375 0.05416666666666667
1 0.35703125 0.834375 0.0546875 0.04791666666666667












5 0.68671875 0.996875 0.0171875 0.00625
5 0.68671875 0.996875 0.0171875 0.00625
4 0.2375 0.6322916666666667 0.009375 0.022916666666666665
4 0.39375 0.5322916666666667 0.0125 0.01875

5 0.4953125 0.7802083333333333 0.00625 0.014583333333333334
4 0.49375 0.78125 0.009375 0.020833333333333332
4 0.35078125 0.5072916666666667 0.0078125 0.010416666666666666
4 0.3609375 0.5 0.0125 0.0125
5 0.5515625 0.375 0.00625 0.020833333333333332
1 0.7265625 0.93125 0.04375 0.075
5 0.52265625 0.36770833333333336 0.0109375 0.03125
5 0.7265625 0.93125 0.04375 0.075
5 0.52109375 0.37604166666666666 0.0140625 0.027083333333333334
5 0.7140625 0.8354166666666667 0.034375 0.029166666666666667
5 0.709375 0.80625 0.046875 0.0875


5 0.55234375 0.375 0.0078125 0.020833333333333332

5 0.81640625 0.4197916666666667 0.0546875 0.03958333333333333
5 0.65234375 0.6614583333333334 0.0328125 0.06041666666666667
5 0.7265625 0.93125 0.04375 0.075
5 0.65234375 0.6625 0.0328125 0.058333333333333334
5 0.5515625 0.375 0.009375 0.020833333333333332
5 0.5515625 0.37395833333333334 0.009375 0.022916666666666665
1 0.5515625 0.375 0.009375 0.020833333333333332

1 0.51484375 0.24270833333333333 0.0140625 0.027083333333333334
1 0.55546875 0.32916666666666666 0.0171875 0.11666666666666667


1 0.65234375 0.6614583333333334 0.0328125 0.06041666666666667
1 0.53203125 0.153125 0.0234375 0.19375
1 0.6 0.3729166666666667 0.1375 0.6375
1 0.378125 0.24895833333333334 0.01875 0.022916666666666665
1 0.359375 0.24583333333333332 0.01875 0.025
1 0.3765625 0.22395833333333334 0.015625 0.022916666666666665
1 0.35703125 0.22291666666666668 0.0140625 0.020833333333333332
1 0.33828125 0.22291666666666668 0.0140625 0.020833333333333332
1 0.31953125 0.22916666666666666 0.0140625 0.020833333333333332
1 0.32265625 0.25625 0.0171875 0.03333333333333333
1 0.30078125 0.23125 0.0171875 0.025
1 0.28125 0.225 0.015625 0.020833333333333332
1 0.38515625 0.184375 0.0140625 0.01875
1 0.36953125 0.18958333333333333 0.0171875 0.020833333333333332
1 0.33203125 0.18541666666666667 0.0140625 0.020833333333333332
1 0.31484375 0.18958333333333333 0.0171875 0.03333333333333333
1 0.30234375 0.16875 0.0203125 0.029166666666666667
1 0.51328125 0.24270833333333333 0.0171875 0.03125

1 0.4265625 0.209375 0.034375 0.027083333333333334
1 0.55703125 0.32708333333333334 0.0140625 0.10833333333333334

