
1 0.37109375 0.96875 0.0671875 0.05416666666666667
1 0.44375 0.9239583333333333 0.059375 0.04791666666666667
1 0.2265625 0.9895833333333334 0.05625 0.020833333333333332
1 0.309375 0.9541666666666667 0.065625 0.05416666666666667
1 0.3953125 0.9052083333333333 0.059375 0.04791666666666667
1 0.1578125 0.98125 0.071875 0.0375
1 0.24609375 0.9395833333333333 0.0609375 0.04583333333333333
1 0.32421875 0.896875 0.0515625 0.04791666666666667
1 0.39765625 0.85625 0.0578125 0.04583333333333333
1 0.10859375 0.9697916666666667 0.0703125 0.05625
1 0.19140625 0.921875 0.0640625 0.052083333333333336
1 0.2796875 0.8770833333333333 0.071875 0.05416666666666667
1 0.35703125 0.834375 0.0546875 0.04791666666666667














4 0.23515625 0.6322916666666667 0.0109375 0.022916666666666665
4 0.39296875 0.5354166666666667 0.0171875 0.020833333333333332

5 0.49765625 0.784375 0.0078125 0.01875
4 0.496875 0.7854166666666667 0.009375 0.020833333333333332
4 0.35078125 0.50625 0.0078125 0.0125
4 0.3609375 0.49895833333333334 0.0125 0.010416666666666666
5 0.55234375 0.37916666666666665 0.0078125 0.020833333333333332
1 0.73359375 0.9458333333333333 0.0453125 0.075
5 0.52265625 0.36770833333333336 0.0109375 0.03125
5 0.73359375 0.9458333333333333 0.0453125 0.075
5 0.5203125 0.375 0.0125 0.025
5 0.71875 0.8447916666666667 0.034375 0.027083333333333334
5 0.71171875 0.8145833333333333 0.0453125 0.0875


5 0.55234375 0.378125 0.0078125 0.022916666666666665

5 0.821875 0.42083333333333334 0.05625 0.0375
5 0.65546875 0.6697916666666667 0.0328125 0.06041666666666667
5 0.73359375 0.9447916666666667 0.0453125 0.07291666666666667
5 0.6546875 0.6697916666666667 0.03125 0.05625
5 0.55234375 0.378125 0.0078125 0.022916666666666665
5 0.55234375 0.378125 0.0109375 0.022916666666666665
1 0.553125 0.378125 0.009375 0.022916666666666665

1 0.51484375 0.24375 0.0140625 0.029166666666666667
1 0.55546875 0.3333333333333333 0.0171875 0.1125


1 0.6546875 0.6697916666666667 0.03125 0.05625
1 0.51640625 0.15416666666666667 0.0546875 0.19166666666666668
1 0.60078125 0.378125 0.1390625 0.6395833333333333
1 0.378125 0.24895833333333334 0.01875 0.022916666666666665
1 0.359375 0.24583333333333332 0.01875 0.025
1 0.3765625 0.22395833333333334 0.015625 0.022916666666666665
1 0.35703125 0.22291666666666668 0.0140625 0.020833333333333332
1 0.33828125 0.22291666666666668 0.0140625 0.020833333333333332
1 0.31953125 0.22916666666666666 0.0140625 0.020833333333333332
1 0.32265625 0.25625 0.0171875 0.03333333333333333
1 0.30078125 0.23125 0.0171875 0.025
1 0.28125 0.225 0.015625 0.020833333333333332
1 0.3859375 0.184375 0.015625 0.01875
1 0.36953125 0.18958333333333333 0.0171875 0.020833333333333332
1 0.33203125 0.184375 0.0171875 0.022916666666666665
1 0.315625 0.18958333333333333 0.01875 0.03333333333333333
1 0.30234375 0.16875 0.0203125 0.029166666666666667
1 0.51484375 0.24479166666666666 0.0171875 0.03125

1 0.425 0.209375 0.03125 0.027083333333333334
1 0.55703125 0.334375 0.0171875 0.11041666666666666

