
1 0.37109375 0.96875 0.0671875 0.05416666666666667
1 0.44375 0.9239583333333333 0.059375 0.04791666666666667
1 0.22734375 0.9895833333333334 0.0546875 0.020833333333333332
1 0.309375 0.9541666666666667 0.065625 0.05416666666666667
1 0.3953125 0.9052083333333333 0.05625 0.04791666666666667
1 0.1578125 0.98125 0.071875 0.0375
1 0.24609375 0.9395833333333333 0.0609375 0.04583333333333333
1 0.32421875 0.896875 0.0515625 0.04791666666666667
1 0.396875 0.85625 0.05625 0.04583333333333333
1 0.109375 0.9697916666666667 0.071875 0.05625
1 0.19140625 0.921875 0.0640625 0.052083333333333336
1 0.28046875 0.8770833333333333 0.0734375 0.05416666666666667
1 0.35703125 0.834375 0.0546875 0.04791666666666667














4 0.23203125 0.6322916666666667 0.0109375 0.022916666666666665
4 0.39375 0.5354166666666667 0.0125 0.020833333333333332

5 0.4984375 0.790625 0.009375 0.01875
4 0.44921875 0.6625 0.1078125 0.2708333333333333
4 0.35078125 0.5072916666666667 0.0078125 0.010416666666666666
4 0.36171875 0.49895833333333334 0.0109375 0.010416666666666666
5 0.55234375 0.38229166666666664 0.0078125 0.01875
1 0.74375 0.965625 0.046875 0.06875
5 0.52265625 0.36354166666666665 0.0078125 0.027083333333333334
5 0.74375 0.965625 0.046875 0.06875
5 0.52421875 0.36666666666666664 0.0078125 0.020833333333333332
5 0.72578125 0.8645833333333334 0.0359375 0.029166666666666667
5 0.71953125 0.834375 0.0484375 0.08958333333333333


5 0.553125 0.38229166666666664 0.009375 0.022916666666666665

5 0.8234375 0.42083333333333334 0.04375 0.03333333333333333
5 0.65859375 0.6854166666666667 0.0328125 0.058333333333333334
5 0.74375 0.965625 0.046875 0.06875
5 0.659375 0.6875 0.034375 0.0625
5 0.553125 0.38125 0.009375 0.020833333333333332
5 0.553125 0.38229166666666664 0.009375 0.022916666666666665
1 0.553125 0.38333333333333336 0.0125 0.025

1 0.515625 0.24791666666666667 0.015625 0.029166666666666667
1 0.55703125 0.3416666666666667 0.0203125 0.10833333333333334


1 0.659375 0.6864583333333333 0.034375 0.06458333333333334
1 0.5203125 0.16354166666666667 0.046875 0.20208333333333334
1 0.603125 0.3875 0.14375 0.6541666666666667
1 0.3796875 0.24895833333333334 0.01875 0.027083333333333334
1 0.359375 0.24583333333333332 0.01875 0.025
1 0.3765625 0.22395833333333334 0.015625 0.022916666666666665
1 0.3578125 0.22291666666666668 0.0125 0.016666666666666666
1 0.33828125 0.22291666666666668 0.0140625 0.020833333333333332
1 0.31953125 0.22916666666666666 0.0140625 0.020833333333333332
1 0.32265625 0.25625 0.0171875 0.03333333333333333
1 0.30078125 0.23125 0.0171875 0.025
1 0.28125 0.225 0.015625 0.020833333333333332
1 0.3859375 0.184375 0.015625 0.01875
1 0.36953125 0.18958333333333333 0.0171875 0.020833333333333332
1 0.33203125 0.18541666666666667 0.0140625 0.020833333333333332
1 0.315625 0.18958333333333333 0.01875 0.03333333333333333
1 0.30234375 0.16875 0.0203125 0.029166666666666667
1 0.515625 0.24895833333333334 0.015625 0.03125

1 0.42421875 0.209375 0.0296875 0.027083333333333334
1 0.5578125 0.3416666666666667 0.01875 0.10416666666666667

