
1 0.37109375 0.96875 0.0671875 0.05416666666666667
1 0.44296875 0.9239583333333333 0.0578125 0.04791666666666667
1 0.22734375 0.9895833333333334 0.0546875 0.020833333333333332
1 0.309375 0.9541666666666667 0.065625 0.05416666666666667
1 0.3953125 0.9052083333333333 0.05625 0.04791666666666667
1 0.1578125 0.98125 0.071875 0.0375
1 0.2484375 0.9385416666666667 0.0625 0.04791666666666667
1 0.32421875 0.896875 0.0515625 0.04791666666666667
1 0.39765625 0.85625 0.0578125 0.04583333333333333
1 0.109375 0.9708333333333333 0.071875 0.058333333333333334
1 0.19140625 0.921875 0.0640625 0.052083333333333336
1 0.2796875 0.8770833333333333 0.071875 0.05416666666666667
1 0.35703125 0.8333333333333334 0.0546875 0.04583333333333333














4 0.23125 0.63125 0.0125 0.025
4 0.39296875 0.534375 0.0140625 0.022916666666666665

5 0.503125 0.7927083333333333 0.00625 0.010416666666666666
4 0.50078125 0.7947916666666667 0.0109375 0.01875
4 0.35078125 0.5072916666666667 0.0078125 0.010416666666666666
4 0.3625 0.49895833333333334 0.0125 0.010416666666666666
5 0.553125 0.3854166666666667 0.009375 0.025
1 0.74765625 0.9697916666666667 0.0453125 0.06041666666666667
5 0.52265625 0.3625 0.0078125 0.025
5 0.74765625 0.9697916666666667 0.0453125 0.06041666666666667
5 0.5234375 0.36875 0.00625 0.016666666666666666
5 0.72890625 0.8708333333333333 0.0328125 0.029166666666666667
5 0.721875 0.8416666666666667 0.05 0.09166666666666666


5 0.55390625 0.3854166666666667 0.0109375 0.025

5 0.8265625 0.42083333333333334 0.04375 0.03333333333333333
5 0.6609375 0.690625 0.034375 0.06041666666666667
5 0.74765625 0.9697916666666667 0.0453125 0.06041666666666667
5 0.6609375 0.6927083333333334 0.034375 0.06458333333333334
5 0.553125 0.384375 0.009375 0.01875
5 0.553125 0.384375 0.009375 0.022916666666666665
1 0.55390625 0.3854166666666667 0.0109375 0.025

1 0.515625 0.24895833333333334 0.015625 0.03125
1 0.55859375 0.34479166666666666 0.0203125 0.10625


1 0.6609375 0.6927083333333334 0.034375 0.06458333333333334
1 0.52734375 0.1625 0.0359375 0.20416666666666666
1 0.60546875 0.390625 0.1453125 0.6604166666666667
1 0.3796875 0.24895833333333334 0.01875 0.027083333333333334
1 0.359375 0.24583333333333332 0.01875 0.025
1 0.3765625 0.22395833333333334 0.015625 0.022916666666666665
1 0.35703125 0.22291666666666668 0.0140625 0.020833333333333332
1 0.3390625 0.22291666666666668 0.015625 0.025
1 0.31953125 0.22916666666666666 0.0140625 0.020833333333333332
1 0.32265625 0.25625 0.0171875 0.03333333333333333
1 0.30078125 0.23125 0.0171875 0.025
1 0.28125 0.225 0.015625 0.020833333333333332
1 0.38671875 0.184375 0.0140625 0.01875
1 0.3703125 0.18958333333333333 0.01875 0.025
1 0.33203125 0.18541666666666667 0.0140625 0.020833333333333332
1 0.315625 0.18958333333333333 0.01875 0.03333333333333333
1 0.30234375 0.16875 0.0203125 0.029166666666666667
1 0.515625 0.24895833333333334 0.015625 0.03125

1 0.42421875 0.209375 0.0296875 0.027083333333333334
1 0.5578125 0.3458333333333333 0.01875 0.10416666666666667

