
1 0.37109375 0.96875 0.0671875 0.05416666666666667
1 0.44375 0.9239583333333333 0.059375 0.04791666666666667
1 0.22734375 0.9895833333333334 0.0546875 0.020833333333333332
1 0.309375 0.9541666666666667 0.065625 0.05416666666666667
1 0.3953125 0.9052083333333333 0.05625 0.04791666666666667
1 0.1578125 0.98125 0.071875 0.0375
1 0.2484375 0.9385416666666667 0.0625 0.04791666666666667
1 0.32421875 0.896875 0.0515625 0.04791666666666667
1 0.396875 0.85625 0.05625 0.04583333333333333
1 0.109375 0.9708333333333333 0.071875 0.058333333333333334
1 0.19140625 0.921875 0.0640625 0.052083333333333336
1 0.2796875 0.8770833333333333 0.071875 0.05416666666666667
1 0.3578125 0.834375 0.05625 0.04791666666666667














4 0.2296875 0.6322916666666667 0.0125 0.022916666666666665
4 0.39375 0.5354166666666667 0.0125 0.020833333333333332

5 0.50234375 0.7989583333333333 0.0109375 0.01875
4 0.446875 0.665625 0.11875 0.28958333333333336
4 0.35078125 0.5072916666666667 0.0078125 0.010416666666666666
4 0.36171875 0.49895833333333334 0.0109375 0.010416666666666666
5 0.55390625 0.38645833333333335 0.0109375 0.022916666666666665
1 0.75234375 0.9770833333333333 0.0421875 0.04583333333333333
5 0.52265625 0.365625 0.0078125 0.027083333333333334
5 0.75234375 0.9770833333333333 0.0421875 0.04583333333333333
5 0.5234375 0.3697916666666667 0.00625 0.014583333333333334
5 0.734375 0.8822916666666667 0.034375 0.027083333333333334
5 0.7265625 0.85 0.046875 0.0875


5 0.5546875 0.38645833333333335 0.0125 0.022916666666666665

5 0.83828125 0.421875 0.0546875 0.035416666666666666
5 0.66328125 0.6989583333333333 0.0328125 0.06041666666666667
5 0.75234375 0.9770833333333333 0.0421875 0.04583333333333333
5 0.66328125 0.6989583333333333 0.0328125 0.06041666666666667
5 0.56015625 0.3458333333333333 0.0203125 0.09166666666666666
5 0.5546875 0.38645833333333335 0.0125 0.022916666666666665
1 0.5546875 0.38645833333333335 0.0125 0.022916666666666665

1 0.515625 0.25104166666666666 0.015625 0.03125
1 0.55859375 0.34791666666666665 0.0203125 0.1


1 0.66328125 0.6989583333333333 0.0328125 0.06041666666666667
1 0.52734375 0.16354166666666667 0.0359375 0.20625
1 0.60546875 0.384375 0.1453125 0.6479166666666667
1 0.3796875 0.24895833333333334 0.01875 0.027083333333333334
1 0.359375 0.24583333333333332 0.01875 0.025
1 0.3765625 0.225 0.015625 0.020833333333333332
1 0.35859375 0.22291666666666668 0.0140625 0.020833333333333332
1 0.33828125 0.22291666666666668 0.0140625 0.020833333333333332
1 0.31953125 0.22916666666666666 0.0140625 0.020833333333333332
1 0.32265625 0.25625 0.0171875 0.03333333333333333
1 0.30078125 0.23125 0.0171875 0.025
1 0.28125 0.225 0.015625 0.020833333333333332
1 0.3859375 0.184375 0.015625 0.01875
1 0.3703125 0.18958333333333333 0.01875 0.025
1 0.33203125 0.18645833333333334 0.0140625 0.022916666666666665
1 0.315625 0.18958333333333333 0.01875 0.03333333333333333
1 0.30234375 0.16875 0.0203125 0.029166666666666667
1 0.515625 0.25104166666666666 0.015625 0.03125

1 0.425 0.209375 0.03125 0.027083333333333334
1 0.55859375 0.34791666666666665 0.0203125 0.09583333333333334

