
1 0.37109375 0.96875 0.0671875 0.05416666666666667
1 0.44375 0.9239583333333333 0.059375 0.04791666666666667
1 0.22734375 0.9895833333333334 0.0546875 0.020833333333333332
1 0.309375 0.9541666666666667 0.065625 0.05416666666666667
1 0.39609375 0.9052083333333333 0.0578125 0.04791666666666667
1 0.1578125 0.98125 0.071875 0.0375
1 0.2484375 0.9385416666666667 0.0625 0.04791666666666667
1 0.32421875 0.8958333333333334 0.0515625 0.04583333333333333
1 0.396875 0.85625 0.05625 0.04583333333333333
1 0.109375 0.9697916666666667 0.071875 0.05625
1 0.19140625 0.921875 0.0640625 0.052083333333333336
1 0.2796875 0.8770833333333333 0.071875 0.05416666666666667
1 0.35703125 0.8333333333333334 0.0546875 0.04583333333333333














4 0.22890625 0.63125 0.0109375 0.020833333333333332
4 0.39375 0.5354166666666667 0.0125 0.020833333333333332

5 0.50390625 0.8020833333333334 0.0078125 0.020833333333333332
4 0.4484375 0.6645833333333333 0.11875 0.29583333333333334
4 0.35078125 0.5072916666666667 0.0078125 0.010416666666666666
4 0.36171875 0.49895833333333334 0.0109375 0.010416666666666666
5 0.55390625 0.3885416666666667 0.0109375 0.022916666666666665
1 0.7546875 0.98125 0.040625 0.0375
5 0.521875 0.3625 0.009375 0.029166666666666667
5 0.7546875 0.98125 0.040625 0.0375
5 0.5234375 0.36666666666666664 0.00625 0.020833333333333332
5 0.7359375 0.8895833333333333 0.034375 0.029166666666666667
5 0.73046875 0.8604166666666667 0.0515625 0.09166666666666666


5 0.5546875 0.3875 0.0125 0.020833333333333332

5 0.840625 0.421875 0.053125 0.035416666666666666
5 0.66484375 0.7052083333333333 0.0328125 0.06041666666666667
5 0.7546875 0.98125 0.040625 0.0375
5 0.66484375 0.7072916666666667 0.0359375 0.06458333333333334
5 0.5609375 0.346875 0.01875 0.08958333333333333
5 0.55390625 0.3875 0.0109375 0.020833333333333332
1 0.55390625 0.3885416666666667 0.0109375 0.022916666666666665

1 0.515625 0.2520833333333333 0.015625 0.029166666666666667
1 0.55859375 0.35 0.0203125 0.09583333333333334


1 0.665625 0.7072916666666667 0.0375 0.06458333333333334
1 0.52734375 0.16458333333333333 0.0359375 0.20833333333333334
1 0.540625 0.07291666666666667 0.0125 0.020833333333333332
1 0.3796875 0.24895833333333334 0.01875 0.027083333333333334
1 0.359375 0.24583333333333332 0.01875 0.025
1 0.3765625 0.22395833333333334 0.015625 0.022916666666666665
1 0.35859375 0.22291666666666668 0.0140625 0.020833333333333332
1 0.33828125 0.22291666666666668 0.0140625 0.020833333333333332
1 0.31953125 0.22916666666666666 0.0140625 0.020833333333333332
1 0.32265625 0.25625 0.0171875 0.03333333333333333
1 0.30078125 0.23125 0.0171875 0.025
1 0.28125 0.225 0.015625 0.020833333333333332
1 0.3859375 0.184375 0.015625 0.01875
1 0.36953125 0.18854166666666666 0.0171875 0.022916666666666665
1 0.33203125 0.18541666666666667 0.0140625 0.020833333333333332
1 0.315625 0.18958333333333333 0.01875 0.03333333333333333
1 0.30234375 0.16875 0.0203125 0.029166666666666667
1 0.515625 0.253125 0.015625 0.03125

1 0.42578125 0.209375 0.0328125 0.027083333333333334
1 0.55859375 0.35104166666666664 0.0203125 0.09375

