
1 0.37890625 0.971875 0.0671875 0.05625
1 0.45 0.9270833333333334 0.059375 0.05
1 0.2390625 0.990625 0.05 0.01875
1 0.31875 0.9572916666666667 0.065625 0.05625
1 0.40234375 0.9083333333333333 0.0578125 0.05
1 0.16640625 0.984375 0.0703125 0.03125
1 0.25625 0.9427083333333334 0.0625 0.04791666666666667
1 0.33125 0.9 0.053125 0.04583333333333333
1 0.403125 0.859375 0.05625 0.04375
1 0.11796875 0.9739583333333334 0.0703125 0.052083333333333336
1 0.1984375 0.9270833333333334 0.065625 0.05
1 0.2875 0.88125 0.071875 0.05416666666666667
1 0.36328125 0.8375 0.0546875 0.04583333333333333



1 0.16875 0.8572916666666667 0.065625 0.06458333333333334
1 0.1609375 0.7520833333333333 0.05625 0.05416666666666667
1 0.27265625 0.7416666666666667 0.0515625 0.04583333333333333
1 0.36953125 0.7645833333333333 0.0578125 0.04583333333333333
1 0.43671875 0.684375 0.0578125 0.03958333333333333
1 0.51953125 0.6447916666666667 0.0578125 0.035416666666666666
1 0.6078125 0.7479166666666667 0.0625 0.05416666666666667
1 0.61328125 0.6333333333333333 0.0609375 0.04583333333333333
1 0.76953125 0.5854166666666667 0.0359375 0.058333333333333334

5 0.35 0.5760416666666667 0.028125 0.022916666666666665
4 0.3484375 0.5604166666666667 0.00625 0.016666666666666666
4 0.36875 0.5520833333333334 0.009375 0.016666666666666666
5 0.40390625 0.5447916666666667 0.0078125 0.027083333333333334
5 0.41796875 0.5416666666666666 0.0109375 0.025
4 0.3953125 0.5322916666666667 0.00625 0.014583333333333334
4 0.365625 0.509375 0.009375 0.027083333333333334
4 0.36953125 0.49895833333333334 0.0109375 0.014583333333333334
5 0.5203125 0.4197916666666667 0.00625 0.022916666666666665
1 0.571875 0.39895833333333336 0.025 0.035416666666666666
5 0.5328125 0.41770833333333335 0.00625 0.01875
5 0.55390625 0.41354166666666664 0.0078125 0.01875
5 0.55390625 0.4322916666666667 0.0109375 0.022916666666666665
5 0.59140625 0.48541666666666666 0.0109375 0.025
5 0.58984375 0.39166666666666666 0.0140625 0.016666666666666666
5 0.6171875 0.4395833333333333 0.0125 0.025
5 0.6109375 0.39166666666666666 0.009375 0.016666666666666666
5 0.64140625 0.375 0.0078125 0.020833333333333332
5 0.6203125 0.3770833333333333 0.009375 0.020833333333333332
5 0.61484375 0.346875 0.0140625 0.01875
5 0.61328125 0.34791666666666665 0.0140625 0.020833333333333332
5 0.56796875 0.3625 0.0078125 0.016666666666666666
5 0.55078125 0.37083333333333335 0.0046875 0.0125
5 0.52890625 0.35625 0.0046875 0.016666666666666666
5 0.5359375 0.35833333333333334 0.00625 0.016666666666666666
1 0.54765625 0.34270833333333334 0.0234375 0.035416666666666666
3 0.54453125 0.265625 0.0328125 0.07291666666666667
1 0.5296875 0.22083333333333333 0.0125 0.025
1 0.52890625 0.18645833333333334 0.0171875 0.027083333333333334
3 0.521875 0.14375 0.025 0.058333333333333334
1 0.5140625 0.11666666666666667 0.0125 0.016666666666666666
1 0.5046875 0.09166666666666666 0.028125 0.029166666666666667
1 0.4890625 0.058333333333333334 0.009375 0.016666666666666666
1 0.4984375 0.0125 0.025 0.025
1 0.38046875 0.24895833333333334 0.0171875 0.022916666666666665
1 0.3609375 0.246875 0.015625 0.027083333333333334
1 0.37890625 0.22291666666666668 0.0140625 0.020833333333333332
1 0.36015625 0.22291666666666668 0.0140625 0.020833333333333332
1 0.33984375 0.22291666666666668 0.0140625 0.025
1 0.32109375 0.22916666666666666 0.0140625 0.020833333333333332
1 0.32421875 0.25833333333333336 0.0171875 0.0375
1 0.30390625 0.23020833333333332 0.0140625 0.022916666666666665
1 0.28125 0.22604166666666667 0.015625 0.01875
1 0.38671875 0.184375 0.0140625 0.01875
1 0.371875 0.18854166666666666 0.01875 0.022916666666666665
1 0.33359375 0.18541666666666667 0.0171875 0.020833333333333332
1 0.315625 0.18958333333333333 0.01875 0.03333333333333333
1 0.30390625 0.16875 0.0203125 0.029166666666666667
1 0.48359375 0.07083333333333333 0.0171875 0.025
1 0.5625 0.25625 0.015625 0.029166666666666667
1 0.55703125 0.21979166666666666 0.0171875 0.03125
1 0.5484375 0.19166666666666668 0.015625 0.029166666666666667
1 0.5421875 0.16354166666666667 0.015625 0.022916666666666665
