
1 0.37109375 0.96875 0.0671875 0.05416666666666667
1 0.44375 0.9239583333333333 0.059375 0.04791666666666667
1 0.22734375 0.9895833333333334 0.0546875 0.020833333333333332
1 0.309375 0.9541666666666667 0.065625 0.05416666666666667
1 0.39609375 0.9052083333333333 0.0578125 0.04791666666666667
1 0.1578125 0.98125 0.071875 0.0375
1 0.24765625 0.9395833333333333 0.0609375 0.04583333333333333
1 0.32421875 0.8958333333333334 0.0515625 0.04583333333333333
1 0.39765625 0.85625 0.0578125 0.04583333333333333
1 0.109375 0.9697916666666667 0.071875 0.05625
1 0.19140625 0.921875 0.0640625 0.052083333333333336
1 0.2796875 0.8770833333333333 0.071875 0.05416666666666667
1 0.35703125 0.8333333333333334 0.0546875 0.04583333333333333














4 0.22578125 0.6302083333333334 0.0109375 0.022916666666666665
4 0.39296875 0.5354166666666667 0.0140625 0.020833333333333332

5 0.5046875 0.803125 0.009375 0.01875
4 0.4484375 0.6645833333333333 0.11875 0.29583333333333334
4 0.3515625 0.5072916666666667 0.00625 0.010416666666666666
4 0.36171875 0.49895833333333334 0.0109375 0.010416666666666666
5 0.5546875 0.390625 0.0125 0.022916666666666665
1 0.7578125 0.9875 0.034375 0.025
5 0.52265625 0.3697916666666667 0.0078125 0.03125
5 0.7578125 0.9875 0.034375 0.025
5 0.5234375 0.37083333333333335 0.00625 0.0125
5 0.74140625 0.9 0.0359375 0.029166666666666667
5 0.73515625 0.8697916666666666 0.0515625 0.08958333333333333


5 0.5546875 0.390625 0.0125 0.022916666666666665

5 0.84140625 0.42083333333333334 0.0421875 0.03333333333333333
5 0.66796875 0.7177083333333333 0.0359375 0.06458333333333334
5 0.75859375 0.9885416666666667 0.0328125 0.022916666666666665
5 0.66796875 0.71875 0.0359375 0.06666666666666667
5 0.5453125 0.32395833333333335 0.05 0.035416666666666666
5 0.5546875 0.390625 0.0125 0.022916666666666665
1 0.5546875 0.38958333333333334 0.0125 0.025

1 0.51640625 0.25416666666666665 0.0140625 0.029166666666666667
1 0.559375 0.353125 0.021875 0.09375


1 0.66796875 0.71875 0.0359375 0.06666666666666667
1 0.528125 0.16666666666666666 0.0375 0.2125
1 0.54140625 0.07604166666666666 0.0109375 0.01875
1 0.3796875 0.24895833333333334 0.01875 0.027083333333333334
1 0.36015625 0.24583333333333332 0.0171875 0.025
1 0.3765625 0.225 0.015625 0.020833333333333332
1 0.3578125 0.22291666666666668 0.0125 0.016666666666666666
1 0.33828125 0.22291666666666668 0.0140625 0.020833333333333332
1 0.31953125 0.22916666666666666 0.0140625 0.020833333333333332
1 0.32265625 0.25625 0.0171875 0.03333333333333333
1 0.30078125 0.23125 0.0171875 0.025
1 0.28125 0.225 0.015625 0.020833333333333332
1 0.38671875 0.184375 0.0140625 0.01875
1 0.3703125 0.18958333333333333 0.01875 0.025
1 0.33203125 0.18541666666666667 0.0140625 0.020833333333333332
1 0.315625 0.18958333333333333 0.01875 0.03333333333333333
1 0.30234375 0.16875 0.0203125 0.029166666666666667
1 0.51640625 0.2552083333333333 0.0171875 0.03125

1 0.425 0.209375 0.03125 0.027083333333333334
1 0.559375 0.3541666666666667 0.021875 0.09166666666666666

