
1 0.37109375 0.96875 0.0671875 0.05416666666666667
1 0.44375 0.9239583333333333 0.059375 0.04791666666666667
1 0.22734375 0.9895833333333334 0.0546875 0.020833333333333332
1 0.309375 0.9541666666666667 0.065625 0.05416666666666667
1 0.39609375 0.9052083333333333 0.0578125 0.04791666666666667
1 0.1578125 0.98125 0.071875 0.0375
1 0.246875 0.9395833333333333 0.0625 0.04583333333333333
1 0.32421875 0.896875 0.0515625 0.04791666666666667
1 0.39765625 0.85625 0.0578125 0.04583333333333333
1 0.109375 0.9708333333333333 0.071875 0.058333333333333334
1 0.19140625 0.921875 0.0640625 0.052083333333333336
1 0.2796875 0.8770833333333333 0.071875 0.05416666666666667
1 0.3578125 0.8354166666666667 0.05625 0.04583333333333333














4 0.22421875 0.6302083333333334 0.0078125 0.01875
4 0.3921875 0.5354166666666667 0.015625 0.020833333333333332

5 0.50625 0.80625 0.009375 0.020833333333333332
4 0.4484375 0.6635416666666667 0.121875 0.3020833333333333
4 0.35078125 0.5072916666666667 0.0078125 0.010416666666666666
4 0.36171875 0.49895833333333334 0.0109375 0.010416666666666666
5 0.5546875 0.39375 0.0125 0.020833333333333332
1 0.76015625 0.9927083333333333 0.0296875 0.014583333333333334
5 0.5234375 0.36770833333333336 0.00625 0.027083333333333334
5 0.76015625 0.9927083333333333 0.0296875 0.014583333333333334
5 0.5234375 0.37083333333333335 0.00625 0.0125
5 0.74453125 0.9072916666666667 0.0328125 0.027083333333333334
5 0.7375 0.8770833333333333 0.05 0.0875


5 0.5546875 0.39375 0.0125 0.020833333333333332

5 0.84453125 0.42083333333333334 0.0421875 0.03333333333333333
5 0.66953125 0.7239583333333334 0.0359375 0.06458333333333334
5 0.76015625 0.9927083333333333 0.0296875 0.014583333333333334
5 0.66875 0.7229166666666667 0.0375 0.06666666666666667
5 0.5453125 0.32916666666666666 0.05 0.029166666666666667
5 0.5546875 0.39375 0.0125 0.020833333333333332
1 0.5546875 0.3927083333333333 0.015625 0.022916666666666665

1 0.51640625 0.25625 0.0140625 0.029166666666666667
1 0.55859375 0.35833333333333334 0.0234375 0.09166666666666666


1 0.66953125 0.7239583333333334 0.0390625 0.06875
1 0.52890625 0.16979166666666667 0.0390625 0.20625
1 0.5421875 0.078125 0.0125 0.01875
1 0.3796875 0.24895833333333334 0.01875 0.027083333333333334
1 0.36015625 0.24583333333333332 0.0171875 0.025
1 0.3765625 0.225 0.015625 0.020833333333333332
1 0.3578125 0.22291666666666668 0.0125 0.016666666666666666
1 0.33828125 0.22291666666666668 0.0140625 0.020833333333333332
1 0.31953125 0.22916666666666666 0.0140625 0.020833333333333332
1 0.32265625 0.25729166666666664 0.0171875 0.035416666666666666
1 0.30078125 0.23125 0.0171875 0.025
1 0.28125 0.225 0.015625 0.020833333333333332
1 0.38671875 0.184375 0.0140625 0.01875
1 0.3703125 0.18958333333333333 0.01875 0.025
1 0.33203125 0.18541666666666667 0.0140625 0.020833333333333332
1 0.315625 0.18958333333333333 0.01875 0.03333333333333333
1 0.30234375 0.16875 0.0203125 0.029166666666666667
1 0.51640625 0.25625 0.0171875 0.029166666666666667
1 0.546875 0.32708333333333334 0.046875 0.025
1 0.425 0.209375 0.03125 0.027083333333333334
1 0.559375 0.359375 0.021875 0.08958333333333333

