
1 0.37109375 0.96875 0.0671875 0.05416666666666667
1 0.44375 0.9239583333333333 0.059375 0.04791666666666667
1 0.22734375 0.9895833333333334 0.0546875 0.020833333333333332
1 0.309375 0.9541666666666667 0.065625 0.05416666666666667
1 0.3953125 0.9052083333333333 0.05625 0.04791666666666667
1 0.1578125 0.98125 0.071875 0.0375
1 0.2484375 0.9395833333333333 0.0625 0.04583333333333333
1 0.325 0.896875 0.053125 0.04791666666666667
1 0.396875 0.85625 0.05625 0.04583333333333333
1 0.109375 0.9708333333333333 0.071875 0.05416666666666667
1 0.19140625 0.9229166666666667 0.0640625 0.05416666666666667
1 0.2796875 0.8770833333333333 0.071875 0.05416666666666667
1 0.35703125 0.8354166666666667 0.0546875 0.04583333333333333














4 0.22265625 0.6302083333333334 0.0109375 0.022916666666666665
4 0.39296875 0.5354166666666667 0.0140625 0.020833333333333332

5 0.50625 0.8114583333333333 0.009375 0.01875
4 0.44609375 0.6635416666666667 0.1234375 0.3020833333333333
4 0.35078125 0.50625 0.0078125 0.0125
4 0.36171875 0.49895833333333334 0.0109375 0.010416666666666666
5 0.55546875 0.396875 0.0109375 0.01875

5 0.52109375 0.37083333333333335 0.0109375 0.03333333333333333

5 0.521875 0.375 0.0125 0.025
5 0.74921875 0.91875 0.0359375 0.029166666666666667
5 0.74296875 0.8895833333333333 0.0515625 0.09166666666666666


5 0.55546875 0.39791666666666664 0.0140625 0.020833333333333332

5 0.8515625 0.42291666666666666 0.046875 0.03333333333333333
5 0.67265625 0.7333333333333333 0.0328125 0.0625

5 0.6734375 0.7322916666666667 0.034375 0.06458333333333334
5 0.546875 0.334375 0.053125 0.03125
5 0.5546875 0.39895833333333336 0.0125 0.022916666666666665
1 0.5546875 0.396875 0.0125 0.01875

1 0.5171875 0.25729166666666664 0.015625 0.03125
1 0.56015625 0.36354166666666665 0.0234375 0.08958333333333333


1 0.67265625 0.7322916666666667 0.0359375 0.06458333333333334
1 0.52890625 0.16666666666666666 0.0390625 0.2125
1 0.5421875 0.07916666666666666 0.015625 0.025
1 0.38046875 0.24895833333333334 0.0203125 0.027083333333333334
1 0.359375 0.24583333333333332 0.01875 0.025
1 0.3765625 0.225 0.015625 0.020833333333333332
1 0.35703125 0.22291666666666668 0.0140625 0.020833333333333332
1 0.33828125 0.22291666666666668 0.0140625 0.020833333333333332
1 0.31953125 0.22916666666666666 0.0140625 0.020833333333333332
1 0.32265625 0.25729166666666664 0.0171875 0.035416666666666666
1 0.30078125 0.23125 0.0171875 0.025
1 0.28125 0.225 0.015625 0.020833333333333332
1 0.38671875 0.184375 0.0140625 0.01875
1 0.36953125 0.18958333333333333 0.0171875 0.020833333333333332
1 0.3328125 0.18645833333333334 0.015625 0.022916666666666665
1 0.315625 0.18958333333333333 0.01875 0.03333333333333333
1 0.30234375 0.16875 0.0203125 0.029166666666666667
1 0.51796875 0.25833333333333336 0.0171875 0.029166666666666667
1 0.5484375 0.32916666666666666 0.05 0.025
1 0.425 0.209375 0.03125 0.027083333333333334
1 0.56015625 0.36354166666666665 0.0234375 0.08958333333333333

