
1 0.37109375 0.96875 0.0671875 0.05416666666666667
1 0.44375 0.9239583333333333 0.059375 0.04791666666666667
1 0.22734375 0.9895833333333334 0.0546875 0.020833333333333332
1 0.31015625 0.9541666666666667 0.0671875 0.05416666666666667
1 0.3953125 0.9052083333333333 0.05625 0.04791666666666667
1 0.1578125 0.98125 0.071875 0.0375
1 0.2484375 0.9395833333333333 0.0625 0.04583333333333333
1 0.32421875 0.896875 0.0515625 0.04791666666666667
1 0.396875 0.85625 0.05625 0.04583333333333333
1 0.109375 0.9708333333333333 0.071875 0.058333333333333334
1 0.19140625 0.921875 0.0640625 0.052083333333333336
1 0.2796875 0.8770833333333333 0.071875 0.05416666666666667
1 0.35703125 0.834375 0.0546875 0.04791666666666667














4 0.22265625 0.6302083333333334 0.0078125 0.01875
4 0.3921875 0.5354166666666667 0.015625 0.020833333333333332

5 0.5078125 0.8125 0.009375 0.016666666666666666
4 0.446875 0.665625 0.121875 0.30625
4 0.35078125 0.50625 0.0078125 0.0125
4 0.36171875 0.49895833333333334 0.0109375 0.010416666666666666
5 0.5546875 0.4010416666666667 0.0125 0.022916666666666665

5 0.52421875 0.37083333333333335 0.0078125 0.020833333333333332

5 0.521875 0.375 0.0125 0.025
5 0.75390625 0.928125 0.0359375 0.027083333333333334
5 0.7453125 0.896875 0.053125 0.09375


5 0.55625 0.4010416666666667 0.0125 0.022916666666666665

5 0.8578125 0.421875 0.05 0.035416666666666666
5 0.675 0.740625 0.0375 0.06875

5 0.67578125 0.7416666666666667 0.0390625 0.07083333333333333
5 0.546875 0.33645833333333336 0.053125 0.027083333333333334
5 0.55625 0.4010416666666667 0.0125 0.022916666666666665
1 0.55546875 0.4010416666666667 0.0140625 0.022916666666666665

1 0.5171875 0.25833333333333336 0.015625 0.029166666666666667
1 0.5609375 0.36666666666666664 0.025 0.09166666666666666


1 0.675 0.7385416666666667 0.0375 0.06458333333333334
1 0.52890625 0.16875 0.0390625 0.21666666666666667
1 0.54375 0.08229166666666667 0.0125 0.01875
1 0.37890625 0.24895833333333334 0.0171875 0.022916666666666665
1 0.36015625 0.24583333333333332 0.0171875 0.025
1 0.3765625 0.225 0.015625 0.020833333333333332
1 0.35703125 0.22291666666666668 0.0140625 0.020833333333333332
1 0.33828125 0.22291666666666668 0.0140625 0.020833333333333332
1 0.31953125 0.22916666666666666 0.0140625 0.020833333333333332
1 0.32265625 0.25729166666666664 0.0171875 0.035416666666666666
1 0.30078125 0.23125 0.0171875 0.025
1 0.2796875 0.22604166666666667 0.015625 0.01875
1 0.38671875 0.184375 0.0140625 0.01875
1 0.36875 0.18958333333333333 0.01875 0.025
1 0.33203125 0.18541666666666667 0.0140625 0.020833333333333332
1 0.315625 0.18958333333333333 0.01875 0.03333333333333333
1 0.30234375 0.16875 0.0203125 0.029166666666666667
1 0.51796875 0.259375 0.0171875 0.03125
1 0.5484375 0.33229166666666665 0.05 0.022916666666666665
1 0.42578125 0.209375 0.0328125 0.027083333333333334
1 0.56171875 0.36666666666666664 0.0234375 0.09166666666666666

