
1 0.37109375 0.96875 0.0671875 0.05416666666666667
1 0.44375 0.9239583333333333 0.059375 0.04791666666666667
1 0.22734375 0.9895833333333334 0.0546875 0.020833333333333332
1 0.31015625 0.9541666666666667 0.0671875 0.05416666666666667
1 0.3953125 0.9052083333333333 0.05625 0.04791666666666667
1 0.1578125 0.98125 0.071875 0.0375
1 0.2484375 0.9395833333333333 0.0625 0.04583333333333333
1 0.325 0.896875 0.053125 0.04791666666666667
1 0.396875 0.85625 0.05625 0.04583333333333333
1 0.109375 0.9708333333333333 0.071875 0.058333333333333334
1 0.1921875 0.921875 0.065625 0.052083333333333336
1 0.2796875 0.8770833333333333 0.071875 0.05416666666666667
1 0.3578125 0.834375 0.05625 0.04791666666666667














4 0.2203125 0.63125 0.009375 0.020833333333333332
4 0.3921875 0.5354166666666667 0.015625 0.020833333333333332

5 0.50859375 0.815625 0.0109375 0.01875
4 0.44765625 0.671875 0.1234375 0.3104166666666667
4 0.35078125 0.50625 0.0078125 0.0125
4 0.3625 0.49895833333333334 0.0125 0.010416666666666666
5 0.55546875 0.403125 0.0109375 0.027083333333333334

5 0.52109375 0.3729166666666667 0.0109375 0.03333333333333333

5 0.52265625 0.3770833333333333 0.0140625 0.025
5 0.75859375 0.9395833333333333 0.0359375 0.025
5 0.75 0.9072916666666667 0.05 0.08958333333333333


5 0.55625 0.403125 0.0125 0.022916666666666665

5 0.86328125 0.421875 0.0515625 0.035416666666666666
5 0.67734375 0.75 0.0390625 0.06666666666666667

5 0.67734375 0.75 0.0390625 0.06666666666666667
5 0.546875 0.340625 0.053125 0.022916666666666665
5 0.55625 0.403125 0.0125 0.027083333333333334
1 0.55546875 0.403125 0.0140625 0.027083333333333334

1 0.5171875 0.26145833333333335 0.015625 0.03125
1 0.5609375 0.37083333333333335 0.025 0.0875


1 0.67734375 0.75 0.0390625 0.06666666666666667
1 0.5296875 0.178125 0.040625 0.20208333333333334
1 0.54453125 0.08333333333333333 0.0109375 0.016666666666666666
1 0.38046875 0.25 0.0203125 0.029166666666666667
1 0.36015625 0.24583333333333332 0.0171875 0.025
1 0.3765625 0.225 0.015625 0.020833333333333332
1 0.3578125 0.22291666666666668 0.0125 0.016666666666666666
1 0.33828125 0.22291666666666668 0.0140625 0.020833333333333332
1 0.31953125 0.22916666666666666 0.0140625 0.020833333333333332
1 0.32265625 0.25625 0.0171875 0.03333333333333333
1 0.30078125 0.23125 0.0171875 0.025
1 0.2796875 0.225 0.015625 0.016666666666666666
1 0.38671875 0.184375 0.0140625 0.01875
1 0.36953125 0.18958333333333333 0.0171875 0.020833333333333332
1 0.33203125 0.18541666666666667 0.0140625 0.020833333333333332
1 0.315625 0.18958333333333333 0.01875 0.03333333333333333
1 0.30234375 0.16875 0.0203125 0.029166666666666667
1 0.51796875 0.26145833333333335 0.0171875 0.03125
1 0.56328125 0.3697916666666667 0.0234375 0.08125
1 0.42578125 0.209375 0.0328125 0.027083333333333334
1 0.56171875 0.371875 0.0234375 0.08541666666666667

