
1 0.37109375 0.96875 0.0671875 0.05416666666666667
1 0.44375 0.9239583333333333 0.059375 0.04791666666666667
1 0.22734375 0.9895833333333334 0.0546875 0.020833333333333332
1 0.309375 0.9541666666666667 0.065625 0.05416666666666667
1 0.3953125 0.9052083333333333 0.05625 0.04791666666666667
1 0.1578125 0.98125 0.071875 0.0375
1 0.2484375 0.9395833333333333 0.0625 0.04583333333333333
1 0.325 0.896875 0.053125 0.04791666666666667
1 0.39765625 0.85625 0.0578125 0.04583333333333333
1 0.109375 0.9697916666666667 0.071875 0.05625
1 0.1921875 0.9229166666666667 0.065625 0.05416666666666667
1 0.2796875 0.8770833333333333 0.071875 0.05416666666666667
1 0.3578125 0.834375 0.05625 0.04791666666666667














4 0.21796875 0.63125 0.0109375 0.020833333333333332
4 0.3921875 0.5354166666666667 0.015625 0.020833333333333332

5 0.509375 0.81875 0.009375 0.020833333333333332
4 0.446875 0.671875 0.121875 0.3104166666666667
4 0.35078125 0.50625 0.0078125 0.0125
4 0.3625 0.49895833333333334 0.0125 0.010416666666666666
5 0.55546875 0.40729166666666666 0.0109375 0.03125

5 0.52109375 0.371875 0.0109375 0.03125

5 0.52109375 0.37604166666666666 0.0140625 0.027083333333333334
5 0.76171875 0.946875 0.0359375 0.027083333333333334
5 0.75390625 0.9145833333333333 0.0546875 0.09166666666666666


5 0.55625 0.40520833333333334 0.0125 0.027083333333333334

5 0.86875 0.421875 0.05625 0.035416666666666666
5 0.6796875 0.7552083333333334 0.0375 0.06458333333333334

5 0.6796875 0.7552083333333334 0.0375 0.06458333333333334
5 0.54765625 0.34270833333333334 0.0515625 0.022916666666666665
5 0.55625 0.40520833333333334 0.0125 0.027083333333333334
1 0.55625 0.4041666666666667 0.009375 0.025

1 0.51796875 0.2635416666666667 0.0171875 0.03125
1 0.5625 0.375 0.025 0.0875


1 0.6796875 0.75625 0.0375 0.06666666666666667
1 0.5296875 0.17916666666666667 0.040625 0.20416666666666666
1 0.54453125 0.08541666666666667 0.0109375 0.016666666666666666
1 0.38046875 0.25 0.0203125 0.029166666666666667
1 0.36015625 0.24583333333333332 0.0171875 0.025
1 0.3765625 0.225 0.015625 0.020833333333333332
1 0.35859375 0.22291666666666668 0.0140625 0.020833333333333332
1 0.33828125 0.22291666666666668 0.0140625 0.020833333333333332
1 0.31953125 0.22916666666666666 0.0140625 0.020833333333333332
1 0.3234375 0.25625 0.01875 0.03333333333333333
1 0.3015625 0.23020833333333332 0.015625 0.022916666666666665
1 0.28125 0.225 0.015625 0.020833333333333332
1 0.38671875 0.184375 0.0140625 0.01875
1 0.36953125 0.18958333333333333 0.0171875 0.020833333333333332
1 0.33203125 0.18541666666666667 0.0140625 0.020833333333333332
1 0.315625 0.18958333333333333 0.01875 0.03333333333333333
1 0.30234375 0.16875 0.0203125 0.029166666666666667
1 0.51796875 0.2635416666666667 0.0171875 0.03125
1 0.5625 0.3770833333333333 0.021875 0.08333333333333333
1 0.42578125 0.209375 0.0328125 0.027083333333333334
1 0.5625 0.37604166666666666 0.021875 0.08541666666666667

