
1 0.37109375 0.96875 0.0671875 0.05416666666666667
1 0.44375 0.9239583333333333 0.059375 0.04791666666666667
1 0.22734375 0.9895833333333334 0.0546875 0.020833333333333332
1 0.31015625 0.9541666666666667 0.0671875 0.05416666666666667
1 0.3953125 0.9052083333333333 0.05625 0.04791666666666667
1 0.1578125 0.98125 0.071875 0.0375
1 0.2484375 0.9395833333333333 0.0625 0.04583333333333333
1 0.325 0.896875 0.053125 0.04791666666666667
1 0.39765625 0.85625 0.0578125 0.04583333333333333
1 0.109375 0.9708333333333333 0.071875 0.05416666666666667
1 0.1921875 0.921875 0.065625 0.052083333333333336
1 0.2796875 0.8770833333333333 0.071875 0.05416666666666667
1 0.3578125 0.834375 0.05625 0.04791666666666667














4 0.215625 0.6291666666666667 0.009375 0.025
4 0.3921875 0.5354166666666667 0.015625 0.020833333333333332

5 0.5109375 0.8208333333333333 0.009375 0.020833333333333332
4 0.446875 0.6697916666666667 0.121875 0.3145833333333333
4 0.35078125 0.50625 0.0078125 0.0125
4 0.3625 0.49895833333333334 0.0125 0.010416666666666666
5 0.55625 0.40729166666666666 0.009375 0.027083333333333334

5 0.52109375 0.3729166666666667 0.0109375 0.03333333333333333

5 0.5328125 0.3927083333333333 0.040625 0.05625
5 0.76875 0.9583333333333334 0.0375 0.029166666666666667
5 0.76015625 0.9260416666666667 0.0546875 0.09791666666666667


5 0.55703125 0.40625 0.0078125 0.025

5 0.871875 0.421875 0.05 0.035416666666666666
5 0.6828125 0.7677083333333333 0.0375 0.06875

5 0.6828125 0.76875 0.0375 0.07083333333333333
5 0.54921875 0.3458333333333333 0.0546875 0.025
5 0.55703125 0.40625 0.0078125 0.025
1 0.55703125 0.40625 0.0109375 0.025

1 0.51796875 0.26458333333333334 0.0171875 0.029166666666666667
1 0.5640625 0.37916666666666665 0.025 0.08333333333333333


1 0.6828125 0.7666666666666667 0.034375 0.06666666666666667
1 0.5296875 0.18020833333333333 0.040625 0.20208333333333334
1 0.5453125 0.08854166666666667 0.0125 0.022916666666666665
1 0.3796875 0.24895833333333334 0.01875 0.027083333333333334
1 0.36015625 0.24583333333333332 0.0171875 0.025
1 0.3765625 0.225 0.015625 0.020833333333333332
1 0.35859375 0.22291666666666668 0.0140625 0.020833333333333332
1 0.33828125 0.22291666666666668 0.0140625 0.020833333333333332
1 0.3203125 0.22916666666666666 0.0125 0.020833333333333332
1 0.32265625 0.25729166666666664 0.0171875 0.035416666666666666
1 0.30078125 0.23125 0.0171875 0.025
1 0.28125 0.225 0.015625 0.020833333333333332
1 0.38671875 0.184375 0.0140625 0.01875
1 0.36875 0.18958333333333333 0.01875 0.025
1 0.3328125 0.18541666666666667 0.015625 0.025
1 0.315625 0.18958333333333333 0.01875 0.03333333333333333
1 0.30234375 0.16875 0.0203125 0.029166666666666667
1 0.51796875 0.265625 0.0171875 0.03125
1 0.5625 0.38125 0.021875 0.07916666666666666
1 0.42578125 0.209375 0.0328125 0.027083333333333334
1 0.57109375 0.34791666666666665 0.0109375 0.020833333333333332

