
1 0.37109375 0.96875 0.0671875 0.05416666666666667
1 0.44375 0.9239583333333333 0.059375 0.04791666666666667
1 0.22734375 0.9895833333333334 0.0546875 0.020833333333333332
1 0.31015625 0.9541666666666667 0.0671875 0.05416666666666667
1 0.39609375 0.9052083333333333 0.0578125 0.04791666666666667
1 0.1578125 0.98125 0.071875 0.0375
1 0.2484375 0.9395833333333333 0.0625 0.04583333333333333
1 0.325 0.896875 0.053125 0.04791666666666667
1 0.39765625 0.85625 0.0578125 0.04583333333333333
1 0.109375 0.9697916666666667 0.071875 0.05625
1 0.1921875 0.9229166666666667 0.065625 0.05416666666666667
1 0.28046875 0.8770833333333333 0.0734375 0.05416666666666667
1 0.3578125 0.834375 0.05625 0.04791666666666667














4 0.2140625 0.6302083333333334 0.009375 0.022916666666666665
4 0.39296875 0.5354166666666667 0.0140625 0.020833333333333332

5 0.51171875 0.821875 0.0109375 0.01875
4 0.3921875 0.5302083333333333 0.0125 0.01875
4 0.35078125 0.50625 0.0078125 0.0125
4 0.3609375 0.49895833333333334 0.0125 0.010416666666666666
5 0.55625 0.41041666666666665 0.009375 0.029166666666666667

5 0.5203125 0.375 0.0125 0.029166666666666667

5 0.5390625 0.4 0.04375 0.058333333333333334
5 0.7703125 0.9666666666666667 0.0375 0.029166666666666667
5 0.76328125 0.934375 0.0546875 0.09791666666666667


5 0.55703125 0.4083333333333333 0.0078125 0.025

5 0.87578125 0.42083333333333334 0.0515625 0.0375
5 0.68515625 0.7760416666666666 0.0390625 0.07291666666666667

5 0.68515625 0.7760416666666666 0.0390625 0.07291666666666667
5 0.55 0.3489583333333333 0.053125 0.027083333333333334
5 0.5578125 0.4083333333333333 0.009375 0.025
1 0.5578125 0.4083333333333333 0.009375 0.025

1 0.51796875 0.265625 0.0171875 0.03125
1 0.57265625 0.35208333333333336 0.0109375 0.020833333333333332


1 0.68515625 0.7760416666666666 0.0390625 0.07291666666666667
1 0.53046875 0.18125 0.0421875 0.20416666666666666
1 0.5453125 0.08958333333333333 0.0125 0.020833333333333332
1 0.3796875 0.24895833333333334 0.01875 0.027083333333333334
1 0.36015625 0.24583333333333332 0.0171875 0.025
1 0.3765625 0.225 0.015625 0.020833333333333332
1 0.35859375 0.22291666666666668 0.0140625 0.020833333333333332
1 0.3390625 0.221875 0.0125 0.022916666666666665
1 0.32109375 0.22916666666666666 0.0140625 0.020833333333333332
1 0.32265625 0.25729166666666664 0.0171875 0.035416666666666666
1 0.30078125 0.23125 0.0171875 0.025
1 0.28125 0.225 0.015625 0.020833333333333332
1 0.38671875 0.184375 0.0140625 0.01875
1 0.36875 0.18958333333333333 0.01875 0.025
1 0.33203125 0.18541666666666667 0.0140625 0.020833333333333332
1 0.315625 0.18958333333333333 0.01875 0.03333333333333333
1 0.30234375 0.16875 0.0203125 0.029166666666666667
1 0.51796875 0.265625 0.0171875 0.03125
1 0.56328125 0.38333333333333336 0.0234375 0.07916666666666666
1 0.42578125 0.209375 0.0328125 0.027083333333333334
1 0.57265625 0.35208333333333336 0.0109375 0.020833333333333332

