
1 0.37109375 0.96875 0.0671875 0.05416666666666667
1 0.44375 0.9239583333333333 0.059375 0.04791666666666667
1 0.22734375 0.9895833333333334 0.0546875 0.020833333333333332
1 0.31015625 0.9541666666666667 0.0671875 0.05416666666666667
1 0.39609375 0.9052083333333333 0.0578125 0.04791666666666667
1 0.1578125 0.98125 0.071875 0.0375
1 0.2484375 0.9395833333333333 0.0625 0.04583333333333333
1 0.325 0.896875 0.053125 0.04791666666666667
1 0.39765625 0.85625 0.0578125 0.04583333333333333
1 0.109375 0.9697916666666667 0.071875 0.05625
1 0.1921875 0.921875 0.065625 0.052083333333333336
1 0.2796875 0.8770833333333333 0.071875 0.05416666666666667
1 0.3578125 0.8333333333333334 0.05625 0.04583333333333333














4 0.2125 0.6302083333333334 0.009375 0.022916666666666665
4 0.3921875 0.5354166666666667 0.015625 0.020833333333333332

5 0.5140625 0.8260416666666667 0.009375 0.01875
4 0.3921875 0.5291666666666667 0.0125 0.020833333333333332
4 0.3515625 0.50625 0.00625 0.0125
4 0.36171875 0.49895833333333334 0.0109375 0.010416666666666666
5 0.55703125 0.4114583333333333 0.0109375 0.03125

5 0.52109375 0.375 0.0140625 0.029166666666666667

5 0.5546875 0.4197916666666667 0.0125 0.027083333333333334
5 0.77734375 0.98125 0.0359375 0.029166666666666667
5 0.76796875 0.9479166666666666 0.0546875 0.1


5 0.55703125 0.409375 0.0109375 0.03125

5 0.87734375 0.42083333333333334 0.0390625 0.03333333333333333
5 0.6890625 0.7864583333333334 0.040625 0.06875

5 0.6890625 0.7875 0.040625 0.07083333333333333
5 0.5515625 0.353125 0.053125 0.03125
5 0.55859375 0.40729166666666666 0.0078125 0.027083333333333334
1 0.5578125 0.4083333333333333 0.009375 0.029166666666666667

1 0.51875 0.2677083333333333 0.015625 0.03125
1 0.5734375 0.35833333333333334 0.0125 0.025


1 0.68828125 0.784375 0.0359375 0.06458333333333334
1 0.53125 0.184375 0.040625 0.20625
1 0.54609375 0.090625 0.0140625 0.022916666666666665
1 0.37890625 0.25 0.0171875 0.025
1 0.36015625 0.24583333333333332 0.0171875 0.025
1 0.37734375 0.22395833333333334 0.0171875 0.022916666666666665
1 0.35859375 0.22291666666666668 0.0140625 0.020833333333333332
1 0.3390625 0.221875 0.0125 0.022916666666666665
1 0.32109375 0.22916666666666666 0.0140625 0.020833333333333332
1 0.3234375 0.25729166666666664 0.01875 0.035416666666666666
1 0.30078125 0.23125 0.0171875 0.025
1 0.28125 0.225 0.015625 0.020833333333333332
1 0.38671875 0.184375 0.0140625 0.01875
1 0.36875 0.18958333333333333 0.01875 0.025
1 0.3328125 0.18541666666666667 0.015625 0.025
1 0.315625 0.18958333333333333 0.01875 0.03333333333333333
1 0.303125 0.16875 0.021875 0.029166666666666667
1 0.51875 0.2677083333333333 0.015625 0.03125
1 0.5640625 0.38645833333333335 0.025 0.07708333333333334
1 0.42578125 0.209375 0.0328125 0.027083333333333334
1 0.57421875 0.35833333333333334 0.0109375 0.025

