
1 0.37109375 0.96875 0.0671875 0.05416666666666667
1 0.44375 0.9239583333333333 0.059375 0.04791666666666667
1 0.22734375 0.9895833333333334 0.0546875 0.020833333333333332
1 0.31015625 0.9541666666666667 0.0671875 0.05416666666666667
1 0.39609375 0.9052083333333333 0.0578125 0.04791666666666667
1 0.1578125 0.98125 0.071875 0.0375
1 0.24765625 0.9395833333333333 0.0609375 0.04583333333333333
1 0.325 0.896875 0.053125 0.04791666666666667
1 0.39765625 0.85625 0.0578125 0.04583333333333333
1 0.109375 0.9708333333333333 0.071875 0.058333333333333334
1 0.1921875 0.9229166666666667 0.065625 0.05416666666666667
1 0.28046875 0.8770833333333333 0.0734375 0.05416666666666667
1 0.3578125 0.8333333333333334 0.05625 0.04583333333333333














4 0.2125 0.6291666666666667 0.009375 0.020833333333333332
4 0.39296875 0.5354166666666667 0.0140625 0.020833333333333332

5 0.51640625 0.828125 0.0078125 0.01875
4 0.3921875 0.5302083333333333 0.0125 0.01875
4 0.35078125 0.50625 0.0078125 0.0125
4 0.3609375 0.49895833333333334 0.0125 0.010416666666666666
5 0.55546875 0.415625 0.0140625 0.027083333333333334

5 0.5203125 0.375 0.015625 0.029166666666666667

5 0.55546875 0.4197916666666667 0.0140625 0.027083333333333334
5 0.78046875 0.9875 0.0359375 0.025
5 0.77265625 0.9541666666666667 0.0546875 0.09166666666666666


5 0.55859375 0.4125 0.0078125 0.020833333333333332

5 0.87890625 0.41875 0.0359375 0.03333333333333333
5 0.690625 0.7916666666666666 0.0375 0.06666666666666667

5 0.690625 0.7916666666666666 0.0375 0.06666666666666667
5 0.55234375 0.35625 0.0546875 0.03333333333333333
5 0.5578125 0.4125 0.009375 0.020833333333333332
1 0.55859375 0.4125 0.0109375 0.020833333333333332

1 0.51875 0.26875 0.015625 0.029166666666666667
1 0.575 0.36354166666666665 0.0125 0.022916666666666665


1 0.690625 0.790625 0.0375 0.06458333333333334
1 0.53125 0.18541666666666667 0.04375 0.20833333333333334
1 0.546875 0.09270833333333334 0.015625 0.022916666666666665
1 0.3796875 0.24895833333333334 0.01875 0.027083333333333334
1 0.36015625 0.24583333333333332 0.0171875 0.025
1 0.37734375 0.22395833333333334 0.0171875 0.022916666666666665
1 0.35859375 0.22291666666666668 0.0140625 0.020833333333333332
1 0.3390625 0.221875 0.0125 0.022916666666666665
1 0.32109375 0.22916666666666666 0.0140625 0.020833333333333332
1 0.3234375 0.25729166666666664 0.01875 0.035416666666666666
1 0.30078125 0.23125 0.0171875 0.025
1 0.28125 0.225 0.015625 0.020833333333333332
1 0.38671875 0.184375 0.0140625 0.01875
1 0.3703125 0.18958333333333333 0.01875 0.025
1 0.3328125 0.18541666666666667 0.015625 0.025
1 0.315625 0.18958333333333333 0.01875 0.03333333333333333
1 0.303125 0.16875 0.021875 0.029166666666666667
1 0.51875 0.26979166666666665 0.015625 0.03125
1 0.56484375 0.38958333333333334 0.0265625 0.07083333333333333
1 0.42578125 0.209375 0.0328125 0.027083333333333334
1 0.575 0.3625 0.0125 0.025

