
1 0.37109375 0.96875 0.0671875 0.05416666666666667
1 0.44375 0.9239583333333333 0.059375 0.04791666666666667
1 0.22734375 0.9895833333333334 0.0546875 0.020833333333333332
1 0.31015625 0.9541666666666667 0.0671875 0.05416666666666667
1 0.39609375 0.9052083333333333 0.0578125 0.04791666666666667
1 0.1578125 0.98125 0.071875 0.0375
1 0.24765625 0.9395833333333333 0.0609375 0.04583333333333333
1 0.325 0.896875 0.053125 0.04791666666666667
1 0.39765625 0.85625 0.0578125 0.04583333333333333
1 0.11015625 0.9697916666666667 0.0703125 0.05625
1 0.1921875 0.921875 0.065625 0.052083333333333336
1 0.2796875 0.8770833333333333 0.071875 0.05416666666666667
1 0.3578125 0.834375 0.05625 0.04791666666666667














4 0.2109375 0.628125 0.0125 0.022916666666666665
4 0.39140625 0.5354166666666667 0.0171875 0.020833333333333332

5 0.51796875 0.8302083333333333 0.0078125 0.01875
4 0.39140625 0.5260416666666666 0.0140625 0.027083333333333334
4 0.3515625 0.5072916666666667 0.00625 0.010416666666666666
4 0.3625 0.49895833333333334 0.0125 0.010416666666666666
5 0.55703125 0.4197916666666667 0.0140625 0.027083333333333334

5 0.5203125 0.375 0.01875 0.029166666666666667

5 0.55546875 0.42291666666666666 0.0140625 0.025
5 0.78671875 0.9927083333333333 0.0390625 0.014583333333333334
5 0.778125 0.959375 0.05625 0.08125


5 0.55859375 0.41875 0.0109375 0.025

5 0.88515625 0.41875 0.0390625 0.03333333333333333
5 0.69375 0.80625 0.040625 0.075

5 0.69375 0.8041666666666667 0.0375 0.06666666666666667
5 0.55390625 0.36041666666666666 0.0546875 0.0375
5 0.55859375 0.41875 0.0109375 0.025
1 0.55859375 0.41875 0.0109375 0.025

1 0.51875 0.2708333333333333 0.015625 0.029166666666666667
1 0.57578125 0.36875 0.0140625 0.025


1 0.69375 0.803125 0.0375 0.06875
1 0.53125 0.18958333333333333 0.04375 0.2125
1 0.546875 0.09375 0.015625 0.025
1 0.38046875 0.24895833333333334 0.0203125 0.027083333333333334
1 0.36015625 0.24583333333333332 0.0171875 0.025
1 0.3765625 0.22395833333333334 0.015625 0.022916666666666665
1 0.359375 0.221875 0.0125 0.01875
1 0.3390625 0.221875 0.0125 0.022916666666666665
1 0.32109375 0.22916666666666666 0.0140625 0.020833333333333332
1 0.3234375 0.25729166666666664 0.01875 0.035416666666666666
1 0.30234375 0.23020833333333332 0.0140625 0.022916666666666665
1 0.28125 0.225 0.015625 0.020833333333333332
1 0.38671875 0.184375 0.0140625 0.01875
1 0.36953125 0.18958333333333333 0.0171875 0.020833333333333332
1 0.3328125 0.18541666666666667 0.015625 0.025
1 0.315625 0.18958333333333333 0.01875 0.03333333333333333
1 0.30234375 0.16875 0.0203125 0.029166666666666667
1 0.51953125 0.271875 0.0171875 0.03125
1 0.5671875 0.39479166666666665 0.028125 0.06875
1 0.42578125 0.209375 0.0328125 0.027083333333333334
1 0.5765625 0.36875 0.0125 0.025

