
1 0.37109375 0.96875 0.0671875 0.05416666666666667
1 0.44375 0.9239583333333333 0.059375 0.04791666666666667
1 0.22734375 0.9895833333333334 0.0546875 0.020833333333333332
1 0.31015625 0.9541666666666667 0.0671875 0.05416666666666667
1 0.39609375 0.9052083333333333 0.0578125 0.04791666666666667
1 0.1578125 0.98125 0.071875 0.0375
1 0.24765625 0.9395833333333333 0.0609375 0.04583333333333333
1 0.325 0.896875 0.053125 0.04791666666666667
1 0.39765625 0.85625 0.0578125 0.04583333333333333
1 0.109375 0.9708333333333333 0.071875 0.058333333333333334
1 0.1921875 0.921875 0.065625 0.052083333333333336
1 0.28046875 0.8770833333333333 0.0734375 0.05416666666666667
1 0.3578125 0.8333333333333334 0.05625 0.04583333333333333














4 0.209375 0.6260416666666667 0.0125 0.022916666666666665
4 0.3921875 0.5354166666666667 0.015625 0.020833333333333332

5 0.51796875 0.83125 0.0078125 0.016666666666666666
4 0.39140625 0.5260416666666666 0.0140625 0.027083333333333334
4 0.3515625 0.50625 0.00625 0.0125
4 0.3609375 0.49895833333333334 0.0125 0.010416666666666666
5 0.5578125 0.42083333333333334 0.0125 0.025

5 0.51953125 0.375 0.0234375 0.029166666666666667

5 0.5546875 0.425 0.015625 0.020833333333333332
5 0.7875 0.9958333333333333 0.034375 0.008333333333333333
5 0.78046875 0.9635416666666666 0.0546875 0.07291666666666667


5 0.56015625 0.4197916666666667 0.0109375 0.022916666666666665

5 0.8875 0.41875 0.0375 0.03333333333333333
5 0.6953125 0.8104166666666667 0.0375 0.07083333333333333

5 0.6953125 0.8104166666666667 0.0375 0.07083333333333333
5 0.55234375 0.36041666666666666 0.0546875 0.03333333333333333
5 0.559375 0.42083333333333334 0.0125 0.025
1 0.559375 0.42083333333333334 0.0125 0.025

1 0.51875 0.271875 0.015625 0.03125
1 0.5765625 0.3729166666666667 0.0125 0.025


1 0.6953125 0.8104166666666667 0.0375 0.07083333333333333
1 0.5328125 0.190625 0.04375 0.21041666666666667
1 0.5484375 0.09479166666666666 0.015625 0.027083333333333334
1 0.38125 0.24895833333333334 0.01875 0.027083333333333334
1 0.36015625 0.24583333333333332 0.0171875 0.025
1 0.37734375 0.22395833333333334 0.0171875 0.022916666666666665
1 0.359375 0.22291666666666668 0.0125 0.016666666666666666
1 0.3390625 0.221875 0.0125 0.022916666666666665
1 0.32109375 0.22916666666666666 0.0140625 0.020833333333333332
1 0.3234375 0.25729166666666664 0.01875 0.035416666666666666
1 0.30234375 0.23020833333333332 0.0140625 0.022916666666666665
1 0.28046875 0.22604166666666667 0.0140625 0.01875
1 0.38671875 0.184375 0.0140625 0.01875
1 0.36875 0.18958333333333333 0.01875 0.025
1 0.3328125 0.18541666666666667 0.015625 0.025
1 0.315625 0.18958333333333333 0.01875 0.03333333333333333
1 0.303125 0.16875 0.021875 0.029166666666666667
1 0.51953125 0.271875 0.0171875 0.03125
1 0.56796875 0.3958333333333333 0.0265625 0.06666666666666667
1 0.42578125 0.209375 0.0328125 0.027083333333333334
1 0.5765625 0.371875 0.009375 0.022916666666666665

