
1 0.37109375 0.96875 0.0671875 0.05416666666666667
1 0.44375 0.9239583333333333 0.059375 0.04791666666666667
1 0.22890625 0.9895833333333334 0.0546875 0.020833333333333332
1 0.31015625 0.9541666666666667 0.0671875 0.05416666666666667
1 0.39609375 0.9052083333333333 0.0578125 0.04791666666666667
1 0.15859375 0.98125 0.0703125 0.0375
1 0.24765625 0.9395833333333333 0.0609375 0.04583333333333333
1 0.325 0.8958333333333334 0.053125 0.04583333333333333
1 0.39765625 0.85625 0.0578125 0.04583333333333333
1 0.109375 0.9708333333333333 0.071875 0.058333333333333334
1 0.1921875 0.9229166666666667 0.065625 0.05416666666666667
1 0.28046875 0.8770833333333333 0.0734375 0.05416666666666667
1 0.3578125 0.834375 0.05625 0.04791666666666667














4 0.20703125 0.625 0.0078125 0.020833333333333332
4 0.3921875 0.5354166666666667 0.015625 0.020833333333333332

5 0.5203125 0.8364583333333333 0.00625 0.014583333333333334
4 0.3921875 0.5302083333333333 0.0125 0.022916666666666665
4 0.35078125 0.50625 0.0078125 0.0125
4 0.3578125 0.5010416666666667 0.015625 0.010416666666666666
5 0.5609375 0.42604166666666665 0.0125 0.022916666666666665

5 0.53203125 0.35833333333333334 0.0140625 0.029166666666666667

5 0.55625 0.4270833333333333 0.01875 0.020833333333333332

5 0.78828125 0.9739583333333334 0.0484375 0.052083333333333336


5 0.5625 0.42604166666666665 0.009375 0.01875

5 0.896875 0.4166666666666667 0.040625 0.0375
5 0.703125 0.8302083333333333 0.0375 0.06875

5 0.703125 0.8302083333333333 0.0375 0.06875
5 0.53125 0.35625 0.009375 0.020833333333333332
5 0.5625 0.425 0.009375 0.020833333333333332
1 0.559375 0.42604166666666665 0.015625 0.022916666666666665

1 0.5203125 0.2760416666666667 0.015625 0.03125
1 0.57890625 0.384375 0.0109375 0.022916666666666665


1 0.703125 0.8302083333333333 0.0375 0.06875
1 0.5328125 0.196875 0.04375 0.21041666666666667
1 0.54921875 0.1 0.0171875 0.020833333333333332
1 0.3796875 0.25 0.01875 0.025
1 0.36015625 0.24583333333333332 0.0171875 0.025
1 0.37734375 0.225 0.0171875 0.020833333333333332
1 0.359375 0.22291666666666668 0.0125 0.016666666666666666
1 0.33984375 0.221875 0.0140625 0.022916666666666665
1 0.32109375 0.22916666666666666 0.0140625 0.020833333333333332
1 0.3234375 0.25729166666666664 0.01875 0.035416666666666666
1 0.30234375 0.23020833333333332 0.0140625 0.022916666666666665
1 0.28125 0.225 0.015625 0.020833333333333332
1 0.38671875 0.184375 0.0140625 0.01875
1 0.36953125 0.18958333333333333 0.0171875 0.020833333333333332
1 0.3328125 0.18541666666666667 0.015625 0.025
1 0.315625 0.18958333333333333 0.01875 0.03333333333333333
1 0.303125 0.16875 0.021875 0.029166666666666667
1 0.5203125 0.275 0.015625 0.03333333333333333
1 0.5796875 0.38333333333333336 0.009375 0.020833333333333332
1 0.42578125 0.209375 0.0328125 0.027083333333333334
1 0.57890625 0.384375 0.0109375 0.022916666666666665

