
1 0.37109375 0.96875 0.0671875 0.05416666666666667
1 0.44375 0.9239583333333333 0.059375 0.04791666666666667
1 0.228125 0.9895833333333334 0.053125 0.020833333333333332
1 0.31015625 0.9541666666666667 0.0671875 0.05416666666666667
1 0.39609375 0.9052083333333333 0.0578125 0.04791666666666667
1 0.1578125 0.98125 0.071875 0.0375
1 0.24765625 0.9395833333333333 0.0609375 0.04583333333333333
1 0.325 0.8958333333333334 0.053125 0.04583333333333333
1 0.39765625 0.85625 0.0578125 0.04583333333333333
1 0.11015625 0.9697916666666667 0.0703125 0.05625
1 0.1921875 0.9229166666666667 0.065625 0.05416666666666667
1 0.28046875 0.8770833333333333 0.0734375 0.05416666666666667
1 0.3578125 0.834375 0.05625 0.04791666666666667














4 0.2046875 0.625 0.009375 0.020833333333333332
4 0.39140625 0.5354166666666667 0.0171875 0.020833333333333332

5 0.5203125 0.8385416666666666 0.00625 0.014583333333333334
4 0.3921875 0.5302083333333333 0.0125 0.022916666666666665
4 0.35078125 0.5052083333333334 0.0078125 0.014583333333333334
4 0.35703125 0.5020833333333333 0.0140625 0.0125
5 0.56171875 0.43020833333333336 0.0109375 0.022916666666666665

5 0.52890625 0.33229166666666665 0.0171875 0.07291666666666667

5 0.55625 0.43125 0.01875 0.025

5 0.790625 0.98125 0.046875 0.0375


5 0.5640625 0.43125 0.009375 0.020833333333333332

5 0.90234375 0.415625 0.0390625 0.035416666666666666
5 0.70625 0.8427083333333333 0.0375 0.06875

5 0.70625 0.8427083333333333 0.0375 0.06875
5 0.53203125 0.35833333333333334 0.0109375 0.025
5 0.5625 0.43125 0.009375 0.020833333333333332
1 0.56015625 0.43125 0.0171875 0.025

1 0.5203125 0.27708333333333335 0.015625 0.03333333333333333
1 0.58046875 0.39166666666666666 0.0109375 0.025


1 0.70703125 0.8427083333333333 0.0390625 0.06875
1 0.53359375 0.196875 0.0453125 0.20625
1 0.55 0.10104166666666667 0.015625 0.01875
1 0.3796875 0.25 0.01875 0.025
1 0.36015625 0.24583333333333332 0.0171875 0.025
1 0.37734375 0.225 0.0171875 0.020833333333333332
1 0.35859375 0.22291666666666668 0.0140625 0.020833333333333332
1 0.33984375 0.221875 0.0140625 0.022916666666666665
1 0.32109375 0.22916666666666666 0.0140625 0.020833333333333332
1 0.3234375 0.25729166666666664 0.01875 0.035416666666666666
1 0.303125 0.23020833333333332 0.015625 0.022916666666666665
1 0.28125 0.225 0.015625 0.020833333333333332
1 0.38671875 0.184375 0.0140625 0.01875
1 0.37109375 0.18958333333333333 0.0203125 0.025
1 0.33203125 0.18541666666666667 0.0140625 0.020833333333333332
1 0.315625 0.18958333333333333 0.01875 0.03333333333333333
1 0.303125 0.16875 0.021875 0.029166666666666667
1 0.5203125 0.27708333333333335 0.015625 0.03333333333333333
1 0.58046875 0.390625 0.0078125 0.022916666666666665
1 0.42578125 0.209375 0.0328125 0.027083333333333334
1 0.58046875 0.390625 0.0109375 0.027083333333333334

