
1 0.37109375 0.96875 0.0671875 0.05416666666666667
1 0.44375 0.9239583333333333 0.059375 0.04791666666666667
1 0.22890625 0.9895833333333334 0.0546875 0.020833333333333332
1 0.3109375 0.9541666666666667 0.065625 0.05416666666666667
1 0.39609375 0.9041666666666667 0.0578125 0.05
1 0.159375 0.98125 0.071875 0.0375
1 0.2484375 0.9395833333333333 0.0625 0.04583333333333333
1 0.325 0.8958333333333334 0.053125 0.04583333333333333
1 0.39765625 0.85625 0.0578125 0.04583333333333333
1 0.11015625 0.9708333333333333 0.0703125 0.058333333333333334
1 0.1921875 0.921875 0.065625 0.052083333333333336
1 0.2796875 0.8770833333333333 0.071875 0.05416666666666667
1 0.3578125 0.834375 0.05625 0.04791666666666667














4 0.19921875 0.6229166666666667 0.0109375 0.025
4 0.39140625 0.5354166666666667 0.0171875 0.020833333333333332

5 0.5234375 0.8427083333333333 0.00625 0.014583333333333334
4 0.3921875 0.5229166666666667 0.00625 0.020833333333333332
4 0.35078125 0.50625 0.0078125 0.0125
4 0.35625 0.503125 0.015625 0.010416666666666666
5 0.5640625 0.4395833333333333 0.0125 0.029166666666666667

5 0.53125 0.3375 0.0125 0.07083333333333333

5 0.5640625 0.440625 0.0125 0.022916666666666665

5 0.80390625 0.9947916666666666 0.0234375 0.010416666666666666


5 0.5640625 0.4395833333333333 0.009375 0.025

5 0.915625 0.4114583333333333 0.040625 0.03958333333333333
5 0.71640625 0.8729166666666667 0.0421875 0.075
5 0.58203125 0.39895833333333336 0.0140625 0.027083333333333334
5 0.71640625 0.8729166666666667 0.0421875 0.075
5 0.53359375 0.3625 0.0078125 0.020833333333333332
5 0.56484375 0.4395833333333333 0.0109375 0.025
1 0.56484375 0.4395833333333333 0.0109375 0.025

1 0.52109375 0.28020833333333334 0.0171875 0.03125
1 0.584375 0.4041666666666667 0.009375 0.020833333333333332


1 0.71640625 0.8729166666666667 0.0421875 0.075
1 0.53515625 0.20208333333333334 0.0453125 0.2125
1 0.5515625 0.10520833333333333 0.015625 0.022916666666666665
1 0.3796875 0.24895833333333334 0.01875 0.022916666666666665
1 0.36015625 0.24583333333333332 0.0171875 0.025
1 0.37734375 0.22395833333333334 0.0171875 0.022916666666666665
1 0.35859375 0.22291666666666668 0.0140625 0.020833333333333332
1 0.33984375 0.221875 0.0140625 0.022916666666666665
1 0.32109375 0.22916666666666666 0.0140625 0.020833333333333332
1 0.3234375 0.25729166666666664 0.01875 0.035416666666666666
1 0.30234375 0.23125 0.0171875 0.025
1 0.28125 0.225 0.015625 0.020833333333333332
1 0.38671875 0.184375 0.0140625 0.01875
1 0.3703125 0.18854166666666666 0.015625 0.022916666666666665
1 0.3328125 0.18541666666666667 0.015625 0.025
1 0.315625 0.18958333333333333 0.01875 0.03333333333333333
1 0.30390625 0.16875 0.0203125 0.029166666666666667
1 0.52109375 0.28020833333333334 0.0171875 0.03125
1 0.584375 0.40520833333333334 0.0125 0.022916666666666665
1 0.4265625 0.209375 0.034375 0.027083333333333334
1 0.58359375 0.40520833333333334 0.0109375 0.022916666666666665

