
1 0.37109375 0.96875 0.0671875 0.05416666666666667
1 0.44453125 0.9239583333333333 0.0578125 0.04791666666666667
1 0.22890625 0.9895833333333334 0.0546875 0.020833333333333332
1 0.3109375 0.9541666666666667 0.065625 0.05416666666666667
1 0.39609375 0.9052083333333333 0.0578125 0.04791666666666667
1 0.159375 0.98125 0.071875 0.0375
1 0.24765625 0.9395833333333333 0.0609375 0.04583333333333333
1 0.325 0.8958333333333334 0.053125 0.04583333333333333
1 0.39765625 0.85625 0.0578125 0.04583333333333333
1 0.109375 0.9697916666666667 0.071875 0.05625
1 0.1921875 0.921875 0.065625 0.052083333333333336
1 0.28046875 0.8770833333333333 0.0734375 0.05416666666666667
1 0.3578125 0.834375 0.05625 0.04791666666666667














4 0.19609375 0.6239583333333333 0.0109375 0.022916666666666665
4 0.39140625 0.5354166666666667 0.0203125 0.020833333333333332

5 0.5234375 0.846875 0.009375 0.01875
4 0.3921875 0.53125 0.0125 0.020833333333333332
4 0.35078125 0.50625 0.0078125 0.0125
4 0.35546875 0.503125 0.0140625 0.010416666666666666
5 0.565625 0.44583333333333336 0.0125 0.029166666666666667

5 0.53359375 0.3625 0.0078125 0.020833333333333332

5 0.565625 0.44479166666666664 0.009375 0.022916666666666665




5 0.56640625 0.44375 0.0109375 0.025

5 0.92265625 0.4114583333333333 0.0453125 0.03958333333333333
5 0.72109375 0.8875 0.0421875 0.07916666666666666
5 0.52890625 0.3375 0.0328125 0.06666666666666667
5 0.72109375 0.8864583333333333 0.0421875 0.07708333333333334
5 0.53359375 0.3625 0.0078125 0.020833333333333332
5 0.56640625 0.44479166666666664 0.0109375 0.027083333333333334
1 0.565625 0.44479166666666664 0.0125 0.027083333333333334

1 0.52109375 0.28229166666666666 0.0171875 0.03125
1 0.5859375 0.41354166666666664 0.009375 0.01875


1 0.72109375 0.8875 0.0421875 0.07916666666666666
1 0.53515625 0.19895833333333332 0.0453125 0.20208333333333334
1 0.5515625 0.10833333333333334 0.015625 0.025
1 0.38046875 0.24895833333333334 0.0171875 0.022916666666666665
1 0.36015625 0.24583333333333332 0.0171875 0.025
1 0.37734375 0.22395833333333334 0.0171875 0.022916666666666665
1 0.359375 0.22291666666666668 0.0125 0.016666666666666666
1 0.33984375 0.221875 0.0140625 0.022916666666666665
1 0.32109375 0.22916666666666666 0.0140625 0.020833333333333332
1 0.32421875 0.25729166666666664 0.0171875 0.035416666666666666
1 0.30234375 0.23125 0.0171875 0.025
1 0.28046875 0.22395833333333334 0.0140625 0.01875
1 0.38671875 0.184375 0.0140625 0.01875
1 0.37109375 0.18958333333333333 0.0203125 0.025
1 0.3328125 0.18541666666666667 0.0125 0.020833333333333332
1 0.315625 0.18958333333333333 0.01875 0.03333333333333333
1 0.303125 0.16875 0.021875 0.029166666666666667
1 0.52109375 0.28229166666666666 0.0171875 0.03125
1 0.58515625 0.41354166666666664 0.0109375 0.022916666666666665
1 0.4265625 0.209375 0.034375 0.027083333333333334
1 0.5859375 0.41458333333333336 0.009375 0.016666666666666666

