
1 0.37109375 0.96875 0.0671875 0.05416666666666667
1 0.44375 0.9239583333333333 0.059375 0.04791666666666667
1 0.228125 0.9895833333333334 0.05625 0.020833333333333332
1 0.3109375 0.9541666666666667 0.065625 0.05416666666666667
1 0.39609375 0.9041666666666667 0.0578125 0.05
1 0.159375 0.98125 0.071875 0.0375
1 0.2484375 0.9385416666666667 0.0625 0.04791666666666667
1 0.325 0.896875 0.053125 0.04791666666666667
1 0.39765625 0.85625 0.0578125 0.04583333333333333
1 0.11015625 0.9697916666666667 0.0703125 0.05625
1 0.1921875 0.921875 0.065625 0.052083333333333336
1 0.28046875 0.8770833333333333 0.0734375 0.05416666666666667
1 0.3578125 0.834375 0.05625 0.04791666666666667














4 0.1953125 0.625 0.0125 0.025
4 0.39140625 0.5354166666666667 0.0203125 0.020833333333333332

5 0.525 0.8479166666666667 0.00625 0.016666666666666666
4 0.3921875 0.521875 0.00625 0.022916666666666665
4 0.35078125 0.50625 0.0078125 0.0125
4 0.3546875 0.503125 0.0125 0.010416666666666666
5 0.56640625 0.4479166666666667 0.0109375 0.025

5 0.53359375 0.36354166666666665 0.0078125 0.01875
5 0.5859375 0.41875 0.0125 0.016666666666666666
5 0.5671875 0.4479166666666667 0.009375 0.025




5 0.5671875 0.446875 0.009375 0.022916666666666665

5 0.92578125 0.4114583333333333 0.0453125 0.03958333333333333
5 0.7234375 0.8947916666666667 0.04375 0.07708333333333334
5 0.52890625 0.340625 0.0328125 0.06875
5 0.7234375 0.8947916666666667 0.04375 0.07708333333333334
5 0.53359375 0.36354166666666665 0.0078125 0.01875
5 0.5671875 0.446875 0.009375 0.022916666666666665
1 0.5671875 0.4479166666666667 0.009375 0.025

1 0.52109375 0.284375 0.0171875 0.03125
1 0.5859375 0.41875 0.0125 0.020833333333333332


1 0.7234375 0.8947916666666667 0.04375 0.07708333333333334
1 0.53515625 0.19895833333333332 0.0453125 0.20208333333333334
1 0.5515625 0.11041666666666666 0.015625 0.025
1 0.38125 0.24895833333333334 0.01875 0.027083333333333334
1 0.36015625 0.24583333333333332 0.0171875 0.025
1 0.37734375 0.22395833333333334 0.0171875 0.022916666666666665
1 0.35859375 0.22291666666666668 0.0140625 0.020833333333333332
1 0.33984375 0.221875 0.0140625 0.022916666666666665
1 0.32109375 0.22916666666666666 0.0140625 0.020833333333333332
1 0.3234375 0.25729166666666664 0.01875 0.035416666666666666
1 0.303125 0.23020833333333332 0.015625 0.022916666666666665
1 0.28125 0.225 0.015625 0.020833333333333332
1 0.38671875 0.184375 0.0140625 0.01875
1 0.37109375 0.18958333333333333 0.0203125 0.025
1 0.33359375 0.18541666666666667 0.0171875 0.025
1 0.315625 0.18958333333333333 0.01875 0.03333333333333333
1 0.303125 0.16875 0.021875 0.029166666666666667
1 0.52109375 0.284375 0.0171875 0.03125
1 0.5859375 0.41875 0.0125 0.020833333333333332
1 0.4265625 0.209375 0.034375 0.027083333333333334
1 0.5859375 0.41875 0.0125 0.020833333333333332

