
1 0.371875 0.96875 0.065625 0.05416666666666667
1 0.44375 0.9239583333333333 0.059375 0.04791666666666667
1 0.228125 0.9895833333333334 0.05625 0.020833333333333332
1 0.3109375 0.9541666666666667 0.065625 0.05416666666666667
1 0.39609375 0.9041666666666667 0.0578125 0.05
1 0.159375 0.98125 0.071875 0.0375
1 0.2484375 0.9385416666666667 0.0625 0.04791666666666667
1 0.32578125 0.8958333333333334 0.0515625 0.04583333333333333
1 0.39765625 0.85625 0.0578125 0.04583333333333333
1 0.109375 0.9697916666666667 0.071875 0.05625
1 0.1921875 0.921875 0.065625 0.052083333333333336
1 0.28046875 0.8770833333333333 0.0734375 0.05416666666666667
1 0.3578125 0.8333333333333334 0.05625 0.04583333333333333














4 0.19453125 0.6239583333333333 0.0109375 0.022916666666666665
4 0.39296875 0.5354166666666667 0.0171875 0.020833333333333332

5 0.525 0.8510416666666667 0.009375 0.01875
4 0.3921875 0.521875 0.00625 0.022916666666666665
4 0.3515625 0.50625 0.00625 0.0125
4 0.3546875 0.503125 0.0125 0.010416666666666666
5 0.56796875 0.45208333333333334 0.0109375 0.025

5 0.53515625 0.3645833333333333 0.0078125 0.020833333333333332
5 0.58828125 0.4239583333333333 0.0109375 0.022916666666666665
5 0.56796875 0.45208333333333334 0.0109375 0.025




5 0.56875 0.4510416666666667 0.009375 0.022916666666666665

5 0.93203125 0.4083333333333333 0.0421875 0.041666666666666664
5 0.72734375 0.9083333333333333 0.0453125 0.075
5 0.53515625 0.340625 0.0203125 0.06875
5 0.72734375 0.9083333333333333 0.0453125 0.075
5 0.53359375 0.3645833333333333 0.0078125 0.020833333333333332
5 0.56796875 0.4510416666666667 0.0109375 0.022916666666666665
1 0.56796875 0.45208333333333334 0.0109375 0.025

1 0.521875 0.28541666666666665 0.015625 0.029166666666666667
1 0.5875 0.4239583333333333 0.009375 0.022916666666666665


1 0.72734375 0.909375 0.0453125 0.07708333333333334
1 0.5359375 0.20104166666666667 0.046875 0.20208333333333334
1 0.553125 0.11145833333333334 0.015625 0.027083333333333334
1 0.3796875 0.24895833333333334 0.01875 0.022916666666666665
1 0.36015625 0.24583333333333332 0.0171875 0.025
1 0.37734375 0.22395833333333334 0.0171875 0.022916666666666665
1 0.359375 0.22291666666666668 0.015625 0.020833333333333332
1 0.33984375 0.221875 0.0140625 0.022916666666666665
1 0.32109375 0.22916666666666666 0.0140625 0.020833333333333332
1 0.3234375 0.25625 0.01875 0.03333333333333333
1 0.30234375 0.23125 0.0171875 0.025
1 0.28046875 0.22395833333333334 0.0140625 0.01875
1 0.38671875 0.184375 0.0140625 0.01875
1 0.37109375 0.18958333333333333 0.0203125 0.025
1 0.3328125 0.18541666666666667 0.015625 0.025
1 0.315625 0.18958333333333333 0.01875 0.03333333333333333
1 0.30390625 0.16875 0.0203125 0.029166666666666667
1 0.521875 0.2864583333333333 0.01875 0.03125
1 0.5875 0.425 0.0125 0.025
1 0.4265625 0.209375 0.034375 0.027083333333333334
1 0.5875 0.425 0.0125 0.025

