
1 0.371875 0.96875 0.065625 0.05416666666666667
1 0.44453125 0.9239583333333333 0.0578125 0.04791666666666667
1 0.228125 0.9895833333333334 0.05625 0.020833333333333332
1 0.3109375 0.9541666666666667 0.065625 0.05416666666666667
1 0.39609375 0.9052083333333333 0.0578125 0.04791666666666667
1 0.159375 0.98125 0.071875 0.0375
1 0.2484375 0.9385416666666667 0.0625 0.04791666666666667
1 0.32578125 0.8958333333333334 0.0515625 0.04583333333333333
1 0.39765625 0.85625 0.0578125 0.04583333333333333
1 0.11015625 0.9697916666666667 0.0703125 0.05625
1 0.1921875 0.921875 0.065625 0.052083333333333336
1 0.28046875 0.8770833333333333 0.0734375 0.05416666666666667
1 0.3578125 0.8333333333333334 0.05625 0.04583333333333333














4 0.1921875 0.6239583333333333 0.009375 0.022916666666666665
4 0.3921875 0.5354166666666667 0.01875 0.020833333333333332

5 0.528125 0.8541666666666666 0.009375 0.016666666666666666
4 0.3921875 0.515625 0.009375 0.014583333333333334
4 0.3515625 0.50625 0.00625 0.0125
4 0.3546875 0.503125 0.0125 0.010416666666666666
5 0.56875 0.46041666666666664 0.0125 0.029166666666666667

5 0.53046875 0.34479166666666666 0.0140625 0.06875
5 0.590625 0.4354166666666667 0.0125 0.020833333333333332
5 0.56953125 0.46041666666666664 0.0109375 0.025




5 0.5703125 0.459375 0.009375 0.022916666666666665

5 0.94140625 0.40520833333333334 0.0453125 0.03958333333333333
5 0.73515625 0.93125 0.0453125 0.07916666666666666
5 0.52734375 0.290625 0.0078125 0.07291666666666667
5 0.73515625 0.93125 0.0453125 0.07916666666666666
5 0.53359375 0.36770833333333336 0.0078125 0.01875
5 0.56953125 0.46041666666666664 0.0109375 0.025
1 0.56953125 0.46041666666666664 0.0109375 0.025

1 0.52265625 0.28958333333333336 0.0171875 0.03333333333333333
1 0.590625 0.4354166666666667 0.0125 0.029166666666666667


1 0.7359375 0.9322916666666666 0.046875 0.08125
1 0.5375 0.203125 0.046875 0.20208333333333334
1 0.528125 0.07604166666666666 0.06875 0.10208333333333333
1 0.38046875 0.24895833333333334 0.0171875 0.022916666666666665
1 0.36015625 0.24583333333333332 0.0171875 0.025
1 0.37734375 0.22395833333333334 0.0171875 0.022916666666666665
1 0.35859375 0.22291666666666668 0.0140625 0.020833333333333332
1 0.3390625 0.22291666666666668 0.015625 0.025
1 0.32109375 0.22916666666666666 0.0140625 0.020833333333333332
1 0.3234375 0.25625 0.01875 0.03333333333333333
1 0.30234375 0.23125 0.0171875 0.025
1 0.28125 0.225 0.015625 0.020833333333333332
1 0.38671875 0.184375 0.0140625 0.01875
1 0.37109375 0.18958333333333333 0.0203125 0.025
1 0.33203125 0.18541666666666667 0.0140625 0.020833333333333332
1 0.315625 0.18958333333333333 0.01875 0.03333333333333333
1 0.30390625 0.16875 0.0203125 0.029166666666666667
1 0.52265625 0.28958333333333336 0.0171875 0.03333333333333333
1 0.590625 0.4354166666666667 0.0125 0.029166666666666667
1 0.4265625 0.209375 0.034375 0.027083333333333334
1 0.590625 0.4354166666666667 0.0125 0.029166666666666667

