
1 0.371875 0.96875 0.065625 0.05416666666666667
1 0.44453125 0.9239583333333333 0.0578125 0.04791666666666667
1 0.228125 0.9895833333333334 0.05625 0.020833333333333332
1 0.3109375 0.9541666666666667 0.065625 0.05416666666666667
1 0.39609375 0.9052083333333333 0.0578125 0.04791666666666667
1 0.159375 0.98125 0.071875 0.0375
1 0.2484375 0.9385416666666667 0.0625 0.04791666666666667
1 0.32578125 0.8958333333333334 0.0515625 0.04583333333333333
1 0.39765625 0.85625 0.0578125 0.04583333333333333
1 0.1109375 0.9708333333333333 0.071875 0.058333333333333334
1 0.1921875 0.921875 0.065625 0.052083333333333336
1 0.28046875 0.8770833333333333 0.0734375 0.05416666666666667
1 0.3578125 0.8333333333333334 0.05625 0.04583333333333333














4 0.19140625 0.625 0.0078125 0.020833333333333332
4 0.3921875 0.5354166666666667 0.01875 0.020833333333333332

5 0.52890625 0.85625 0.0109375 0.020833333333333332
4 0.3921875 0.5239583333333333 0.009375 0.022916666666666665
4 0.3515625 0.50625 0.00625 0.0125
4 0.35390625 0.503125 0.0109375 0.010416666666666666
5 0.5703125 0.46458333333333335 0.009375 0.025

5 0.53359375 0.37083333333333335 0.0078125 0.020833333333333332
5 0.59140625 0.4395833333333333 0.0109375 0.025
5 0.56953125 0.46458333333333335 0.0109375 0.025




5 0.56953125 0.46458333333333335 0.0109375 0.025

5 0.94453125 0.403125 0.0453125 0.03958333333333333
5 0.7390625 0.940625 0.046875 0.08125
5 0.52734375 0.290625 0.0078125 0.07291666666666667
5 0.7390625 0.9395833333333333 0.04375 0.07916666666666666
5 0.53359375 0.3697916666666667 0.0078125 0.01875
5 0.5703125 0.46458333333333335 0.0125 0.025
1 0.5703125 0.4635416666666667 0.009375 0.022916666666666665

1 0.5234375 0.2916666666666667 0.01875 0.03333333333333333
1 0.59140625 0.440625 0.0109375 0.027083333333333334


1 0.7390625 0.9416666666666667 0.046875 0.08333333333333333
1 0.5375 0.20625 0.046875 0.2
1 0.5546875 0.115625 0.015625 0.022916666666666665
1 0.3796875 0.24895833333333334 0.01875 0.022916666666666665
1 0.36015625 0.24583333333333332 0.0171875 0.025
1 0.37734375 0.22395833333333334 0.0171875 0.022916666666666665
1 0.35859375 0.22291666666666668 0.0140625 0.020833333333333332
1 0.3390625 0.22291666666666668 0.015625 0.025
1 0.32109375 0.22916666666666666 0.0140625 0.020833333333333332
1 0.3234375 0.25625 0.01875 0.03333333333333333
1 0.303125 0.23020833333333332 0.015625 0.022916666666666665
1 0.28125 0.225 0.015625 0.020833333333333332
1 0.38671875 0.184375 0.0140625 0.01875
1 0.37109375 0.18958333333333333 0.0203125 0.025
1 0.33359375 0.184375 0.0171875 0.022916666666666665
1 0.315625 0.18958333333333333 0.01875 0.03333333333333333
1 0.30390625 0.16875 0.0203125 0.029166666666666667
1 0.5234375 0.290625 0.01875 0.03125
1 0.59140625 0.4395833333333333 0.0109375 0.025
1 0.4265625 0.209375 0.034375 0.027083333333333334
1 0.59140625 0.440625 0.0109375 0.027083333333333334

