
1 0.371875 0.96875 0.065625 0.05416666666666667
1 0.44453125 0.9239583333333333 0.0578125 0.04791666666666667
1 0.228125 0.9895833333333334 0.05625 0.020833333333333332
1 0.3109375 0.9541666666666667 0.065625 0.05416666666666667
1 0.39609375 0.9052083333333333 0.0578125 0.04791666666666667
1 0.159375 0.98125 0.071875 0.0375
1 0.2484375 0.9385416666666667 0.0625 0.04791666666666667
1 0.32578125 0.8958333333333334 0.0515625 0.04583333333333333
1 0.39765625 0.85625 0.0578125 0.04583333333333333
1 0.11015625 0.9697916666666667 0.0703125 0.05625
1 0.1921875 0.921875 0.065625 0.052083333333333336
1 0.28046875 0.8770833333333333 0.0734375 0.05416666666666667
1 0.3578125 0.8333333333333334 0.05625 0.04583333333333333














4 0.18984375 0.6270833333333333 0.0078125 0.020833333333333332
4 0.3921875 0.5354166666666667 0.015625 0.020833333333333332

5 0.5296875 0.8583333333333333 0.0125 0.020833333333333332
4 0.39140625 0.5270833333333333 0.0078125 0.020833333333333332
4 0.3515625 0.50625 0.00625 0.0125
4 0.353125 0.503125 0.009375 0.010416666666666666
5 0.57109375 0.46875 0.0109375 0.025

5 0.5328125 0.371875 0.009375 0.022916666666666665
5 0.59296875 0.44895833333333335 0.0109375 0.022916666666666665
5 0.57109375 0.46979166666666666 0.0109375 0.022916666666666665




5 0.57109375 0.46875 0.0109375 0.025

5 0.9484375 0.4010416666666667 0.04375 0.03958333333333333
5 0.74453125 0.9572916666666667 0.0484375 0.08541666666666667
5 0.528125 0.290625 0.009375 0.07291666666666667
5 0.7453125 0.95625 0.046875 0.08333333333333333
5 0.53359375 0.37083333333333335 0.0078125 0.020833333333333332
5 0.57109375 0.46875 0.0109375 0.025
1 0.57109375 0.46875 0.0109375 0.025

1 0.5234375 0.29270833333333335 0.01875 0.03125
1 0.5921875 0.44895833333333335 0.0125 0.022916666666666665


1 0.74453125 0.95625 0.0484375 0.0875
1 0.5375 0.20833333333333334 0.046875 0.2
1 0.52578125 0.07395833333333333 0.0734375 0.11458333333333333
1 0.3796875 0.24895833333333334 0.01875 0.022916666666666665
1 0.36015625 0.24583333333333332 0.0171875 0.025
1 0.378125 0.22291666666666668 0.015625 0.020833333333333332
1 0.36015625 0.22291666666666668 0.0140625 0.020833333333333332
1 0.33984375 0.221875 0.0140625 0.022916666666666665
1 0.32109375 0.22916666666666666 0.0140625 0.020833333333333332
1 0.3234375 0.25625 0.01875 0.03333333333333333
1 0.30234375 0.23125 0.0171875 0.025
1 0.28125 0.225 0.015625 0.020833333333333332
1 0.38671875 0.184375 0.0140625 0.01875
1 0.371875 0.18958333333333333 0.01875 0.025
1 0.33359375 0.184375 0.0171875 0.022916666666666665
1 0.315625 0.18958333333333333 0.01875 0.03333333333333333
1 0.30390625 0.16875 0.0203125 0.029166666666666667
1 0.5234375 0.29270833333333335 0.01875 0.03125
1 0.59375 0.44895833333333335 0.0125 0.022916666666666665
1 0.4265625 0.209375 0.034375 0.027083333333333334
1 0.59375 0.44895833333333335 0.0125 0.022916666666666665

