
1 0.371875 0.96875 0.065625 0.05416666666666667
1 0.44453125 0.9239583333333333 0.0578125 0.04791666666666667
1 0.228125 0.9895833333333334 0.05625 0.020833333333333332
1 0.3109375 0.9541666666666667 0.065625 0.05416666666666667
1 0.39765625 0.9041666666666667 0.0578125 0.05
1 0.159375 0.98125 0.071875 0.0375
1 0.2484375 0.9385416666666667 0.0625 0.04791666666666667
1 0.32578125 0.8958333333333334 0.0515625 0.04583333333333333
1 0.3984375 0.85625 0.05625 0.04583333333333333
1 0.1109375 0.9708333333333333 0.071875 0.058333333333333334
1 0.19296875 0.921875 0.0640625 0.052083333333333336
1 0.28046875 0.8770833333333333 0.0734375 0.05416666666666667
1 0.3578125 0.8333333333333334 0.05625 0.04583333333333333














4 0.1796875 0.621875 0.009375 0.027083333333333334
4 0.39140625 0.5354166666666667 0.0203125 0.020833333333333332

5 0.53359375 0.86875 0.0109375 0.020833333333333332
4 0.39375 0.515625 0.00625 0.010416666666666666
4 0.35234375 0.5052083333333334 0.0078125 0.014583333333333334
4 0.35390625 0.503125 0.0109375 0.010416666666666666
5 0.5765625 0.49270833333333336 0.0125 0.027083333333333334

5 0.53203125 0.37604166666666666 0.0078125 0.01875
5 0.59921875 0.47708333333333336 0.0109375 0.025
5 0.5765625 0.49270833333333336 0.0125 0.027083333333333334




5 0.57734375 0.49270833333333336 0.0109375 0.027083333333333334

5 0.9671875 0.3927083333333333 0.046875 0.03958333333333333
5 0.76015625 0.9864583333333333 0.0359375 0.027083333333333334
5 0.52890625 0.296875 0.0109375 0.08541666666666667
5 0.76015625 0.9864583333333333 0.0359375 0.027083333333333334
5 0.5328125 0.375 0.00625 0.016666666666666666
5 0.57734375 0.49270833333333336 0.0109375 0.027083333333333334
1 0.5765625 0.49270833333333336 0.0125 0.027083333333333334

1 0.52578125 0.3020833333333333 0.0171875 0.03333333333333333
1 0.6 0.47708333333333336 0.0125 0.025


1 0.76015625 0.9854166666666667 0.0359375 0.029166666666666667
1 0.5390625 0.21875 0.046875 0.2
1 0.525 0.08125 0.078125 0.11666666666666667
1 0.38046875 0.25 0.0171875 0.025
1 0.36015625 0.24583333333333332 0.0171875 0.025
1 0.37734375 0.22395833333333334 0.0171875 0.022916666666666665
1 0.35859375 0.22291666666666668 0.0140625 0.020833333333333332
1 0.33984375 0.221875 0.0140625 0.022916666666666665
1 0.32109375 0.22916666666666666 0.0140625 0.020833333333333332
1 0.32421875 0.25625 0.0171875 0.03333333333333333
1 0.30234375 0.23125 0.0171875 0.025
1 0.28125 0.225 0.015625 0.020833333333333332
1 0.38671875 0.184375 0.0140625 0.01875
1 0.37109375 0.18958333333333333 0.0203125 0.025
1 0.33359375 0.18541666666666667 0.0171875 0.025
1 0.31640625 0.18958333333333333 0.0203125 0.03333333333333333
1 0.30390625 0.16770833333333332 0.0203125 0.027083333333333334
1 0.52578125 0.303125 0.0171875 0.03125
1 0.6 0.47708333333333336 0.0125 0.025
1 0.425 0.209375 0.034375 0.027083333333333334
1 0.6 0.478125 0.0125 0.027083333333333334

