
1 0.37265625 0.96875 0.0671875 0.05416666666666667
1 0.44453125 0.9239583333333333 0.0578125 0.04791666666666667
1 0.22890625 0.9895833333333334 0.0546875 0.020833333333333332
1 0.3109375 0.9541666666666667 0.065625 0.05416666666666667
1 0.396875 0.9052083333333333 0.05625 0.04791666666666667
1 0.159375 0.98125 0.071875 0.0375
1 0.2484375 0.9395833333333333 0.0625 0.04583333333333333
1 0.32578125 0.8958333333333334 0.0515625 0.04583333333333333
1 0.3984375 0.8552083333333333 0.05625 0.04375
1 0.11015625 0.9697916666666667 0.0703125 0.05625
1 0.19296875 0.921875 0.0640625 0.052083333333333336
1 0.28125 0.8770833333333333 0.071875 0.05416666666666667
1 0.359375 0.8333333333333334 0.05625 0.04583333333333333














4 0.17578125 0.6260416666666667 0.0078125 0.01875
4 0.39375 0.534375 0.015625 0.022916666666666665

5 0.5390625 0.8760416666666667 0.0125 0.022916666666666665
4 0.39375 0.5145833333333333 0.00625 0.008333333333333333
4 0.35234375 0.5052083333333334 0.0078125 0.014583333333333334
4 0.353125 0.503125 0.009375 0.010416666666666666
5 0.58125 0.5166666666666667 0.0125 0.03333333333333333

5 0.52890625 0.3802083333333333 0.0109375 0.01875
5 0.60703125 0.503125 0.0109375 0.022916666666666665
5 0.58125 0.5166666666666667 0.0125 0.029166666666666667
5 0.5828125 0.5166666666666667 0.0125 0.029166666666666667
5 0.59453125 0.509375 0.0296875 0.03958333333333333
5 0.60625 0.503125 0.0125 0.027083333333333334
5 0.59765625 0.50625 0.0296875 0.03333333333333333
5 0.5828125 0.515625 0.009375 0.027083333333333334

5 0.98046875 0.38333333333333336 0.0390625 0.0375

5 0.53046875 0.3 0.0109375 0.0875

5 0.53125 0.37604166666666666 0.00625 0.014583333333333334
5 0.5828125 0.515625 0.009375 0.027083333333333334
1 0.58125 0.515625 0.0125 0.03125

1 0.528125 0.30833333333333335 0.01875 0.03333333333333333
1 0.60625 0.5041666666666667 0.015625 0.03333333333333333



1 0.540625 0.22604166666666667 0.046875 0.20208333333333334
1 0.52578125 0.084375 0.0796875 0.12291666666666666
1 0.38046875 0.24895833333333334 0.0171875 0.022916666666666665
1 0.36015625 0.246875 0.0171875 0.022916666666666665
1 0.37890625 0.22291666666666668 0.0140625 0.020833333333333332
1 0.35859375 0.22291666666666668 0.0140625 0.020833333333333332
1 0.33984375 0.22291666666666668 0.0140625 0.020833333333333332
1 0.32109375 0.22916666666666666 0.0140625 0.020833333333333332
1 0.32421875 0.25625 0.0171875 0.03333333333333333
1 0.30234375 0.23125 0.0171875 0.025
1 0.28046875 0.225 0.0140625 0.020833333333333332
1 0.38671875 0.184375 0.0140625 0.01875
1 0.37109375 0.18958333333333333 0.0203125 0.025
1 0.33359375 0.184375 0.0171875 0.022916666666666665
1 0.31640625 0.18958333333333333 0.0203125 0.03333333333333333
1 0.30390625 0.16875 0.0203125 0.029166666666666667
1 0.52734375 0.3104166666666667 0.0203125 0.03333333333333333
1 0.60625 0.503125 0.0125 0.027083333333333334
1 0.42421875 0.21041666666666667 0.0359375 0.029166666666666667
1 0.60625 0.503125 0.0125 0.027083333333333334

