
1 0.371875 0.96875 0.065625 0.05416666666666667
1 0.4453125 0.9239583333333333 0.059375 0.04791666666666667
1 0.22890625 0.9895833333333334 0.0546875 0.020833333333333332
1 0.3109375 0.9541666666666667 0.065625 0.05416666666666667
1 0.396875 0.9052083333333333 0.05625 0.04791666666666667
1 0.159375 0.98125 0.071875 0.0375
1 0.2484375 0.9385416666666667 0.0625 0.04791666666666667
1 0.32578125 0.8958333333333334 0.0515625 0.04583333333333333
1 0.3984375 0.8552083333333333 0.05625 0.04375
1 0.11015625 0.9697916666666667 0.0703125 0.05625
1 0.19296875 0.921875 0.0640625 0.052083333333333336
1 0.28125 0.8770833333333333 0.071875 0.05416666666666667
1 0.35859375 0.834375 0.0578125 0.04791666666666667














4 0.1734375 0.628125 0.00625 0.01875
4 0.3921875 0.5333333333333333 0.01875 0.025

5 0.53984375 0.8791666666666667 0.0109375 0.020833333333333332
4 0.39375 0.515625 0.00625 0.010416666666666666
4 0.35234375 0.5052083333333334 0.0078125 0.014583333333333334
4 0.35625 0.5010416666666667 0.009375 0.010416666666666666
5 0.58515625 0.5260416666666666 0.0109375 0.027083333333333334

5 0.5265625 0.38229166666666664 0.0125 0.01875
5 0.61015625 0.515625 0.0109375 0.022916666666666665
5 0.58515625 0.5270833333333333 0.0109375 0.025
5 0.58515625 0.5270833333333333 0.0140625 0.029166666666666667
5 0.584375 0.5270833333333333 0.015625 0.029166666666666667
5 0.61015625 0.5166666666666667 0.0140625 0.029166666666666667
5 0.584375 0.5260416666666666 0.015625 0.027083333333333334
5 0.58515625 0.5270833333333333 0.0109375 0.025

5 0.98359375 0.3802083333333333 0.0328125 0.03958333333333333

5 0.528125 0.259375 0.00625 0.010416666666666666

5 0.5296875 0.37083333333333335 0.009375 0.0125
5 0.58515625 0.5270833333333333 0.0109375 0.025
1 0.58515625 0.5260416666666666 0.0109375 0.027083333333333334

1 0.528125 0.3125 0.01875 0.03333333333333333
1 0.609375 0.5166666666666667 0.015625 0.029166666666666667



1 0.54296875 0.22916666666666666 0.0453125 0.2
1 0.52578125 0.08645833333333333 0.0828125 0.13125
1 0.38046875 0.24895833333333334 0.0171875 0.022916666666666665
1 0.36015625 0.246875 0.0171875 0.022916666666666665
1 0.37734375 0.22395833333333334 0.0171875 0.022916666666666665
1 0.35859375 0.22291666666666668 0.0140625 0.020833333333333332
1 0.33984375 0.221875 0.0140625 0.022916666666666665
1 0.32109375 0.22916666666666666 0.0140625 0.020833333333333332
1 0.32421875 0.25625 0.0171875 0.03333333333333333
1 0.30234375 0.23125 0.0171875 0.025
1 0.28125 0.225 0.015625 0.020833333333333332
1 0.38671875 0.184375 0.0140625 0.01875
1 0.371875 0.18958333333333333 0.01875 0.025
1 0.33359375 0.18541666666666667 0.0171875 0.025
1 0.31640625 0.18958333333333333 0.0203125 0.03333333333333333
1 0.30390625 0.16770833333333332 0.0203125 0.027083333333333334
1 0.528125 0.3125 0.01875 0.03333333333333333
1 0.61015625 0.5166666666666667 0.0140625 0.025
1 0.4234375 0.21041666666666667 0.034375 0.029166666666666667
1 0.61015625 0.5166666666666667 0.0140625 0.029166666666666667

