
1 0.37265625 0.96875 0.0671875 0.05416666666666667
1 0.4453125 0.9239583333333333 0.059375 0.04791666666666667
1 0.22890625 0.9895833333333334 0.0546875 0.020833333333333332
1 0.3109375 0.9541666666666667 0.065625 0.05416666666666667
1 0.396875 0.9041666666666667 0.05625 0.05
1 0.16015625 0.98125 0.0703125 0.0375
1 0.24921875 0.9385416666666667 0.0609375 0.04791666666666667
1 0.3265625 0.8958333333333334 0.053125 0.04583333333333333
1 0.3984375 0.8552083333333333 0.05625 0.04375
1 0.11015625 0.9697916666666667 0.0703125 0.05625
1 0.19296875 0.921875 0.0640625 0.052083333333333336
1 0.28125 0.8770833333333333 0.071875 0.05416666666666667
1 0.35859375 0.8333333333333334 0.0546875 0.04583333333333333














4 0.17109375 0.6302083333333334 0.0078125 0.01875
4 0.3921875 0.5333333333333333 0.01875 0.025

5 0.54140625 0.88125 0.0109375 0.020833333333333332
4 0.39375 0.5145833333333333 0.00625 0.008333333333333333
4 0.3515625 0.50625 0.00625 0.016666666666666666
4 0.35625 0.5010416666666667 0.009375 0.010416666666666666
5 0.58671875 0.534375 0.0109375 0.027083333333333334

5 0.52578125 0.38333333333333336 0.0109375 0.020833333333333332
5 0.6125 0.5239583333333333 0.009375 0.022916666666666665
5 0.58671875 0.534375 0.0109375 0.027083333333333334
5 0.5859375 0.534375 0.0125 0.027083333333333334
5 0.571875 0.48854166666666665 0.040625 0.12291666666666666
5 0.6125 0.5260416666666666 0.015625 0.03125
5 0.58515625 0.534375 0.0140625 0.027083333333333334
5 0.5859375 0.534375 0.0125 0.027083333333333334

5 0.98671875 0.37604166666666666 0.0265625 0.035416666666666666

5 0.53125 0.303125 0.0125 0.09375

5 0.52890625 0.37083333333333335 0.0078125 0.0125
5 0.5859375 0.534375 0.0125 0.027083333333333334
1 0.58671875 0.534375 0.0109375 0.027083333333333334

1 0.52890625 0.3145833333333333 0.0171875 0.03333333333333333
1 0.6125 0.5260416666666666 0.015625 0.03125



1 0.5421875 0.23125 0.046875 0.2
1 0.52578125 0.0875 0.0828125 0.13333333333333333
1 0.38046875 0.24895833333333334 0.0171875 0.022916666666666665
1 0.36015625 0.24583333333333332 0.0171875 0.025
1 0.37890625 0.22291666666666668 0.0140625 0.020833333333333332
1 0.36015625 0.22291666666666668 0.0140625 0.020833333333333332
1 0.33984375 0.22291666666666668 0.0140625 0.025
1 0.32109375 0.22916666666666666 0.0140625 0.020833333333333332
1 0.32421875 0.25625 0.0171875 0.03333333333333333
1 0.30234375 0.23125 0.0171875 0.025
1 0.28125 0.225 0.015625 0.020833333333333332
1 0.38671875 0.184375 0.0140625 0.01875
1 0.371875 0.18958333333333333 0.01875 0.025
1 0.33359375 0.184375 0.0171875 0.022916666666666665
1 0.31640625 0.18958333333333333 0.0203125 0.03333333333333333
1 0.30390625 0.16875 0.0203125 0.029166666666666667
1 0.52890625 0.3145833333333333 0.0203125 0.03333333333333333
1 0.6125 0.5260416666666666 0.0125 0.027083333333333334
1 0.42421875 0.21041666666666667 0.0359375 0.029166666666666667
1 0.6125 0.5260416666666666 0.015625 0.03125

