
1 0.37265625 0.96875 0.0671875 0.05416666666666667
1 0.4453125 0.9239583333333333 0.059375 0.04791666666666667
1 0.22890625 0.9895833333333334 0.0546875 0.020833333333333332
1 0.3109375 0.9541666666666667 0.065625 0.05416666666666667
1 0.396875 0.9041666666666667 0.05625 0.05
1 0.16015625 0.98125 0.0703125 0.0375
1 0.24921875 0.9385416666666667 0.0609375 0.04791666666666667
1 0.3265625 0.8958333333333334 0.053125 0.04583333333333333
1 0.39921875 0.85625 0.0578125 0.04583333333333333
1 0.11015625 0.9697916666666667 0.0703125 0.05625
1 0.19296875 0.921875 0.0640625 0.052083333333333336
1 0.28125 0.8770833333333333 0.071875 0.05416666666666667
1 0.35859375 0.8333333333333334 0.0546875 0.04583333333333333














4 0.17109375 0.63125 0.0078125 0.016666666666666666
4 0.39140625 0.5333333333333333 0.0203125 0.025

5 0.54140625 0.8822916666666667 0.0109375 0.01875
4 0.39375 0.515625 0.00625 0.00625
4 0.35234375 0.50625 0.0078125 0.016666666666666666
4 0.35625 0.5010416666666667 0.009375 0.010416666666666666
5 0.58828125 0.5385416666666667 0.0109375 0.027083333333333334

5 0.525 0.38333333333333336 0.0125 0.020833333333333332
5 0.61328125 0.53125 0.0109375 0.025
5 0.58828125 0.5385416666666667 0.0109375 0.027083333333333334
5 0.5859375 0.5395833333333333 0.015625 0.029166666666666667
5 0.5859375 0.5385416666666667 0.015625 0.03125
5 0.6140625 0.53125 0.0125 0.025
5 0.5859375 0.5395833333333333 0.015625 0.029166666666666667
5 0.58671875 0.5385416666666667 0.0140625 0.027083333333333334

5 0.9875 0.37604166666666666 0.025 0.03958333333333333

5 0.528125 0.259375 0.00625 0.010416666666666666

5 0.52890625 0.37083333333333335 0.0078125 0.0125
5 0.58671875 0.5395833333333333 0.0140625 0.029166666666666667
1 0.58828125 0.5385416666666667 0.0109375 0.027083333333333334

1 0.5296875 0.315625 0.01875 0.03125
1 0.6140625 0.53125 0.0125 0.025



1 0.54375 0.23333333333333334 0.046875 0.2
1 0.5265625 0.0875 0.084375 0.13333333333333333
1 0.38046875 0.24895833333333334 0.0171875 0.022916666666666665
1 0.36015625 0.24583333333333332 0.0171875 0.025
1 0.37890625 0.22291666666666668 0.0140625 0.020833333333333332
1 0.35859375 0.22291666666666668 0.0140625 0.020833333333333332
1 0.33984375 0.221875 0.0140625 0.022916666666666665
1 0.32109375 0.22916666666666666 0.0140625 0.020833333333333332
1 0.32421875 0.25625 0.0171875 0.03333333333333333
1 0.30234375 0.23125 0.0171875 0.025
1 0.28125 0.225 0.015625 0.020833333333333332
1 0.38671875 0.184375 0.0140625 0.01875
1 0.371875 0.18958333333333333 0.01875 0.025
1 0.33359375 0.184375 0.0171875 0.022916666666666665
1 0.31640625 0.18958333333333333 0.0203125 0.03333333333333333
1 0.30390625 0.16770833333333332 0.0203125 0.027083333333333334
1 0.5296875 0.31666666666666665 0.01875 0.03333333333333333
1 0.61328125 0.53125 0.0140625 0.029166666666666667
1 0.4234375 0.21041666666666667 0.034375 0.029166666666666667
1 0.6140625 0.53125 0.0125 0.025

