
1 0.37265625 0.96875 0.0671875 0.05416666666666667
1 0.4453125 0.9239583333333333 0.059375 0.04791666666666667
1 0.22890625 0.9895833333333334 0.0546875 0.020833333333333332
1 0.3109375 0.9541666666666667 0.065625 0.05416666666666667
1 0.396875 0.9052083333333333 0.05625 0.04791666666666667
1 0.16015625 0.98125 0.0703125 0.0375
1 0.24921875 0.9395833333333333 0.0609375 0.04583333333333333
1 0.3265625 0.8958333333333334 0.053125 0.04583333333333333
1 0.3984375 0.85625 0.05625 0.04583333333333333
1 0.1109375 0.9697916666666667 0.071875 0.05625
1 0.19296875 0.921875 0.0640625 0.052083333333333336
1 0.28125 0.8770833333333333 0.071875 0.05416666666666667
1 0.35859375 0.8333333333333334 0.0578125 0.04583333333333333














4 0.16640625 0.6302083333333334 0.0078125 0.022916666666666665
4 0.39296875 0.534375 0.0171875 0.022916666666666665

5 0.54453125 0.884375 0.0078125 0.014583333333333334
4 0.39375 0.5166666666666667 0.00625 0.008333333333333333
4 0.35234375 0.5072916666666667 0.0078125 0.014583333333333334
4 0.35390625 0.503125 0.0109375 0.010416666666666666
5 0.590625 0.5510416666666667 0.0125 0.03125

5 0.5234375 0.384375 0.0125 0.022916666666666665
5 0.6171875 0.5458333333333333 0.0125 0.025
5 0.590625 0.5520833333333334 0.0125 0.029166666666666667
5 0.590625 0.553125 0.0125 0.03125
5 0.57265625 0.4947916666666667 0.0484375 0.14375
5 0.6171875 0.5458333333333333 0.0125 0.025
5 0.559375 0.47708333333333336 0.078125 0.17916666666666667
5 0.590625 0.5520833333333334 0.0125 0.029166666666666667

5 0.99140625 0.37083333333333335 0.0171875 0.0375

5 0.528125 0.2604166666666667 0.00625 0.008333333333333333

5 0.52578125 0.36875 0.0078125 0.0125
5 0.59140625 0.5520833333333334 0.0109375 0.029166666666666667
1 0.590625 0.5510416666666667 0.0125 0.03125

1 0.53046875 0.31875 0.0171875 0.03333333333333333
1 0.6171875 0.5458333333333333 0.015625 0.029166666666666667



1 0.54453125 0.2375 0.0484375 0.2
1 0.52734375 0.08958333333333333 0.0859375 0.1375
1 0.38046875 0.24895833333333334 0.0171875 0.022916666666666665
1 0.36015625 0.24583333333333332 0.0171875 0.025
1 0.37734375 0.22395833333333334 0.0171875 0.022916666666666665
1 0.36015625 0.22291666666666668 0.0140625 0.020833333333333332
1 0.33984375 0.22291666666666668 0.0140625 0.020833333333333332
1 0.32109375 0.22916666666666666 0.0140625 0.020833333333333332
1 0.32421875 0.25625 0.0171875 0.03333333333333333
1 0.303125 0.23020833333333332 0.015625 0.022916666666666665
1 0.28125 0.22395833333333334 0.015625 0.01875
1 0.3875 0.184375 0.015625 0.01875
1 0.371875 0.18958333333333333 0.01875 0.025
1 0.33359375 0.18645833333333334 0.0171875 0.022916666666666665
1 0.31640625 0.18958333333333333 0.0203125 0.03333333333333333
1 0.30390625 0.16770833333333332 0.0203125 0.027083333333333334
1 0.53046875 0.31979166666666664 0.0203125 0.035416666666666666
1 0.6171875 0.5458333333333333 0.0125 0.029166666666666667
1 0.42265625 0.21041666666666667 0.0359375 0.029166666666666667
1 0.61796875 0.5458333333333333 0.0140625 0.029166666666666667

