
1 0.37890625 0.971875 0.0671875 0.05625
1 0.45 0.9270833333333334 0.059375 0.05
1 0.2390625 0.990625 0.05 0.01875
1 0.31796875 0.95625 0.0640625 0.05416666666666667
1 0.40234375 0.9072916666666667 0.0578125 0.04791666666666667
1 0.16640625 0.984375 0.0703125 0.03125
1 0.25546875 0.9427083333333334 0.0640625 0.04791666666666667
1 0.33125 0.9 0.053125 0.04583333333333333
1 0.403125 0.8583333333333333 0.05625 0.041666666666666664
1 0.11796875 0.9739583333333334 0.0703125 0.052083333333333336
1 0.1984375 0.9270833333333334 0.065625 0.05
1 0.2875 0.88125 0.071875 0.05416666666666667
1 0.36328125 0.8375 0.0546875 0.04583333333333333



1 0.12734375 0.8791666666666667 0.0671875 0.0625
1 0.1171875 0.771875 0.059375 0.05625
1 0.2296875 0.7614583333333333 0.05 0.04375
1 0.34375 0.775 0.059375 0.04583333333333333
1 0.40390625 0.6885416666666667 0.0578125 0.03958333333333333
1 0.490625 0.6416666666666667 0.05625 0.029166666666666667
1 0.590625 0.7395833333333334 0.0625 0.05416666666666667
1 0.58671875 0.625 0.0578125 0.041666666666666664
1 0.75390625 0.54375 0.0328125 0.05416666666666667

5 0.359375 0.5697916666666667 0.028125 0.022916666666666665
4 0.34765625 0.5614583333333333 0.0046875 0.014583333333333334
4 0.36796875 0.5520833333333334 0.0078125 0.016666666666666666
5 0.403125 0.5447916666666667 0.009375 0.027083333333333334
5 0.4171875 0.5416666666666666 0.009375 0.025
4 0.3953125 0.534375 0.00625 0.014583333333333334
4 0.36640625 0.5104166666666666 0.0109375 0.025
4 0.3703125 0.5 0.0125 0.0125
5 0.52109375 0.421875 0.0078125 0.022916666666666665
1 0.571875 0.39895833333333336 0.025 0.035416666666666666
5 0.5328125 0.41875 0.00625 0.020833333333333332
5 0.55390625 0.41458333333333336 0.0078125 0.020833333333333332
5 0.553125 0.43333333333333335 0.009375 0.020833333333333332
5 0.5984375 0.496875 0.0125 0.022916666666666665
5 0.590625 0.39166666666666666 0.0125 0.016666666666666666
5 0.61875 0.45 0.009375 0.025
5 0.61328125 0.396875 0.0109375 0.01875
5 0.64140625 0.378125 0.0078125 0.01875
5 0.62578125 0.38125 0.0078125 0.016666666666666666
5 0.61484375 0.3458333333333333 0.0140625 0.020833333333333332
5 0.6140625 0.34791666666666665 0.0125 0.016666666666666666
5 0.57109375 0.3645833333333333 0.0078125 0.016666666666666666
5 0.55078125 0.37083333333333335 0.0046875 0.0125
5 0.528125 0.35625 0.00625 0.016666666666666666
5 0.53515625 0.36041666666666666 0.0046875 0.016666666666666666
1 0.5484375 0.3458333333333333 0.021875 0.0375
3 0.5453125 0.2677083333333333 0.03125 0.07291666666666667
1 0.53046875 0.221875 0.0140625 0.022916666666666665
1 0.52734375 0.18645833333333334 0.0171875 0.027083333333333334
3 0.521875 0.14270833333333333 0.025 0.05625
1 0.515625 0.115625 0.0125 0.01875
1 0.50390625 0.09166666666666666 0.0265625 0.029166666666666667
1 0.4875 0.0625 0.009375 0.016666666666666666
1 0.50390625 0.019791666666666666 0.0171875 0.022916666666666665
1 0.38046875 0.24895833333333334 0.0171875 0.022916666666666665
1 0.36015625 0.24791666666666667 0.0171875 0.025
1 0.37890625 0.22291666666666668 0.0140625 0.020833333333333332
1 0.36015625 0.22291666666666668 0.0140625 0.020833333333333332
1 0.33984375 0.22291666666666668 0.0140625 0.020833333333333332
1 0.32109375 0.22916666666666666 0.0140625 0.020833333333333332
1 0.32421875 0.25833333333333336 0.0171875 0.0375
1 0.303125 0.23020833333333332 0.015625 0.022916666666666665
1 0.28203125 0.22604166666666667 0.0140625 0.01875
1 0.38671875 0.184375 0.0140625 0.01875
1 0.371875 0.18854166666666666 0.01875 0.022916666666666665
1 0.33359375 0.18541666666666667 0.0171875 0.025
1 0.315625 0.18958333333333333 0.01875 0.03333333333333333
1 0.303125 0.16770833333333332 0.021875 0.027083333333333334
1 0.48828125 0.07083333333333333 0.0109375 0.020833333333333332
1 0.5625 0.25729166666666664 0.015625 0.03125
1 0.55625 0.21979166666666666 0.015625 0.03125
1 0.54921875 0.19270833333333334 0.0171875 0.03125
1 0.54140625 0.16354166666666667 0.0140625 0.01875
