
1 0.37265625 0.96875 0.0671875 0.05416666666666667
1 0.4453125 0.9239583333333333 0.059375 0.04791666666666667
1 0.22890625 0.9895833333333334 0.0546875 0.020833333333333332
1 0.3109375 0.9541666666666667 0.065625 0.05416666666666667
1 0.39765625 0.9052083333333333 0.0578125 0.04791666666666667
1 0.16015625 0.98125 0.0703125 0.0375
1 0.25 0.9395833333333333 0.0625 0.04583333333333333
1 0.3265625 0.8958333333333334 0.053125 0.04583333333333333
1 0.39921875 0.85625 0.0578125 0.04583333333333333
1 0.1109375 0.9708333333333333 0.071875 0.058333333333333334
1 0.19296875 0.921875 0.0640625 0.052083333333333336
1 0.28125 0.8770833333333333 0.071875 0.05416666666666667
1 0.359375 0.8333333333333334 0.05625 0.04583333333333333














4 0.1625 0.6333333333333333 0.009375 0.025
4 0.39375 0.534375 0.01875 0.022916666666666665

5 0.546875 0.8875 0.009375 0.008333333333333333
4 0.39375 0.5166666666666667 0.00625 0.008333333333333333
4 0.35234375 0.50625 0.0078125 0.0125
4 0.35390625 0.503125 0.0109375 0.010416666666666666
5 0.59375 0.5645833333333333 0.0125 0.029166666666666667

5 0.521875 0.38645833333333335 0.0125 0.022916666666666665
5 0.62109375 0.5604166666666667 0.0140625 0.025
5 0.59375 0.5645833333333333 0.0125 0.029166666666666667
5 0.59375 0.565625 0.015625 0.03125
5 0.57421875 0.5010416666666667 0.0515625 0.15625
5 0.621875 0.5604166666666667 0.0125 0.025
5 0.59375 0.5635416666666667 0.0125 0.027083333333333334
5 0.59375 0.5635416666666667 0.0125 0.027083333333333334

5 0.99453125 0.36875 0.0109375 0.029166666666666667

5 0.528125 0.259375 0.00625 0.010416666666666666

5 0.52265625 0.36875 0.0109375 0.016666666666666666
5 0.59375 0.5645833333333333 0.0125 0.029166666666666667
1 0.59375 0.5635416666666667 0.0125 0.03125

1 0.53125 0.3229166666666667 0.01875 0.03333333333333333
1 0.62109375 0.5614583333333333 0.0171875 0.03125



1 0.54609375 0.240625 0.0484375 0.20208333333333334
1 0.52734375 0.09166666666666666 0.0859375 0.14166666666666666
1 0.38203125 0.24791666666666667 0.0171875 0.025
1 0.36015625 0.246875 0.0171875 0.022916666666666665
1 0.37890625 0.22291666666666668 0.0140625 0.020833333333333332
1 0.35859375 0.22291666666666668 0.0140625 0.020833333333333332
1 0.33984375 0.22291666666666668 0.0140625 0.020833333333333332
1 0.32109375 0.22916666666666666 0.0140625 0.020833333333333332
1 0.32421875 0.25625 0.0171875 0.03333333333333333
1 0.30234375 0.23125 0.0171875 0.025
1 0.28203125 0.22395833333333334 0.0171875 0.01875
1 0.3875 0.184375 0.015625 0.01875
1 0.371875 0.18958333333333333 0.01875 0.025
1 0.33359375 0.18645833333333334 0.0171875 0.022916666666666665
1 0.31640625 0.18958333333333333 0.0203125 0.03333333333333333
1 0.30390625 0.16875 0.0203125 0.029166666666666667
1 0.53203125 0.32395833333333335 0.0203125 0.035416666666666666
1 0.62109375 0.5614583333333333 0.0140625 0.027083333333333334
1 0.42265625 0.21041666666666667 0.0359375 0.029166666666666667
1 0.621875 0.5625 0.015625 0.029166666666666667

