
1 0.37265625 0.96875 0.0671875 0.05416666666666667
1 0.4453125 0.9239583333333333 0.059375 0.04791666666666667
1 0.22890625 0.9895833333333334 0.0546875 0.020833333333333332
1 0.31171875 0.9541666666666667 0.0671875 0.05416666666666667
1 0.39765625 0.9052083333333333 0.0578125 0.04791666666666667
1 0.1609375 0.98125 0.071875 0.0375
1 0.25 0.9395833333333333 0.0625 0.04583333333333333
1 0.3265625 0.8958333333333334 0.053125 0.04583333333333333
1 0.3984375 0.8552083333333333 0.05625 0.04375
1 0.1109375 0.9697916666666667 0.071875 0.05625
1 0.19296875 0.921875 0.0640625 0.052083333333333336
1 0.28125 0.8770833333333333 0.071875 0.05416666666666667
1 0.359375 0.834375 0.05625 0.04791666666666667














4 0.1609375 0.634375 0.009375 0.022916666666666665
4 0.39296875 0.5333333333333333 0.0171875 0.025

5 0.55234375 0.896875 0.0109375 0.014583333333333334
4 0.39375 0.515625 0.00625 0.00625
4 0.35234375 0.50625 0.0078125 0.0125
4 0.353125 0.503125 0.009375 0.010416666666666666
5 0.59609375 0.578125 0.0140625 0.03125

5 0.52109375 0.384375 0.0109375 0.022916666666666665
5 0.62578125 0.5760416666666667 0.0140625 0.027083333333333334
5 0.596875 0.578125 0.0125 0.03125
5 0.596875 0.578125 0.015625 0.03125
5 0.5765625 0.5072916666666667 0.05625 0.16875
5 0.62578125 0.5770833333333333 0.0140625 0.025
5 0.596875 0.578125 0.015625 0.03125
5 0.596875 0.5770833333333333 0.0125 0.029166666666666667
5 0.6109375 0.578125 0.040625 0.03125
5 0.996875 0.36770833333333336 0.00625 0.01875

5 0.52734375 0.2604166666666667 0.0078125 0.0125

5 0.521875 0.36875 0.0125 0.016666666666666666
5 0.596875 0.5770833333333333 0.0125 0.029166666666666667
1 0.59609375 0.578125 0.0140625 0.03125

1 0.5328125 0.32708333333333334 0.01875 0.03333333333333333
1 0.625 0.5770833333333333 0.015625 0.029166666666666667



1 0.546875 0.24479166666666666 0.046875 0.20208333333333334
1 0.528125 0.09375 0.0875 0.14583333333333334
1 0.38046875 0.24895833333333334 0.0171875 0.022916666666666665
1 0.36015625 0.246875 0.0171875 0.022916666666666665
1 0.37890625 0.22395833333333334 0.0140625 0.01875
1 0.35859375 0.22291666666666668 0.0140625 0.020833333333333332
1 0.33984375 0.22291666666666668 0.0140625 0.020833333333333332
1 0.32109375 0.22916666666666666 0.0140625 0.020833333333333332
1 0.32421875 0.25625 0.0171875 0.03333333333333333
1 0.30234375 0.23125 0.0171875 0.025
1 0.28203125 0.225 0.0171875 0.020833333333333332
1 0.3875 0.184375 0.015625 0.01875
1 0.371875 0.18958333333333333 0.01875 0.025
1 0.33359375 0.18645833333333334 0.0171875 0.022916666666666665
1 0.31640625 0.18958333333333333 0.0203125 0.03333333333333333
1 0.30390625 0.16875 0.0203125 0.029166666666666667
1 0.53359375 0.32708333333333334 0.0203125 0.03333333333333333
1 0.62578125 0.5760416666666667 0.0140625 0.027083333333333334
1 0.421875 0.21145833333333333 0.0375 0.027083333333333334
1 0.625 0.5770833333333333 0.015625 0.029166666666666667

