
1 0.37265625 0.96875 0.0671875 0.05416666666666667
1 0.4453125 0.9239583333333333 0.059375 0.04791666666666667
1 0.22890625 0.9895833333333334 0.0546875 0.020833333333333332
1 0.31171875 0.9541666666666667 0.0671875 0.05416666666666667
1 0.396875 0.9052083333333333 0.05625 0.04791666666666667
1 0.16015625 0.98125 0.0703125 0.0375
1 0.24921875 0.9395833333333333 0.0609375 0.04583333333333333
1 0.3265625 0.896875 0.053125 0.04791666666666667
1 0.39921875 0.8552083333333333 0.0578125 0.04375
1 0.1109375 0.9708333333333333 0.071875 0.05416666666666667
1 0.19296875 0.921875 0.0640625 0.052083333333333336
1 0.28125 0.8770833333333333 0.071875 0.05416666666666667
1 0.35859375 0.834375 0.0546875 0.04791666666666667














4 0.1546875 0.6364583333333333 0.009375 0.027083333333333334
4 0.39453125 0.5333333333333333 0.0203125 0.025

5 0.55390625 0.8989583333333333 0.0078125 0.014583333333333334
4 0.39453125 0.5166666666666667 0.0046875 0.008333333333333333
4 0.35234375 0.5072916666666667 0.0078125 0.014583333333333334
4 0.35625 0.5010416666666667 0.009375 0.010416666666666666
5 0.6015625 0.596875 0.0125 0.027083333333333334

5 0.52109375 0.384375 0.0109375 0.022916666666666665
5 0.63125 0.6 0.0125 0.029166666666666667
5 0.60234375 0.596875 0.0109375 0.027083333333333334
5 0.6015625 0.596875 0.0125 0.027083333333333334
5 0.57890625 0.5177083333333333 0.0609375 0.18958333333333333
5 0.63125 0.6 0.0125 0.025
5 0.6015625 0.596875 0.0125 0.027083333333333334
5 0.6015625 0.596875 0.0125 0.027083333333333334
5 0.6015625 0.596875 0.015625 0.03125


5 0.52734375 0.2604166666666667 0.0078125 0.0125

5 0.52109375 0.36875 0.0109375 0.016666666666666666
5 0.6015625 0.596875 0.0125 0.027083333333333334
1 0.6015625 0.596875 0.0125 0.027083333333333334

1 0.534375 0.3333333333333333 0.01875 0.03333333333333333
1 0.63203125 0.6 0.0140625 0.03333333333333333



1 0.5484375 0.25104166666666666 0.046875 0.20208333333333334
1 0.528125 0.096875 0.090625 0.15208333333333332
1 0.38046875 0.24895833333333334 0.0171875 0.022916666666666665
1 0.36015625 0.246875 0.0171875 0.022916666666666665
1 0.37890625 0.22395833333333334 0.0140625 0.01875
1 0.35859375 0.22291666666666668 0.0140625 0.020833333333333332
1 0.33984375 0.22291666666666668 0.0140625 0.020833333333333332
1 0.32109375 0.22916666666666666 0.0140625 0.020833333333333332
1 0.32421875 0.25625 0.0171875 0.03333333333333333
1 0.30234375 0.23125 0.0171875 0.025
1 0.2828125 0.225 0.015625 0.020833333333333332
1 0.3875 0.184375 0.015625 0.01875
1 0.371875 0.18958333333333333 0.01875 0.025
1 0.33359375 0.18645833333333334 0.0171875 0.022916666666666665
1 0.31640625 0.18958333333333333 0.0203125 0.03333333333333333
1 0.30390625 0.16875 0.0203125 0.029166666666666667
1 0.53515625 0.3333333333333333 0.0203125 0.03333333333333333
1 0.63203125 0.6 0.0140625 0.029166666666666667
1 0.42109375 0.2125 0.0359375 0.029166666666666667
1 0.63203125 0.6010416666666667 0.0140625 0.03125

