
1 0.37265625 0.96875 0.0671875 0.05416666666666667
1 0.4453125 0.925 0.059375 0.05
1 0.22890625 0.9895833333333334 0.0546875 0.020833333333333332
1 0.31171875 0.9541666666666667 0.0671875 0.05416666666666667
1 0.39765625 0.9052083333333333 0.0578125 0.04791666666666667
1 0.16015625 0.98125 0.0703125 0.0375
1 0.24921875 0.9395833333333333 0.0609375 0.04583333333333333
1 0.3265625 0.896875 0.053125 0.04791666666666667
1 0.39921875 0.85625 0.0578125 0.04583333333333333
1 0.1109375 0.9697916666666667 0.071875 0.05625
1 0.19375 0.921875 0.065625 0.052083333333333336
1 0.28125 0.8770833333333333 0.071875 0.05416666666666667
1 0.359375 0.834375 0.05625 0.04791666666666667














4 0.15078125 0.6375 0.0078125 0.020833333333333332
4 0.39296875 0.5333333333333333 0.0171875 0.025

5 0.55703125 0.9052083333333333 0.0078125 0.01875
4 0.39453125 0.515625 0.0046875 0.00625
4 0.35234375 0.5052083333333334 0.0078125 0.014583333333333334
4 0.3546875 0.5010416666666667 0.009375 0.010416666666666666
5 0.60625 0.6145833333333334 0.0125 0.03333333333333333

5 0.521875 0.384375 0.009375 0.022916666666666665
5 0.63671875 0.6229166666666667 0.0140625 0.029166666666666667
5 0.60625 0.615625 0.0125 0.03125
5 0.60703125 0.615625 0.0109375 0.03125
5 0.58125 0.5270833333333333 0.065625 0.20833333333333334
5 0.6375 0.6239583333333333 0.015625 0.03125
5 0.60703125 0.615625 0.0109375 0.03125
5 0.60625 0.615625 0.0125 0.03125
5 0.60625 0.6145833333333334 0.015625 0.03333333333333333


5 0.52734375 0.259375 0.0078125 0.010416666666666666
5 0.5359375 0.365625 0.0125 0.01875
5 0.521875 0.36875 0.0125 0.016666666666666666
5 0.60703125 0.615625 0.0109375 0.03125
1 0.60625 0.6145833333333334 0.0125 0.03333333333333333

1 0.53515625 0.3385416666666667 0.0203125 0.035416666666666666
1 0.6375 0.6239583333333333 0.015625 0.03125



1 0.54921875 0.25729166666666664 0.0484375 0.20208333333333334
1 0.528125 0.09895833333333333 0.090625 0.15625
1 0.38046875 0.24895833333333334 0.0171875 0.022916666666666665
1 0.36015625 0.246875 0.0171875 0.022916666666666665
1 0.37890625 0.22395833333333334 0.0140625 0.01875
1 0.35859375 0.22291666666666668 0.0140625 0.020833333333333332
1 0.33984375 0.22291666666666668 0.0140625 0.020833333333333332
1 0.32109375 0.22916666666666666 0.0140625 0.020833333333333332
1 0.32421875 0.25625 0.0171875 0.03333333333333333
1 0.303125 0.23125 0.01875 0.025
1 0.28125 0.22604166666666667 0.015625 0.01875
1 0.3875 0.184375 0.015625 0.01875
1 0.3703125 0.18958333333333333 0.01875 0.025
1 0.33359375 0.18541666666666667 0.0171875 0.025
1 0.31640625 0.190625 0.0203125 0.035416666666666666
1 0.30390625 0.16875 0.0203125 0.029166666666666667
1 0.5359375 0.3385416666666667 0.021875 0.035416666666666666
1 0.6375 0.6239583333333333 0.015625 0.03125
1 0.4203125 0.2125 0.0375 0.029166666666666667
1 0.6375 0.6239583333333333 0.015625 0.03125

