
1 0.37890625 0.971875 0.0671875 0.05625
1 0.45 0.9260416666666667 0.059375 0.04791666666666667
1 0.2390625 0.990625 0.05 0.01875
1 0.3171875 0.95625 0.065625 0.05416666666666667
1 0.40234375 0.9072916666666667 0.0578125 0.04791666666666667
1 0.16640625 0.984375 0.0703125 0.03125
1 0.25546875 0.9427083333333334 0.0640625 0.04791666666666667
1 0.33125 0.9 0.053125 0.04583333333333333
1 0.403125 0.8572916666666667 0.05625 0.04375
1 0.1171875 0.9739583333333334 0.06875 0.052083333333333336
1 0.1984375 0.9270833333333334 0.065625 0.05
1 0.28671875 0.88125 0.0703125 0.05416666666666667
1 0.3625 0.8375 0.05625 0.04583333333333333



1 0.11875 0.8833333333333333 0.065625 0.0625
1 0.1078125 0.7760416666666666 0.059375 0.05625
1 0.22109375 0.7666666666666667 0.0515625 0.05
1 0.33828125 0.778125 0.0578125 0.04791666666666667
1 0.39609375 0.690625 0.0578125 0.03958333333333333
1 0.48515625 0.6416666666666667 0.0546875 0.029166666666666667
1 0.5875 0.7385416666666667 0.0625 0.052083333333333336
1 0.58203125 0.6229166666666667 0.0578125 0.041666666666666664
1 0.75078125 0.5333333333333333 0.0328125 0.05416666666666667

5 0.3609375 0.56875 0.028125 0.020833333333333332
4 0.34765625 0.5625 0.0046875 0.0125
4 0.36875 0.5520833333333334 0.009375 0.016666666666666666
5 0.403125 0.5458333333333333 0.009375 0.029166666666666667
5 0.4171875 0.5416666666666666 0.009375 0.025
4 0.39453125 0.5333333333333333 0.0078125 0.0125
4 0.36640625 0.5104166666666666 0.0109375 0.025
4 0.37109375 0.5 0.0140625 0.0125
5 0.5203125 0.421875 0.00625 0.022916666666666665
1 0.57109375 0.39895833333333336 0.0265625 0.035416666666666666
5 0.5328125 0.4197916666666667 0.00625 0.01875
5 0.55390625 0.41354166666666664 0.0078125 0.01875
5 0.55390625 0.434375 0.0109375 0.022916666666666665
5 0.60078125 0.5 0.0140625 0.025
5 0.59140625 0.39166666666666666 0.0140625 0.016666666666666666
5 0.61875 0.45208333333333334 0.009375 0.025
5 0.61484375 0.396875 0.0109375 0.01875
5 0.64140625 0.378125 0.0078125 0.01875
5 0.6265625 0.38333333333333336 0.009375 0.016666666666666666
5 0.61484375 0.3458333333333333 0.0140625 0.020833333333333332
5 0.6140625 0.346875 0.0125 0.01875
5 0.57109375 0.36666666666666664 0.0078125 0.016666666666666666
5 0.55078125 0.37083333333333335 0.0046875 0.0125
5 0.52734375 0.35625 0.0078125 0.020833333333333332
5 0.53515625 0.3614583333333333 0.0046875 0.01875
1 0.5484375 0.3458333333333333 0.021875 0.0375
3 0.5453125 0.26875 0.03125 0.075
1 0.53046875 0.22395833333333334 0.0140625 0.022916666666666665
1 0.52734375 0.18645833333333334 0.0171875 0.027083333333333334
3 0.52109375 0.14270833333333333 0.0234375 0.05625
1 0.515625 0.11666666666666667 0.0125 0.020833333333333332
1 0.50234375 0.09375 0.0265625 0.029166666666666667
1 0.48828125 0.0625 0.0078125 0.0125
1 0.50390625 0.020833333333333332 0.0171875 0.025
1 0.38046875 0.25 0.0171875 0.025
1 0.36015625 0.24583333333333332 0.0171875 0.025
1 0.378125 0.22291666666666668 0.015625 0.020833333333333332
1 0.36015625 0.22291666666666668 0.0140625 0.020833333333333332
1 0.33984375 0.22291666666666668 0.0140625 0.025
1 0.32109375 0.22916666666666666 0.0140625 0.020833333333333332
1 0.32421875 0.25833333333333336 0.0171875 0.0375
1 0.303125 0.23020833333333332 0.015625 0.022916666666666665
1 0.28203125 0.22604166666666667 0.0140625 0.01875
1 0.38671875 0.184375 0.0140625 0.01875
1 0.371875 0.18854166666666666 0.01875 0.022916666666666665
1 0.33359375 0.18541666666666667 0.0171875 0.025
1 0.315625 0.18958333333333333 0.01875 0.03333333333333333
1 0.30390625 0.16875 0.0203125 0.029166666666666667
1 0.48828125 0.07083333333333333 0.0109375 0.020833333333333332
1 0.5625 0.25729166666666664 0.015625 0.03125
1 0.55546875 0.221875 0.0171875 0.03125
1 0.54765625 0.19166666666666668 0.0171875 0.029166666666666667
1 0.54140625 0.1625 0.0140625 0.020833333333333332
