
1 0.37890625 0.971875 0.0671875 0.05625
1 0.44921875 0.9260416666666667 0.0578125 0.04791666666666667
1 0.23828125 0.990625 0.0484375 0.01875
1 0.3171875 0.95625 0.065625 0.05416666666666667
1 0.4015625 0.9072916666666667 0.05625 0.04791666666666667
1 0.16640625 0.984375 0.0703125 0.03125
1 0.25546875 0.9427083333333334 0.0640625 0.04791666666666667
1 0.33046875 0.9 0.0515625 0.04583333333333333
1 0.403125 0.8572916666666667 0.05625 0.04375
1 0.11640625 0.9739583333333334 0.0703125 0.052083333333333336
1 0.1984375 0.9270833333333334 0.065625 0.05
1 0.28671875 0.88125 0.0703125 0.05416666666666667
1 0.3625 0.8375 0.05625 0.04583333333333333



1 0.1046875 0.8875 0.065625 0.058333333333333334
1 0.0953125 0.78125 0.05625 0.05416666666666667
1 0.2078125 0.7729166666666667 0.053125 0.05
1 0.33125 0.7802083333333333 0.059375 0.04791666666666667
1 0.3859375 0.6916666666666667 0.059375 0.041666666666666664
1 0.47734375 0.6416666666666667 0.0546875 0.029166666666666667
1 0.58203125 0.7354166666666667 0.0609375 0.05
1 0.57421875 0.621875 0.0578125 0.03958333333333333
1 0.74609375 0.525 0.0359375 0.05416666666666667

5 0.36640625 0.56875 0.0203125 0.020833333333333332
4 0.346875 0.5625 0.00625 0.0125
4 0.36875 0.5520833333333334 0.009375 0.016666666666666666
5 0.40234375 0.5447916666666667 0.0078125 0.027083333333333334
5 0.4171875 0.5416666666666666 0.009375 0.025
4 0.39375 0.534375 0.00625 0.014583333333333334
4 0.365625 0.5104166666666666 0.009375 0.025
4 0.3703125 0.5 0.0125 0.0125
5 0.51953125 0.4239583333333333 0.0078125 0.022916666666666665
1 0.571875 0.39895833333333336 0.025 0.035416666666666666
5 0.5328125 0.4197916666666667 0.00625 0.01875
5 0.55390625 0.41458333333333336 0.0078125 0.020833333333333332
5 0.55390625 0.4354166666666667 0.0109375 0.025
5 0.6015625 0.503125 0.0125 0.022916666666666665
5 0.59140625 0.39166666666666666 0.0140625 0.016666666666666666
5 0.61875 0.45729166666666665 0.0125 0.027083333333333334
5 0.61484375 0.39895833333333336 0.0109375 0.01875
5 0.64140625 0.37916666666666665 0.0078125 0.020833333333333332
5 0.62734375 0.38229166666666664 0.0078125 0.014583333333333334
5 0.61484375 0.346875 0.0140625 0.01875
5 0.6140625 0.346875 0.0125 0.01875
5 0.57265625 0.36666666666666664 0.0078125 0.016666666666666666
5 0.55078125 0.37083333333333335 0.0046875 0.0125
5 0.52734375 0.3572916666666667 0.0078125 0.01875
5 0.53515625 0.3625 0.0046875 0.016666666666666666
1 0.5484375 0.3458333333333333 0.021875 0.0375
3 0.5453125 0.26875 0.03125 0.075
1 0.5296875 0.225 0.0125 0.020833333333333332
1 0.52890625 0.18645833333333334 0.0171875 0.027083333333333334
3 0.52109375 0.14375 0.0234375 0.05416666666666667
1 0.515625 0.115625 0.0125 0.01875
1 0.503125 0.09479166666666666 0.028125 0.027083333333333334
1 0.48828125 0.0625 0.0078125 0.0125
1 0.50546875 0.021875 0.0171875 0.022916666666666665
1 0.38046875 0.24895833333333334 0.0171875 0.022916666666666665
1 0.36015625 0.246875 0.0171875 0.022916666666666665
1 0.37890625 0.225 0.0171875 0.025
1 0.36015625 0.22291666666666668 0.0140625 0.020833333333333332
1 0.33984375 0.221875 0.0140625 0.022916666666666665
1 0.32109375 0.22916666666666666 0.0140625 0.020833333333333332
1 0.32421875 0.25833333333333336 0.0171875 0.0375
1 0.303125 0.23020833333333332 0.015625 0.022916666666666665
1 0.28203125 0.22604166666666667 0.0140625 0.01875
1 0.38671875 0.184375 0.0140625 0.01875
1 0.371875 0.18854166666666666 0.01875 0.022916666666666665
1 0.3328125 0.18541666666666667 0.015625 0.025
1 0.315625 0.18958333333333333 0.01875 0.03333333333333333
1 0.303125 0.16875 0.021875 0.029166666666666667
1 0.48828125 0.07083333333333333 0.0109375 0.020833333333333332
1 0.5625 0.25833333333333336 0.015625 0.029166666666666667
1 0.55546875 0.221875 0.0171875 0.03125
1 0.54765625 0.19166666666666668 0.0171875 0.029166666666666667
1 0.54140625 0.1625 0.0140625 0.020833333333333332
