
1 0.378125 0.971875 0.06875 0.05625
1 0.44921875 0.9260416666666667 0.0578125 0.04791666666666667
1 0.2375 0.990625 0.05 0.01875
1 0.3171875 0.95625 0.065625 0.05416666666666667
1 0.40078125 0.9072916666666667 0.0578125 0.04791666666666667
1 0.165625 0.984375 0.071875 0.03125
1 0.25546875 0.9427083333333334 0.0640625 0.04791666666666667
1 0.33046875 0.9 0.0515625 0.04583333333333333
1 0.403125 0.8572916666666667 0.05625 0.04375
1 0.11640625 0.9739583333333334 0.0703125 0.052083333333333336
1 0.19765625 0.9260416666666667 0.0640625 0.052083333333333336
1 0.28515625 0.88125 0.0703125 0.05416666666666667
1 0.3625 0.8375 0.05625 0.04583333333333333



1 0.07421875 0.9041666666666667 0.0671875 0.058333333333333334
1 0.0609375 0.796875 0.059375 0.05625
1 0.1734375 0.7885416666666667 0.053125 0.052083333333333336
1 0.31015625 0.7895833333333333 0.0609375 0.05
1 0.359375 0.6979166666666666 0.059375 0.041666666666666664
1 0.45546875 0.6416666666666667 0.0546875 0.029166666666666667
1 0.56953125 0.728125 0.0640625 0.04791666666666667
1 0.55625 0.6177083333333333 0.05625 0.035416666666666666
1 0.7359375 0.49895833333333334 0.03125 0.052083333333333336

5 0.3703125 0.565625 0.021875 0.022916666666666665
4 0.346875 0.5635416666666667 0.00625 0.014583333333333334
4 0.36953125 0.5489583333333333 0.0109375 0.014583333333333334
5 0.40234375 0.54375 0.0078125 0.025
5 0.4171875 0.540625 0.009375 0.022916666666666665
4 0.39375 0.5354166666666667 0.00625 0.016666666666666666
4 0.365625 0.509375 0.009375 0.027083333333333334
4 0.3703125 0.4979166666666667 0.0125 0.0125
5 0.51953125 0.4270833333333333 0.0078125 0.020833333333333332
1 0.57109375 0.4 0.0265625 0.0375
5 0.5328125 0.4197916666666667 0.00625 0.01875
5 0.553125 0.41458333333333336 0.009375 0.020833333333333332
5 0.553125 0.43854166666666666 0.009375 0.027083333333333334
5 0.60625 0.5135416666666667 0.0125 0.022916666666666665
5 0.59296875 0.3927083333333333 0.0140625 0.01875
5 0.6203125 0.46458333333333335 0.009375 0.025
5 0.61640625 0.4041666666666667 0.0078125 0.016666666666666666
5 0.64140625 0.38125 0.0078125 0.016666666666666666
5 0.62890625 0.3927083333333333 0.0109375 0.022916666666666665
5 0.61640625 0.346875 0.0140625 0.01875
5 0.615625 0.3489583333333333 0.0125 0.01875
5 0.57578125 0.36770833333333336 0.0078125 0.014583333333333334
5 0.55078125 0.37083333333333335 0.0046875 0.0125
5 0.52734375 0.35833333333333334 0.0078125 0.020833333333333332
5 0.53515625 0.3645833333333333 0.0046875 0.016666666666666666
1 0.5484375 0.34791666666666665 0.021875 0.0375
3 0.5453125 0.27395833333333336 0.03125 0.07291666666666667
1 0.5296875 0.22604166666666667 0.0125 0.022916666666666665
1 0.5265625 0.1875 0.015625 0.025
3 0.52109375 0.14375 0.0234375 0.05416666666666667
1 0.51484375 0.115625 0.0109375 0.01875
1 0.49609375 0.09375 0.0140625 0.029166666666666667
1 0.4890625 0.06979166666666667 0.009375 0.014583333333333334
1 0.50625 0.026041666666666668 0.015625 0.022916666666666665
1 0.3796875 0.24895833333333334 0.01875 0.022916666666666665
1 0.36015625 0.24583333333333332 0.0171875 0.025
1 0.37734375 0.22395833333333334 0.0171875 0.022916666666666665
1 0.359375 0.22291666666666668 0.015625 0.020833333333333332
1 0.3390625 0.22291666666666668 0.015625 0.025
1 0.32109375 0.22916666666666666 0.0140625 0.020833333333333332
1 0.32421875 0.25833333333333336 0.0171875 0.0375
1 0.303125 0.23020833333333332 0.015625 0.022916666666666665
1 0.28125 0.225 0.015625 0.020833333333333332
1 0.38671875 0.18333333333333332 0.0140625 0.020833333333333332
1 0.37109375 0.18854166666666666 0.0203125 0.022916666666666665
1 0.3328125 0.18541666666666667 0.015625 0.025
1 0.315625 0.18958333333333333 0.01875 0.03333333333333333
1 0.30234375 0.16875 0.0203125 0.029166666666666667
1 0.48828125 0.07291666666666667 0.0109375 0.020833333333333332
1 0.5625 0.259375 0.015625 0.03125
1 0.55546875 0.221875 0.0171875 0.03125
1 0.5484375 0.19166666666666668 0.015625 0.029166666666666667
1 0.54140625 0.1625 0.0140625 0.020833333333333332
