
1 0.378125 0.971875 0.06875 0.05625
1 0.44921875 0.925 0.0578125 0.05
1 0.2359375 0.990625 0.05 0.01875
1 0.3171875 0.95625 0.065625 0.05416666666666667
1 0.40078125 0.9072916666666667 0.0578125 0.04791666666666667
1 0.16484375 0.984375 0.0703125 0.03125
1 0.2546875 0.9427083333333334 0.0625 0.04791666666666667
1 0.33046875 0.9 0.0515625 0.04583333333333333
1 0.40234375 0.8572916666666667 0.0578125 0.04375
1 0.11640625 0.9739583333333334 0.0703125 0.052083333333333336
1 0.19765625 0.9260416666666667 0.0640625 0.052083333333333336
1 0.28515625 0.88125 0.0703125 0.05416666666666667
1 0.36171875 0.8375 0.0546875 0.04583333333333333



1 0.05 0.9177083333333333 0.06875 0.06458333333333334
1 0.0359375 0.809375 0.0625 0.05625
1 0.1484375 0.8010416666666667 0.05625 0.052083333333333336
1 0.29453125 0.796875 0.0609375 0.052083333333333336
1 0.340625 0.7020833333333333 0.059375 0.041666666666666664
1 0.4390625 0.6447916666666667 0.05625 0.03125
1 0.5609375 0.7260416666666667 0.0625 0.04791666666666667
1 0.54375 0.6166666666666667 0.05625 0.0375
1 0.72890625 0.478125 0.0328125 0.04791666666666667

5 0.3734375 0.565625 0.025 0.022916666666666665
4 0.346875 0.5625 0.00625 0.016666666666666666
4 0.36953125 0.5489583333333333 0.0109375 0.014583333333333334
5 0.4015625 0.5427083333333333 0.00625 0.022916666666666665
5 0.4171875 0.540625 0.009375 0.022916666666666665
4 0.39296875 0.5354166666666667 0.0046875 0.016666666666666666
4 0.365625 0.5104166666666666 0.009375 0.025
4 0.36953125 0.5 0.0109375 0.0125
5 0.51953125 0.428125 0.0078125 0.022916666666666665
1 0.5703125 0.4010416666666667 0.025 0.035416666666666666
5 0.53203125 0.4197916666666667 0.0078125 0.01875
5 0.553125 0.41458333333333336 0.009375 0.020833333333333332
5 0.5515625 0.4395833333333333 0.009375 0.025
5 0.609375 0.5197916666666667 0.0125 0.022916666666666665
5 0.59296875 0.39479166666666665 0.0140625 0.01875
5 0.62109375 0.471875 0.0140625 0.027083333333333334
5 0.6171875 0.409375 0.0125 0.01875
5 0.640625 0.38333333333333336 0.009375 0.020833333333333332
5 0.63125 0.396875 0.009375 0.022916666666666665
5 0.61640625 0.34791666666666665 0.0140625 0.020833333333333332
5 0.61640625 0.3489583333333333 0.0140625 0.01875
5 0.57734375 0.3697916666666667 0.0078125 0.014583333333333334
5 0.55078125 0.37083333333333335 0.0046875 0.0125
5 0.5265625 0.35833333333333334 0.00625 0.020833333333333332
5 0.53515625 0.36666666666666664 0.0046875 0.016666666666666666
1 0.54765625 0.3489583333333333 0.0203125 0.035416666666666666
3 0.54609375 0.2760416666666667 0.0328125 0.07291666666666667
1 0.5296875 0.22916666666666666 0.0125 0.020833333333333332
1 0.5265625 0.18645833333333334 0.015625 0.027083333333333334
3 0.52109375 0.14479166666666668 0.0234375 0.05625
1 0.51484375 0.115625 0.0109375 0.01875
1 0.4953125 0.09583333333333334 0.0125 0.025
1 0.4875 0.06979166666666667 0.009375 0.014583333333333334
1 0.50703125 0.030208333333333334 0.0171875 0.022916666666666665
1 0.38046875 0.25 0.0171875 0.025
1 0.36015625 0.24791666666666667 0.0171875 0.025
1 0.37734375 0.22395833333333334 0.0171875 0.022916666666666665
1 0.35859375 0.22291666666666668 0.0140625 0.020833333333333332
1 0.3390625 0.22291666666666668 0.015625 0.025
1 0.32109375 0.22916666666666666 0.0140625 0.020833333333333332
1 0.32421875 0.25729166666666664 0.0171875 0.035416666666666666
1 0.303125 0.23020833333333332 0.015625 0.022916666666666665
1 0.28125 0.225 0.015625 0.020833333333333332
1 0.38671875 0.18333333333333332 0.0140625 0.020833333333333332
1 0.37109375 0.18854166666666666 0.0203125 0.022916666666666665
1 0.3328125 0.18541666666666667 0.015625 0.025
1 0.315625 0.18958333333333333 0.01875 0.03333333333333333
1 0.30234375 0.16875 0.0203125 0.029166666666666667
1 0.48828125 0.07395833333333333 0.0109375 0.01875
1 0.56328125 0.2604166666666667 0.0171875 0.029166666666666667
1 0.55546875 0.22291666666666668 0.0171875 0.03333333333333333
1 0.5484375 0.19166666666666668 0.015625 0.029166666666666667
1 0.540625 0.16354166666666667 0.015625 0.022916666666666665
