
1 0.37734375 0.971875 0.0671875 0.05625
1 0.4484375 0.925 0.059375 0.05
1 0.2359375 0.990625 0.05 0.01875
1 0.3171875 0.95625 0.065625 0.05416666666666667
1 0.40078125 0.9072916666666667 0.0578125 0.04791666666666667
1 0.16484375 0.9833333333333333 0.0703125 0.03333333333333333
1 0.25390625 0.9427083333333334 0.0640625 0.04791666666666667
1 0.3296875 0.9 0.053125 0.04583333333333333
1 0.40234375 0.8572916666666667 0.0578125 0.04375
1 0.115625 0.9739583333333334 0.06875 0.052083333333333336
1 0.196875 0.9260416666666667 0.065625 0.052083333333333336
1 0.28515625 0.88125 0.0703125 0.05416666666666667
1 0.36171875 0.8375 0.0546875 0.04583333333333333



1 0.034375 0.9239583333333333 0.06875 0.06041666666666667
1 0.02578125 0.815625 0.0515625 0.06041666666666667
1 0.1328125 0.809375 0.05625 0.052083333333333336
1 0.28515625 0.8020833333333334 0.0609375 0.05
1 0.32890625 0.7052083333333333 0.0578125 0.04375
1 0.4296875 0.6458333333333334 0.05625 0.03333333333333333
1 0.55546875 0.725 0.0609375 0.04583333333333333
1 0.5359375 0.615625 0.05625 0.035416666666666666
1 0.725 0.4666666666666667 0.03125 0.05

5 0.37421875 0.565625 0.0234375 0.022916666666666665
4 0.346875 0.5625 0.00625 0.016666666666666666
4 0.36953125 0.5479166666666667 0.0109375 0.0125
5 0.4015625 0.5416666666666666 0.00625 0.025
5 0.41640625 0.5416666666666666 0.0109375 0.025
4 0.3921875 0.5364583333333334 0.00625 0.014583333333333334
4 0.365625 0.5104166666666666 0.009375 0.025
4 0.36796875 0.5020833333333333 0.0109375 0.0125
5 0.51953125 0.43020833333333336 0.0078125 0.022916666666666665
1 0.5703125 0.4010416666666667 0.025 0.035416666666666666
5 0.5328125 0.4197916666666667 0.00625 0.01875
5 0.553125 0.41458333333333336 0.009375 0.020833333333333332
5 0.55078125 0.44479166666666664 0.0078125 0.022916666666666665
5 0.609375 0.5270833333333333 0.0125 0.020833333333333332
5 0.59296875 0.39479166666666665 0.0140625 0.01875
5 0.62109375 0.47604166666666664 0.0140625 0.027083333333333334
5 0.61796875 0.4114583333333333 0.0109375 0.01875
5 0.640625 0.3854166666666667 0.009375 0.020833333333333332
5 0.63203125 0.4 0.0109375 0.025
5 0.6171875 0.3489583333333333 0.0125 0.01875
5 0.6171875 0.3489583333333333 0.0125 0.01875
5 0.57890625 0.37083333333333335 0.0078125 0.0125
5 0.55078125 0.37083333333333335 0.0046875 0.0125
5 0.528125 0.35833333333333334 0.00625 0.016666666666666666
5 0.53515625 0.36666666666666664 0.0046875 0.016666666666666666
1 0.54765625 0.35 0.0203125 0.0375
3 0.54609375 0.2760416666666667 0.0328125 0.07291666666666667
1 0.5296875 0.23020833333333332 0.0125 0.022916666666666665
1 0.5265625 0.18645833333333334 0.015625 0.027083333333333334
3 0.52109375 0.14583333333333334 0.0234375 0.058333333333333334
1 0.51484375 0.11666666666666667 0.0109375 0.020833333333333332
1 0.4953125 0.1 0.0125 0.020833333333333332
1 0.48828125 0.06979166666666667 0.0109375 0.014583333333333334
1 0.5078125 0.03125 0.015625 0.025
1 0.38046875 0.24895833333333334 0.0171875 0.022916666666666665
1 0.36015625 0.24791666666666667 0.0171875 0.025
1 0.37734375 0.22395833333333334 0.0171875 0.022916666666666665
1 0.35859375 0.22291666666666668 0.0140625 0.020833333333333332
1 0.3390625 0.221875 0.015625 0.022916666666666665
1 0.32109375 0.22916666666666666 0.0140625 0.020833333333333332
1 0.3234375 0.25729166666666664 0.01875 0.035416666666666666
1 0.30234375 0.23020833333333332 0.0140625 0.022916666666666665
1 0.28125 0.225 0.015625 0.020833333333333332
1 0.3859375 0.18333333333333332 0.015625 0.020833333333333332
1 0.37109375 0.18854166666666666 0.0203125 0.022916666666666665
1 0.3328125 0.184375 0.015625 0.022916666666666665
1 0.315625 0.18958333333333333 0.01875 0.03333333333333333
1 0.30234375 0.16875 0.0203125 0.029166666666666667
1 0.48828125 0.07604166666666666 0.0109375 0.01875
1 0.56328125 0.26145833333333335 0.0171875 0.03125
1 0.55546875 0.22291666666666668 0.0171875 0.03333333333333333
1 0.54765625 0.19166666666666668 0.0140625 0.029166666666666667
1 0.540625 0.16354166666666667 0.015625 0.022916666666666665
