
1 0.37734375 0.9708333333333333 0.0671875 0.05416666666666667
1 0.4484375 0.9260416666666667 0.059375 0.04791666666666667
1 0.2359375 0.990625 0.05 0.01875
1 0.3171875 0.95625 0.065625 0.05416666666666667
1 0.40078125 0.9072916666666667 0.0578125 0.04791666666666667
1 0.16484375 0.984375 0.0703125 0.03125
1 0.25390625 0.9427083333333334 0.0640625 0.04791666666666667
1 0.3296875 0.9 0.053125 0.04583333333333333
1 0.40234375 0.8572916666666667 0.0578125 0.04375
1 0.11484375 0.9739583333333334 0.0703125 0.052083333333333336
1 0.196875 0.9260416666666667 0.065625 0.052083333333333336
1 0.28515625 0.88125 0.0703125 0.05416666666666667
1 0.3609375 0.8375 0.05625 0.04583333333333333



1 0.0296875 0.9291666666666667 0.059375 0.0625
1 0.02109375 0.8166666666666667 0.0421875 0.05416666666666667
1 0.121875 0.8145833333333333 0.05625 0.05416666666666667
1 0.278125 0.8041666666666667 0.0625 0.05
1 0.3203125 0.709375 0.059375 0.04375
1 0.4234375 0.646875 0.05625 0.035416666666666666
1 0.55234375 0.721875 0.0609375 0.04375
1 0.53125 0.615625 0.05625 0.035416666666666666
1 0.721875 0.4583333333333333 0.03125 0.04583333333333333

5 0.375 0.565625 0.025 0.022916666666666665
4 0.3453125 0.5614583333333333 0.00625 0.01875
4 0.3703125 0.5479166666666667 0.0125 0.0125
5 0.4015625 0.5416666666666666 0.00625 0.025
5 0.4171875 0.5416666666666666 0.009375 0.025
4 0.3921875 0.5364583333333334 0.00625 0.014583333333333334
4 0.365625 0.5104166666666666 0.009375 0.025
4 0.36796875 0.5020833333333333 0.0109375 0.0125
5 0.51953125 0.4322916666666667 0.0078125 0.022916666666666665
1 0.57109375 0.40208333333333335 0.0234375 0.0375
5 0.5328125 0.42083333333333334 0.00625 0.016666666666666666
5 0.553125 0.415625 0.009375 0.022916666666666665
5 0.55078125 0.446875 0.0078125 0.022916666666666665
5 0.6109375 0.5302083333333333 0.0125 0.027083333333333334
5 0.59375 0.39479166666666665 0.0125 0.01875
5 0.621875 0.4791666666666667 0.009375 0.025
5 0.61796875 0.41354166666666664 0.0109375 0.01875
5 0.63984375 0.38645833333333335 0.0109375 0.022916666666666665
5 0.63359375 0.40208333333333335 0.0078125 0.020833333333333332
5 0.6171875 0.35 0.015625 0.020833333333333332
5 0.61796875 0.35 0.0140625 0.020833333333333332
5 0.58046875 0.37083333333333335 0.0078125 0.0125
5 0.55 0.371875 0.00625 0.010416666666666666
5 0.528125 0.35833333333333334 0.00625 0.016666666666666666
5 0.53515625 0.36770833333333336 0.0046875 0.01875
1 0.54765625 0.35 0.0203125 0.0375
3 0.54609375 0.27708333333333335 0.0328125 0.075
1 0.53046875 0.23020833333333332 0.0140625 0.022916666666666665
1 0.5265625 0.18645833333333334 0.015625 0.027083333333333334
3 0.52109375 0.14479166666666668 0.0234375 0.06041666666666667
1 0.51484375 0.115625 0.0109375 0.01875
1 0.49609375 0.10104166666666667 0.0140625 0.027083333333333334
1 0.4890625 0.06979166666666667 0.009375 0.014583333333333334
1 0.50859375 0.03125 0.0171875 0.025
1 0.3796875 0.24895833333333334 0.01875 0.022916666666666665
1 0.36015625 0.24583333333333332 0.0171875 0.025
1 0.3765625 0.22395833333333334 0.015625 0.022916666666666665
1 0.35859375 0.22291666666666668 0.0140625 0.020833333333333332
1 0.3390625 0.221875 0.0125 0.022916666666666665
1 0.3203125 0.22916666666666666 0.015625 0.020833333333333332
1 0.3234375 0.25729166666666664 0.01875 0.035416666666666666
1 0.30234375 0.23020833333333332 0.0140625 0.022916666666666665
1 0.28125 0.225 0.015625 0.020833333333333332
1 0.38671875 0.18333333333333332 0.0140625 0.020833333333333332
1 0.3703125 0.1875 0.015625 0.020833333333333332
1 0.3328125 0.184375 0.015625 0.022916666666666665
1 0.315625 0.18958333333333333 0.01875 0.03333333333333333
1 0.30234375 0.16875 0.0203125 0.029166666666666667
1 0.48828125 0.07604166666666666 0.0109375 0.01875
1 0.56328125 0.26145833333333335 0.0171875 0.03125
1 0.55546875 0.22395833333333334 0.0171875 0.035416666666666666
1 0.54765625 0.19166666666666668 0.0140625 0.029166666666666667
1 0.540625 0.16354166666666667 0.015625 0.022916666666666665
