
1 0.37734375 0.9708333333333333 0.0671875 0.05416666666666667
1 0.4484375 0.925 0.059375 0.05
1 0.2359375 0.990625 0.05 0.01875
1 0.315625 0.95625 0.065625 0.05416666666666667
1 0.40078125 0.9072916666666667 0.0578125 0.04791666666666667
1 0.16484375 0.9833333333333333 0.0703125 0.03333333333333333
1 0.25390625 0.9427083333333334 0.0640625 0.04791666666666667
1 0.3296875 0.9 0.053125 0.04583333333333333
1 0.4015625 0.8572916666666667 0.05625 0.04375
1 0.11484375 0.9739583333333334 0.0703125 0.052083333333333336
1 0.196875 0.9260416666666667 0.065625 0.052083333333333336
1 0.284375 0.88125 0.071875 0.05416666666666667
1 0.3609375 0.8375 0.05625 0.04583333333333333



1 0.02265625 0.9322916666666666 0.0453125 0.052083333333333336
1 0.0125 0.8197916666666667 0.025 0.04375
1 0.10625 0.8229166666666666 0.05625 0.05416666666666667
1 0.2671875 0.8083333333333333 0.0625 0.05
1 0.3078125 0.7125 0.059375 0.04583333333333333
1 0.4140625 0.6489583333333333 0.05625 0.035416666666666666
1 0.546875 0.7197916666666667 0.0625 0.04375
1 0.5234375 0.6145833333333334 0.05625 0.0375
1 0.71796875 0.4479166666666667 0.0328125 0.05

5 0.3765625 0.5635416666666667 0.025 0.022916666666666665
4 0.3453125 0.5614583333333333 0.00625 0.014583333333333334
4 0.36875 0.5479166666666667 0.009375 0.0125
5 0.4015625 0.5416666666666666 0.00625 0.025
5 0.41640625 0.5416666666666666 0.0109375 0.025
4 0.39140625 0.5364583333333334 0.0046875 0.014583333333333334
4 0.365625 0.5104166666666666 0.009375 0.025
4 0.36875 0.5 0.0125 0.0125
5 0.51875 0.43333333333333335 0.009375 0.020833333333333332
1 0.57109375 0.40208333333333335 0.0234375 0.0375
5 0.5328125 0.42083333333333334 0.00625 0.016666666666666666
5 0.55234375 0.41458333333333336 0.0078125 0.020833333333333332
5 0.55 0.4479166666666667 0.009375 0.020833333333333332
5 0.6125 0.534375 0.0125 0.022916666666666665
5 0.59375 0.3958333333333333 0.0125 0.020833333333333332
5 0.62265625 0.48333333333333334 0.0140625 0.029166666666666667
5 0.61875 0.4166666666666667 0.009375 0.020833333333333332
5 0.63984375 0.3875 0.0109375 0.020833333333333332
5 0.634375 0.40625 0.009375 0.020833333333333332
5 0.61796875 0.35104166666666664 0.0140625 0.022916666666666665
5 0.61875 0.35208333333333336 0.015625 0.020833333333333332
5 0.58125 0.37395833333333334 0.009375 0.014583333333333334
5 0.55 0.371875 0.00625 0.010416666666666666
5 0.528125 0.35833333333333334 0.00625 0.016666666666666666
5 0.53515625 0.36875 0.0046875 0.016666666666666666
1 0.54765625 0.35 0.0203125 0.0375
3 0.546875 0.2791666666666667 0.034375 0.075
1 0.53046875 0.23125 0.0140625 0.020833333333333332
1 0.5265625 0.18645833333333334 0.015625 0.027083333333333334
3 0.52109375 0.14479166666666668 0.0234375 0.05625
1 0.51484375 0.115625 0.0109375 0.01875
1 0.4953125 0.103125 0.0125 0.022916666666666665
1 0.48828125 0.075 0.0109375 0.020833333333333332
1 0.50859375 0.034375 0.0171875 0.022916666666666665
1 0.3796875 0.24895833333333334 0.01875 0.022916666666666665
1 0.36015625 0.24583333333333332 0.0171875 0.025
1 0.3765625 0.22395833333333334 0.015625 0.022916666666666665
1 0.3578125 0.22291666666666668 0.0125 0.020833333333333332
1 0.33828125 0.221875 0.0140625 0.022916666666666665
1 0.31953125 0.228125 0.0140625 0.022916666666666665
1 0.32265625 0.25729166666666664 0.0171875 0.035416666666666666
1 0.30234375 0.23020833333333332 0.0140625 0.022916666666666665
1 0.28125 0.225 0.015625 0.020833333333333332
1 0.3859375 0.18333333333333332 0.015625 0.020833333333333332
1 0.36875 0.18854166666666666 0.01875 0.022916666666666665
1 0.33203125 0.18541666666666667 0.0140625 0.020833333333333332
1 0.3140625 0.18958333333333333 0.01875 0.03333333333333333
1 0.30234375 0.16875 0.0203125 0.029166666666666667
1 0.4875 0.078125 0.0125 0.022916666666666665
1 0.5640625 0.2625 0.015625 0.029166666666666667
1 0.55546875 0.225 0.0171875 0.0375
1 0.546875 0.19166666666666668 0.015625 0.029166666666666667
1 0.540625 0.16354166666666667 0.015625 0.022916666666666665
