
1 0.3765625 0.971875 0.06875 0.05625
1 0.44765625 0.925 0.0578125 0.05
1 0.23515625 0.990625 0.0515625 0.01875
1 0.315625 0.95625 0.065625 0.05416666666666667
1 0.39921875 0.9072916666666667 0.0578125 0.04791666666666667
1 0.16484375 0.9833333333333333 0.0703125 0.03333333333333333
1 0.253125 0.9416666666666667 0.0625 0.04583333333333333
1 0.32890625 0.9 0.0515625 0.04583333333333333
1 0.4015625 0.8572916666666667 0.05625 0.04375
1 0.11484375 0.9739583333333334 0.0703125 0.052083333333333336
1 0.19609375 0.9260416666666667 0.0640625 0.052083333333333336
1 0.284375 0.8802083333333334 0.071875 0.05625
1 0.3609375 0.8354166666666667 0.05625 0.04583333333333333





1 0.0390625 0.8541666666666666 0.059375 0.05416666666666667
1 0.22265625 0.8291666666666667 0.0640625 0.05416666666666667
1 0.25703125 0.728125 0.0609375 0.04791666666666667
1 0.37265625 0.659375 0.0578125 0.03958333333333333
1 0.52734375 0.715625 0.0609375 0.03958333333333333
1 0.49375 0.6145833333333334 0.05625 0.0375
1 0.7015625 0.4041666666666667 0.028125 0.04583333333333333

5 0.38125 0.5635416666666667 0.025 0.022916666666666665
4 0.3453125 0.5625 0.00625 0.0125
4 0.36796875 0.5489583333333333 0.0078125 0.014583333333333334
5 0.4015625 0.540625 0.00625 0.022916666666666665
5 0.4171875 0.5447916666666667 0.009375 0.027083333333333334
4 0.390625 0.5364583333333334 0.00625 0.014583333333333334
4 0.36484375 0.5104166666666666 0.0109375 0.029166666666666667
4 0.36875 0.5 0.0125 0.0125
5 0.51796875 0.43854166666666666 0.0078125 0.022916666666666665
1 0.57109375 0.40625 0.0234375 0.0375
5 0.5328125 0.421875 0.00625 0.01875
5 0.55234375 0.415625 0.0078125 0.022916666666666665
5 0.55078125 0.45729166666666665 0.0078125 0.01875
5 0.61953125 0.5552083333333333 0.0109375 0.022916666666666665
5 0.5953125 0.396875 0.009375 0.01875
5 0.62578125 0.5020833333333333 0.0109375 0.025
5 0.62109375 0.43125 0.0078125 0.020833333333333332
5 0.6390625 0.39375 0.009375 0.020833333333333332
5 0.6390625 0.4197916666666667 0.0125 0.027083333333333334
5 0.62265625 0.3541666666666667 0.0140625 0.020833333333333332
5 0.62265625 0.35625 0.0140625 0.020833333333333332
5 0.5890625 0.378125 0.00625 0.014583333333333334
5 0.55 0.3729166666666667 0.00625 0.0125
5 0.5296875 0.3614583333333333 0.00625 0.014583333333333334
5 0.5359375 0.36666666666666664 0.009375 0.016666666666666666
1 0.54765625 0.353125 0.0203125 0.03958333333333333
3 0.54765625 0.28125 0.0359375 0.075
1 0.53125 0.234375 0.0125 0.022916666666666665
1 0.5265625 0.18645833333333334 0.015625 0.027083333333333334
3 0.51953125 0.14375 0.0234375 0.058333333333333334
1 0.51484375 0.115625 0.0109375 0.01875
1 0.49609375 0.11041666666666666 0.0109375 0.029166666666666667
1 0.48984375 0.08229166666666667 0.0109375 0.01875
1 0.51171875 0.041666666666666664 0.0171875 0.025
1 0.37890625 0.24791666666666667 0.0171875 0.025
1 0.359375 0.24583333333333332 0.01875 0.025
1 0.3765625 0.22395833333333334 0.015625 0.022916666666666665
1 0.35703125 0.221875 0.0140625 0.01875
1 0.33828125 0.22083333333333333 0.0140625 0.020833333333333332
1 0.3203125 0.228125 0.015625 0.022916666666666665
1 0.32265625 0.25729166666666664 0.0171875 0.035416666666666666
1 0.30078125 0.23020833333333332 0.0171875 0.022916666666666665
1 0.28046875 0.225 0.0171875 0.020833333333333332
1 0.3859375 0.18333333333333332 0.015625 0.020833333333333332
1 0.3703125 0.18854166666666666 0.01875 0.022916666666666665
1 0.33203125 0.184375 0.0171875 0.022916666666666665
1 0.3140625 0.18958333333333333 0.01875 0.03333333333333333
1 0.30234375 0.16770833333333332 0.0203125 0.03125
1 0.48984375 0.08125 0.0109375 0.020833333333333332
1 0.56484375 0.26666666666666666 0.0171875 0.029166666666666667
1 0.55546875 0.22604166666666667 0.0171875 0.03958333333333333
1 0.546875 0.19270833333333334 0.015625 0.03125
1 0.53984375 0.1625 0.0140625 0.020833333333333332
