
1 0.3765625 0.9708333333333333 0.06875 0.058333333333333334
1 0.446875 0.925 0.059375 0.05
1 0.23515625 0.990625 0.0515625 0.01875
1 0.315625 0.95625 0.065625 0.05416666666666667
1 0.39921875 0.9072916666666667 0.0578125 0.04791666666666667
1 0.16484375 0.9833333333333333 0.0703125 0.03333333333333333
1 0.253125 0.9416666666666667 0.0625 0.04583333333333333
1 0.32890625 0.8989583333333333 0.0515625 0.04791666666666667
1 0.40078125 0.8572916666666667 0.0578125 0.04375
1 0.11484375 0.9729166666666667 0.0703125 0.05416666666666667
1 0.19609375 0.9260416666666667 0.0640625 0.052083333333333336
1 0.284375 0.8802083333333334 0.071875 0.05625
1 0.3609375 0.8354166666666667 0.05625 0.04583333333333333





1 0.0203125 0.8645833333333334 0.040625 0.04583333333333333
1 0.20234375 0.8385416666666666 0.0640625 0.052083333333333336
1 0.23359375 0.7375 0.0609375 0.05
1 0.35546875 0.6645833333333333 0.0578125 0.041666666666666664
1 0.51875 0.7145833333333333 0.0625 0.041666666666666664
1 0.48203125 0.6166666666666667 0.0578125 0.0375
1 0.69453125 0.3885416666666667 0.0296875 0.04375

5 0.38203125 0.5635416666666667 0.0234375 0.022916666666666665
4 0.34375 0.559375 0.00625 0.014583333333333334
4 0.3671875 0.55 0.00625 0.016666666666666666
5 0.4 0.5427083333333333 0.009375 0.027083333333333334
5 0.41796875 0.546875 0.0109375 0.027083333333333334
4 0.39140625 0.5375 0.0046875 0.016666666666666666
4 0.36484375 0.5104166666666666 0.0109375 0.025
4 0.36796875 0.5 0.0109375 0.0125
5 0.51796875 0.440625 0.0078125 0.022916666666666665
1 0.57109375 0.40625 0.0234375 0.0375
5 0.53203125 0.4239583333333333 0.0078125 0.01875
5 0.5515625 0.4166666666666667 0.009375 0.020833333333333332
5 0.55078125 0.4625 0.0078125 0.020833333333333332
5 0.62109375 0.5645833333333333 0.0109375 0.025
5 0.59375 0.39791666666666664 0.009375 0.016666666666666666
5 0.62734375 0.5114583333333333 0.0140625 0.027083333333333334
5 0.62265625 0.43854166666666666 0.0078125 0.01875
5 0.6390625 0.396875 0.009375 0.022916666666666665
5 0.640625 0.42604166666666665 0.0125 0.027083333333333334
5 0.6265625 0.3572916666666667 0.015625 0.022916666666666665
5 0.62578125 0.359375 0.0140625 0.022916666666666665
5 0.590625 0.3802083333333333 0.00625 0.010416666666666666
5 0.55 0.3729166666666667 0.00625 0.0125
5 0.53046875 0.36354166666666665 0.0046875 0.014583333333333334
5 0.5375 0.36666666666666664 0.009375 0.016666666666666666
1 0.546875 0.35208333333333336 0.01875 0.0375
3 0.5484375 0.2833333333333333 0.0375 0.075
1 0.53125 0.23541666666666666 0.0125 0.020833333333333332
1 0.52578125 0.18854166666666666 0.0171875 0.027083333333333334
3 0.51953125 0.14166666666666666 0.0234375 0.05416666666666667
1 0.51484375 0.115625 0.0109375 0.01875
1 0.4953125 0.11041666666666666 0.015625 0.0375
1 0.4890625 0.084375 0.009375 0.01875
1 0.51171875 0.04583333333333333 0.0171875 0.025
1 0.37890625 0.24791666666666667 0.0171875 0.025
1 0.359375 0.24583333333333332 0.01875 0.025
1 0.3765625 0.22291666666666668 0.015625 0.020833333333333332
1 0.35703125 0.221875 0.0140625 0.01875
1 0.33828125 0.22083333333333333 0.0140625 0.020833333333333332
1 0.31953125 0.228125 0.0140625 0.022916666666666665
1 0.32265625 0.25729166666666664 0.0171875 0.035416666666666666
1 0.30078125 0.23020833333333332 0.0171875 0.022916666666666665
1 0.28046875 0.225 0.0171875 0.020833333333333332
1 0.3859375 0.18333333333333332 0.015625 0.020833333333333332
1 0.3703125 0.18854166666666666 0.01875 0.022916666666666665
1 0.33125 0.184375 0.015625 0.022916666666666665
1 0.3140625 0.18854166666666666 0.01875 0.03125
1 0.30234375 0.16666666666666666 0.0203125 0.029166666666666667
1 0.48984375 0.08333333333333333 0.0109375 0.020833333333333332
1 0.56484375 0.26979166666666665 0.0171875 0.03125
1 0.55546875 0.22708333333333333 0.0171875 0.0375
1 0.546875 0.19270833333333334 0.015625 0.03125
1 0.53984375 0.1625 0.0140625 0.020833333333333332
