
1 0.37578125 0.9697916666666667 0.0671875 0.05625
1 0.446875 0.925 0.059375 0.05
1 0.234375 0.990625 0.053125 0.01875
1 0.315625 0.95625 0.065625 0.05416666666666667
1 0.39921875 0.9072916666666667 0.0578125 0.04791666666666667
1 0.1640625 0.9833333333333333 0.06875 0.03333333333333333
1 0.253125 0.9416666666666667 0.0625 0.04583333333333333
1 0.32890625 0.8989583333333333 0.0515625 0.04791666666666667
1 0.40078125 0.8572916666666667 0.0578125 0.04375
1 0.11484375 0.9729166666666667 0.0703125 0.05416666666666667
1 0.19453125 0.9260416666666667 0.0640625 0.052083333333333336
1 0.28359375 0.8802083333333334 0.0734375 0.05625
1 0.3609375 0.8354166666666667 0.05625 0.04583333333333333





1 0.00625 0.8708333333333333 0.0125 0.0375
1 0.18125 0.8479166666666667 0.065625 0.05416666666666667
1 0.2109375 0.746875 0.0625 0.052083333333333336
1 0.33671875 0.6697916666666667 0.0578125 0.03958333333333333
1 0.51171875 0.7125 0.0640625 0.041666666666666664
1 0.46953125 0.6166666666666667 0.0578125 0.0375
1 0.6875 0.3729166666666667 0.028125 0.04583333333333333

5 0.384375 0.5635416666666667 0.025 0.022916666666666665
4 0.34375 0.5604166666666667 0.00625 0.0125
4 0.3671875 0.55 0.00625 0.016666666666666666
5 0.40078125 0.5416666666666666 0.0078125 0.025
5 0.41953125 0.5479166666666667 0.0109375 0.025
4 0.38984375 0.5385416666666667 0.0078125 0.022916666666666665
4 0.365625 0.5104166666666666 0.009375 0.025
4 0.36796875 0.5 0.0109375 0.0125
5 0.5171875 0.44166666666666665 0.009375 0.020833333333333332
1 0.57109375 0.4083333333333333 0.0234375 0.0375
5 0.53203125 0.425 0.0078125 0.020833333333333332
5 0.55234375 0.41770833333333335 0.0078125 0.01875
5 0.5515625 0.4666666666666667 0.009375 0.020833333333333332
5 0.6234375 0.575 0.0125 0.025
5 0.5953125 0.396875 0.009375 0.014583333333333334
5 0.6296875 0.5208333333333334 0.0125 0.029166666666666667
5 0.6234375 0.44479166666666664 0.009375 0.022916666666666665
5 0.6390625 0.39895833333333336 0.009375 0.022916666666666665
5 0.64296875 0.43333333333333335 0.0109375 0.025
5 0.62890625 0.359375 0.0140625 0.022916666666666665
5 0.628125 0.3614583333333333 0.015625 0.022916666666666665
5 0.59375 0.38333333333333336 0.00625 0.0125
5 0.54921875 0.3729166666666667 0.0078125 0.0125
5 0.53046875 0.36666666666666664 0.0078125 0.016666666666666666
5 0.5375 0.36770833333333336 0.009375 0.01875
1 0.546875 0.3541666666666667 0.01875 0.041666666666666664
3 0.5484375 0.284375 0.0375 0.07708333333333334
1 0.53203125 0.2375 0.0109375 0.020833333333333332
1 0.52578125 0.18958333333333333 0.0171875 0.029166666666666667
3 0.51953125 0.14166666666666666 0.0234375 0.058333333333333334
1 0.5140625 0.115625 0.0125 0.01875
1 0.4953125 0.11875 0.0125 0.020833333333333332
1 0.48984375 0.08541666666666667 0.0109375 0.016666666666666666
1 0.5140625 0.04895833333333333 0.01875 0.027083333333333334
1 0.37890625 0.24791666666666667 0.0171875 0.025
1 0.359375 0.24583333333333332 0.01875 0.025
1 0.37734375 0.22395833333333334 0.0171875 0.022916666666666665
1 0.35703125 0.221875 0.0140625 0.01875
1 0.33828125 0.22083333333333333 0.0140625 0.020833333333333332
1 0.31953125 0.228125 0.0140625 0.022916666666666665
1 0.32265625 0.25625 0.0171875 0.03333333333333333
1 0.3 0.23020833333333332 0.01875 0.022916666666666665
1 0.28046875 0.225 0.0171875 0.020833333333333332
1 0.38515625 0.18333333333333332 0.0140625 0.020833333333333332
1 0.36953125 0.1875 0.0171875 0.020833333333333332
1 0.33125 0.184375 0.015625 0.022916666666666665
1 0.3140625 0.18854166666666666 0.01875 0.03125
1 0.3015625 0.16770833333333332 0.021875 0.03125
1 0.48984375 0.084375 0.0109375 0.01875
1 0.565625 0.271875 0.01875 0.03125
1 0.55546875 0.228125 0.0171875 0.03958333333333333
1 0.546875 0.19375 0.015625 0.03333333333333333
1 0.53984375 0.1625 0.0140625 0.020833333333333332
