
1 0.37578125 0.9708333333333333 0.0671875 0.05416666666666667
1 0.446875 0.925 0.059375 0.05
1 0.23515625 0.990625 0.0515625 0.01875
1 0.315625 0.95625 0.065625 0.05416666666666667
1 0.39921875 0.90625 0.0578125 0.05
1 0.16328125 0.9833333333333333 0.0703125 0.03333333333333333
1 0.25234375 0.9416666666666667 0.0609375 0.04583333333333333
1 0.32890625 0.8989583333333333 0.0515625 0.04791666666666667
1 0.40078125 0.8572916666666667 0.0578125 0.04375
1 0.1140625 0.9729166666666667 0.06875 0.05416666666666667
1 0.19453125 0.9260416666666667 0.0640625 0.052083333333333336
1 0.28359375 0.8802083333333334 0.0734375 0.05625
1 0.3609375 0.8354166666666667 0.05625 0.04583333333333333






1 0.16796875 0.8552083333333333 0.0671875 0.05625
1 0.196875 0.7520833333333333 0.0625 0.05
1 0.32578125 0.6739583333333333 0.0578125 0.04375
1 0.50703125 0.7104166666666667 0.0609375 0.0375
1 0.46171875 0.61875 0.0578125 0.0375
1 0.684375 0.3625 0.028125 0.041666666666666664

5 0.38515625 0.5635416666666667 0.0234375 0.022916666666666665
4 0.34296875 0.559375 0.0078125 0.014583333333333334
4 0.365625 0.55 0.00625 0.016666666666666666
5 0.40078125 0.54375 0.0078125 0.025
5 0.4203125 0.5489583333333333 0.009375 0.027083333333333334
4 0.38828125 0.5395833333333333 0.0078125 0.025
4 0.365625 0.5104166666666666 0.009375 0.025
4 0.36875 0.5 0.0125 0.0125
5 0.5171875 0.44375 0.009375 0.020833333333333332
1 0.571875 0.41041666666666665 0.021875 0.0375
5 0.5328125 0.42604166666666665 0.00625 0.01875
5 0.55234375 0.41875 0.0078125 0.020833333333333332
5 0.55234375 0.46979166666666666 0.0078125 0.022916666666666665
5 0.625 0.5802083333333333 0.0125 0.022916666666666665
5 0.596875 0.39791666666666664 0.009375 0.016666666666666666
5 0.63046875 0.5260416666666666 0.0140625 0.027083333333333334
5 0.62265625 0.45 0.0109375 0.020833333333333332
5 0.6390625 0.4010416666666667 0.009375 0.022916666666666665
5 0.64375 0.43645833333333334 0.009375 0.022916666666666665
5 0.63046875 0.3614583333333333 0.0140625 0.022916666666666665
5 0.6296875 0.3625 0.0125 0.020833333333333332
5 0.596875 0.384375 0.009375 0.014583333333333334
5 0.54921875 0.375 0.0078125 0.0125
5 0.53046875 0.36770833333333336 0.0078125 0.014583333333333334
5 0.53671875 0.36770833333333336 0.0078125 0.01875
1 0.546875 0.3541666666666667 0.01875 0.041666666666666664
3 0.54921875 0.2864583333333333 0.0390625 0.07708333333333334
1 0.53203125 0.2375 0.0109375 0.020833333333333332
1 0.52578125 0.19166666666666668 0.0171875 0.029166666666666667
3 0.51953125 0.14166666666666666 0.0234375 0.058333333333333334
1 0.5140625 0.11354166666666667 0.009375 0.014583333333333334
1 0.4953125 0.11979166666666667 0.0125 0.022916666666666665
1 0.48984375 0.0875 0.0109375 0.016666666666666666
1 0.51484375 0.05 0.0171875 0.025
1 0.37890625 0.24791666666666667 0.0171875 0.025
1 0.359375 0.24583333333333332 0.01875 0.025
1 0.37734375 0.22395833333333334 0.0171875 0.022916666666666665
1 0.35703125 0.221875 0.0140625 0.01875
1 0.33828125 0.221875 0.0140625 0.022916666666666665
1 0.31953125 0.228125 0.0140625 0.022916666666666665
1 0.32265625 0.25625 0.0171875 0.03333333333333333
1 0.3 0.23020833333333332 0.01875 0.022916666666666665
1 0.28046875 0.225 0.0171875 0.020833333333333332
1 0.38515625 0.18333333333333332 0.0140625 0.020833333333333332
1 0.36953125 0.1875 0.0171875 0.020833333333333332
1 0.33046875 0.18333333333333332 0.0140625 0.020833333333333332
1 0.3140625 0.18854166666666666 0.01875 0.03125
1 0.3015625 0.16666666666666666 0.021875 0.029166666666666667
1 0.48984375 0.08541666666666667 0.0109375 0.020833333333333332
1 0.565625 0.27291666666666664 0.01875 0.029166666666666667
1 0.55546875 0.22916666666666666 0.0171875 0.0375
1 0.546875 0.19375 0.015625 0.03333333333333333
1 0.53984375 0.1625 0.0140625 0.020833333333333332
