
1 0.37578125 0.9708333333333333 0.0671875 0.058333333333333334
1 0.446875 0.9239583333333333 0.059375 0.04791666666666667
1 0.234375 0.990625 0.053125 0.01875
1 0.315625 0.95625 0.065625 0.05416666666666667
1 0.39921875 0.90625 0.0578125 0.05
1 0.16328125 0.9833333333333333 0.0703125 0.03333333333333333
1 0.25234375 0.9416666666666667 0.0609375 0.04583333333333333
1 0.328125 0.8989583333333333 0.053125 0.04791666666666667
1 0.40078125 0.8572916666666667 0.0578125 0.04375
1 0.1140625 0.9729166666666667 0.06875 0.05416666666666667
1 0.1953125 0.9260416666666667 0.065625 0.052083333333333336
1 0.28359375 0.8802083333333334 0.0734375 0.05625
1 0.3609375 0.8354166666666667 0.05625 0.04583333333333333






1 0.146875 0.865625 0.06875 0.05625
1 0.17109375 0.7625 0.0640625 0.05416666666666667
1 0.30703125 0.68125 0.0578125 0.04583333333333333
1 0.5 0.709375 0.065625 0.03958333333333333
1 0.45 0.6197916666666666 0.05625 0.03958333333333333
1 0.67890625 0.34791666666666665 0.0265625 0.041666666666666664

5 0.38671875 0.5645833333333333 0.0234375 0.025
4 0.34140625 0.559375 0.0078125 0.014583333333333334
4 0.365625 0.55 0.00625 0.016666666666666666
5 0.40078125 0.5427083333333333 0.0078125 0.022916666666666665
5 0.421875 0.5510416666666667 0.0125 0.022916666666666665
4 0.38984375 0.5395833333333333 0.0046875 0.020833333333333332
4 0.365625 0.5104166666666666 0.009375 0.025
4 0.36953125 0.5 0.0109375 0.0125
5 0.5171875 0.4479166666666667 0.009375 0.025
1 0.57265625 0.4125 0.0234375 0.0375
5 0.5328125 0.428125 0.00625 0.01875
5 0.55390625 0.42083333333333334 0.0109375 0.020833333333333332
5 0.55234375 0.47291666666666665 0.0078125 0.020833333333333332
5 0.62890625 0.5916666666666667 0.0109375 0.025
5 0.6 0.39791666666666664 0.0125 0.0125
5 0.63203125 0.5354166666666667 0.0140625 0.029166666666666667
5 0.62421875 0.45625 0.0109375 0.020833333333333332
5 0.6390625 0.403125 0.009375 0.022916666666666665
5 0.64375 0.44479166666666664 0.009375 0.027083333333333334
5 0.6328125 0.365625 0.0125 0.022916666666666665
5 0.6328125 0.36666666666666664 0.0125 0.020833333333333332
5 0.6015625 0.390625 0.009375 0.014583333333333334
5 0.5484375 0.375 0.00625 0.0125
5 0.53203125 0.36666666666666664 0.0046875 0.0125
5 0.53671875 0.36770833333333336 0.0078125 0.01875
1 0.546875 0.35520833333333335 0.01875 0.04375
3 0.54921875 0.28854166666666664 0.0390625 0.07708333333333334
1 0.5328125 0.23854166666666668 0.0125 0.022916666666666665
1 0.52578125 0.19166666666666668 0.0171875 0.029166666666666667
3 0.51953125 0.14166666666666666 0.0234375 0.058333333333333334
1 0.5140625 0.11354166666666667 0.009375 0.014583333333333334
1 0.4953125 0.12395833333333334 0.0125 0.022916666666666665
1 0.490625 0.08854166666666667 0.009375 0.014583333333333334
1 0.51640625 0.053125 0.0171875 0.022916666666666665
1 0.37890625 0.25 0.0171875 0.025
1 0.359375 0.24583333333333332 0.01875 0.025
1 0.37734375 0.22395833333333334 0.0171875 0.022916666666666665
1 0.35703125 0.221875 0.0140625 0.01875
1 0.33828125 0.22083333333333333 0.0140625 0.020833333333333332
1 0.31953125 0.228125 0.0140625 0.022916666666666665
1 0.32265625 0.25729166666666664 0.0171875 0.035416666666666666
1 0.3 0.23020833333333332 0.01875 0.022916666666666665
1 0.2796875 0.225 0.015625 0.020833333333333332
1 0.38515625 0.18333333333333332 0.0140625 0.020833333333333332
1 0.36953125 0.1875 0.0171875 0.020833333333333332
1 0.33125 0.184375 0.015625 0.022916666666666665
1 0.3140625 0.18854166666666666 0.01875 0.03125
1 0.3015625 0.16770833333333332 0.021875 0.03125
1 0.48984375 0.0875 0.0109375 0.025
1 0.5671875 0.2760416666666667 0.01875 0.03125
1 0.55703125 0.23229166666666667 0.0171875 0.03125
1 0.546875 0.19375 0.015625 0.03333333333333333
1 0.5390625 0.16354166666666667 0.015625 0.022916666666666665
