
1 0.37578125 0.9697916666666667 0.0671875 0.05625
1 0.446875 0.925 0.059375 0.05
1 0.234375 0.990625 0.053125 0.01875
1 0.315625 0.95625 0.065625 0.05416666666666667
1 0.39921875 0.90625 0.0578125 0.05
1 0.16328125 0.9833333333333333 0.0703125 0.03333333333333333
1 0.2515625 0.9416666666666667 0.0625 0.04583333333333333
1 0.328125 0.8989583333333333 0.053125 0.04791666666666667
1 0.40078125 0.8572916666666667 0.0578125 0.04375
1 0.1140625 0.9729166666666667 0.071875 0.05416666666666667
1 0.1953125 0.9260416666666667 0.065625 0.052083333333333336
1 0.28359375 0.8802083333333334 0.0734375 0.05625
1 0.3609375 0.8354166666666667 0.05625 0.04583333333333333






1 0.13671875 0.8708333333333333 0.0703125 0.058333333333333334
1 0.16171875 0.7677083333333333 0.0640625 0.05625
1 0.29921875 0.6833333333333333 0.0578125 0.04583333333333333
1 0.496875 0.709375 0.065625 0.03958333333333333
1 0.44453125 0.621875 0.0578125 0.03958333333333333
1 0.6765625 0.34270833333333334 0.025 0.04375

5 0.3875 0.5645833333333333 0.025 0.025
4 0.34140625 0.559375 0.0078125 0.014583333333333334
4 0.365625 0.55 0.00625 0.016666666666666666
5 0.40078125 0.54375 0.0078125 0.025
5 0.421875 0.5510416666666667 0.0125 0.022916666666666665
4 0.3890625 0.5427083333333333 0.00625 0.014583333333333334
4 0.365625 0.5104166666666666 0.009375 0.025
4 0.36875 0.5010416666666667 0.009375 0.010416666666666666
5 0.51640625 0.4479166666666667 0.0109375 0.025
1 0.57265625 0.41354166666666664 0.0234375 0.035416666666666666
5 0.5328125 0.428125 0.00625 0.01875
5 0.55390625 0.42083333333333334 0.0109375 0.020833333333333332
5 0.55234375 0.475 0.0078125 0.020833333333333332
5 0.63125 0.5958333333333333 0.009375 0.020833333333333332
5 0.603125 0.3958333333333333 0.0125 0.0125
5 0.63203125 0.5395833333333333 0.0140625 0.029166666666666667
5 0.62421875 0.459375 0.0109375 0.022916666666666665
5 0.6390625 0.4041666666666667 0.009375 0.025
5 0.64453125 0.4479166666666667 0.0078125 0.020833333333333332
5 0.63359375 0.36666666666666664 0.0140625 0.020833333333333332
5 0.63359375 0.36666666666666664 0.0140625 0.020833333333333332
5 0.603125 0.38645833333333335 0.00625 0.010416666666666666
5 0.5484375 0.375 0.00625 0.0125
5 0.5328125 0.36770833333333336 0.00625 0.014583333333333334
5 0.5359375 0.36875 0.00625 0.016666666666666666
1 0.546875 0.35625 0.01875 0.041666666666666664
3 0.54921875 0.28854166666666664 0.0390625 0.07708333333333334
1 0.5328125 0.240625 0.0125 0.022916666666666665
1 0.5265625 0.19270833333333334 0.01875 0.03125
3 0.51953125 0.14166666666666666 0.0234375 0.058333333333333334
1 0.5140625 0.11354166666666667 0.009375 0.014583333333333334
1 0.496875 0.125 0.015625 0.025
1 0.490625 0.08854166666666667 0.009375 0.014583333333333334
1 0.51640625 0.05416666666666667 0.0171875 0.025
1 0.37890625 0.24791666666666667 0.0171875 0.025
1 0.359375 0.24583333333333332 0.01875 0.025
1 0.37734375 0.22395833333333334 0.0171875 0.022916666666666665
1 0.35703125 0.221875 0.0140625 0.01875
1 0.33828125 0.22083333333333333 0.0140625 0.020833333333333332
1 0.31953125 0.228125 0.0140625 0.022916666666666665
1 0.32265625 0.25729166666666664 0.0171875 0.035416666666666666
1 0.3 0.22916666666666666 0.01875 0.025
1 0.2796875 0.225 0.015625 0.020833333333333332
1 0.38515625 0.18333333333333332 0.0140625 0.020833333333333332
1 0.36875 0.18854166666666666 0.01875 0.022916666666666665
1 0.33046875 0.18333333333333332 0.0140625 0.020833333333333332
1 0.3140625 0.18854166666666666 0.01875 0.03125
1 0.3015625 0.16770833333333332 0.021875 0.03125
1 0.48984375 0.08958333333333333 0.0109375 0.020833333333333332
1 0.56796875 0.2760416666666667 0.0171875 0.03125
1 0.55703125 0.23333333333333334 0.0171875 0.03333333333333333
1 0.546875 0.19375 0.015625 0.03333333333333333
1 0.53984375 0.1625 0.0140625 0.020833333333333332
