
1 0.37578125 0.9708333333333333 0.0671875 0.05416666666666667
1 0.446875 0.9239583333333333 0.059375 0.04791666666666667
1 0.234375 0.990625 0.053125 0.01875
1 0.315625 0.95625 0.065625 0.05416666666666667
1 0.39921875 0.90625 0.0578125 0.05
1 0.16328125 0.9833333333333333 0.0703125 0.03333333333333333
1 0.25234375 0.9416666666666667 0.0640625 0.04583333333333333
1 0.328125 0.8989583333333333 0.053125 0.04791666666666667
1 0.40078125 0.8572916666666667 0.0578125 0.04375
1 0.11328125 0.9729166666666667 0.0703125 0.05416666666666667
1 0.1953125 0.9260416666666667 0.065625 0.052083333333333336
1 0.28359375 0.8802083333333334 0.0734375 0.05625
1 0.3609375 0.8354166666666667 0.05625 0.04583333333333333






1 0.1234375 0.8760416666666667 0.071875 0.06041666666666667
1 0.14609375 0.775 0.0640625 0.05416666666666667
1 0.28828125 0.6895833333333333 0.0578125 0.04583333333333333
1 0.4921875 0.7083333333333334 0.0625 0.0375
1 0.43671875 0.621875 0.0578125 0.03958333333333333
1 0.67421875 0.3333333333333333 0.0265625 0.041666666666666664

5 0.3875 0.5645833333333333 0.025 0.025
4 0.34140625 0.5583333333333333 0.0078125 0.016666666666666666
4 0.365625 0.55 0.00625 0.016666666666666666
5 0.40078125 0.5458333333333333 0.0078125 0.025
5 0.4234375 0.5520833333333334 0.0125 0.025
4 0.390625 0.5395833333333333 0.00625 0.020833333333333332
4 0.365625 0.5104166666666666 0.009375 0.025
4 0.36953125 0.5 0.0109375 0.0125
5 0.51640625 0.44895833333333335 0.0078125 0.022916666666666665
1 0.5734375 0.41458333333333336 0.025 0.0375
5 0.53359375 0.43020833333333336 0.0078125 0.01875
5 0.55390625 0.42291666666666666 0.0109375 0.020833333333333332
5 0.5515625 0.478125 0.009375 0.022916666666666665
5 0.63046875 0.603125 0.0109375 0.022916666666666665
5 0.6046875 0.396875 0.0125 0.014583333333333334
5 0.63203125 0.546875 0.0140625 0.03125
5 0.62421875 0.46458333333333335 0.0109375 0.025
5 0.6390625 0.40625 0.009375 0.025
5 0.6453125 0.45208333333333334 0.009375 0.025
5 0.6359375 0.36875 0.0125 0.020833333333333332
5 0.6359375 0.3697916666666667 0.0125 0.022916666666666665
5 0.6046875 0.3885416666666667 0.00625 0.010416666666666666
5 0.54921875 0.37604166666666666 0.0078125 0.014583333333333334
5 0.5328125 0.36666666666666664 0.00625 0.0125
5 0.53671875 0.36770833333333336 0.0078125 0.01875
1 0.54609375 0.35625 0.0203125 0.041666666666666664
3 0.55 0.290625 0.040625 0.07708333333333334
1 0.53203125 0.24166666666666667 0.0140625 0.025
1 0.52734375 0.19375 0.0171875 0.029166666666666667
3 0.51953125 0.14166666666666666 0.0234375 0.058333333333333334
1 0.51328125 0.115625 0.0109375 0.01875
1 0.496875 0.12604166666666666 0.015625 0.027083333333333334
1 0.49140625 0.09270833333333334 0.0109375 0.01875
1 0.51640625 0.05520833333333333 0.0171875 0.022916666666666665
1 0.37890625 0.24791666666666667 0.0171875 0.025
1 0.359375 0.24583333333333332 0.01875 0.025
1 0.37734375 0.22395833333333334 0.0171875 0.022916666666666665
1 0.35703125 0.221875 0.0140625 0.01875
1 0.33828125 0.22083333333333333 0.0140625 0.020833333333333332
1 0.31953125 0.228125 0.0140625 0.022916666666666665
1 0.32265625 0.25625 0.0171875 0.03333333333333333
1 0.3 0.23020833333333332 0.01875 0.022916666666666665
1 0.2796875 0.22395833333333334 0.015625 0.01875
1 0.38515625 0.18333333333333332 0.0140625 0.020833333333333332
1 0.36875 0.1875 0.015625 0.020833333333333332
1 0.33046875 0.18333333333333332 0.0140625 0.020833333333333332
1 0.3140625 0.18854166666666666 0.01875 0.03125
1 0.3015625 0.16666666666666666 0.021875 0.029166666666666667
1 0.48984375 0.090625 0.0109375 0.022916666666666665
1 0.56796875 0.278125 0.0171875 0.03125
1 0.55703125 0.234375 0.0171875 0.03125
1 0.546875 0.19375 0.015625 0.03333333333333333
1 0.53984375 0.16354166666666667 0.0140625 0.022916666666666665
