
1 0.37578125 0.9697916666666667 0.0671875 0.05625
1 0.446875 0.9239583333333333 0.059375 0.04791666666666667
1 0.234375 0.990625 0.053125 0.01875
1 0.31484375 0.9552083333333333 0.0671875 0.052083333333333336
1 0.39921875 0.9052083333333333 0.0578125 0.04791666666666667
1 0.16328125 0.9833333333333333 0.0703125 0.03333333333333333
1 0.2515625 0.9416666666666667 0.0625 0.04583333333333333
1 0.328125 0.8989583333333333 0.053125 0.04791666666666667
1 0.40078125 0.8572916666666667 0.0578125 0.04375
1 0.11328125 0.9729166666666667 0.0703125 0.05416666666666667
1 0.1953125 0.9260416666666667 0.065625 0.052083333333333336
1 0.28359375 0.8802083333333334 0.0734375 0.05625
1 0.3609375 0.8354166666666667 0.05625 0.04583333333333333






1 0.08828125 0.890625 0.0671875 0.05625
1 0.10703125 0.790625 0.0640625 0.05625
1 0.259375 0.7020833333333333 0.059375 0.04583333333333333
1 0.48125 0.7072916666666667 0.0625 0.03958333333333333
1 0.41953125 0.6270833333333333 0.0578125 0.041666666666666664
1 0.665625 0.315625 0.025 0.04375

5 0.39375 0.5645833333333333 0.025 0.025
4 0.34140625 0.559375 0.0078125 0.014583333333333334
4 0.365625 0.5510416666666667 0.00625 0.014583333333333334
5 0.4015625 0.546875 0.00625 0.022916666666666665
5 0.42578125 0.5552083333333333 0.0109375 0.022916666666666665
4 0.390625 0.5395833333333333 0.00625 0.020833333333333332
4 0.36484375 0.5104166666666666 0.0109375 0.025
4 0.36875 0.5 0.0125 0.0125
5 0.5171875 0.453125 0.009375 0.022916666666666665
1 0.57421875 0.4166666666666667 0.0234375 0.0375
5 0.534375 0.4322916666666667 0.00625 0.01875
5 0.55390625 0.4270833333333333 0.0109375 0.020833333333333332
5 0.55234375 0.4864583333333333 0.0109375 0.022916666666666665
5 0.634375 0.6197916666666666 0.0125 0.022916666666666665
5 0.6078125 0.39895833333333336 0.0125 0.01875
5 0.63359375 0.5625 0.0140625 0.029166666666666667
5 0.62421875 0.475 0.0109375 0.020833333333333332
5 0.6390625 0.4114583333333333 0.009375 0.01875
5 0.646875 0.46458333333333335 0.009375 0.025
5 0.64140625 0.375 0.0140625 0.020833333333333332
5 0.64140625 0.375 0.0140625 0.020833333333333332
5 0.609375 0.39479166666666665 0.00625 0.010416666666666666
5 0.5484375 0.378125 0.00625 0.014583333333333334
5 0.53515625 0.36770833333333336 0.0078125 0.014583333333333334
5 0.5390625 0.365625 0.00625 0.01875
1 0.5453125 0.35520833333333335 0.01875 0.03958333333333333
3 0.5515625 0.29270833333333335 0.040625 0.07708333333333334
1 0.53203125 0.24375 0.0140625 0.025
1 0.52734375 0.196875 0.0171875 0.03125
3 0.51875 0.14166666666666666 0.025 0.058333333333333334
1 0.51328125 0.11354166666666667 0.0109375 0.014583333333333334
1 0.49609375 0.13125 0.0109375 0.016666666666666666
1 0.49140625 0.09583333333333334 0.0109375 0.020833333333333332
1 0.51796875 0.058333333333333334 0.0171875 0.020833333333333332
1 0.378125 0.24791666666666667 0.01875 0.025
1 0.359375 0.24583333333333332 0.01875 0.025
1 0.37734375 0.225 0.0171875 0.025
1 0.35703125 0.221875 0.0140625 0.01875
1 0.33828125 0.221875 0.0140625 0.022916666666666665
1 0.31953125 0.228125 0.0140625 0.022916666666666665
1 0.32265625 0.25625 0.0171875 0.03333333333333333
1 0.3 0.23020833333333332 0.01875 0.022916666666666665
1 0.2796875 0.22395833333333334 0.015625 0.01875
1 0.38515625 0.18333333333333332 0.0140625 0.020833333333333332
1 0.3703125 0.18854166666666666 0.01875 0.022916666666666665
1 0.33125 0.184375 0.015625 0.022916666666666665
1 0.3140625 0.18854166666666666 0.01875 0.03125
1 0.3015625 0.16666666666666666 0.021875 0.029166666666666667
1 0.49140625 0.09479166666666666 0.0109375 0.022916666666666665
1 0.56953125 0.28125 0.0171875 0.029166666666666667
1 0.55703125 0.2375 0.0171875 0.029166666666666667
1 0.546875 0.19375 0.015625 0.03333333333333333
1 0.53984375 0.1625 0.0140625 0.020833333333333332
