
1 0.37578125 0.9697916666666667 0.0671875 0.05625
1 0.446875 0.9239583333333333 0.059375 0.04791666666666667
1 0.23359375 0.990625 0.0515625 0.01875
1 0.31484375 0.9552083333333333 0.0671875 0.052083333333333336
1 0.39921875 0.9052083333333333 0.0578125 0.04791666666666667
1 0.16328125 0.9833333333333333 0.0703125 0.03333333333333333
1 0.2515625 0.9416666666666667 0.0625 0.04583333333333333
1 0.328125 0.8989583333333333 0.053125 0.04791666666666667
1 0.4 0.8572916666666667 0.05625 0.04375
1 0.11328125 0.9729166666666667 0.0703125 0.05416666666666667
1 0.1953125 0.9260416666666667 0.065625 0.052083333333333336
1 0.28359375 0.8802083333333334 0.0734375 0.05625
1 0.3609375 0.8354166666666667 0.05625 0.04583333333333333






1 0.0734375 0.8989583333333333 0.06875 0.06041666666666667
1 0.08984375 0.796875 0.0640625 0.052083333333333336
1 0.246875 0.7072916666666667 0.059375 0.04791666666666667
1 0.4765625 0.7072916666666667 0.0625 0.03958333333333333
1 0.4109375 0.6291666666666667 0.05625 0.041666666666666664
1 0.6625 0.30416666666666664 0.021875 0.03333333333333333

5 0.39609375 0.5666666666666667 0.0234375 0.025
4 0.3421875 0.559375 0.009375 0.014583333333333334
4 0.3640625 0.5510416666666667 0.00625 0.014583333333333334
5 0.4015625 0.5489583333333333 0.00625 0.022916666666666665
5 0.42578125 0.5572916666666666 0.0109375 0.022916666666666665
4 0.3875 0.5427083333333333 0.009375 0.027083333333333334
4 0.36328125 0.5104166666666666 0.0109375 0.025
4 0.36875 0.5 0.009375 0.0125
5 0.51640625 0.4552083333333333 0.0078125 0.022916666666666665
1 0.57421875 0.41875 0.0234375 0.0375
5 0.53515625 0.434375 0.0078125 0.022916666666666665
5 0.5546875 0.4239583333333333 0.009375 0.014583333333333334
5 0.55234375 0.48854166666666665 0.0109375 0.022916666666666665
5 0.6359375 0.6270833333333333 0.0125 0.025
5 0.609375 0.4010416666666667 0.0125 0.01875
5 0.63359375 0.56875 0.0140625 0.029166666666666667
5 0.62421875 0.48020833333333335 0.0109375 0.022916666666666665
5 0.63828125 0.41354166666666664 0.0109375 0.022916666666666665
5 0.646875 0.46979166666666666 0.009375 0.022916666666666665
5 0.64453125 0.3770833333333333 0.0140625 0.020833333333333332
5 0.64375 0.3770833333333333 0.0125 0.020833333333333332
5 0.61171875 0.39895833333333336 0.0078125 0.014583333333333334
5 0.54921875 0.378125 0.0078125 0.014583333333333334
5 0.53515625 0.36666666666666664 0.0078125 0.016666666666666666
5 0.5390625 0.3645833333333333 0.00625 0.016666666666666666
1 0.5453125 0.3541666666666667 0.01875 0.0375
3 0.5515625 0.2947916666666667 0.040625 0.07708333333333334
1 0.53203125 0.24375 0.0140625 0.025
1 0.52734375 0.19895833333333332 0.0171875 0.03125
3 0.51875 0.140625 0.025 0.05625
1 0.51328125 0.11354166666666667 0.0109375 0.014583333333333334
1 0.49609375 0.13229166666666667 0.0109375 0.014583333333333334
1 0.49140625 0.09791666666666667 0.0109375 0.020833333333333332
1 0.51796875 0.057291666666666664 0.0171875 0.01875
1 0.378125 0.24791666666666667 0.01875 0.025
1 0.36015625 0.24583333333333332 0.0203125 0.025
1 0.37734375 0.22395833333333334 0.0171875 0.022916666666666665
1 0.35703125 0.221875 0.0140625 0.01875
1 0.3375 0.221875 0.015625 0.022916666666666665
1 0.31953125 0.228125 0.0140625 0.022916666666666665
1 0.32265625 0.25625 0.0171875 0.03333333333333333
1 0.3 0.23020833333333332 0.01875 0.022916666666666665
1 0.2796875 0.22395833333333334 0.015625 0.01875
1 0.384375 0.18333333333333332 0.015625 0.020833333333333332
1 0.3703125 0.18854166666666666 0.01875 0.022916666666666665
1 0.33046875 0.184375 0.0171875 0.022916666666666665
1 0.3140625 0.18854166666666666 0.01875 0.03125
1 0.3015625 0.16666666666666666 0.021875 0.029166666666666667
1 0.49140625 0.096875 0.0109375 0.022916666666666665
1 0.56953125 0.2833333333333333 0.0171875 0.029166666666666667
1 0.55703125 0.240625 0.0171875 0.03125
1 0.546875 0.19479166666666667 0.015625 0.03125
1 0.5390625 0.16354166666666667 0.015625 0.022916666666666665
