
1 0.375 0.9697916666666667 0.06875 0.05625
1 0.44609375 0.9239583333333333 0.0578125 0.04791666666666667
1 0.2328125 0.990625 0.053125 0.01875
1 0.3140625 0.95625 0.065625 0.05416666666666667
1 0.3984375 0.9052083333333333 0.059375 0.04791666666666667
1 0.16328125 0.9833333333333333 0.0703125 0.03333333333333333
1 0.2515625 0.940625 0.0625 0.04791666666666667
1 0.32734375 0.8979166666666667 0.0515625 0.04583333333333333
1 0.4 0.85625 0.05625 0.041666666666666664
1 0.11328125 0.9729166666666667 0.0703125 0.05416666666666667
1 0.1953125 0.9260416666666667 0.065625 0.052083333333333336
1 0.28359375 0.8802083333333334 0.0734375 0.05625
1 0.36015625 0.8354166666666667 0.0546875 0.04583333333333333






1 0.046875 0.909375 0.071875 0.05625
1 0.0609375 0.809375 0.065625 0.052083333333333336
1 0.225 0.7177083333333333 0.059375 0.04791666666666667
1 0.46875 0.70625 0.0625 0.0375
1 0.39765625 0.6333333333333333 0.0578125 0.041666666666666664
1 0.6578125 0.2916666666666667 0.025 0.0375

5 0.39921875 0.5677083333333334 0.0234375 0.022916666666666665
4 0.34296875 0.5583333333333333 0.0078125 0.016666666666666666
4 0.3625 0.5510416666666667 0.00625 0.014583333333333334
5 0.403125 0.5510416666666667 0.009375 0.022916666666666665
5 0.4265625 0.5604166666666667 0.009375 0.025
4 0.3875 0.55 0.009375 0.016666666666666666
4 0.36328125 0.5104166666666666 0.0109375 0.025
4 0.36796875 0.5 0.0109375 0.0125
5 0.51640625 0.4583333333333333 0.0109375 0.025
1 0.57578125 0.421875 0.0234375 0.03958333333333333
5 0.5359375 0.43854166666666666 0.00625 0.01875
5 0.553125 0.4322916666666667 0.009375 0.022916666666666665
5 0.55234375 0.4947916666666667 0.0109375 0.022916666666666665
5 0.6375 0.6385416666666667 0.0125 0.022916666666666665
5 0.6125 0.4041666666666667 0.009375 0.016666666666666666
5 0.63515625 0.5791666666666667 0.0140625 0.029166666666666667
5 0.625 0.48854166666666665 0.0125 0.022916666666666665
5 0.63828125 0.41770833333333335 0.0109375 0.022916666666666665
5 0.64765625 0.4791666666666667 0.0109375 0.025
5 0.6484375 0.37916666666666665 0.015625 0.020833333333333332
5 0.64765625 0.3802083333333333 0.0140625 0.01875
5 0.6125 0.403125 0.009375 0.01875
5 0.54921875 0.3802083333333333 0.0078125 0.014583333333333334
5 0.53671875 0.365625 0.0078125 0.01875
5 0.5359375 0.365625 0.009375 0.022916666666666665
1 0.54453125 0.35625 0.0171875 0.0375
3 0.55234375 0.29583333333333334 0.0421875 0.07916666666666666
1 0.5328125 0.24479166666666666 0.015625 0.022916666666666665
1 0.528125 0.20104166666666667 0.01875 0.03125
3 0.51953125 0.14166666666666666 0.0234375 0.05416666666666667
1 0.51328125 0.11354166666666667 0.0109375 0.014583333333333334
1 0.496875 0.134375 0.009375 0.014583333333333334
1 0.4921875 0.10104166666666667 0.009375 0.022916666666666665
1 0.52109375 0.059375 0.0171875 0.022916666666666665
1 0.378125 0.24791666666666667 0.01875 0.025
1 0.359375 0.24583333333333332 0.01875 0.025
1 0.37734375 0.22395833333333334 0.0171875 0.022916666666666665
1 0.35625 0.221875 0.0125 0.01875
1 0.3375 0.221875 0.015625 0.022916666666666665
1 0.31875 0.228125 0.015625 0.022916666666666665
1 0.32265625 0.2552083333333333 0.0171875 0.035416666666666666
1 0.29921875 0.23020833333333332 0.0171875 0.022916666666666665
1 0.2796875 0.225 0.015625 0.020833333333333332
1 0.384375 0.18333333333333332 0.015625 0.020833333333333332
1 0.3703125 0.1875 0.01875 0.025
1 0.33125 0.184375 0.015625 0.022916666666666665
1 0.3140625 0.18854166666666666 0.01875 0.03125
1 0.3015625 0.16666666666666666 0.021875 0.029166666666666667
1 0.49140625 0.10104166666666667 0.0109375 0.022916666666666665
1 0.56953125 0.284375 0.0203125 0.03125
1 0.5578125 0.24479166666666666 0.015625 0.035416666666666666
1 0.546875 0.19375 0.015625 0.029166666666666667
1 0.5390625 0.16354166666666667 0.015625 0.022916666666666665
