
1 0.375 0.9697916666666667 0.06875 0.05625
1 0.44609375 0.9239583333333333 0.0578125 0.04791666666666667
1 0.2328125 0.990625 0.053125 0.01875
1 0.3140625 0.9541666666666667 0.065625 0.05416666666666667
1 0.3984375 0.9052083333333333 0.059375 0.04791666666666667
1 0.16328125 0.9833333333333333 0.0703125 0.03333333333333333
1 0.2515625 0.940625 0.0625 0.04791666666666667
1 0.32734375 0.8979166666666667 0.0515625 0.04583333333333333
1 0.4 0.8572916666666667 0.05625 0.04375
1 0.11328125 0.9729166666666667 0.0703125 0.05416666666666667
1 0.19453125 0.925 0.0640625 0.05416666666666667
1 0.2828125 0.8791666666666667 0.071875 0.05416666666666667
1 0.3609375 0.8354166666666667 0.05625 0.04583333333333333






1 0.02734375 0.921875 0.0546875 0.06041666666666667
1 0.03203125 0.8229166666666666 0.0640625 0.058333333333333334
1 0.20234375 0.728125 0.0609375 0.04791666666666667
1 0.4609375 0.70625 0.0625 0.0375
1 0.384375 0.6375 0.05625 0.041666666666666664
1 0.65390625 0.2791666666666667 0.0234375 0.0375

5 0.40234375 0.5708333333333333 0.0234375 0.025
4 0.34375 0.5583333333333333 0.00625 0.016666666666666666
4 0.3625 0.5520833333333334 0.00625 0.016666666666666666
5 0.4046875 0.5510416666666667 0.009375 0.022916666666666665
5 0.42734375 0.5625 0.0109375 0.025
4 0.3875 0.5520833333333334 0.009375 0.020833333333333332
4 0.36484375 0.5104166666666666 0.0109375 0.025
4 0.3703125 0.5 0.0125 0.0125
5 0.51640625 0.46458333333333335 0.0078125 0.025
1 0.57578125 0.425 0.0234375 0.0375
5 0.53515625 0.44166666666666665 0.0078125 0.020833333333333332
5 0.55625 0.4270833333333333 0.009375 0.016666666666666666
5 0.553125 0.5010416666666667 0.0125 0.022916666666666665
5 0.64140625 0.6520833333333333 0.0109375 0.025
5 0.6140625 0.40729166666666666 0.009375 0.01875
5 0.63671875 0.5927083333333333 0.0140625 0.03125
5 0.62578125 0.4979166666666667 0.0109375 0.025
5 0.63828125 0.42083333333333334 0.0109375 0.025
5 0.64921875 0.4875 0.0109375 0.025
5 0.653125 0.384375 0.015625 0.022916666666666665
5 0.653125 0.384375 0.015625 0.022916666666666665
5 0.61328125 0.40729166666666666 0.0078125 0.01875
5 0.54921875 0.37916666666666665 0.0078125 0.0125
5 0.53515625 0.365625 0.0078125 0.01875
5 0.53671875 0.365625 0.0109375 0.022916666666666665
1 0.54453125 0.35625 0.0203125 0.0375
3 0.55390625 0.29791666666666666 0.0421875 0.07916666666666666
1 0.5328125 0.24791666666666667 0.015625 0.025
1 0.52890625 0.20416666666666666 0.0171875 0.029166666666666667
3 0.51875 0.14166666666666666 0.025 0.05416666666666667
1 0.51328125 0.11354166666666667 0.0109375 0.014583333333333334
1 0.496875 0.1375 0.0125 0.016666666666666666
1 0.49296875 0.103125 0.0109375 0.022916666666666665
1 0.52421875 0.05520833333333333 0.0140625 0.014583333333333334
1 0.378125 0.246875 0.01875 0.022916666666666665
1 0.35625 0.24583333333333332 0.015625 0.025
1 0.3765625 0.22395833333333334 0.01875 0.022916666666666665
1 0.35625 0.221875 0.0125 0.01875
1 0.3375 0.22083333333333333 0.015625 0.025
1 0.31875 0.228125 0.015625 0.022916666666666665
1 0.321875 0.25625 0.01875 0.03333333333333333
1 0.3 0.22916666666666666 0.01875 0.025
1 0.2796875 0.225 0.015625 0.020833333333333332
1 0.384375 0.18333333333333332 0.015625 0.020833333333333332
1 0.36875 0.1875 0.015625 0.020833333333333332
1 0.33046875 0.184375 0.0171875 0.022916666666666665
1 0.3140625 0.18854166666666666 0.01875 0.03125
1 0.3015625 0.16666666666666666 0.021875 0.029166666666666667
1 0.49140625 0.103125 0.0109375 0.022916666666666665
1 0.5703125 0.2864583333333333 0.01875 0.03125
1 0.55859375 0.246875 0.0171875 0.035416666666666666
1 0.546875 0.19479166666666667 0.015625 0.03125
1 0.5390625 0.16354166666666667 0.015625 0.022916666666666665
