
1 0.375 0.9697916666666667 0.06875 0.05625
1 0.44609375 0.9239583333333333 0.0578125 0.04791666666666667
1 0.2328125 0.990625 0.053125 0.01875
1 0.3140625 0.9552083333333333 0.065625 0.052083333333333336
1 0.3984375 0.9052083333333333 0.059375 0.04791666666666667
1 0.16328125 0.9833333333333333 0.0703125 0.03333333333333333
1 0.2515625 0.940625 0.0625 0.04791666666666667
1 0.32734375 0.8979166666666667 0.0515625 0.04583333333333333
1 0.4 0.85625 0.05625 0.041666666666666664
1 0.11328125 0.9729166666666667 0.0703125 0.05416666666666667
1 0.19453125 0.925 0.0640625 0.05416666666666667
1 0.2828125 0.8791666666666667 0.071875 0.05416666666666667
1 0.36015625 0.8354166666666667 0.0578125 0.04583333333333333






1 0.021875 0.9239583333333333 0.04375 0.052083333333333336
1 0.025 0.828125 0.05 0.052083333333333336
1 0.19296875 0.7333333333333333 0.0609375 0.05
1 0.4578125 0.70625 0.0625 0.0375
1 0.37890625 0.6395833333333333 0.0578125 0.04583333333333333
1 0.6515625 0.27395833333333336 0.021875 0.035416666666666666

5 0.40390625 0.571875 0.0234375 0.027083333333333334
4 0.34375 0.559375 0.00625 0.014583333333333334
4 0.3625 0.5520833333333334 0.00625 0.016666666666666666
5 0.40546875 0.5520833333333334 0.0109375 0.020833333333333332
5 0.42734375 0.5645833333333333 0.0109375 0.025
4 0.38671875 0.5520833333333334 0.0078125 0.020833333333333332
4 0.36328125 0.5104166666666666 0.0109375 0.025
4 0.36796875 0.49895833333333334 0.0109375 0.014583333333333334
5 0.51640625 0.465625 0.0078125 0.022916666666666665
1 0.57578125 0.42604166666666665 0.0234375 0.03958333333333333
5 0.53515625 0.44166666666666665 0.0078125 0.020833333333333332
5 0.55390625 0.42916666666666664 0.0078125 0.016666666666666666
5 0.55390625 0.503125 0.0140625 0.022916666666666665
5 0.64296875 0.6572916666666667 0.0109375 0.027083333333333334
5 0.61484375 0.4083333333333333 0.0078125 0.016666666666666666
5 0.63828125 0.596875 0.0140625 0.03125
5 0.625 0.5020833333333333 0.0125 0.025
5 0.63828125 0.42291666666666666 0.0109375 0.025
5 0.65078125 0.49166666666666664 0.0109375 0.025
5 0.65546875 0.38645833333333335 0.0171875 0.022916666666666665
5 0.65546875 0.38645833333333335 0.0140625 0.022916666666666665
5 0.6140625 0.40729166666666666 0.00625 0.014583333333333334
5 0.54921875 0.3802083333333333 0.0078125 0.014583333333333334
5 0.53671875 0.3645833333333333 0.0046875 0.016666666666666666
5 0.53671875 0.36354166666666665 0.0109375 0.022916666666666665
1 0.54375 0.3572916666666667 0.01875 0.03958333333333333
3 0.55390625 0.2989583333333333 0.0421875 0.07708333333333334
1 0.53359375 0.24791666666666667 0.0140625 0.025
1 0.52890625 0.20416666666666666 0.0171875 0.029166666666666667
3 0.51953125 0.14166666666666666 0.0234375 0.05416666666666667
1 0.51328125 0.11354166666666667 0.0109375 0.014583333333333334
1 0.49765625 0.14270833333333333 0.0140625 0.01875
1 0.49296875 0.10520833333333333 0.0109375 0.022916666666666665
1 0.525 0.05625 0.0125 0.016666666666666666
1 0.378125 0.246875 0.01875 0.022916666666666665
1 0.35625 0.24583333333333332 0.015625 0.025
1 0.3765625 0.225 0.01875 0.025
1 0.35625 0.22083333333333333 0.0125 0.016666666666666666
1 0.3375 0.22083333333333333 0.015625 0.025
1 0.31875 0.228125 0.015625 0.022916666666666665
1 0.321875 0.2552083333333333 0.01875 0.035416666666666666
1 0.3 0.22916666666666666 0.01875 0.025
1 0.2796875 0.22395833333333334 0.015625 0.01875
1 0.384375 0.18333333333333332 0.015625 0.020833333333333332
1 0.36875 0.1875 0.015625 0.020833333333333332
1 0.33046875 0.184375 0.0171875 0.022916666666666665
1 0.3140625 0.18854166666666666 0.01875 0.03125
1 0.3015625 0.16666666666666666 0.021875 0.029166666666666667
1 0.49140625 0.10416666666666667 0.0109375 0.025
1 0.57109375 0.2875 0.0203125 0.03333333333333333
1 0.55859375 0.24791666666666667 0.0171875 0.03333333333333333
1 0.54765625 0.19583333333333333 0.0171875 0.03333333333333333
1 0.5390625 0.16354166666666667 0.015625 0.022916666666666665
