
1 0.375 0.9697916666666667 0.06875 0.05625
1 0.44609375 0.9239583333333333 0.0578125 0.04791666666666667
1 0.2328125 0.990625 0.053125 0.01875
1 0.3140625 0.9541666666666667 0.065625 0.05416666666666667
1 0.3984375 0.9052083333333333 0.059375 0.04791666666666667
1 0.16328125 0.9833333333333333 0.0703125 0.03333333333333333
1 0.2515625 0.940625 0.0625 0.04791666666666667
1 0.32734375 0.8979166666666667 0.0515625 0.04583333333333333
1 0.4 0.8572916666666667 0.05625 0.04375
1 0.11328125 0.9729166666666667 0.0703125 0.05416666666666667
1 0.19453125 0.925 0.0640625 0.05416666666666667
1 0.2828125 0.8791666666666667 0.071875 0.05416666666666667
1 0.3609375 0.8354166666666667 0.05625 0.04583333333333333






1 0.0125 0.9291666666666667 0.025 0.041666666666666664
1 0.01640625 0.83125 0.0328125 0.04583333333333333
1 0.17890625 0.7395833333333334 0.0609375 0.05
1 0.453125 0.7072916666666667 0.0625 0.035416666666666666
1 0.37109375 0.64375 0.0578125 0.04583333333333333
1 0.64921875 0.26666666666666666 0.0234375 0.03333333333333333

5 0.40625 0.5729166666666666 0.021875 0.025
4 0.34453125 0.5604166666666667 0.0078125 0.016666666666666666
4 0.36328125 0.5541666666666667 0.0046875 0.016666666666666666
5 0.40703125 0.553125 0.0109375 0.01875
5 0.42890625 0.5666666666666667 0.0109375 0.025
4 0.38671875 0.553125 0.0078125 0.01875
4 0.3640625 0.5104166666666666 0.009375 0.025
4 0.36953125 0.5 0.0109375 0.0125
5 0.51796875 0.46979166666666666 0.0078125 0.022916666666666665
1 0.57734375 0.428125 0.0234375 0.03958333333333333
5 0.5359375 0.44479166666666664 0.009375 0.022916666666666665
5 0.55546875 0.4270833333333333 0.0078125 0.0125
5 0.5546875 0.5041666666666667 0.0125 0.025
5 0.6453125 0.665625 0.009375 0.022916666666666665
5 0.61484375 0.409375 0.0078125 0.01875
5 0.63828125 0.6041666666666666 0.0140625 0.03333333333333333
5 0.62578125 0.5072916666666667 0.0109375 0.022916666666666665
5 0.63828125 0.425 0.0109375 0.025
5 0.65078125 0.49895833333333334 0.0109375 0.027083333333333334
5 0.65859375 0.3875 0.0171875 0.025
5 0.65859375 0.3885416666666667 0.0171875 0.022916666666666665
5 0.61484375 0.41041666666666665 0.0078125 0.016666666666666666
5 0.54921875 0.37916666666666665 0.0078125 0.0125
5 0.5359375 0.3645833333333333 0.00625 0.016666666666666666
5 0.53671875 0.365625 0.0109375 0.022916666666666665
1 0.54375 0.35833333333333334 0.01875 0.0375
3 0.55546875 0.3 0.0421875 0.07916666666666666
1 0.53359375 0.24895833333333334 0.0140625 0.022916666666666665
1 0.52890625 0.20625 0.0171875 0.029166666666666667
3 0.51875 0.14166666666666666 0.025 0.05416666666666667
1 0.51328125 0.11354166666666667 0.0109375 0.014583333333333334
1 0.49921875 0.14583333333333334 0.0140625 0.016666666666666666
1 0.49375 0.10625 0.009375 0.025
1 0.52578125 0.05625 0.0140625 0.016666666666666666
1 0.378125 0.246875 0.01875 0.022916666666666665
1 0.35625 0.24583333333333332 0.015625 0.025
1 0.3765625 0.22395833333333334 0.01875 0.022916666666666665
1 0.35625 0.22083333333333333 0.0125 0.016666666666666666
1 0.3375 0.22083333333333333 0.015625 0.025
1 0.31875 0.228125 0.015625 0.022916666666666665
1 0.321875 0.25625 0.01875 0.03333333333333333
1 0.29921875 0.23020833333333332 0.0171875 0.022916666666666665
1 0.2796875 0.225 0.015625 0.020833333333333332
1 0.384375 0.18333333333333332 0.015625 0.020833333333333332
1 0.36875 0.1875 0.015625 0.020833333333333332
1 0.33046875 0.184375 0.0171875 0.022916666666666665
1 0.3140625 0.18854166666666666 0.01875 0.03125
1 0.3015625 0.16666666666666666 0.021875 0.029166666666666667
1 0.49296875 0.10625 0.0109375 0.025
1 0.57109375 0.28958333333333336 0.0203125 0.03333333333333333
1 0.56015625 0.25 0.0171875 0.03333333333333333
1 0.54765625 0.196875 0.0171875 0.03125
1 0.5390625 0.16354166666666667 0.015625 0.022916666666666665
