1 0.00234375 0.9614583333333333 0.0046875 0.01875
1 0.38125 0.9697916666666667 0.06875 0.05625
1 0.45234375 0.925 0.0578125 0.05
1 0.23984375 0.990625 0.0515625 0.01875
1 0.3203125 0.95625 0.065625 0.05416666666666667
1 0.4046875 0.9072916666666667 0.05625 0.04791666666666667
1 0.16796875 0.9833333333333333 0.0703125 0.03333333333333333
1 0.2578125 0.9427083333333334 0.0625 0.04791666666666667
1 0.33359375 0.8989583333333333 0.0515625 0.04791666666666667
1 0.4046875 0.8572916666666667 0.05625 0.04375
1 0.11953125 0.9729166666666667 0.0703125 0.05416666666666667
1 0.20078125 0.9270833333333334 0.0640625 0.05416666666666667
1 0.2890625 0.8802083333333334 0.071875 0.05625
1 0.36640625 0.8354166666666667 0.0578125 0.04583333333333333
1 0.1328125 0.85625 0.065625 0.058333333333333334
1 0.03984375 0.8052083333333333 0.0640625 0.05625
1 0.19296875 0.771875 0.0609375 0.052083333333333336
1 0.365625 0.7552083333333334 0.059375 0.04791666666666667
1 0.371875 0.6666666666666666 0.05625 0.041666666666666664
1 0.47578125 0.6791666666666667 0.0484375 0.03333333333333333
1 0.5046875 0.7385416666666667 0.059375 0.03958333333333333
1 0.58984375 0.7 0.0578125 0.041666666666666664
1 0.6671875 0.7020833333333333 0.053125 0.05
1 0.69453125 0.8072916666666666 0.0609375 0.06458333333333334
1 0.775 0.7385416666666667 0.05625 0.05625
1 0.859375 0.8177083333333334 0.040625 0.06041666666666667

5 0.29921875 0.5989583333333334 0.0234375 0.027083333333333334
4 0.34921875 0.5604166666666667 0.0078125 0.016666666666666666
4 0.36953125 0.5510416666666667 0.0078125 0.014583333333333334
5 0.40546875 0.5427083333333333 0.0078125 0.027083333333333334
5 0.41953125 0.540625 0.0109375 0.027083333333333334
4 0.39609375 0.5322916666666667 0.0078125 0.014583333333333334
4 0.36484375 0.5104166666666666 0.0109375 0.025
4 0.37265625 0.5010416666666667 0.0109375 0.010416666666666666
5 0.521875 0.41770833333333335 0.009375 0.022916666666666665
1 0.571875 0.39791666666666664 0.025 0.0375
5 0.53515625 0.41770833333333335 0.0078125 0.01875
5 0.55546875 0.4125 0.0078125 0.020833333333333332
5 0.55546875 0.43020833333333336 0.0109375 0.022916666666666665
5 0.5734375 0.4322916666666667 0.009375 0.01875
5 0.59140625 0.390625 0.0140625 0.01875
5 0.61640625 0.4041666666666667 0.0140625 0.025
5 0.6125 0.38645833333333335 0.009375 0.014583333333333334
5 0.64296875 0.3729166666666667 0.0078125 0.020833333333333332
5 0.61953125 0.365625 0.0078125 0.01875
5 0.61640625 0.34375 0.0140625 0.020833333333333332
5 0.6015625 0.36875 0.015625 0.016666666666666666
5 0.56875 0.36041666666666666 0.00625 0.016666666666666666
5 0.553125 0.3697916666666667 0.00625 0.014583333333333334
5 0.53125 0.35520833333333335 0.00625 0.014583333333333334
5 0.53828125 0.35520833333333335 0.0046875 0.014583333333333334
1 0.53359375 0.3072916666666667 0.0234375 0.035416666666666666
3 0.54296875 0.2520833333333333 0.0296875 0.07083333333333333
1 0.53125 0.21666666666666667 0.0125 0.020833333333333332
1 0.53046875 0.18541666666666667 0.0171875 0.029166666666666667
3 0.5234375 0.14375 0.025 0.05416666666666667
1 0.51640625 0.11770833333333333 0.0109375 0.01875
1 0.51328125 0.090625 0.0171875 0.03125
1 0.50546875 0.057291666666666664 0.0078125 0.010416666666666666
1 0.49296875 0.020833333333333332 0.0140625 0.025
1 0.38125 0.24791666666666667 0.01875 0.025
1 0.36171875 0.24375 0.0171875 0.025
1 0.38046875 0.221875 0.0140625 0.022916666666666665
1 0.3609375 0.22083333333333333 0.015625 0.020833333333333332
1 0.3421875 0.22083333333333333 0.015625 0.025
1 0.32265625 0.22708333333333333 0.0140625 0.020833333333333332
1 0.32578125 0.25625 0.0171875 0.03333333333333333
1 0.30390625 0.22916666666666666 0.0171875 0.025
1 0.28359375 0.22395833333333334 0.0171875 0.01875
1 0.38828125 0.18333333333333332 0.0140625 0.020833333333333332
1 0.37265625 0.1875 0.0203125 0.025
1 0.33515625 0.184375 0.0171875 0.022916666666666665
1 0.3171875 0.18854166666666666 0.01875 0.03125
1 0.30390625 0.16666666666666666 0.0203125 0.029166666666666667
1 0.49296875 0.08645833333333333 0.0140625 0.027083333333333334
1 0.5640625 0.25416666666666665 0.015625 0.029166666666666667
1 0.559375 0.21875 0.01875 0.03333333333333333
1 0.5515625 0.190625 0.01875 0.03125
1 0.54453125 0.16145833333333334 0.0140625 0.022916666666666665
