
1 0.375 0.9697916666666667 0.06875 0.05625
1 0.44609375 0.9239583333333333 0.0578125 0.04791666666666667
1 0.2328125 0.990625 0.053125 0.01875
1 0.3140625 0.9541666666666667 0.065625 0.05416666666666667
1 0.3984375 0.9052083333333333 0.059375 0.04791666666666667
1 0.16328125 0.9833333333333333 0.0703125 0.03333333333333333
1 0.2515625 0.940625 0.0625 0.04791666666666667
1 0.32734375 0.8979166666666667 0.0515625 0.04583333333333333
1 0.4 0.8572916666666667 0.05625 0.04375
1 0.11328125 0.9729166666666667 0.0703125 0.05416666666666667
1 0.19453125 0.925 0.0640625 0.05416666666666667
1 0.2828125 0.8791666666666667 0.071875 0.05416666666666667
1 0.3609375 0.8354166666666667 0.05625 0.04583333333333333






1 0.00859375 0.93125 0.0171875 0.041666666666666664
1 0.01015625 0.834375 0.0203125 0.03958333333333333
1 0.16953125 0.7458333333333333 0.0609375 0.05
1 0.45078125 0.70625 0.0640625 0.0375
1 0.36640625 0.6447916666666667 0.0578125 0.04375
1 0.6484375 0.26145833333333335 0.021875 0.035416666666666666

5 0.40625 0.5739583333333333 0.021875 0.027083333333333334
4 0.3453125 0.5604166666666667 0.00625 0.016666666666666666
4 0.36328125 0.553125 0.0046875 0.01875
5 0.40703125 0.553125 0.0109375 0.01875
5 0.42890625 0.5666666666666667 0.0109375 0.020833333333333332
4 0.38671875 0.553125 0.0078125 0.01875
4 0.36328125 0.5104166666666666 0.0109375 0.025
4 0.36875 0.49895833333333334 0.009375 0.014583333333333334
5 0.51796875 0.4708333333333333 0.0078125 0.025
1 0.57734375 0.42916666666666664 0.0234375 0.0375
5 0.5359375 0.44479166666666664 0.009375 0.022916666666666665
5 0.55546875 0.4270833333333333 0.0078125 0.0125
5 0.5546875 0.5072916666666667 0.0125 0.027083333333333334
5 0.646875 0.6708333333333333 0.009375 0.020833333333333332
5 0.6140625 0.41041666666666665 0.009375 0.020833333333333332
5 0.63984375 0.609375 0.0140625 0.03125
5 0.62578125 0.5125 0.0109375 0.025
5 0.63828125 0.4270833333333333 0.0109375 0.025
5 0.65234375 0.5020833333333333 0.0109375 0.025
5 0.6609375 0.38958333333333334 0.01875 0.025
5 0.66015625 0.38958333333333334 0.0171875 0.025
5 0.61484375 0.4114583333333333 0.0078125 0.01875
5 0.54921875 0.37916666666666665 0.0078125 0.0125
5 0.53515625 0.365625 0.0078125 0.01875
5 0.53671875 0.365625 0.0109375 0.022916666666666665
1 0.54375 0.35833333333333334 0.01875 0.0375
3 0.55546875 0.3020833333333333 0.0421875 0.07916666666666666
1 0.53359375 0.25 0.0140625 0.025
1 0.52890625 0.20729166666666668 0.0171875 0.03125
3 0.51953125 0.14166666666666666 0.0234375 0.05416666666666667
1 0.51328125 0.11354166666666667 0.0109375 0.014583333333333334
1 0.49921875 0.146875 0.0140625 0.01875
1 0.49296875 0.10833333333333334 0.0109375 0.025
1 0.52421875 0.05625 0.0140625 0.016666666666666666
1 0.378125 0.246875 0.01875 0.022916666666666665
1 0.35625 0.24583333333333332 0.015625 0.025
1 0.3765625 0.225 0.01875 0.025
1 0.35625 0.221875 0.0125 0.01875
1 0.3375 0.221875 0.015625 0.022916666666666665
1 0.31875 0.228125 0.015625 0.022916666666666665
1 0.321875 0.25625 0.01875 0.03333333333333333
1 0.3 0.23020833333333332 0.01875 0.022916666666666665
1 0.2796875 0.225 0.015625 0.020833333333333332
1 0.384375 0.18333333333333332 0.015625 0.020833333333333332
1 0.36875 0.1875 0.015625 0.020833333333333332
1 0.33046875 0.184375 0.0171875 0.022916666666666665
1 0.3140625 0.18854166666666666 0.01875 0.03125
1 0.3015625 0.16666666666666666 0.021875 0.029166666666666667
1 0.4921875 0.10729166666666666 0.0125 0.027083333333333334
1 0.57109375 0.28958333333333336 0.0203125 0.03333333333333333
1 0.56015625 0.25104166666666666 0.0171875 0.03125
1 0.54765625 0.196875 0.0171875 0.03125
1 0.5390625 0.16354166666666667 0.015625 0.022916666666666665
