
1 0.375 0.9697916666666667 0.06875 0.05625
1 0.44609375 0.9239583333333333 0.0578125 0.04791666666666667
1 0.2328125 0.990625 0.053125 0.01875
1 0.3140625 0.9541666666666667 0.065625 0.05416666666666667
1 0.3984375 0.9052083333333333 0.059375 0.04791666666666667
1 0.16328125 0.9833333333333333 0.0703125 0.03333333333333333
1 0.2515625 0.940625 0.0625 0.04791666666666667
1 0.32734375 0.8979166666666667 0.0515625 0.04583333333333333
1 0.4 0.85625 0.05625 0.041666666666666664
1 0.11328125 0.9729166666666667 0.0703125 0.05416666666666667
1 0.19453125 0.925 0.0640625 0.05416666666666667
1 0.2828125 0.8791666666666667 0.071875 0.05416666666666667
1 0.3609375 0.8354166666666667 0.05625 0.04583333333333333








1 0.15390625 0.7520833333333333 0.0609375 0.05
1 0.4453125 0.7072916666666667 0.0625 0.035416666666666666
1 0.3578125 0.6479166666666667 0.05625 0.04583333333333333
1 0.6453125 0.2552083333333333 0.021875 0.035416666666666666

5 0.4078125 0.5760416666666667 0.021875 0.027083333333333334
4 0.346875 0.5614583333333333 0.00625 0.014583333333333334
4 0.3640625 0.5541666666666667 0.00625 0.016666666666666666
5 0.4078125 0.553125 0.009375 0.01875
5 0.4296875 0.56875 0.0125 0.025
4 0.3875 0.5541666666666667 0.009375 0.020833333333333332
4 0.3625 0.509375 0.009375 0.027083333333333334
4 0.36640625 0.4979166666666667 0.0109375 0.016666666666666666
5 0.51796875 0.47291666666666665 0.0078125 0.020833333333333332
1 0.578125 0.43125 0.025 0.041666666666666664
5 0.53671875 0.4479166666666667 0.0078125 0.020833333333333332
5 0.55234375 0.42916666666666664 0.0109375 0.016666666666666666
5 0.5546875 0.509375 0.0125 0.027083333333333334
5 0.6484375 0.6802083333333333 0.0125 0.022916666666666665
5 0.61484375 0.4114583333333333 0.0078125 0.01875
5 0.64140625 0.61875 0.0140625 0.03333333333333333
5 0.62578125 0.5177083333333333 0.0109375 0.022916666666666665
5 0.63828125 0.43020833333333336 0.0109375 0.022916666666666665
5 0.65390625 0.509375 0.0109375 0.027083333333333334
5 0.6640625 0.39166666666666666 0.01875 0.025
5 0.6640625 0.3927083333333333 0.015625 0.022916666666666665
5 0.615625 0.4125 0.00625 0.016666666666666666
5 0.546875 0.37604166666666666 0.009375 0.00625
5 0.53515625 0.36666666666666664 0.0078125 0.020833333333333332
5 0.53671875 0.365625 0.0109375 0.022916666666666665
1 0.54375 0.359375 0.01875 0.03958333333333333
3 0.55546875 0.30416666666666664 0.0421875 0.07916666666666666
1 0.5328125 0.25104166666666666 0.015625 0.022916666666666665
1 0.5296875 0.209375 0.01875 0.03125
3 0.51953125 0.14166666666666666 0.0234375 0.05416666666666667
1 0.51328125 0.11354166666666667 0.0109375 0.014583333333333334
1 0.496875 0.15625 0.021875 0.029166666666666667
1 0.49375 0.11041666666666666 0.0125 0.029166666666666667
1 0.52578125 0.05625 0.0140625 0.016666666666666666
1 0.378125 0.24791666666666667 0.01875 0.025
1 0.35625 0.24583333333333332 0.015625 0.025
1 0.3765625 0.225 0.01875 0.025
1 0.35625 0.221875 0.0125 0.01875
1 0.3375 0.22083333333333333 0.0125 0.020833333333333332
1 0.31875 0.228125 0.015625 0.022916666666666665
1 0.321875 0.25625 0.01875 0.03333333333333333
1 0.3 0.22916666666666666 0.01875 0.025
1 0.2796875 0.225 0.015625 0.020833333333333332
1 0.384375 0.18333333333333332 0.015625 0.020833333333333332
1 0.36953125 0.1875 0.0203125 0.025
1 0.33046875 0.184375 0.0171875 0.022916666666666665
1 0.3140625 0.18854166666666666 0.01875 0.03125
1 0.3015625 0.16666666666666666 0.021875 0.029166666666666667
1 0.4921875 0.11041666666666666 0.0125 0.029166666666666667
1 0.57109375 0.28958333333333336 0.0203125 0.03333333333333333
1 0.56015625 0.253125 0.0171875 0.03125
1 0.54765625 0.19895833333333332 0.0171875 0.03125
1 0.5390625 0.16354166666666667 0.015625 0.022916666666666665
