
1 0.37421875 0.9697916666666667 0.0671875 0.05625
1 0.44609375 0.9239583333333333 0.0578125 0.04791666666666667
1 0.2328125 0.990625 0.053125 0.01875
1 0.3140625 0.9552083333333333 0.065625 0.05625
1 0.3984375 0.9052083333333333 0.059375 0.04791666666666667
1 0.16328125 0.9833333333333333 0.0703125 0.03333333333333333
1 0.25078125 0.9416666666666667 0.0609375 0.04583333333333333
1 0.32734375 0.8979166666666667 0.0515625 0.04583333333333333
1 0.4 0.8572916666666667 0.05625 0.04375
1 0.11328125 0.9729166666666667 0.0703125 0.05416666666666667
1 0.19453125 0.925 0.0640625 0.05416666666666667
1 0.2828125 0.8791666666666667 0.071875 0.05416666666666667
1 0.36015625 0.8354166666666667 0.0578125 0.04583333333333333








1 0.1265625 0.7645833333333333 0.0625 0.05416666666666667
1 0.4375 0.7072916666666667 0.0625 0.035416666666666666
1 0.34375 0.653125 0.05625 0.04791666666666667
1 0.6421875 0.24270833333333333 0.01875 0.03125

5 0.41015625 0.5770833333333333 0.0203125 0.029166666666666667
4 0.34765625 0.5604166666666667 0.0046875 0.016666666666666666
4 0.3640625 0.5552083333333333 0.00625 0.01875
5 0.409375 0.5552083333333333 0.009375 0.01875
5 0.43046875 0.5739583333333333 0.0109375 0.027083333333333334
4 0.38828125 0.55625 0.0078125 0.020833333333333332
4 0.3625 0.5104166666666666 0.009375 0.025
4 0.3671875 0.49895833333333334 0.009375 0.014583333333333334
5 0.51796875 0.478125 0.0078125 0.022916666666666665
1 0.57890625 0.43333333333333335 0.0234375 0.041666666666666664
5 0.53671875 0.453125 0.0078125 0.022916666666666665
5 0.553125 0.428125 0.0125 0.01875
5 0.5546875 0.5166666666666667 0.009375 0.025
5 0.6515625 0.69375 0.0125 0.025
5 0.6140625 0.4166666666666667 0.009375 0.020833333333333332
5 0.64375 0.6302083333333334 0.0125 0.03125
5 0.62578125 0.5291666666666667 0.0109375 0.025
5 0.63828125 0.434375 0.0109375 0.022916666666666665
5 0.65546875 0.51875 0.0109375 0.025
5 0.66953125 0.3958333333333333 0.0203125 0.025
5 0.6703125 0.396875 0.01875 0.022916666666666665
5 0.615625 0.41458333333333336 0.00625 0.016666666666666666
5 0.54140625 0.37604166666666666 0.0140625 0.010416666666666666
5 0.53359375 0.36666666666666664 0.0109375 0.020833333333333332
5 0.53515625 0.36354166666666665 0.0109375 0.027083333333333334
1 0.54296875 0.36041666666666666 0.0203125 0.0375
3 0.5578125 0.30625 0.04375 0.07916666666666666
1 0.53359375 0.253125 0.0140625 0.022916666666666665
1 0.53046875 0.21145833333333333 0.0171875 0.03125
3 0.51875 0.14166666666666666 0.025 0.05416666666666667
1 0.5125 0.11354166666666667 0.009375 0.014583333333333334
1 0.4984375 0.15729166666666666 0.025 0.03125
1 0.49453125 0.1125 0.0078125 0.020833333333333332
1 0.52578125 0.06458333333333334 0.0171875 0.03333333333333333
1 0.378125 0.24791666666666667 0.01875 0.025
1 0.35625 0.24583333333333332 0.015625 0.025
1 0.37734375 0.22395833333333334 0.0171875 0.022916666666666665
1 0.35625 0.221875 0.0125 0.01875
1 0.3375 0.221875 0.015625 0.022916666666666665
1 0.31875 0.228125 0.015625 0.022916666666666665
1 0.321875 0.25625 0.01875 0.03333333333333333
1 0.3 0.22916666666666666 0.01875 0.025
1 0.2796875 0.225 0.015625 0.020833333333333332
1 0.384375 0.18333333333333332 0.015625 0.020833333333333332
1 0.36875 0.1875 0.015625 0.020833333333333332
1 0.33046875 0.184375 0.0171875 0.022916666666666665
1 0.3140625 0.18854166666666666 0.01875 0.03125
1 0.3015625 0.16666666666666666 0.021875 0.029166666666666667
1 0.49375 0.1125 0.0125 0.029166666666666667
1 0.57265625 0.2916666666666667 0.0203125 0.03333333333333333
1 0.56015625 0.2552083333333333 0.0171875 0.03125
1 0.54765625 0.2 0.0171875 0.029166666666666667
1 0.5390625 0.16354166666666667 0.015625 0.022916666666666665
