
1 0.375 0.9697916666666667 0.06875 0.05625
1 0.44609375 0.9239583333333333 0.0578125 0.04791666666666667
1 0.2328125 0.990625 0.053125 0.01875
1 0.3140625 0.9541666666666667 0.065625 0.05416666666666667
1 0.3984375 0.9052083333333333 0.059375 0.04791666666666667
1 0.16328125 0.9833333333333333 0.0703125 0.03333333333333333
1 0.25078125 0.9416666666666667 0.0609375 0.04583333333333333
1 0.32734375 0.8979166666666667 0.0515625 0.04583333333333333
1 0.4 0.85625 0.05625 0.041666666666666664
1 0.11328125 0.9729166666666667 0.0703125 0.05416666666666667
1 0.19453125 0.925 0.0640625 0.05416666666666667
1 0.2828125 0.8791666666666667 0.071875 0.05416666666666667
1 0.3609375 0.8354166666666667 0.05625 0.04583333333333333








1 0.1171875 0.76875 0.0625 0.05
1 0.434375 0.7072916666666667 0.0625 0.035416666666666666
1 0.33828125 0.65625 0.0578125 0.04583333333333333
1 0.63984375 0.23854166666666668 0.0203125 0.03125

5 0.41171875 0.5770833333333333 0.0203125 0.029166666666666667
4 0.3484375 0.5614583333333333 0.00625 0.014583333333333334
4 0.36484375 0.55625 0.0046875 0.016666666666666666
5 0.409375 0.5552083333333333 0.009375 0.01875
5 0.43203125 0.575 0.0109375 0.029166666666666667
4 0.3890625 0.55625 0.00625 0.0125
4 0.3625 0.5104166666666666 0.009375 0.025
4 0.36640625 0.49895833333333334 0.0109375 0.014583333333333334
5 0.51875 0.4791666666666667 0.00625 0.020833333333333332
1 0.5796875 0.4354166666666667 0.025 0.041666666666666664
5 0.5359375 0.4552083333333333 0.009375 0.022916666666666665
5 0.553125 0.428125 0.0125 0.01875
5 0.5546875 0.51875 0.0125 0.025
5 0.653125 0.6989583333333333 0.009375 0.022916666666666665
5 0.6140625 0.41770833333333335 0.009375 0.01875
5 0.6453125 0.6354166666666666 0.0125 0.029166666666666667
5 0.628125 0.5322916666666667 0.009375 0.022916666666666665
5 0.6390625 0.43645833333333334 0.009375 0.022916666666666665
5 0.65546875 0.525 0.0109375 0.025
5 0.671875 0.39895833333333336 0.01875 0.022916666666666665
5 0.67265625 0.39895833333333336 0.0171875 0.022916666666666665
5 0.615625 0.41770833333333335 0.00625 0.014583333333333334
5 0.54140625 0.37604166666666666 0.0140625 0.010416666666666666
5 0.534375 0.36666666666666664 0.009375 0.020833333333333332
5 0.53515625 0.3645833333333333 0.0109375 0.029166666666666667
1 0.54296875 0.3614583333333333 0.0203125 0.035416666666666666
3 0.55859375 0.30833333333333335 0.0421875 0.07916666666666666
1 0.534375 0.253125 0.015625 0.022916666666666665
1 0.53046875 0.2125 0.0171875 0.029166666666666667
3 0.51953125 0.14166666666666666 0.0234375 0.05416666666666667
1 0.51328125 0.11354166666666667 0.0109375 0.014583333333333334
1 0.49765625 0.15729166666666666 0.0265625 0.03125
1 0.49453125 0.1125 0.0078125 0.020833333333333332
1 0.5265625 0.05625 0.015625 0.016666666666666666
1 0.378125 0.246875 0.01875 0.022916666666666665
1 0.35625 0.24583333333333332 0.015625 0.025
1 0.37734375 0.225 0.0171875 0.025
1 0.35625 0.22083333333333333 0.0125 0.016666666666666666
1 0.3375 0.221875 0.015625 0.022916666666666665
1 0.31875 0.228125 0.015625 0.022916666666666665
1 0.321875 0.25625 0.01875 0.03333333333333333
1 0.29921875 0.22916666666666666 0.0171875 0.025
1 0.2796875 0.22395833333333334 0.015625 0.01875
1 0.384375 0.18333333333333332 0.015625 0.020833333333333332
1 0.36875 0.1875 0.015625 0.020833333333333332
1 0.33046875 0.184375 0.0171875 0.022916666666666665
1 0.3140625 0.18854166666666666 0.01875 0.03125
1 0.3015625 0.16666666666666666 0.021875 0.029166666666666667
1 0.49296875 0.11354166666666667 0.0140625 0.027083333333333334
1 0.5734375 0.29270833333333335 0.01875 0.03125
1 0.5609375 0.25729166666666664 0.015625 0.03125
1 0.5484375 0.20104166666666667 0.015625 0.027083333333333334
1 0.5390625 0.16354166666666667 0.015625 0.022916666666666665
