
1 0.375 0.9697916666666667 0.06875 0.05625
1 0.44609375 0.9239583333333333 0.0578125 0.04791666666666667
1 0.2328125 0.990625 0.053125 0.01875
1 0.3140625 0.9541666666666667 0.065625 0.05416666666666667
1 0.3984375 0.9052083333333333 0.059375 0.04791666666666667
1 0.1625 0.9833333333333333 0.06875 0.03333333333333333
1 0.2515625 0.940625 0.0625 0.04791666666666667
1 0.32734375 0.8979166666666667 0.0515625 0.04583333333333333
1 0.4 0.8572916666666667 0.05625 0.04375
1 0.11328125 0.9729166666666667 0.0703125 0.05416666666666667
1 0.19453125 0.925 0.0640625 0.05416666666666667
1 0.2828125 0.8791666666666667 0.071875 0.05416666666666667
1 0.36015625 0.8354166666666667 0.0578125 0.04583333333333333








1 0.08828125 0.7822916666666667 0.0640625 0.052083333333333336
1 0.4265625 0.709375 0.0625 0.035416666666666666
1 0.32421875 0.6614583333333334 0.0578125 0.04791666666666667
1 0.6359375 0.22604166666666667 0.01875 0.03125

5 0.4140625 0.5791666666666667 0.021875 0.029166666666666667
4 0.35 0.5604166666666667 0.00625 0.016666666666666666
4 0.365625 0.559375 0.009375 0.01875
5 0.4109375 0.5572916666666666 0.009375 0.01875
5 0.434375 0.5770833333333333 0.0125 0.029166666666666667
4 0.3890625 0.55625 0.003125 0.008333333333333333
4 0.3609375 0.5104166666666666 0.009375 0.025
4 0.36640625 0.49895833333333334 0.0109375 0.014583333333333334
5 0.51796875 0.484375 0.0078125 0.022916666666666665
1 0.58046875 0.4395833333333333 0.0234375 0.041666666666666664
5 0.5375 0.4583333333333333 0.009375 0.020833333333333332
5 0.53671875 0.4083333333333333 0.0171875 0.025
5 0.55546875 0.528125 0.0109375 0.027083333333333334
5 0.65703125 0.715625 0.0109375 0.022916666666666665
5 0.61484375 0.42083333333333334 0.0078125 0.020833333333333332
5 0.64765625 0.6489583333333333 0.0109375 0.03125
5 0.62734375 0.54375 0.0109375 0.025
5 0.6390625 0.440625 0.009375 0.022916666666666665
5 0.65625 0.5354166666666667 0.0125 0.025
5 0.67890625 0.4041666666666667 0.0171875 0.025
5 0.67890625 0.4041666666666667 0.0171875 0.025
5 0.615625 0.42083333333333334 0.00625 0.016666666666666666
5 0.53828125 0.375 0.0078125 0.0125
5 0.53515625 0.37083333333333335 0.0046875 0.0125
5 0.5359375 0.36770833333333336 0.009375 0.027083333333333334
1 0.54296875 0.3645833333333333 0.0203125 0.0375
3 0.559375 0.3104166666666667 0.04375 0.07916666666666666
1 0.534375 0.2552083333333333 0.015625 0.022916666666666665
1 0.53046875 0.21458333333333332 0.0171875 0.029166666666666667
3 0.51953125 0.14166666666666666 0.0234375 0.05416666666666667
1 0.51328125 0.1125 0.0109375 0.0125
1 0.5171875 0.09166666666666666 0.025 0.0375
1 0.49453125 0.11666666666666667 0.0109375 0.025
1 0.52578125 0.07083333333333333 0.0171875 0.041666666666666664
1 0.378125 0.246875 0.01875 0.022916666666666665
1 0.35859375 0.24583333333333332 0.0171875 0.025
1 0.3765625 0.225 0.01875 0.025
1 0.35625 0.22083333333333333 0.0125 0.016666666666666666
1 0.3375 0.221875 0.015625 0.022916666666666665
1 0.31875 0.228125 0.015625 0.022916666666666665
1 0.321875 0.25625 0.01875 0.03333333333333333
1 0.29921875 0.23020833333333332 0.0171875 0.022916666666666665
1 0.2796875 0.225 0.015625 0.020833333333333332
1 0.384375 0.18333333333333332 0.015625 0.020833333333333332
1 0.36875 0.1875 0.015625 0.020833333333333332
1 0.33046875 0.184375 0.0171875 0.022916666666666665
1 0.3140625 0.18854166666666666 0.01875 0.03125
1 0.3015625 0.16666666666666666 0.021875 0.029166666666666667
1 0.49375 0.11666666666666667 0.0125 0.029166666666666667
1 0.57421875 0.2947916666666667 0.0203125 0.03125
1 0.5609375 0.259375 0.015625 0.03125
1 0.54921875 0.20208333333333334 0.0171875 0.029166666666666667
1 0.5390625 0.16458333333333333 0.015625 0.020833333333333332
