
1 0.37421875 0.9697916666666667 0.0671875 0.05625
1 0.44609375 0.9239583333333333 0.0578125 0.04791666666666667
1 0.2328125 0.990625 0.053125 0.01875
1 0.3140625 0.9541666666666667 0.065625 0.05416666666666667
1 0.39765625 0.9052083333333333 0.0578125 0.04791666666666667
1 0.16171875 0.9833333333333333 0.0703125 0.03333333333333333
1 0.2515625 0.940625 0.0625 0.04791666666666667
1 0.32734375 0.8979166666666667 0.0515625 0.04583333333333333
1 0.39921875 0.8572916666666667 0.0578125 0.04375
1 0.1125 0.9729166666666667 0.071875 0.05416666666666667
1 0.19453125 0.925 0.0640625 0.05416666666666667
1 0.28203125 0.8791666666666667 0.0734375 0.05416666666666667
1 0.359375 0.8354166666666667 0.05625 0.04583333333333333








1 0.059375 0.7979166666666667 0.065625 0.05416666666666667
1 0.4171875 0.709375 0.0625 0.035416666666666666
1 0.31015625 0.6677083333333333 0.0578125 0.04791666666666667
1 0.6328125 0.21458333333333332 0.01875 0.029166666666666667

5 0.41484375 0.58125 0.0203125 0.029166666666666667
4 0.35 0.5614583333333333 0.00625 0.014583333333333334
4 0.36640625 0.559375 0.0078125 0.01875
5 0.41171875 0.559375 0.0078125 0.01875
5 0.4375 0.58125 0.0125 0.025
4 0.390625 0.5583333333333333 0.00625 0.008333333333333333
4 0.36171875 0.5104166666666666 0.0109375 0.025
4 0.3671875 0.49895833333333334 0.009375 0.014583333333333334
5 0.51875 0.490625 0.009375 0.022916666666666665
1 0.58203125 0.44375 0.0234375 0.041666666666666664
5 0.5375 0.4625 0.009375 0.020833333333333332
5 0.53515625 0.4114583333333333 0.0078125 0.022916666666666665
5 0.55703125 0.5333333333333333 0.0109375 0.025
5 0.659375 0.7302083333333333 0.0125 0.022916666666666665
5 0.615625 0.42604166666666665 0.00625 0.01875
5 0.65 0.6635416666666667 0.0125 0.03125
5 0.62734375 0.5552083333333333 0.0109375 0.022916666666666665
5 0.63828125 0.446875 0.0109375 0.022916666666666665
5 0.65859375 0.546875 0.0109375 0.027083333333333334
5 0.684375 0.40729166666666666 0.021875 0.027083333333333334
5 0.684375 0.4083333333333333 0.01875 0.025
5 0.615625 0.425 0.00625 0.016666666666666666
5 0.5421875 0.38333333333333336 0.009375 0.008333333333333333
5 0.53515625 0.37395833333333334 0.0046875 0.014583333333333334
5 0.53671875 0.36875 0.0109375 0.03333333333333333
1 0.54296875 0.36666666666666664 0.0203125 0.0375
3 0.5609375 0.31354166666666666 0.04375 0.07708333333333334
1 0.534375 0.25625 0.015625 0.020833333333333332
1 0.53125 0.21666666666666667 0.015625 0.029166666666666667
3 0.51953125 0.14166666666666666 0.0234375 0.05416666666666667
1 0.51328125 0.1125 0.0109375 0.0125
1 0.51875 0.090625 0.028125 0.035416666666666666
1 0.49375 0.11875 0.009375 0.025
1 0.52578125 0.07604166666666666 0.0171875 0.03958333333333333
1 0.37734375 0.24895833333333334 0.0171875 0.022916666666666665
1 0.35859375 0.24583333333333332 0.0171875 0.025
1 0.3765625 0.225 0.01875 0.025
1 0.35625 0.22083333333333333 0.0125 0.016666666666666666
1 0.3375 0.221875 0.015625 0.022916666666666665
1 0.31796875 0.228125 0.0140625 0.022916666666666665
1 0.321875 0.25625 0.01875 0.03333333333333333
1 0.29921875 0.22916666666666666 0.0171875 0.025
1 0.2796875 0.225 0.015625 0.020833333333333332
1 0.384375 0.18333333333333332 0.015625 0.020833333333333332
1 0.36953125 0.18854166666666666 0.0203125 0.022916666666666665
1 0.33046875 0.184375 0.0171875 0.022916666666666665
1 0.3140625 0.18854166666666666 0.01875 0.03125
1 0.3015625 0.16666666666666666 0.021875 0.029166666666666667
1 0.49375 0.11875 0.0125 0.029166666666666667
1 0.575 0.29583333333333334 0.021875 0.03333333333333333
1 0.56171875 0.26145833333333335 0.0171875 0.03125
1 0.54921875 0.20416666666666666 0.0171875 0.029166666666666667
1 0.5390625 0.16458333333333333 0.015625 0.020833333333333332
