
1 0.37421875 0.9697916666666667 0.0671875 0.05625
1 0.44609375 0.9239583333333333 0.0578125 0.04791666666666667
1 0.2328125 0.990625 0.053125 0.01875
1 0.31328125 0.9541666666666667 0.0671875 0.05416666666666667
1 0.39765625 0.9052083333333333 0.0578125 0.04791666666666667
1 0.16171875 0.9833333333333333 0.0703125 0.03333333333333333
1 0.2515625 0.940625 0.0625 0.04791666666666667
1 0.32734375 0.8979166666666667 0.0515625 0.04583333333333333
1 0.39921875 0.85625 0.0578125 0.041666666666666664
1 0.1125 0.9729166666666667 0.071875 0.05416666666666667
1 0.19453125 0.925 0.0640625 0.05416666666666667
1 0.28203125 0.8791666666666667 0.0734375 0.05416666666666667
1 0.359375 0.8354166666666667 0.05625 0.04583333333333333








1 0.040625 0.8072916666666666 0.065625 0.05625
1 0.4125 0.7104166666666667 0.0625 0.0375
1 0.30078125 0.671875 0.0578125 0.04791666666666667
1 0.63046875 0.209375 0.0171875 0.03125

5 0.41484375 0.5833333333333334 0.0203125 0.029166666666666667
4 0.3515625 0.5614583333333333 0.00625 0.014583333333333334
4 0.365625 0.5604166666666667 0.00625 0.016666666666666666
5 0.4125 0.5604166666666667 0.009375 0.020833333333333332
5 0.43671875 0.584375 0.0109375 0.027083333333333334
4 0.38984375 0.5625 0.0078125 0.016666666666666666
4 0.36171875 0.509375 0.0109375 0.022916666666666665
4 0.3671875 0.49895833333333334 0.009375 0.014583333333333334
5 0.5203125 0.4947916666666667 0.009375 0.022916666666666665
1 0.58203125 0.44583333333333336 0.0234375 0.041666666666666664
5 0.5375 0.46458333333333335 0.009375 0.025
5 0.5359375 0.41354166666666664 0.009375 0.022916666666666665
5 0.5578125 0.5375 0.009375 0.025
5 0.66328125 0.7375 0.0109375 0.020833333333333332
5 0.615625 0.428125 0.00625 0.01875
5 0.65 0.671875 0.015625 0.03125
5 0.628125 0.5614583333333333 0.009375 0.022916666666666665
5 0.63828125 0.44895833333333335 0.0109375 0.022916666666666665
5 0.6609375 0.5541666666666667 0.0125 0.029166666666666667
5 0.6890625 0.4114583333333333 0.021875 0.027083333333333334
5 0.68828125 0.4114583333333333 0.0203125 0.027083333333333334
5 0.615625 0.428125 0.00625 0.01875
5 0.5390625 0.3802083333333333 0.0125 0.01875
5 0.534375 0.375 0.00625 0.020833333333333332
5 0.5390625 0.36875 0.015625 0.03333333333333333
1 0.5421875 0.36875 0.01875 0.0375
3 0.5609375 0.3145833333333333 0.04375 0.07916666666666666
1 0.534375 0.25833333333333336 0.015625 0.025
1 0.53125 0.21875 0.015625 0.029166666666666667
3 0.51875 0.14166666666666666 0.025 0.05416666666666667
1 0.51328125 0.11354166666666667 0.0109375 0.014583333333333334
1 0.51875 0.09166666666666666 0.028125 0.03333333333333333
1 0.49375 0.12083333333333333 0.009375 0.025
1 0.52578125 0.07708333333333334 0.0171875 0.041666666666666664
1 0.37734375 0.24791666666666667 0.0171875 0.025
1 0.35625 0.24583333333333332 0.015625 0.025
1 0.37578125 0.22395833333333334 0.0171875 0.022916666666666665
1 0.35546875 0.221875 0.0140625 0.01875
1 0.3375 0.221875 0.015625 0.022916666666666665
1 0.31796875 0.228125 0.0140625 0.022916666666666665
1 0.321875 0.25729166666666664 0.01875 0.035416666666666666
1 0.29921875 0.22916666666666666 0.0171875 0.025
1 0.2796875 0.22395833333333334 0.015625 0.01875
1 0.384375 0.18333333333333332 0.015625 0.020833333333333332
1 0.36875 0.1875 0.015625 0.020833333333333332
1 0.33046875 0.184375 0.0171875 0.022916666666666665
1 0.31328125 0.18854166666666666 0.0203125 0.03125
1 0.3015625 0.16666666666666666 0.021875 0.029166666666666667
1 0.49375 0.12083333333333333 0.0125 0.029166666666666667
1 0.575 0.296875 0.021875 0.03125
1 0.56171875 0.2635416666666667 0.0171875 0.03125
1 0.55 0.20729166666666668 0.015625 0.03125
1 0.53984375 0.165625 0.0140625 0.022916666666666665
