
1 0.37421875 0.9697916666666667 0.0671875 0.05625
1 0.4453125 0.925 0.059375 0.05
1 0.23203125 0.990625 0.0515625 0.01875
1 0.31328125 0.9541666666666667 0.0671875 0.05416666666666667
1 0.39765625 0.9052083333333333 0.0578125 0.04791666666666667
1 0.16171875 0.9833333333333333 0.0703125 0.03333333333333333
1 0.25078125 0.940625 0.0640625 0.04791666666666667
1 0.3265625 0.8979166666666667 0.053125 0.04583333333333333
1 0.39921875 0.8572916666666667 0.0578125 0.04375
1 0.11171875 0.9729166666666667 0.0703125 0.05416666666666667
1 0.19296875 0.925 0.0640625 0.05416666666666667
1 0.28203125 0.8791666666666667 0.0734375 0.05416666666666667
1 0.359375 0.8354166666666667 0.05625 0.04583333333333333








1 0.02109375 0.8166666666666667 0.0421875 0.04583333333333333
1 0.4015625 0.7135416666666666 0.0625 0.03958333333333333
1 0.28671875 0.6791666666666667 0.0609375 0.05
1 0.6265625 0.19895833333333332 0.01875 0.03125

5 0.41796875 0.5875 0.0171875 0.029166666666666667
4 0.35234375 0.5614583333333333 0.0078125 0.01875
4 0.365625 0.5625 0.00625 0.016666666666666666
5 0.4125 0.5645833333333333 0.009375 0.020833333333333332
5 0.440625 0.5875 0.009375 0.025
4 0.390625 0.5645833333333333 0.00625 0.016666666666666666
4 0.36171875 0.509375 0.0109375 0.022916666666666665
4 0.36640625 0.4979166666666667 0.0109375 0.0125
5 0.51875 0.503125 0.0125 0.022916666666666665
1 0.5828125 0.4510416666666667 0.021875 0.03958333333333333
5 0.5375 0.46979166666666666 0.009375 0.022916666666666665
5 0.5375 0.41875 0.00625 0.016666666666666666
5 0.55859375 0.5447916666666667 0.0109375 0.027083333333333334
5 0.6671875 0.7541666666666667 0.0125 0.025
5 0.61484375 0.4322916666666667 0.0078125 0.022916666666666665
5 0.653125 0.6875 0.015625 0.03333333333333333
5 0.62890625 0.575 0.0109375 0.025
5 0.63828125 0.4552083333333333 0.0109375 0.022916666666666665
5 0.6609375 0.5666666666666667 0.0125 0.029166666666666667
5 0.69609375 0.4166666666666667 0.0203125 0.025
5 0.696875 0.4166666666666667 0.01875 0.025
5 0.615625 0.4322916666666667 0.00625 0.014583333333333334
5 0.5375 0.38125 0.009375 0.016666666666666666
5 0.5359375 0.37916666666666665 0.009375 0.020833333333333332
5 0.53984375 0.3729166666666667 0.0171875 0.03333333333333333
1 0.5421875 0.37083333333333335 0.01875 0.0375
3 0.56171875 0.31875 0.0421875 0.07916666666666666
1 0.53515625 0.2604166666666667 0.0140625 0.025
1 0.53203125 0.22083333333333333 0.0171875 0.029166666666666667
3 0.51875 0.14270833333333333 0.025 0.05625
1 0.51171875 0.11354166666666667 0.0109375 0.014583333333333334
1 0.52578125 0.0875 0.0140625 0.025
1 0.49375 0.12395833333333334 0.0125 0.027083333333333334
1 0.52578125 0.0875 0.0140625 0.020833333333333332
1 0.37734375 0.24791666666666667 0.0171875 0.025
1 0.35625 0.24583333333333332 0.015625 0.025
1 0.37578125 0.22395833333333334 0.0171875 0.022916666666666665
1 0.35625 0.22083333333333333 0.0125 0.016666666666666666
1 0.33671875 0.221875 0.0140625 0.022916666666666665
1 0.31796875 0.228125 0.0140625 0.022916666666666665
1 0.321875 0.25729166666666664 0.01875 0.035416666666666666
1 0.29921875 0.22916666666666666 0.0171875 0.025
1 0.27890625 0.225 0.0171875 0.020833333333333332
1 0.384375 0.18333333333333332 0.015625 0.020833333333333332
1 0.36875 0.1875 0.015625 0.020833333333333332
1 0.32890625 0.184375 0.0140625 0.022916666666666665
1 0.3125 0.18854166666666666 0.01875 0.03125
1 0.3015625 0.16770833333333332 0.021875 0.03125
1 0.49375 0.121875 0.0125 0.03125
1 0.5765625 0.2989583333333333 0.021875 0.03125
1 0.56171875 0.265625 0.0171875 0.03125
1 0.55 0.21041666666666667 0.015625 0.029166666666666667
1 0.53984375 0.16770833333333332 0.0140625 0.022916666666666665
