
1 0.37421875 0.9697916666666667 0.0671875 0.05625
1 0.4453125 0.925 0.059375 0.05
1 0.23203125 0.990625 0.0515625 0.01875
1 0.31328125 0.9541666666666667 0.0671875 0.05416666666666667
1 0.39765625 0.9052083333333333 0.0578125 0.04791666666666667
1 0.16171875 0.9833333333333333 0.0703125 0.03333333333333333
1 0.25 0.9416666666666667 0.0625 0.04583333333333333
1 0.3265625 0.8979166666666667 0.053125 0.04583333333333333
1 0.39921875 0.8572916666666667 0.0578125 0.04375
1 0.1125 0.9729166666666667 0.071875 0.05416666666666667
1 0.19296875 0.925 0.0640625 0.05416666666666667
1 0.28203125 0.8791666666666667 0.0734375 0.05416666666666667
1 0.359375 0.8354166666666667 0.05625 0.04583333333333333








1 0.01484375 0.821875 0.0296875 0.04375
1 0.3984375 0.7145833333333333 0.0625 0.0375
1 0.28125 0.68125 0.059375 0.05
1 0.62578125 0.19583333333333333 0.0203125 0.03333333333333333

5 0.41796875 0.5875 0.0171875 0.029166666666666667
4 0.35234375 0.5625 0.0078125 0.016666666666666666
4 0.365625 0.5635416666666667 0.00625 0.014583333333333334
5 0.41328125 0.5645833333333333 0.0078125 0.020833333333333332
5 0.44140625 0.5895833333333333 0.0109375 0.025
4 0.39140625 0.5645833333333333 0.0046875 0.0125
4 0.36171875 0.509375 0.0109375 0.022916666666666665
4 0.3671875 0.4979166666666667 0.009375 0.0125
5 0.51953125 0.50625 0.0109375 0.025
1 0.5828125 0.453125 0.021875 0.03958333333333333
5 0.5375 0.471875 0.009375 0.022916666666666665
5 0.5390625 0.41875 0.00625 0.016666666666666666
5 0.56015625 0.5489583333333333 0.0109375 0.027083333333333334
5 0.66875 0.7614583333333333 0.0125 0.022916666666666665
5 0.61484375 0.4354166666666667 0.0078125 0.020833333333333332
5 0.6546875 0.69375 0.015625 0.0375
5 0.62890625 0.5802083333333333 0.0109375 0.022916666666666665
5 0.6390625 0.45625 0.009375 0.020833333333333332
5 0.6625 0.5729166666666666 0.0125 0.029166666666666667
5 0.6984375 0.4166666666666667 0.021875 0.025
5 0.69921875 0.41770833333333335 0.0203125 0.022916666666666665
5 0.615625 0.434375 0.00625 0.014583333333333334
5 0.53671875 0.38229166666666664 0.0109375 0.014583333333333334
5 0.5328125 0.3770833333333333 0.009375 0.025
5 0.540625 0.3729166666666667 0.01875 0.03333333333333333
1 0.54140625 0.3729166666666667 0.0203125 0.0375
3 0.5625 0.31979166666666664 0.04375 0.08125
1 0.53515625 0.26145833333333335 0.0140625 0.022916666666666665
1 0.53203125 0.22291666666666668 0.0171875 0.029166666666666667
3 0.51875 0.14166666666666666 0.025 0.058333333333333334
1 0.51171875 0.1125 0.0109375 0.0125
1 0.52578125 0.08854166666666667 0.0140625 0.022916666666666665
1 0.49296875 0.125 0.0109375 0.025
1 0.52578125 0.0875 0.0140625 0.020833333333333332
1 0.37734375 0.24791666666666667 0.0171875 0.025
1 0.35625 0.24583333333333332 0.015625 0.025
1 0.37578125 0.22395833333333334 0.0171875 0.022916666666666665
1 0.35546875 0.221875 0.0140625 0.01875
1 0.33671875 0.221875 0.0140625 0.022916666666666665
1 0.31796875 0.228125 0.0140625 0.022916666666666665
1 0.321875 0.25729166666666664 0.01875 0.035416666666666666
1 0.29921875 0.22916666666666666 0.0171875 0.025
1 0.27890625 0.22395833333333334 0.0171875 0.01875
1 0.384375 0.18333333333333332 0.015625 0.020833333333333332
1 0.36875 0.1875 0.015625 0.020833333333333332
1 0.32890625 0.184375 0.0140625 0.022916666666666665
1 0.3125 0.18854166666666666 0.01875 0.03125
1 0.3015625 0.16666666666666666 0.021875 0.029166666666666667
1 0.49375 0.12395833333333334 0.0125 0.027083333333333334
1 0.57734375 0.3 0.0234375 0.03333333333333333
1 0.56171875 0.265625 0.0171875 0.03125
1 0.5515625 0.2125 0.01875 0.029166666666666667
1 0.53984375 0.16770833333333332 0.0140625 0.022916666666666665
