
1 0.37421875 0.9697916666666667 0.0671875 0.05625
1 0.4453125 0.925 0.059375 0.05
1 0.23125 0.990625 0.053125 0.01875
1 0.3125 0.9541666666666667 0.065625 0.05416666666666667
1 0.39765625 0.9052083333333333 0.0578125 0.04791666666666667
1 0.1625 0.9822916666666667 0.071875 0.035416666666666666
1 0.25 0.940625 0.0625 0.04791666666666667
1 0.3265625 0.8979166666666667 0.053125 0.04583333333333333
1 0.39921875 0.85625 0.0578125 0.04583333333333333
1 0.1125 0.9729166666666667 0.071875 0.05416666666666667
1 0.19375 0.925 0.065625 0.05416666666666667
1 0.28203125 0.8791666666666667 0.0734375 0.05416666666666667
1 0.35859375 0.8354166666666667 0.0578125 0.04583333333333333





1 0.53046875 0.7072916666666667 0.0546875 0.03958333333333333


1 0.00546875 0.8260416666666667 0.0109375 0.03125
1 0.39140625 0.715625 0.0609375 0.03958333333333333
1 0.271875 0.6854166666666667 0.059375 0.05
1 0.62265625 0.190625 0.0203125 0.03125

5 0.41953125 0.590625 0.0171875 0.03125
4 0.353125 0.5635416666666667 0.009375 0.01875
4 0.365625 0.5645833333333333 0.00625 0.016666666666666666
5 0.41328125 0.5666666666666667 0.0078125 0.020833333333333332
5 0.4421875 0.5927083333333333 0.0125 0.027083333333333334
4 0.3921875 0.5677083333333334 0.009375 0.01875
4 0.3625 0.509375 0.009375 0.022916666666666665
4 0.3671875 0.4979166666666667 0.009375 0.0125
5 0.5203125 0.5104166666666666 0.0125 0.025
1 0.58359375 0.45625 0.0234375 0.0375
5 0.5375 0.4739583333333333 0.009375 0.022916666666666665
5 0.5375 0.4239583333333333 0.009375 0.022916666666666665
5 0.5609375 0.5510416666666667 0.0125 0.022916666666666665
5 0.6703125 0.7708333333333334 0.0125 0.025
5 0.615625 0.4395833333333333 0.009375 0.025
5 0.65625 0.703125 0.015625 0.035416666666666666
5 0.63046875 0.5875 0.0109375 0.025
5 0.6390625 0.459375 0.009375 0.022916666666666665
5 0.66328125 0.5802083333333333 0.0140625 0.027083333333333334
5 0.70078125 0.4197916666666667 0.0234375 0.027083333333333334
5 0.7015625 0.4197916666666667 0.021875 0.027083333333333334
5 0.615625 0.43645833333333334 0.00625 0.014583333333333334
5 0.53671875 0.384375 0.0109375 0.01875
5 0.534375 0.38125 0.009375 0.020833333333333332
5 0.540625 0.37604166666666666 0.01875 0.035416666666666666
1 0.54140625 0.375 0.0203125 0.0375
3 0.56328125 0.3229166666666667 0.0421875 0.07916666666666666
1 0.5359375 0.2625 0.015625 0.025
1 0.53203125 0.22395833333333334 0.0171875 0.03125
3 0.51875 0.14270833333333333 0.025 0.05625
1 0.5125 0.11354166666666667 0.009375 0.014583333333333334
1 0.5265625 0.090625 0.015625 0.022916666666666665
1 0.49453125 0.12708333333333333 0.0109375 0.025
1 0.5265625 0.08854166666666667 0.0125 0.01875
1 0.37734375 0.24791666666666667 0.0171875 0.025
1 0.35625 0.24583333333333332 0.015625 0.025
1 0.37578125 0.225 0.0171875 0.025
1 0.35625 0.22083333333333333 0.0125 0.016666666666666666
1 0.33671875 0.221875 0.0140625 0.022916666666666665
1 0.31796875 0.228125 0.0140625 0.022916666666666665
1 0.321875 0.25729166666666664 0.01875 0.035416666666666666
1 0.29921875 0.22916666666666666 0.0171875 0.025
1 0.27890625 0.22395833333333334 0.0171875 0.01875
1 0.38359375 0.18333333333333332 0.0140625 0.020833333333333332
1 0.36875 0.1875 0.015625 0.020833333333333332
1 0.3296875 0.184375 0.015625 0.022916666666666665
1 0.3125 0.18854166666666666 0.01875 0.03125
1 0.30078125 0.16666666666666666 0.0203125 0.029166666666666667
1 0.49375 0.12604166666666666 0.0125 0.027083333333333334
1 0.578125 0.30104166666666665 0.021875 0.03125
1 0.56171875 0.26666666666666666 0.0171875 0.029166666666666667
1 0.55078125 0.21354166666666666 0.0171875 0.027083333333333334
1 0.53984375 0.16979166666666667 0.0140625 0.022916666666666665
