
1 0.37421875 0.9697916666666667 0.0671875 0.05625
1 0.4453125 0.9239583333333333 0.059375 0.04791666666666667
1 0.23125 0.990625 0.053125 0.01875
1 0.31328125 0.9552083333333333 0.0671875 0.05625
1 0.39765625 0.9052083333333333 0.0578125 0.04791666666666667
1 0.16171875 0.9833333333333333 0.0703125 0.03333333333333333
1 0.25 0.9416666666666667 0.0625 0.04583333333333333
1 0.3265625 0.8979166666666667 0.053125 0.04583333333333333
1 0.39921875 0.8572916666666667 0.0578125 0.04375
1 0.11171875 0.9729166666666667 0.0703125 0.05416666666666667
1 0.19375 0.925 0.065625 0.05416666666666667
1 0.28125 0.8791666666666667 0.071875 0.05416666666666667
1 0.35859375 0.8354166666666667 0.0578125 0.04583333333333333





1 0.528125 0.70625 0.053125 0.0375



1 0.3875 0.7166666666666667 0.0625 0.0375
1 0.2671875 0.6895833333333333 0.059375 0.05416666666666667
1 0.62109375 0.1875 0.0203125 0.03333333333333333

5 0.4203125 0.590625 0.01875 0.03125
4 0.353125 0.5635416666666667 0.009375 0.01875
4 0.3671875 0.565625 0.00625 0.01875
5 0.41328125 0.56875 0.0078125 0.020833333333333332
5 0.44296875 0.5927083333333333 0.0109375 0.022916666666666665
4 0.39296875 0.5677083333333334 0.0078125 0.01875
4 0.3625 0.509375 0.009375 0.022916666666666665
4 0.3671875 0.49895833333333334 0.009375 0.010416666666666666
5 0.521875 0.5114583333333333 0.009375 0.022916666666666665
1 0.584375 0.459375 0.025 0.03958333333333333
5 0.5375 0.47708333333333336 0.009375 0.020833333333333332
5 0.5375 0.42604166666666665 0.009375 0.022916666666666665
5 0.56171875 0.5541666666666667 0.0109375 0.025
5 0.67109375 0.778125 0.0140625 0.022916666666666665
5 0.615625 0.440625 0.009375 0.022916666666666665
5 0.6578125 0.7083333333333334 0.015625 0.03333333333333333
5 0.63046875 0.5927083333333333 0.0109375 0.027083333333333334
5 0.6390625 0.4625 0.009375 0.025
5 0.6640625 0.5864583333333333 0.0125 0.03125
5 0.70546875 0.421875 0.0203125 0.027083333333333334
5 0.70546875 0.421875 0.0203125 0.027083333333333334
5 0.6171875 0.4395833333333333 0.00625 0.016666666666666666
5 0.53828125 0.3854166666666667 0.0140625 0.020833333333333332
5 0.53359375 0.3802083333333333 0.0109375 0.022916666666666665
5 0.540625 0.3770833333333333 0.01875 0.03333333333333333
1 0.540625 0.3770833333333333 0.01875 0.0375
3 0.56328125 0.3229166666666667 0.0421875 0.07916666666666666
1 0.5359375 0.26458333333333334 0.015625 0.025
1 0.53203125 0.225 0.0171875 0.029166666666666667
3 0.51875 0.14375 0.025 0.058333333333333334
1 0.51171875 0.1125 0.0109375 0.0125
1 0.5265625 0.09166666666666666 0.015625 0.025
1 0.49375 0.12708333333333333 0.0125 0.025
1 0.5265625 0.08958333333333333 0.0125 0.020833333333333332
1 0.37734375 0.24791666666666667 0.0171875 0.025
1 0.35625 0.24583333333333332 0.015625 0.025
1 0.37578125 0.22395833333333334 0.0171875 0.022916666666666665
1 0.35625 0.22083333333333333 0.0125 0.016666666666666666
1 0.33671875 0.221875 0.0140625 0.022916666666666665
1 0.31796875 0.228125 0.0140625 0.022916666666666665
1 0.321875 0.25729166666666664 0.01875 0.035416666666666666
1 0.29921875 0.22916666666666666 0.0171875 0.025
1 0.27890625 0.225 0.0171875 0.020833333333333332
1 0.38359375 0.18333333333333332 0.0140625 0.020833333333333332
1 0.36875 0.18854166666666666 0.01875 0.022916666666666665
1 0.33046875 0.184375 0.0171875 0.022916666666666665
1 0.3125 0.18854166666666666 0.01875 0.03125
1 0.30078125 0.16666666666666666 0.0203125 0.029166666666666667
1 0.49375 0.12708333333333333 0.0125 0.025
1 0.578125 0.303125 0.021875 0.03125
1 0.56171875 0.2677083333333333 0.0171875 0.03125
1 0.55078125 0.21458333333333332 0.0171875 0.029166666666666667
1 0.53984375 0.16979166666666667 0.0140625 0.022916666666666665
