
1 0.37421875 0.9697916666666667 0.0671875 0.05625
1 0.4453125 0.9239583333333333 0.059375 0.04791666666666667
1 0.23125 0.990625 0.053125 0.01875
1 0.3125 0.9552083333333333 0.065625 0.05625
1 0.39765625 0.9052083333333333 0.0578125 0.04791666666666667
1 0.16171875 0.9833333333333333 0.0703125 0.03333333333333333
1 0.25 0.9416666666666667 0.0625 0.04583333333333333
1 0.3265625 0.8979166666666667 0.053125 0.04583333333333333
1 0.39921875 0.85625 0.0578125 0.04583333333333333
1 0.1125 0.9729166666666667 0.071875 0.05416666666666667
1 0.19375 0.925 0.065625 0.05416666666666667
1 0.28203125 0.8791666666666667 0.0734375 0.05416666666666667
1 0.35859375 0.8354166666666667 0.0578125 0.04583333333333333





1 0.521875 0.70625 0.05625 0.0375



1 0.38125 0.7197916666666667 0.0625 0.03958333333333333
1 0.25859375 0.6927083333333334 0.0609375 0.052083333333333336
1 0.61953125 0.184375 0.0203125 0.03958333333333333

5 0.42109375 0.5916666666666667 0.0171875 0.03333333333333333
4 0.3546875 0.5645833333333333 0.009375 0.020833333333333332
4 0.3671875 0.5677083333333334 0.00625 0.01875
5 0.41484375 0.56875 0.0078125 0.020833333333333332
5 0.44375 0.596875 0.0125 0.027083333333333334
4 0.39296875 0.5697916666666667 0.0078125 0.01875
4 0.3640625 0.5083333333333333 0.009375 0.020833333333333332
4 0.3671875 0.49895833333333334 0.009375 0.010416666666666666
5 0.521875 0.515625 0.009375 0.022916666666666665
1 0.5859375 0.46145833333333336 0.025 0.03958333333333333
5 0.53828125 0.48020833333333335 0.0078125 0.022916666666666665
5 0.5375 0.42916666666666664 0.009375 0.025
5 0.56328125 0.559375 0.0109375 0.027083333333333334
5 0.6734375 0.7854166666666667 0.0125 0.025
5 0.615625 0.44479166666666664 0.009375 0.022916666666666665
5 0.6609375 0.7177083333333333 0.015625 0.035416666666666666
5 0.63203125 0.6010416666666667 0.0109375 0.027083333333333334
5 0.63828125 0.465625 0.0109375 0.022916666666666665
5 0.665625 0.5947916666666667 0.0125 0.03125
5 0.71015625 0.4239583333333333 0.0203125 0.027083333333333334
5 0.71015625 0.425 0.0203125 0.025
5 0.6171875 0.44375 0.00625 0.016666666666666666
5 0.5375 0.3875 0.015625 0.020833333333333332
5 0.53515625 0.38333333333333336 0.0140625 0.025
5 0.540625 0.37916666666666665 0.01875 0.0375
1 0.53984375 0.37916666666666665 0.0203125 0.0375
3 0.56484375 0.3260416666666667 0.0421875 0.08125
1 0.5359375 0.265625 0.015625 0.027083333333333334
1 0.53203125 0.22604166666666667 0.0171875 0.03125
3 0.51875 0.14270833333333333 0.025 0.06041666666666667
1 0.51171875 0.11354166666666667 0.0109375 0.014583333333333334
1 0.52734375 0.09270833333333334 0.0140625 0.022916666666666665
1 0.49453125 0.12916666666666668 0.0109375 0.020833333333333332
1 0.5265625 0.09166666666666666 0.015625 0.025
1 0.37734375 0.24791666666666667 0.0171875 0.025
1 0.35546875 0.24583333333333332 0.0140625 0.025
1 0.37578125 0.22395833333333334 0.0171875 0.022916666666666665
1 0.35625 0.22083333333333333 0.0125 0.016666666666666666
1 0.33671875 0.221875 0.0140625 0.022916666666666665
1 0.31796875 0.228125 0.0140625 0.022916666666666665
1 0.321875 0.25729166666666664 0.01875 0.035416666666666666
1 0.29921875 0.23020833333333332 0.0171875 0.022916666666666665
1 0.27890625 0.225 0.0171875 0.020833333333333332
1 0.38359375 0.18333333333333332 0.0140625 0.020833333333333332
1 0.36875 0.18854166666666666 0.01875 0.022916666666666665
1 0.33046875 0.184375 0.0171875 0.022916666666666665
1 0.3125 0.18854166666666666 0.01875 0.03125
1 0.30078125 0.16875 0.0203125 0.029166666666666667
1 0.49453125 0.128125 0.0109375 0.022916666666666665
1 0.57890625 0.30416666666666664 0.0234375 0.03333333333333333
1 0.56328125 0.26875 0.0171875 0.029166666666666667
1 0.5515625 0.21666666666666667 0.01875 0.029166666666666667
1 0.540625 0.171875 0.015625 0.022916666666666665
