
1 0.37265625 0.9697916666666667 0.0671875 0.05625
1 0.4453125 0.9239583333333333 0.059375 0.04791666666666667
1 0.23203125 0.990625 0.0515625 0.01875
1 0.3125 0.9552083333333333 0.065625 0.05625
1 0.39765625 0.9052083333333333 0.0578125 0.04791666666666667
1 0.16171875 0.9833333333333333 0.0703125 0.03333333333333333
1 0.25 0.940625 0.0625 0.04791666666666667
1 0.3265625 0.8979166666666667 0.053125 0.04583333333333333
1 0.39921875 0.8572916666666667 0.0578125 0.04375
1 0.11171875 0.9729166666666667 0.0703125 0.05416666666666667
1 0.19375 0.925 0.065625 0.05416666666666667
1 0.28203125 0.8791666666666667 0.0734375 0.05416666666666667
1 0.35859375 0.8354166666666667 0.0578125 0.04583333333333333





1 0.51875 0.70625 0.053125 0.0375



1 0.3765625 0.7208333333333333 0.0625 0.041666666666666664
1 0.25234375 0.6958333333333333 0.0578125 0.05
1 0.61875 0.175 0.015625 0.025

5 0.421875 0.5916666666666667 0.01875 0.03333333333333333
4 0.3546875 0.5645833333333333 0.009375 0.020833333333333332
4 0.3671875 0.5677083333333334 0.00625 0.01875
5 0.41484375 0.5708333333333333 0.0078125 0.020833333333333332
5 0.44453125 0.5979166666666667 0.0109375 0.025
4 0.39296875 0.5708333333333333 0.0078125 0.020833333333333332
4 0.3625 0.5083333333333333 0.009375 0.020833333333333332
4 0.36640625 0.5 0.0078125 0.0125
5 0.5234375 0.5177083333333333 0.009375 0.022916666666666665
1 0.5859375 0.4625 0.025 0.041666666666666664
5 0.53828125 0.48333333333333334 0.0078125 0.020833333333333332
5 0.53828125 0.43125 0.0078125 0.025
5 0.5640625 0.5614583333333333 0.009375 0.022916666666666665
5 0.67421875 0.7958333333333333 0.0140625 0.025
5 0.61640625 0.446875 0.0109375 0.027083333333333334
5 0.66171875 0.7239583333333334 0.0171875 0.035416666666666666
5 0.63203125 0.6072916666666667 0.0109375 0.027083333333333334
5 0.63828125 0.46770833333333334 0.0109375 0.022916666666666665
5 0.6671875 0.6010416666666667 0.0125 0.03125
5 0.7125 0.42604166666666665 0.021875 0.027083333333333334
5 0.7125 0.4270833333333333 0.021875 0.025
5 0.6171875 0.44479166666666664 0.00625 0.014583333333333334
5 0.5375 0.3927083333333333 0.01875 0.022916666666666665
5 0.53828125 0.3854166666666667 0.0171875 0.03333333333333333
5 0.53984375 0.38229166666666664 0.0203125 0.035416666666666666
1 0.53984375 0.38125 0.0203125 0.0375
3 0.56484375 0.32708333333333334 0.0421875 0.07916666666666666
1 0.5359375 0.26666666666666666 0.015625 0.025
1 0.53203125 0.22708333333333333 0.0171875 0.029166666666666667
3 0.51875 0.14479166666666668 0.025 0.06041666666666667
1 0.5109375 0.11354166666666667 0.0125 0.014583333333333334
1 0.52734375 0.09375 0.0140625 0.025
1 0.49453125 0.12916666666666668 0.0109375 0.020833333333333332
1 0.52578125 0.09375 0.0171875 0.025
1 0.37734375 0.24895833333333334 0.0171875 0.022916666666666665
1 0.35625 0.24583333333333332 0.015625 0.025
1 0.37578125 0.225 0.0171875 0.025
1 0.35625 0.22083333333333333 0.0125 0.016666666666666666
1 0.33671875 0.221875 0.0140625 0.022916666666666665
1 0.31796875 0.228125 0.0140625 0.022916666666666665
1 0.321875 0.25729166666666664 0.01875 0.035416666666666666
1 0.29921875 0.23020833333333332 0.0171875 0.022916666666666665
1 0.27890625 0.225 0.0171875 0.020833333333333332
1 0.384375 0.18333333333333332 0.015625 0.020833333333333332
1 0.36875 0.1875 0.015625 0.020833333333333332
1 0.32890625 0.184375 0.0140625 0.022916666666666665
1 0.3125 0.18854166666666666 0.01875 0.03125
1 0.3015625 0.16875 0.021875 0.029166666666666667
1 0.49453125 0.12916666666666668 0.0109375 0.020833333333333332
1 0.58046875 0.30416666666666664 0.0234375 0.03333333333333333
1 0.56328125 0.26979166666666665 0.0171875 0.03125
1 0.5515625 0.21770833333333334 0.015625 0.03125
1 0.540625 0.171875 0.015625 0.022916666666666665
