
1 0.3734375 0.9697916666666667 0.06875 0.05625
1 0.4453125 0.925 0.059375 0.05
1 0.23203125 0.990625 0.0515625 0.01875
1 0.3125 0.9541666666666667 0.065625 0.05416666666666667
1 0.39765625 0.90625 0.0578125 0.05
1 0.16171875 0.9833333333333333 0.0703125 0.03333333333333333
1 0.25 0.9416666666666667 0.0625 0.04583333333333333
1 0.3265625 0.8979166666666667 0.053125 0.04583333333333333
1 0.3984375 0.8572916666666667 0.05625 0.04375
1 0.1125 0.9729166666666667 0.071875 0.05416666666666667
1 0.19375 0.925 0.065625 0.05416666666666667
1 0.28125 0.8791666666666667 0.071875 0.05416666666666667
1 0.35859375 0.8354166666666667 0.0578125 0.04583333333333333





1 0.5140625 0.7052083333333333 0.05625 0.035416666666666666



1 0.36875 0.7229166666666667 0.0625 0.041666666666666664
1 0.24375 0.7 0.0625 0.05416666666666667
1 0.61640625 0.171875 0.0171875 0.03125

5 0.4234375 0.59375 0.01875 0.03333333333333333
4 0.35703125 0.5645833333333333 0.0078125 0.016666666666666666
4 0.36875 0.56875 0.00625 0.016666666666666666
5 0.415625 0.5739583333333333 0.009375 0.027083333333333334
5 0.4453125 0.603125 0.0125 0.027083333333333334
4 0.39375 0.571875 0.009375 0.01875
4 0.3625 0.509375 0.009375 0.022916666666666665
4 0.365625 0.5 0.009375 0.0125
5 0.5234375 0.521875 0.009375 0.022916666666666665
1 0.5875 0.4666666666666667 0.025 0.041666666666666664
5 0.53984375 0.48541666666666666 0.0078125 0.020833333333333332
5 0.5375 0.4354166666666667 0.009375 0.025
5 0.565625 0.5666666666666667 0.009375 0.025
5 0.67734375 0.8041666666666667 0.0140625 0.029166666666666667
5 0.61640625 0.44895833333333335 0.0109375 0.027083333333333334
5 0.66328125 0.7333333333333333 0.0140625 0.03333333333333333
5 0.6328125 0.615625 0.0125 0.027083333333333334
5 0.6390625 0.4708333333333333 0.009375 0.025
5 0.66796875 0.6104166666666667 0.0140625 0.029166666666666667
5 0.715625 0.428125 0.021875 0.027083333333333334
5 0.715625 0.428125 0.021875 0.027083333333333334
5 0.6171875 0.4479166666666667 0.00625 0.0125
5 0.5375 0.3958333333333333 0.01875 0.020833333333333332
5 0.5375 0.3875 0.01875 0.0375
5 0.53984375 0.3854166666666667 0.0203125 0.0375
1 0.53984375 0.3854166666666667 0.0203125 0.0375
3 0.56484375 0.3302083333333333 0.0421875 0.08125
1 0.5359375 0.2677083333333333 0.015625 0.027083333333333334
1 0.5328125 0.22916666666666666 0.015625 0.029166666666666667
3 0.51875 0.14479166666666668 0.025 0.06041666666666667
1 0.5109375 0.11354166666666667 0.0125 0.014583333333333334
1 0.52734375 0.09479166666666666 0.0140625 0.022916666666666665
1 0.49453125 0.13229166666666667 0.0109375 0.022916666666666665
1 0.5265625 0.09479166666666666 0.01875 0.027083333333333334
1 0.37734375 0.24791666666666667 0.0171875 0.025
1 0.35625 0.24583333333333332 0.015625 0.025
1 0.37578125 0.225 0.0171875 0.025
1 0.35546875 0.221875 0.0140625 0.01875
1 0.33671875 0.221875 0.0140625 0.022916666666666665
1 0.31796875 0.228125 0.0140625 0.022916666666666665
1 0.321875 0.25729166666666664 0.01875 0.035416666666666666
1 0.29921875 0.23020833333333332 0.0171875 0.022916666666666665
1 0.27890625 0.22395833333333334 0.0171875 0.01875
1 0.38359375 0.18333333333333332 0.0140625 0.020833333333333332
1 0.36875 0.1875 0.015625 0.020833333333333332
1 0.33046875 0.184375 0.0171875 0.022916666666666665
1 0.3125 0.18854166666666666 0.01875 0.03125
1 0.3015625 0.16770833333333332 0.021875 0.03125
1 0.49453125 0.13020833333333334 0.0109375 0.01875
1 0.58125 0.3072916666666667 0.021875 0.03125
1 0.5640625 0.271875 0.01875 0.03125
1 0.55234375 0.21875 0.0171875 0.029166666666666667
1 0.5421875 0.17291666666666666 0.015625 0.025
