
1 0.3734375 0.9697916666666667 0.06875 0.05625
1 0.4453125 0.9239583333333333 0.059375 0.04791666666666667
1 0.23203125 0.990625 0.0515625 0.01875
1 0.3125 0.9552083333333333 0.065625 0.05625
1 0.39765625 0.90625 0.0578125 0.05
1 0.16171875 0.9833333333333333 0.0703125 0.03333333333333333
1 0.25 0.9416666666666667 0.0625 0.04583333333333333
1 0.3265625 0.8979166666666667 0.053125 0.04583333333333333
1 0.39921875 0.8572916666666667 0.0578125 0.04375
1 0.11171875 0.9729166666666667 0.0703125 0.05416666666666667
1 0.19375 0.925 0.065625 0.05416666666666667
1 0.28203125 0.8791666666666667 0.0734375 0.05416666666666667
1 0.359375 0.8354166666666667 0.05625 0.04583333333333333





1 0.5109375 0.7052083333333333 0.053125 0.035416666666666666



1 0.36484375 0.725 0.0640625 0.041666666666666664
1 0.23828125 0.703125 0.0609375 0.052083333333333336
1 0.61484375 0.16875 0.0171875 0.03333333333333333

5 0.42421875 0.5947916666666667 0.0203125 0.035416666666666666
4 0.3578125 0.5645833333333333 0.00625 0.016666666666666666
4 0.36875 0.5697916666666667 0.00625 0.01875
5 0.415625 0.5760416666666667 0.009375 0.027083333333333334
5 0.4453125 0.6052083333333333 0.0125 0.027083333333333334
4 0.39453125 0.5739583333333333 0.0078125 0.01875
4 0.3625 0.5083333333333333 0.009375 0.020833333333333332
4 0.365625 0.49895833333333334 0.009375 0.010416666666666666
5 0.525 0.525 0.009375 0.025
1 0.58671875 0.46875 0.0234375 0.041666666666666664
5 0.53984375 0.4875 0.0078125 0.020833333333333332
5 0.5390625 0.4375 0.009375 0.025
5 0.56640625 0.56875 0.0109375 0.025
5 0.67890625 0.8114583333333333 0.0140625 0.027083333333333334
5 0.61640625 0.45208333333333334 0.0109375 0.025
5 0.66484375 0.740625 0.0171875 0.035416666666666666
5 0.63359375 0.621875 0.0109375 0.027083333333333334
5 0.6390625 0.4739583333333333 0.009375 0.022916666666666665
5 0.66875 0.6166666666666667 0.0125 0.03333333333333333
5 0.71953125 0.43020833333333336 0.0234375 0.027083333333333334
5 0.71953125 0.43125 0.0203125 0.025
5 0.6171875 0.4479166666666667 0.00625 0.0125
5 0.53671875 0.3958333333333333 0.0171875 0.020833333333333332
5 0.5375 0.3875 0.01875 0.0375
5 0.53828125 0.38645833333333335 0.0203125 0.03958333333333333
1 0.53828125 0.3854166666666667 0.0203125 0.0375
3 0.565625 0.33125 0.040625 0.07916666666666666
1 0.5359375 0.26875 0.015625 0.025
1 0.5328125 0.23020833333333332 0.015625 0.03125
3 0.51875 0.14479166666666668 0.025 0.06041666666666667
1 0.5109375 0.11354166666666667 0.0125 0.014583333333333334
1 0.528125 0.09479166666666666 0.015625 0.022916666666666665
1 0.4953125 0.13229166666666667 0.009375 0.01875
1 0.5265625 0.09583333333333334 0.01875 0.025
1 0.37734375 0.24791666666666667 0.0171875 0.025
1 0.35625 0.24583333333333332 0.015625 0.025
1 0.37578125 0.225 0.0171875 0.025
1 0.35625 0.22083333333333333 0.0125 0.016666666666666666
1 0.33671875 0.221875 0.0140625 0.022916666666666665
1 0.31796875 0.228125 0.0140625 0.022916666666666665
1 0.321875 0.25729166666666664 0.01875 0.035416666666666666
1 0.29921875 0.23020833333333332 0.0171875 0.022916666666666665
1 0.27890625 0.22395833333333334 0.0171875 0.01875
1 0.38359375 0.18333333333333332 0.0140625 0.020833333333333332
1 0.36796875 0.18854166666666666 0.0171875 0.022916666666666665
1 0.33046875 0.184375 0.0171875 0.022916666666666665
1 0.3125 0.18854166666666666 0.01875 0.03125
1 0.3015625 0.16666666666666666 0.021875 0.029166666666666667
1 0.49453125 0.13125 0.0109375 0.016666666666666666
1 0.58125 0.30833333333333335 0.021875 0.03333333333333333
1 0.5640625 0.27395833333333336 0.01875 0.03125
1 0.5515625 0.21979166666666666 0.015625 0.027083333333333334
1 0.540625 0.17395833333333333 0.015625 0.022916666666666665
