
1 0.3734375 0.9697916666666667 0.06875 0.05625
1 0.4453125 0.9239583333333333 0.059375 0.04791666666666667
1 0.23203125 0.990625 0.0515625 0.01875
1 0.3125 0.9552083333333333 0.065625 0.05625
1 0.39765625 0.9052083333333333 0.0578125 0.04791666666666667
1 0.16171875 0.9833333333333333 0.0703125 0.03333333333333333
1 0.25 0.940625 0.0625 0.04791666666666667
1 0.3265625 0.8979166666666667 0.053125 0.04583333333333333
1 0.39921875 0.85625 0.0578125 0.04583333333333333
1 0.11171875 0.9729166666666667 0.0703125 0.05416666666666667
1 0.19296875 0.925 0.0640625 0.05416666666666667
1 0.28125 0.8791666666666667 0.071875 0.05416666666666667
1 0.3578125 0.8354166666666667 0.05625 0.04583333333333333





1 0.50625 0.7041666666666667 0.05625 0.03333333333333333



1 0.3578125 0.7270833333333333 0.0625 0.041666666666666664
1 0.23046875 0.7072916666666667 0.0578125 0.052083333333333336
1 0.61328125 0.1625 0.0171875 0.03333333333333333

5 0.428125 0.5989583333333334 0.015625 0.027083333333333334
4 0.359375 0.5645833333333333 0.00625 0.016666666666666666
4 0.36875 0.5708333333333333 0.009375 0.020833333333333332
5 0.4171875 0.5770833333333333 0.009375 0.029166666666666667
5 0.4484375 0.6083333333333333 0.0125 0.029166666666666667
4 0.39453125 0.5739583333333333 0.0078125 0.01875
4 0.3625 0.5083333333333333 0.009375 0.020833333333333332
4 0.365625 0.5 0.009375 0.0125
5 0.525 0.5291666666666667 0.009375 0.025
1 0.58828125 0.47291666666666665 0.0234375 0.041666666666666664
5 0.54140625 0.4895833333333333 0.0078125 0.020833333333333332
5 0.53984375 0.440625 0.0078125 0.022916666666666665
5 0.56875 0.5739583333333333 0.009375 0.022916666666666665
5 0.68203125 0.8208333333333333 0.0109375 0.020833333333333332
5 0.61640625 0.45625 0.0109375 0.025
5 0.66796875 0.75 0.0140625 0.03333333333333333
5 0.634375 0.6302083333333334 0.0125 0.027083333333333334
5 0.6390625 0.47708333333333336 0.009375 0.025
5 0.6703125 0.6239583333333333 0.0125 0.03125
5 0.72265625 0.43333333333333335 0.0234375 0.025
5 0.7234375 0.43333333333333335 0.021875 0.025
5 0.61796875 0.45416666666666666 0.0078125 0.016666666666666666
5 0.53671875 0.3958333333333333 0.0171875 0.025
5 0.5375 0.38958333333333334 0.01875 0.0375
5 0.53828125 0.38958333333333334 0.0203125 0.0375
1 0.53828125 0.38958333333333334 0.0203125 0.0375
3 0.56640625 0.3333333333333333 0.0421875 0.08333333333333333
1 0.53671875 0.26979166666666665 0.0171875 0.027083333333333334
1 0.53359375 0.23125 0.0140625 0.029166666666666667
3 0.51875 0.14479166666666668 0.025 0.06041666666666667
1 0.5109375 0.11354166666666667 0.0125 0.014583333333333334
1 0.52734375 0.09583333333333334 0.0171875 0.025
1 0.49453125 0.1375 0.0109375 0.020833333333333332
1 0.5265625 0.09791666666666667 0.01875 0.025
1 0.37734375 0.24895833333333334 0.0171875 0.022916666666666665
1 0.35546875 0.24583333333333332 0.0140625 0.025
1 0.37578125 0.225 0.0171875 0.025
1 0.35625 0.22083333333333333 0.0125 0.016666666666666666
1 0.33671875 0.221875 0.0140625 0.022916666666666665
1 0.31796875 0.228125 0.0140625 0.022916666666666665
1 0.321875 0.25729166666666664 0.01875 0.035416666666666666
1 0.29921875 0.23020833333333332 0.0171875 0.022916666666666665
1 0.278125 0.225 0.015625 0.020833333333333332
1 0.38359375 0.18333333333333332 0.0140625 0.020833333333333332
1 0.36796875 0.1875 0.0140625 0.020833333333333332
1 0.32890625 0.184375 0.0140625 0.022916666666666665
1 0.3125 0.18854166666666666 0.01875 0.03125
1 0.30078125 0.16770833333333332 0.0203125 0.027083333333333334
1 0.49453125 0.13645833333333332 0.0109375 0.022916666666666665
1 0.5828125 0.3104166666666667 0.021875 0.03333333333333333
1 0.5640625 0.2760416666666667 0.01875 0.03125
1 0.55234375 0.22291666666666668 0.0171875 0.029166666666666667
1 0.540625 0.175 0.015625 0.025
