
1 0.38046875 0.9708333333333333 0.0671875 0.05416666666666667
1 0.45234375 0.925 0.0578125 0.05
1 0.23984375 0.990625 0.0515625 0.01875
1 0.3203125 0.95625 0.065625 0.05416666666666667
1 0.40390625 0.9072916666666667 0.0578125 0.04791666666666667
1 0.16796875 0.9833333333333333 0.0703125 0.03333333333333333
1 0.2578125 0.9427083333333334 0.0625 0.04791666666666667
1 0.3328125 0.8989583333333333 0.053125 0.04791666666666667
1 0.4046875 0.8572916666666667 0.05625 0.04375
1 0.11953125 0.9729166666666667 0.0703125 0.05416666666666667
1 0.20078125 0.9270833333333334 0.0640625 0.05416666666666667
1 0.28828125 0.8802083333333334 0.0734375 0.05625
1 0.365625 0.8364583333333333 0.05625 0.04375
1 0.11328125 0.8677083333333333 0.0671875 0.06041666666666667
1 0.0203125 0.8177083333333334 0.040625 0.052083333333333336
1 0.17265625 0.7822916666666667 0.0609375 0.052083333333333336
1 0.3515625 0.7604166666666666 0.059375 0.05
1 0.35625 0.6708333333333333 0.05625 0.041666666666666664
1 0.46171875 0.6802083333333333 0.0484375 0.035416666666666666
1 0.49375 0.7364583333333333 0.059375 0.035416666666666666
1 0.57890625 0.696875 0.0578125 0.03958333333333333
1 0.65546875 0.6947916666666667 0.0546875 0.04791666666666667
1 0.6875 0.8 0.059375 0.0625
1 0.7609375 0.7270833333333333 0.05625 0.058333333333333334
1 0.8515625 0.7989583333333333 0.0375 0.05625

5 0.30390625 0.5979166666666667 0.0265625 0.025
4 0.3484375 0.5604166666666667 0.00625 0.016666666666666666
4 0.36953125 0.5510416666666667 0.0078125 0.014583333333333334
5 0.40546875 0.5416666666666666 0.0078125 0.025
5 0.41953125 0.540625 0.0109375 0.027083333333333334
4 0.3953125 0.5322916666666667 0.00625 0.014583333333333334
4 0.3640625 0.509375 0.009375 0.027083333333333334
4 0.37109375 0.4979166666666667 0.0109375 0.0125
5 0.521875 0.4166666666666667 0.009375 0.025
1 0.571875 0.39791666666666664 0.025 0.0375
5 0.534375 0.41770833333333335 0.00625 0.01875
5 0.55546875 0.4114583333333333 0.0078125 0.022916666666666665
5 0.55546875 0.43020833333333336 0.0109375 0.022916666666666665
5 0.57421875 0.434375 0.0078125 0.01875
5 0.59140625 0.390625 0.0140625 0.01875
5 0.61640625 0.40625 0.0140625 0.025
5 0.6125 0.38645833333333335 0.009375 0.014583333333333334
5 0.64296875 0.37395833333333334 0.0078125 0.01875
5 0.61953125 0.365625 0.0078125 0.01875
5 0.61640625 0.34375 0.0140625 0.020833333333333332
5 0.60546875 0.3729166666666667 0.0140625 0.016666666666666666
5 0.56796875 0.36041666666666666 0.0078125 0.016666666666666666
5 0.55234375 0.3697916666666667 0.0046875 0.014583333333333334
5 0.53046875 0.35625 0.0078125 0.016666666666666666
5 0.53828125 0.35625 0.0046875 0.016666666666666666
1 0.5359375 0.31145833333333334 0.025 0.035416666666666666
3 0.54296875 0.253125 0.0296875 0.07291666666666667
1 0.53125 0.21666666666666667 0.0125 0.020833333333333332
1 0.53046875 0.18645833333333334 0.0171875 0.027083333333333334
3 0.5234375 0.14479166666666668 0.025 0.052083333333333336
1 0.515625 0.11770833333333333 0.0125 0.01875
1 0.5140625 0.090625 0.015625 0.03125
1 0.50234375 0.0625 0.0109375 0.008333333333333333
1 0.49296875 0.025 0.0140625 0.025
1 0.38125 0.24791666666666667 0.01875 0.025
1 0.3609375 0.24479166666666666 0.015625 0.022916666666666665
1 0.3796875 0.221875 0.015625 0.022916666666666665
1 0.3609375 0.22083333333333333 0.015625 0.020833333333333332
1 0.3421875 0.22083333333333333 0.015625 0.025
1 0.32265625 0.228125 0.0140625 0.022916666666666665
1 0.32578125 0.25625 0.0171875 0.03333333333333333
1 0.30390625 0.23020833333333332 0.0171875 0.027083333333333334
1 0.28359375 0.225 0.0171875 0.020833333333333332
1 0.38828125 0.18333333333333332 0.0140625 0.020833333333333332
1 0.37265625 0.1875 0.0203125 0.025
1 0.334375 0.184375 0.015625 0.022916666666666665
1 0.3171875 0.18854166666666666 0.01875 0.03125
1 0.30390625 0.16666666666666666 0.0203125 0.029166666666666667
1 0.4984375 0.08854166666666667 0.0125 0.035416666666666666
1 0.5640625 0.25416666666666665 0.015625 0.029166666666666667
1 0.55859375 0.21979166666666666 0.0171875 0.03125
1 0.5515625 0.190625 0.01875 0.03125
1 0.54375 0.16145833333333334 0.015625 0.022916666666666665
