
1 0.3734375 0.9697916666666667 0.06875 0.05625
1 0.4453125 0.9239583333333333 0.059375 0.04791666666666667
1 0.23125 0.990625 0.053125 0.01875
1 0.3125 0.9552083333333333 0.065625 0.05625
1 0.39765625 0.9052083333333333 0.0578125 0.04791666666666667
1 0.16171875 0.9833333333333333 0.0703125 0.03333333333333333
1 0.25 0.940625 0.0625 0.04791666666666667
1 0.3265625 0.8979166666666667 0.053125 0.04583333333333333
1 0.39921875 0.8572916666666667 0.0578125 0.04375
1 0.11171875 0.9729166666666667 0.0703125 0.05416666666666667
1 0.19296875 0.925 0.0640625 0.05416666666666667
1 0.28125 0.8791666666666667 0.071875 0.05416666666666667
1 0.359375 0.8354166666666667 0.05625 0.04583333333333333





1 0.50234375 0.703125 0.0546875 0.03125



1 0.353125 0.728125 0.0625 0.04375
1 0.225 0.7104166666666667 0.059375 0.05416666666666667
1 0.6125 0.159375 0.015625 0.035416666666666666

5 0.42890625 0.6020833333333333 0.0140625 0.029166666666666667
4 0.36015625 0.5645833333333333 0.0078125 0.016666666666666666
4 0.36875 0.5729166666666666 0.009375 0.020833333333333332
5 0.41796875 0.5770833333333333 0.0109375 0.029166666666666667
5 0.4484375 0.609375 0.0125 0.027083333333333334
4 0.39453125 0.575 0.0078125 0.020833333333333332
4 0.3625 0.5083333333333333 0.009375 0.020833333333333332
4 0.365625 0.5 0.009375 0.0125
5 0.52578125 0.5322916666666667 0.0078125 0.022916666666666665
1 0.5890625 0.47604166666666664 0.025 0.04375
5 0.540625 0.49375 0.009375 0.020833333333333332
5 0.53984375 0.4427083333333333 0.0078125 0.022916666666666665
5 0.56796875 0.5770833333333333 0.0109375 0.025
5 0.68203125 0.8291666666666667 0.0140625 0.025
5 0.61640625 0.4583333333333333 0.0109375 0.025
5 0.66953125 0.75625 0.0171875 0.0375
5 0.6359375 0.6354166666666666 0.0125 0.025
5 0.6390625 0.48020833333333335 0.009375 0.022916666666666665
5 0.67109375 0.63125 0.0140625 0.03333333333333333
5 0.725 0.434375 0.021875 0.027083333333333334
5 0.72578125 0.4354166666666667 0.0203125 0.025
5 0.61875 0.4583333333333333 0.00625 0.016666666666666666
5 0.5359375 0.396875 0.01875 0.027083333333333334
5 0.5375 0.3927083333333333 0.01875 0.03958333333333333
5 0.53828125 0.39166666666666666 0.0203125 0.0375
1 0.53828125 0.39166666666666666 0.0203125 0.0375
3 0.5671875 0.33645833333333336 0.040625 0.08125
1 0.53671875 0.271875 0.0171875 0.027083333333333334
1 0.5328125 0.23229166666666667 0.015625 0.03125
3 0.51875 0.14583333333333334 0.025 0.0625
1 0.5109375 0.11354166666666667 0.0125 0.014583333333333334
1 0.52890625 0.09791666666666667 0.0140625 0.020833333333333332
1 0.49453125 0.1375 0.0109375 0.020833333333333332
1 0.52734375 0.09791666666666667 0.0203125 0.025
1 0.37734375 0.24895833333333334 0.0171875 0.022916666666666665
1 0.35546875 0.24583333333333332 0.0140625 0.025
1 0.37578125 0.225 0.0171875 0.025
1 0.35546875 0.221875 0.0140625 0.01875
1 0.33671875 0.221875 0.0140625 0.022916666666666665
1 0.31796875 0.228125 0.0140625 0.022916666666666665
1 0.321875 0.25729166666666664 0.01875 0.035416666666666666
1 0.29921875 0.23125 0.0171875 0.025
1 0.278125 0.225 0.015625 0.020833333333333332
1 0.38359375 0.18333333333333332 0.0140625 0.020833333333333332
1 0.3671875 0.1875 0.015625 0.020833333333333332
1 0.3296875 0.184375 0.015625 0.022916666666666665
1 0.3125 0.18854166666666666 0.01875 0.03125
1 0.3015625 0.16770833333333332 0.021875 0.03125
1 0.49453125 0.1375 0.0109375 0.020833333333333332
1 0.58359375 0.3104166666666667 0.0234375 0.03333333333333333
1 0.5640625 0.27708333333333335 0.01875 0.03333333333333333
1 0.55234375 0.22395833333333334 0.0171875 0.03125
1 0.540625 0.17708333333333334 0.015625 0.025
