
1 0.37265625 0.9708333333333333 0.0671875 0.05416666666666667
1 0.44453125 0.9239583333333333 0.0578125 0.04791666666666667
1 0.23125 0.990625 0.053125 0.01875
1 0.31171875 0.9552083333333333 0.0671875 0.05625
1 0.39765625 0.9052083333333333 0.0578125 0.04791666666666667
1 0.16171875 0.9833333333333333 0.0703125 0.03333333333333333
1 0.24921875 0.9416666666666667 0.0609375 0.04583333333333333
1 0.32578125 0.8979166666666667 0.0515625 0.04583333333333333
1 0.3984375 0.8572916666666667 0.05625 0.04375
1 0.11171875 0.9729166666666667 0.0703125 0.05416666666666667
1 0.19296875 0.925 0.0640625 0.05416666666666667
1 0.28203125 0.8791666666666667 0.0734375 0.05416666666666667
1 0.3578125 0.8354166666666667 0.05625 0.04583333333333333





1 0.496875 0.703125 0.053125 0.03125



1 0.3453125 0.73125 0.0625 0.04583333333333333
1 0.2171875 0.715625 0.059375 0.052083333333333336
1 0.61015625 0.15520833333333334 0.0171875 0.035416666666666666

5 0.43046875 0.6041666666666666 0.0140625 0.029166666666666667
4 0.36171875 0.565625 0.0078125 0.01875
4 0.36875 0.5729166666666666 0.009375 0.025
5 0.41953125 0.5791666666666667 0.0109375 0.029166666666666667
5 0.45 0.6114583333333333 0.0125 0.027083333333333334
4 0.3953125 0.5770833333333333 0.009375 0.020833333333333332
4 0.3625 0.5083333333333333 0.009375 0.020833333333333332
4 0.365625 0.5 0.009375 0.0125
5 0.52734375 0.534375 0.0109375 0.027083333333333334
1 0.58984375 0.48020833333333335 0.0234375 0.04375
5 0.54140625 0.49583333333333335 0.0078125 0.020833333333333332
5 0.53984375 0.4479166666666667 0.0078125 0.020833333333333332
5 0.56953125 0.5822916666666667 0.0109375 0.022916666666666665
5 0.6859375 0.8395833333333333 0.0125 0.025
5 0.6171875 0.4625 0.0125 0.025
5 0.671875 0.765625 0.015625 0.03125
5 0.63828125 0.64375 0.0140625 0.029166666666666667
5 0.6390625 0.4822916666666667 0.009375 0.022916666666666665
5 0.67265625 0.6416666666666667 0.0140625 0.03333333333333333
5 0.728125 0.43854166666666666 0.021875 0.027083333333333334
5 0.72890625 0.43854166666666666 0.0203125 0.027083333333333334
5 0.61875 0.46041666666666664 0.00625 0.016666666666666666
5 0.53515625 0.396875 0.0203125 0.035416666666666666
5 0.53671875 0.3958333333333333 0.0203125 0.0375
5 0.53671875 0.39479166666666665 0.0203125 0.03958333333333333
1 0.5375 0.39479166666666665 0.021875 0.03958333333333333
3 0.5671875 0.3385416666666667 0.040625 0.08125
1 0.53671875 0.271875 0.0171875 0.027083333333333334
1 0.53359375 0.23333333333333334 0.0171875 0.029166666666666667
3 0.51875 0.14583333333333334 0.025 0.0625
1 0.5109375 0.115625 0.0125 0.01875
1 0.52890625 0.1 0.0140625 0.020833333333333332
1 0.49453125 0.13854166666666667 0.0109375 0.01875
1 0.52890625 0.1 0.0140625 0.020833333333333332
1 0.37734375 0.24895833333333334 0.0171875 0.022916666666666665
1 0.35546875 0.24583333333333332 0.0140625 0.025
1 0.37578125 0.22395833333333334 0.0171875 0.022916666666666665
1 0.35546875 0.221875 0.0140625 0.01875
1 0.33671875 0.221875 0.0140625 0.022916666666666665
1 0.31796875 0.228125 0.0140625 0.022916666666666665
1 0.321875 0.25729166666666664 0.01875 0.035416666666666666
1 0.29921875 0.23020833333333332 0.0171875 0.022916666666666665
1 0.278125 0.225 0.015625 0.020833333333333332
1 0.38359375 0.18333333333333332 0.0140625 0.020833333333333332
1 0.36875 0.18854166666666666 0.01875 0.022916666666666665
1 0.3296875 0.184375 0.015625 0.022916666666666665
1 0.3125 0.18854166666666666 0.01875 0.03125
1 0.3015625 0.16770833333333332 0.021875 0.03125
1 0.49453125 0.13854166666666667 0.0109375 0.01875
1 0.58515625 0.3125 0.0234375 0.03333333333333333
1 0.5640625 0.278125 0.01875 0.03125
1 0.55234375 0.22604166666666667 0.0171875 0.03125
1 0.54140625 0.17708333333333334 0.0171875 0.025
