
1 0.37265625 0.9697916666666667 0.0671875 0.05625
1 0.44453125 0.9239583333333333 0.0578125 0.04791666666666667
1 0.23203125 0.990625 0.0515625 0.01875
1 0.3125 0.9541666666666667 0.065625 0.05416666666666667
1 0.39765625 0.9052083333333333 0.0578125 0.04791666666666667
1 0.16171875 0.9822916666666667 0.0703125 0.035416666666666666
1 0.25 0.940625 0.0625 0.04791666666666667
1 0.32578125 0.8979166666666667 0.0515625 0.04583333333333333
1 0.3984375 0.8572916666666667 0.05625 0.04375
1 0.11171875 0.9729166666666667 0.0703125 0.05416666666666667
1 0.19296875 0.9260416666666667 0.0640625 0.052083333333333336
1 0.28125 0.8791666666666667 0.071875 0.05416666666666667
1 0.35859375 0.8354166666666667 0.0578125 0.04583333333333333





1 0.49296875 0.703125 0.0546875 0.03125



1 0.34140625 0.7333333333333333 0.0640625 0.04583333333333333
1 0.2125 0.7177083333333333 0.059375 0.052083333333333336
1 0.60859375 0.15208333333333332 0.0171875 0.03333333333333333

5 0.43203125 0.60625 0.0171875 0.029166666666666667
4 0.36171875 0.565625 0.0078125 0.01875
4 0.3703125 0.5739583333333333 0.00625 0.022916666666666665
5 0.4203125 0.5802083333333333 0.009375 0.027083333333333334
5 0.45 0.6135416666666667 0.0125 0.027083333333333334
4 0.39609375 0.5770833333333333 0.0078125 0.020833333333333332
4 0.3625 0.509375 0.009375 0.01875
4 0.365625 0.5 0.009375 0.0125
5 0.52890625 0.5395833333333333 0.0109375 0.029166666666666667
1 0.590625 0.4822916666666667 0.025 0.04375
5 0.54296875 0.4979166666666667 0.0078125 0.020833333333333332
5 0.53984375 0.45 0.0078125 0.025
5 0.5703125 0.5875 0.0125 0.025
5 0.6875 0.846875 0.015625 0.027083333333333334
5 0.6171875 0.465625 0.0125 0.027083333333333334
5 0.67421875 0.7729166666666667 0.0171875 0.0375
5 0.63828125 0.6510416666666666 0.0109375 0.027083333333333334
5 0.6390625 0.48541666666666666 0.009375 0.025
5 0.67421875 0.6489583333333333 0.0140625 0.03125
5 0.73125 0.4395833333333333 0.021875 0.029166666666666667
5 0.73203125 0.4395833333333333 0.0203125 0.029166666666666667
5 0.61875 0.4625 0.00625 0.016666666666666666
5 0.53515625 0.39895833333333336 0.0203125 0.03958333333333333
5 0.53515625 0.39895833333333336 0.0203125 0.03958333333333333
5 0.5359375 0.39791666666666664 0.021875 0.0375
1 0.5359375 0.39791666666666664 0.021875 0.0375
3 0.56875 0.340625 0.040625 0.08125
1 0.53671875 0.27291666666666664 0.0171875 0.025
1 0.53359375 0.23541666666666666 0.0171875 0.029166666666666667
3 0.51875 0.14583333333333334 0.025 0.0625
1 0.5109375 0.11354166666666667 0.0125 0.014583333333333334
1 0.52890625 0.1 0.0140625 0.020833333333333332
1 0.4953125 0.13958333333333334 0.009375 0.016666666666666666
1 0.52890625 0.1 0.0140625 0.020833333333333332
1 0.37734375 0.24791666666666667 0.0171875 0.025
1 0.35546875 0.24583333333333332 0.0140625 0.025
1 0.37578125 0.22395833333333334 0.0171875 0.022916666666666665
1 0.35625 0.221875 0.0125 0.01875
1 0.33671875 0.221875 0.0140625 0.022916666666666665
1 0.31796875 0.228125 0.0140625 0.022916666666666665
1 0.321875 0.25729166666666664 0.01875 0.035416666666666666
1 0.29921875 0.23020833333333332 0.0171875 0.022916666666666665
1 0.278125 0.225 0.015625 0.020833333333333332
1 0.38359375 0.18333333333333332 0.0140625 0.020833333333333332
1 0.36796875 0.18854166666666666 0.0171875 0.022916666666666665
1 0.3296875 0.184375 0.015625 0.022916666666666665
1 0.3125 0.18854166666666666 0.01875 0.03125
1 0.3015625 0.16875 0.021875 0.029166666666666667
1 0.4953125 0.13958333333333334 0.0125 0.016666666666666666
1 0.58515625 0.315625 0.0234375 0.03125
1 0.56484375 0.2791666666666667 0.0171875 0.03333333333333333
1 0.553125 0.228125 0.015625 0.03125
1 0.54140625 0.17916666666666667 0.0171875 0.025
