
1 0.37265625 0.9697916666666667 0.0671875 0.05625
1 0.44453125 0.9239583333333333 0.0578125 0.04791666666666667
1 0.23125 0.990625 0.053125 0.01875
1 0.3125 0.9552083333333333 0.065625 0.05625
1 0.39765625 0.90625 0.0578125 0.05
1 0.16171875 0.9833333333333333 0.0703125 0.03333333333333333
1 0.25 0.940625 0.0625 0.04791666666666667
1 0.32578125 0.8979166666666667 0.0515625 0.04583333333333333
1 0.39921875 0.8572916666666667 0.0578125 0.04375
1 0.11171875 0.9729166666666667 0.0703125 0.05416666666666667
1 0.19296875 0.9260416666666667 0.0640625 0.052083333333333336
1 0.28125 0.8791666666666667 0.071875 0.05416666666666667
1 0.35859375 0.8354166666666667 0.0546875 0.04583333333333333





1 0.48671875 0.7041666666666667 0.0546875 0.03333333333333333



1 0.334375 0.7364583333333333 0.0625 0.04375
1 0.2046875 0.721875 0.0625 0.05625
1 0.60703125 0.140625 0.0140625 0.022916666666666665

5 0.43359375 0.609375 0.0171875 0.03125
4 0.3625 0.5666666666666667 0.00625 0.016666666666666666
4 0.37109375 0.575 0.0078125 0.020833333333333332
5 0.4203125 0.58125 0.009375 0.029166666666666667
5 0.4515625 0.6177083333333333 0.0125 0.027083333333333334
4 0.39609375 0.5791666666666667 0.0078125 0.020833333333333332
4 0.3640625 0.5083333333333333 0.009375 0.020833333333333332
4 0.365625 0.49895833333333334 0.009375 0.010416666666666666
5 0.5296875 0.5427083333333333 0.0125 0.027083333333333334
1 0.5921875 0.4864583333333333 0.025 0.04375
5 0.54453125 0.5010416666666667 0.0078125 0.01875
5 0.540625 0.45416666666666666 0.009375 0.020833333333333332
5 0.571875 0.5916666666666667 0.0125 0.025
5 0.68984375 0.8583333333333333 0.0140625 0.025
5 0.61796875 0.46979166666666666 0.0109375 0.027083333333333334
5 0.67734375 0.784375 0.0171875 0.035416666666666666
5 0.63984375 0.6614583333333334 0.0140625 0.03125
5 0.6390625 0.48854166666666665 0.009375 0.022916666666666665
5 0.67578125 0.6583333333333333 0.0140625 0.03333333333333333
5 0.73515625 0.44166666666666665 0.0203125 0.029166666666666667
5 0.73515625 0.4427083333333333 0.0203125 0.027083333333333334
5 0.61875 0.465625 0.00625 0.014583333333333334
5 0.53515625 0.4010416666666667 0.0203125 0.03958333333333333
5 0.53515625 0.4010416666666667 0.0203125 0.03958333333333333
5 0.53515625 0.4010416666666667 0.0203125 0.03958333333333333
1 0.5359375 0.4010416666666667 0.021875 0.03958333333333333
3 0.56953125 0.34375 0.0390625 0.08333333333333333
1 0.5375 0.27395833333333336 0.015625 0.027083333333333334
1 0.53359375 0.23541666666666666 0.0171875 0.029166666666666667
3 0.51875 0.14583333333333334 0.025 0.0625
1 0.5109375 0.11666666666666667 0.0125 0.016666666666666666
1 0.5296875 0.1 0.015625 0.020833333333333332
1 0.49609375 0.140625 0.0109375 0.014583333333333334
1 0.52890625 0.1 0.0140625 0.020833333333333332
1 0.37734375 0.24791666666666667 0.0171875 0.025
1 0.35546875 0.24583333333333332 0.0140625 0.025
1 0.37578125 0.225 0.0171875 0.025
1 0.35546875 0.221875 0.0140625 0.01875
1 0.33671875 0.221875 0.0140625 0.022916666666666665
1 0.31796875 0.228125 0.0140625 0.022916666666666665
1 0.321875 0.25729166666666664 0.01875 0.035416666666666666
1 0.29921875 0.23020833333333332 0.0171875 0.022916666666666665
1 0.27890625 0.225 0.0171875 0.020833333333333332
1 0.38359375 0.18333333333333332 0.0140625 0.020833333333333332
1 0.3671875 0.1875 0.015625 0.020833333333333332
1 0.33046875 0.18541666666666667 0.0171875 0.025
1 0.3125 0.18958333333333333 0.01875 0.03333333333333333
1 0.30078125 0.16875 0.0203125 0.029166666666666667
1 0.49609375 0.140625 0.0109375 0.014583333333333334
1 0.58671875 0.3177083333333333 0.0234375 0.03125
1 0.565625 0.28125 0.01875 0.03333333333333333
1 0.55390625 0.23125 0.0140625 0.029166666666666667
1 0.5421875 0.18020833333333333 0.015625 0.027083333333333334
