
1 0.37265625 0.96875 0.0671875 0.05416666666666667
1 0.44453125 0.9239583333333333 0.0578125 0.04791666666666667
1 0.23125 0.990625 0.053125 0.01875
1 0.3125 0.9541666666666667 0.065625 0.05416666666666667
1 0.39765625 0.9052083333333333 0.0578125 0.04791666666666667
1 0.16171875 0.9822916666666667 0.0703125 0.035416666666666666
1 0.24921875 0.9416666666666667 0.0609375 0.04583333333333333
1 0.32578125 0.8979166666666667 0.0515625 0.04583333333333333
1 0.39921875 0.8572916666666667 0.0578125 0.04375
1 0.11171875 0.9729166666666667 0.0703125 0.05416666666666667
1 0.19296875 0.9260416666666667 0.0640625 0.052083333333333336
1 0.28203125 0.8791666666666667 0.0734375 0.05416666666666667
1 0.35859375 0.8354166666666667 0.0546875 0.04583333333333333





1 0.48203125 0.7041666666666667 0.0546875 0.03333333333333333



1 0.3296875 0.7385416666666667 0.0625 0.04791666666666667
1 0.2 0.7260416666666667 0.0625 0.05625
1 0.60546875 0.14166666666666666 0.0171875 0.029166666666666667

5 0.434375 0.6104166666666667 0.01875 0.029166666666666667
4 0.3640625 0.5666666666666667 0.00625 0.016666666666666666
4 0.37109375 0.578125 0.0078125 0.01875
5 0.42109375 0.5833333333333334 0.0109375 0.029166666666666667
5 0.453125 0.61875 0.009375 0.025
4 0.396875 0.5791666666666667 0.009375 0.020833333333333332
4 0.3640625 0.5083333333333333 0.009375 0.020833333333333332
4 0.365625 0.49895833333333334 0.009375 0.010416666666666666
5 0.53046875 0.5447916666666667 0.0109375 0.027083333333333334
1 0.5921875 0.48854166666666665 0.025 0.04375
5 0.54453125 0.503125 0.0078125 0.01875
5 0.540625 0.45625 0.009375 0.020833333333333332
5 0.57265625 0.5947916666666667 0.0109375 0.027083333333333334
5 0.6921875 0.8645833333333334 0.0125 0.029166666666666667
5 0.61796875 0.471875 0.0109375 0.027083333333333334
5 0.67734375 0.7916666666666666 0.0171875 0.0375
5 0.640625 0.66875 0.0125 0.029166666666666667
5 0.6390625 0.49166666666666664 0.009375 0.025
5 0.67734375 0.6645833333333333 0.0140625 0.03333333333333333
5 0.73671875 0.4427083333333333 0.0203125 0.027083333333333334
5 0.7375 0.44375 0.01875 0.025
5 0.61953125 0.46770833333333334 0.0078125 0.01875
5 0.534375 0.403125 0.021875 0.03958333333333333
5 0.534375 0.403125 0.021875 0.03958333333333333
5 0.534375 0.403125 0.021875 0.03958333333333333
1 0.53515625 0.403125 0.0234375 0.03958333333333333
3 0.56953125 0.3458333333333333 0.0390625 0.08333333333333333
1 0.5375 0.2760416666666667 0.015625 0.027083333333333334
1 0.53359375 0.2375 0.0171875 0.029166666666666667
3 0.51875 0.14583333333333334 0.025 0.06666666666666667
1 0.5109375 0.115625 0.0125 0.01875
1 0.52890625 0.10104166666666667 0.0140625 0.01875
1 0.496875 0.14166666666666666 0.009375 0.0125
1 0.52890625 0.10104166666666667 0.0140625 0.01875
1 0.37734375 0.24791666666666667 0.0171875 0.025
1 0.35546875 0.24583333333333332 0.0140625 0.025
1 0.37578125 0.22395833333333334 0.0171875 0.022916666666666665
1 0.35546875 0.221875 0.0140625 0.01875
1 0.33671875 0.221875 0.0140625 0.022916666666666665
1 0.31796875 0.228125 0.0140625 0.022916666666666665
1 0.321875 0.25729166666666664 0.01875 0.035416666666666666
1 0.29921875 0.23020833333333332 0.0171875 0.022916666666666665
1 0.27890625 0.225 0.0171875 0.020833333333333332
1 0.38359375 0.18333333333333332 0.0140625 0.020833333333333332
1 0.36796875 0.18854166666666666 0.0171875 0.022916666666666665
1 0.3296875 0.184375 0.015625 0.022916666666666665
1 0.3125 0.18958333333333333 0.01875 0.03333333333333333
1 0.3015625 0.16875 0.021875 0.029166666666666667
1 0.49609375 0.14166666666666666 0.0109375 0.016666666666666666
1 0.58671875 0.31979166666666664 0.0234375 0.03125
1 0.565625 0.28125 0.01875 0.03333333333333333
1 0.5546875 0.23125 0.015625 0.029166666666666667
1 0.5421875 0.18125 0.015625 0.025
