
1 0.37265625 0.9697916666666667 0.0671875 0.05625
1 0.44453125 0.9239583333333333 0.0578125 0.04791666666666667
1 0.23125 0.990625 0.053125 0.01875
1 0.31171875 0.9541666666666667 0.0671875 0.05416666666666667
1 0.396875 0.9052083333333333 0.059375 0.04791666666666667
1 0.16171875 0.9822916666666667 0.0703125 0.035416666666666666
1 0.24921875 0.9416666666666667 0.0609375 0.04583333333333333
1 0.32578125 0.8979166666666667 0.0515625 0.04583333333333333
1 0.39765625 0.8572916666666667 0.0578125 0.04375
1 0.11171875 0.9729166666666667 0.0703125 0.05416666666666667
1 0.19296875 0.9260416666666667 0.0640625 0.052083333333333336
1 0.28125 0.8791666666666667 0.071875 0.05416666666666667
1 0.3578125 0.8354166666666667 0.05625 0.04583333333333333





1 0.47734375 0.7052083333333333 0.0546875 0.035416666666666666



1 0.32265625 0.7427083333333333 0.0640625 0.04791666666666667
1 0.19296875 0.7302083333333333 0.0609375 0.05625
1 0.60390625 0.13541666666666666 0.0171875 0.029166666666666667

5 0.4359375 0.6125 0.01875 0.029166666666666667
4 0.3640625 0.5677083333333334 0.00625 0.01875
4 0.37265625 0.5791666666666667 0.0078125 0.016666666666666666
5 0.42109375 0.5864583333333333 0.0109375 0.027083333333333334
5 0.45390625 0.6229166666666667 0.0109375 0.025
4 0.396875 0.5802083333333333 0.009375 0.01875
4 0.36328125 0.5083333333333333 0.0078125 0.020833333333333332
4 0.365625 0.49895833333333334 0.009375 0.010416666666666666
5 0.53125 0.5489583333333333 0.0125 0.027083333333333334
1 0.59296875 0.49270833333333336 0.0234375 0.04375
5 0.5453125 0.50625 0.009375 0.020833333333333332
5 0.54140625 0.46145833333333336 0.0078125 0.022916666666666665
5 0.5734375 0.6 0.0125 0.025
5 0.69453125 0.8760416666666667 0.0140625 0.027083333333333334
5 0.61796875 0.4739583333333333 0.0109375 0.027083333333333334
5 0.68125 0.803125 0.01875 0.03958333333333333
5 0.6421875 0.678125 0.0125 0.03125
5 0.6390625 0.4947916666666667 0.009375 0.022916666666666665
5 0.67890625 0.6770833333333334 0.0140625 0.03333333333333333
5 0.740625 0.4479166666666667 0.01875 0.029166666666666667
5 0.740625 0.446875 0.01875 0.027083333333333334
5 0.61953125 0.471875 0.0078125 0.01875
5 0.53359375 0.40625 0.0234375 0.041666666666666664
5 0.53359375 0.40729166666666666 0.0234375 0.03958333333333333
5 0.53359375 0.40625 0.0234375 0.041666666666666664
1 0.534375 0.40625 0.021875 0.0375
3 0.57109375 0.34791666666666665 0.0390625 0.08333333333333333
1 0.5375 0.278125 0.015625 0.027083333333333334
1 0.53359375 0.23854166666666668 0.0171875 0.03125
3 0.51875 0.146875 0.025 0.06458333333333334
1 0.5109375 0.11770833333333333 0.0125 0.01875
1 0.52890625 0.10104166666666667 0.0140625 0.01875
1 0.49609375 0.14375 0.0078125 0.0125
1 0.52890625 0.10104166666666667 0.0140625 0.01875
1 0.37734375 0.24895833333333334 0.0171875 0.022916666666666665
1 0.35546875 0.24583333333333332 0.0140625 0.025
1 0.37578125 0.225 0.0171875 0.025
1 0.35546875 0.221875 0.0140625 0.01875
1 0.33671875 0.221875 0.0140625 0.022916666666666665
1 0.31796875 0.228125 0.0140625 0.022916666666666665
1 0.321875 0.25625 0.01875 0.03333333333333333
1 0.29921875 0.23020833333333332 0.0171875 0.022916666666666665
1 0.27890625 0.225 0.0171875 0.020833333333333332
1 0.38359375 0.18333333333333332 0.0140625 0.020833333333333332
1 0.36796875 0.18854166666666666 0.0171875 0.022916666666666665
1 0.328125 0.18541666666666667 0.015625 0.020833333333333332
1 0.3125 0.18958333333333333 0.01875 0.03333333333333333
1 0.30078125 0.16875 0.0203125 0.029166666666666667
1 0.4953125 0.14270833333333333 0.0125 0.014583333333333334
1 0.58828125 0.321875 0.0234375 0.03125
1 0.565625 0.2833333333333333 0.01875 0.03333333333333333
1 0.5546875 0.23333333333333334 0.015625 0.029166666666666667
1 0.5421875 0.18333333333333332 0.015625 0.025
