
1 0.37265625 0.9708333333333333 0.0671875 0.05416666666666667
1 0.44453125 0.9239583333333333 0.0578125 0.04791666666666667
1 0.23125 0.990625 0.053125 0.01875
1 0.31171875 0.9552083333333333 0.0671875 0.05625
1 0.396875 0.90625 0.059375 0.05
1 0.16171875 0.9833333333333333 0.0703125 0.03333333333333333
1 0.24921875 0.9416666666666667 0.0609375 0.04583333333333333
1 0.32578125 0.8979166666666667 0.0515625 0.04583333333333333
1 0.39765625 0.8572916666666667 0.0578125 0.04375
1 0.11171875 0.9729166666666667 0.0703125 0.05416666666666667
1 0.19296875 0.9260416666666667 0.0640625 0.052083333333333336
1 0.28203125 0.8791666666666667 0.0734375 0.05416666666666667
1 0.3578125 0.8354166666666667 0.05625 0.04583333333333333





1 0.47265625 0.7052083333333333 0.0546875 0.035416666666666666



1 0.31796875 0.7447916666666666 0.0640625 0.04791666666666667
1 0.1875 0.7333333333333333 0.0625 0.058333333333333334
1 0.60234375 0.13229166666666667 0.0171875 0.027083333333333334

5 0.43671875 0.6145833333333334 0.0203125 0.029166666666666667
4 0.36484375 0.5677083333333334 0.0078125 0.01875
4 0.37265625 0.5802083333333333 0.0078125 0.01875
5 0.42265625 0.5864583333333333 0.0109375 0.027083333333333334
5 0.4546875 0.6239583333333333 0.009375 0.027083333333333334
4 0.3984375 0.58125 0.00625 0.016666666666666666
4 0.3625 0.509375 0.009375 0.01875
4 0.36640625 0.5010416666666667 0.0078125 0.010416666666666666
5 0.53203125 0.5510416666666667 0.0109375 0.027083333333333334
1 0.59375 0.49583333333333335 0.025 0.04583333333333333
5 0.5453125 0.509375 0.009375 0.022916666666666665
5 0.5421875 0.4625 0.009375 0.025
5 0.57578125 0.6052083333333333 0.0109375 0.027083333333333334
5 0.69609375 0.8854166666666666 0.0140625 0.025
5 0.61796875 0.47708333333333336 0.0109375 0.029166666666666667
5 0.684375 0.8083333333333333 0.01875 0.0375
5 0.64375 0.6833333333333333 0.0125 0.029166666666666667
5 0.63984375 0.4979166666666667 0.0109375 0.025
5 0.68046875 0.6822916666666666 0.0140625 0.035416666666666666
5 0.74375 0.44895833333333335 0.01875 0.027083333333333334
5 0.74375 0.44895833333333335 0.01875 0.027083333333333334
5 0.6203125 0.4739583333333333 0.00625 0.01875
5 0.53203125 0.4083333333333333 0.0234375 0.041666666666666664
5 0.53203125 0.409375 0.0234375 0.03958333333333333
5 0.53203125 0.41041666666666665 0.0234375 0.041666666666666664
1 0.53203125 0.409375 0.0234375 0.03958333333333333
3 0.5703125 0.35104166666666664 0.0375 0.08541666666666667
1 0.53828125 0.2791666666666667 0.0140625 0.025
1 0.53359375 0.240625 0.0171875 0.03125
3 0.51875 0.146875 0.025 0.06458333333333334
1 0.5109375 0.11875 0.0125 0.020833333333333332
1 0.52890625 0.10104166666666667 0.0140625 0.01875
1 0.496875 0.14583333333333334 0.009375 0.0125
1 0.52890625 0.10104166666666667 0.0140625 0.01875
1 0.37734375 0.24895833333333334 0.0171875 0.022916666666666665
1 0.35546875 0.24583333333333332 0.0140625 0.025
1 0.37578125 0.225 0.0171875 0.025
1 0.3546875 0.221875 0.0125 0.01875
1 0.33671875 0.221875 0.0140625 0.022916666666666665
1 0.31796875 0.228125 0.0140625 0.022916666666666665
1 0.321875 0.25729166666666664 0.01875 0.035416666666666666
1 0.29921875 0.23125 0.0171875 0.025
1 0.27890625 0.225 0.0171875 0.020833333333333332
1 0.38359375 0.18333333333333332 0.0140625 0.020833333333333332
1 0.3671875 0.1875 0.015625 0.020833333333333332
1 0.328125 0.184375 0.015625 0.022916666666666665
1 0.3125 0.18958333333333333 0.01875 0.03333333333333333
1 0.30078125 0.16875 0.0203125 0.029166666666666667
1 0.496875 0.14479166666666668 0.009375 0.014583333333333334
1 0.5890625 0.32395833333333335 0.021875 0.03125
1 0.565625 0.28541666666666665 0.01875 0.03333333333333333
1 0.5546875 0.234375 0.015625 0.027083333333333334
1 0.5421875 0.184375 0.015625 0.027083333333333334
