
1 0.37265625 0.9708333333333333 0.0671875 0.05416666666666667
1 0.44453125 0.9239583333333333 0.0578125 0.04791666666666667
1 0.23125 0.990625 0.053125 0.01875
1 0.31171875 0.95625 0.0671875 0.05416666666666667
1 0.39609375 0.90625 0.0578125 0.05
1 0.1609375 0.9833333333333333 0.06875 0.03333333333333333
1 0.24921875 0.9416666666666667 0.0609375 0.04583333333333333
1 0.32578125 0.8979166666666667 0.0515625 0.04583333333333333
1 0.39765625 0.8572916666666667 0.0578125 0.04375
1 0.1109375 0.9729166666666667 0.071875 0.05416666666666667
1 0.19296875 0.9260416666666667 0.0640625 0.052083333333333336
1 0.28125 0.8791666666666667 0.071875 0.05416666666666667
1 0.3578125 0.8354166666666667 0.05625 0.04583333333333333





1 0.46640625 0.7072916666666667 0.0546875 0.035416666666666666



1 0.31015625 0.746875 0.0640625 0.04791666666666667
1 0.1796875 0.7375 0.0625 0.058333333333333334
1 0.60078125 0.12708333333333333 0.0171875 0.029166666666666667

5 0.4390625 0.6166666666666667 0.01875 0.029166666666666667
4 0.365625 0.56875 0.00625 0.016666666666666666
4 0.37421875 0.5802083333333333 0.0078125 0.014583333333333334
5 0.4234375 0.5885416666666666 0.009375 0.027083333333333334
5 0.4546875 0.6270833333333333 0.009375 0.025
4 0.3984375 0.5822916666666667 0.00625 0.014583333333333334
4 0.3625 0.509375 0.009375 0.01875
4 0.36640625 0.5010416666666667 0.0078125 0.010416666666666666
5 0.534375 0.5552083333333333 0.009375 0.027083333333333334
1 0.59453125 0.5 0.0234375 0.04583333333333333
5 0.546875 0.5114583333333333 0.009375 0.022916666666666665
5 0.54375 0.4666666666666667 0.00625 0.020833333333333332
5 0.57734375 0.609375 0.0109375 0.027083333333333334
5 0.69921875 0.896875 0.0140625 0.027083333333333334
5 0.6171875 0.48125 0.0125 0.025
5 0.68671875 0.821875 0.0171875 0.03958333333333333
5 0.6453125 0.69375 0.0125 0.03333333333333333
5 0.63984375 0.5010416666666667 0.0109375 0.022916666666666665
5 0.68359375 0.69375 0.0140625 0.03333333333333333
5 0.74609375 0.45208333333333334 0.0203125 0.029166666666666667
5 0.74609375 0.45208333333333334 0.0203125 0.029166666666666667
5 0.61953125 0.478125 0.0078125 0.01875
5 0.53046875 0.4125 0.0234375 0.041666666666666664
5 0.53125 0.4125 0.021875 0.041666666666666664
5 0.53125 0.4125 0.021875 0.041666666666666664
1 0.53203125 0.4125 0.0234375 0.041666666666666664
3 0.57109375 0.3541666666666667 0.0390625 0.08333333333333333
1 0.53828125 0.28020833333333334 0.0140625 0.022916666666666665
1 0.53359375 0.24166666666666667 0.0171875 0.029166666666666667
3 0.51875 0.146875 0.025 0.06458333333333334
1 0.5109375 0.11979166666666667 0.0125 0.01875
1 0.52890625 0.10208333333333333 0.0140625 0.016666666666666666
1 0.496875 0.146875 0.009375 0.010416666666666666
1 0.5296875 0.10208333333333333 0.0125 0.016666666666666666
1 0.37734375 0.24895833333333334 0.0171875 0.022916666666666665
1 0.35625 0.24583333333333332 0.015625 0.025
1 0.37578125 0.225 0.0171875 0.025
1 0.35546875 0.221875 0.0140625 0.01875
1 0.33671875 0.221875 0.0140625 0.022916666666666665
1 0.31796875 0.228125 0.0140625 0.022916666666666665
1 0.32109375 0.25625 0.0171875 0.03333333333333333
1 0.29921875 0.23125 0.0171875 0.025
1 0.27890625 0.225 0.0171875 0.020833333333333332
1 0.38359375 0.18333333333333332 0.0140625 0.020833333333333332
1 0.3671875 0.1875 0.015625 0.020833333333333332
1 0.3296875 0.184375 0.015625 0.022916666666666665
1 0.3125 0.18958333333333333 0.01875 0.03333333333333333
1 0.30078125 0.16875 0.0203125 0.029166666666666667
1 0.496875 0.14583333333333334 0.0125 0.0125
1 0.58984375 0.3260416666666667 0.0234375 0.03125
1 0.56640625 0.28854166666666664 0.0171875 0.035416666666666666
1 0.5546875 0.23854166666666668 0.015625 0.03125
1 0.54375 0.18541666666666667 0.015625 0.025
