
1 0.37265625 0.9708333333333333 0.0671875 0.05416666666666667
1 0.44453125 0.9239583333333333 0.0578125 0.04791666666666667
1 0.23125 0.990625 0.053125 0.01875
1 0.3109375 0.95625 0.065625 0.05416666666666667
1 0.39609375 0.90625 0.0578125 0.05
1 0.16171875 0.9822916666666667 0.0703125 0.035416666666666666
1 0.24921875 0.9416666666666667 0.0609375 0.04583333333333333
1 0.32578125 0.8979166666666667 0.0515625 0.04583333333333333
1 0.39765625 0.8572916666666667 0.0578125 0.04375
1 0.1109375 0.9729166666666667 0.071875 0.05416666666666667
1 0.19296875 0.9260416666666667 0.0640625 0.052083333333333336
1 0.28125 0.8791666666666667 0.071875 0.05416666666666667
1 0.3578125 0.8354166666666667 0.05625 0.04583333333333333





1 0.45546875 0.7083333333333334 0.0546875 0.0375


1 0.6890625 0.7145833333333333 0.025 0.0375
1 0.2984375 0.753125 0.0625 0.04791666666666667
1 0.16796875 0.7458333333333333 0.0609375 0.05416666666666667
1 0.5984375 0.11875 0.015625 0.029166666666666667

5 0.44140625 0.6197916666666666 0.0203125 0.03125
4 0.36796875 0.56875 0.0078125 0.016666666666666666
4 0.375 0.5833333333333334 0.00625 0.016666666666666666
5 0.42578125 0.5916666666666667 0.0109375 0.025
5 0.45703125 0.6333333333333333 0.0109375 0.029166666666666667
4 0.4 0.584375 0.00625 0.014583333333333334
4 0.3625 0.5083333333333333 0.009375 0.020833333333333332
4 0.365625 0.49895833333333334 0.009375 0.010416666666666666
5 0.5375 0.5625 0.009375 0.025
1 0.59609375 0.5083333333333333 0.0234375 0.04583333333333333
5 0.54921875 0.5166666666666667 0.0078125 0.020833333333333332
5 0.54375 0.47291666666666665 0.00625 0.020833333333333332
5 0.57890625 0.61875 0.0109375 0.025
5 0.70546875 0.9177083333333333 0.0140625 0.027083333333333334
5 0.61953125 0.4864583333333333 0.0109375 0.027083333333333334
5 0.69296875 0.840625 0.0203125 0.03958333333333333
5 0.64765625 0.7104166666666667 0.0140625 0.03333333333333333
5 0.640625 0.5072916666666667 0.009375 0.022916666666666665
5 0.6875 0.7135416666666666 0.015625 0.035416666666666666
5 0.7515625 0.4552083333333333 0.021875 0.027083333333333334
5 0.75234375 0.4552083333333333 0.0203125 0.027083333333333334
5 0.6203125 0.48333333333333334 0.00625 0.016666666666666666
5 0.52890625 0.4197916666666667 0.0234375 0.03958333333333333
5 0.52890625 0.4197916666666667 0.0234375 0.03958333333333333
5 0.52890625 0.4197916666666667 0.0234375 0.03958333333333333
1 0.52890625 0.41875 0.0234375 0.041666666666666664
3 0.5734375 0.3614583333333333 0.0375 0.08541666666666667
1 0.53828125 0.2833333333333333 0.0140625 0.025
1 0.534375 0.24375 0.015625 0.029166666666666667
3 0.51875 0.14791666666666667 0.025 0.06666666666666667
1 0.51171875 0.12083333333333333 0.0140625 0.020833333333333332
1 0.5296875 0.10520833333333333 0.015625 0.022916666666666665
1 0.496875 0.15 0.009375 0.0125
1 0.5296875 0.10416666666666667 0.0125 0.016666666666666666
1 0.37734375 0.24895833333333334 0.0171875 0.022916666666666665
1 0.35546875 0.24583333333333332 0.0140625 0.025
1 0.375 0.22395833333333334 0.015625 0.022916666666666665
1 0.3546875 0.221875 0.0125 0.01875
1 0.33671875 0.22291666666666668 0.0140625 0.025
1 0.31796875 0.228125 0.0140625 0.022916666666666665
1 0.32109375 0.25729166666666664 0.0171875 0.035416666666666666
1 0.29921875 0.23125 0.0171875 0.025
1 0.278125 0.225 0.015625 0.020833333333333332
1 0.38359375 0.18333333333333332 0.0140625 0.020833333333333332
1 0.36796875 0.1875 0.0140625 0.020833333333333332
1 0.33046875 0.184375 0.0171875 0.022916666666666665
1 0.3125 0.18958333333333333 0.01875 0.03333333333333333
1 0.3015625 0.16875 0.021875 0.029166666666666667
1 0.49765625 0.146875 0.0109375 0.010416666666666666
1 0.59296875 0.33125 0.0234375 0.03333333333333333
1 0.5671875 0.2916666666666667 0.01875 0.0375
1 0.5546875 0.24166666666666667 0.015625 0.029166666666666667
1 0.54375 0.18854166666666666 0.015625 0.027083333333333334
